2017.07.10 19:00:00.268,1.6592,1.65947,1.00,1.00
2017.07.10 19:00:00.369,1.6592,1.65949,1.00,1.00
2017.07.10 19:00:00.571,1.65917,1.65951,1.00,1.00
2017.07.10 19:00:00.681,1.65916,1.65953,1.00,1.00
2017.07.10 19:00:00.782,1.65916,1.65955,1.00,1.09
2017.07.10 19:00:01.138,1.65919,1.65956,1.00,1.34
2017.07.10 19:00:01.871,1.65919,1.65957,1.00,1.00
2017.07.10 19:00:02.175,1.65917,1.65954,1.09,1.00
2017.07.10 19:00:02.635,1.65913,1.65953,2.25,1.00
2017.07.10 19:00:03.588,1.65913,1.65954,1.50,3.00
2017.07.10 19:00:03.807,1.65914,1.65952,1.50,1.00
2017.07.10 19:00:04.719,1.65914,1.65953,1.50,1.50
2017.07.10 19:00:05.072,1.65916,1.65952,1.00,1.00
2017.07.10 19:00:05.224,1.65913,1.65952,1.00,1.00
2017.07.10 19:00:05.275,1.65913,1.6595,1.00,1.00
2017.07.10 19:00:07.410,1.65913,1.65946,1.00,1.00
2017.07.10 19:00:07.461,1.65909,1.65945,1.50,1.00
2017.07.10 19:00:07.714,1.65911,1.65946,1.00,1.00
2017.07.10 19:00:07.765,1.65908,1.65944,1.00,1.00
2017.07.10 19:00:08.916,1.65909,1.65944,1.00,1.00
2017.07.10 19:00:09.423,1.65908,1.65945,1.00,2.25
2017.07.10 19:00:09.575,1.6591,1.65946,1.00,1.00
2017.07.10 19:00:09.909,1.65912,1.65947,1.00,1.00
2017.07.10 19:00:10.061,1.65912,1.65949,1.00,1.84
2017.07.10 19:00:10.707,1.65912,1.65948,1.00,1.50
2017.07.10 19:00:11.103,1.65914,1.65948,1.00,1.00
2017.07.10 19:00:12.590,1.65912,1.65949,1.50,1.84
2017.07.10 19:00:13.344,1.65912,1.65948,1.50,1.00
2017.07.10 19:00:13.854,1.65913,1.65948,1.00,1.50
2017.07.10 19:00:13.985,1.65911,1.65949,1.50,1.84
2017.07.10 19:00:14.343,1.65911,1.65949,1.34,1.50
2017.07.10 19:00:14.658,1.65918,1.65952,1.50,1.00
2017.07.10 19:00:15.002,1.65919,1.65955,1.00,1.00
2017.07.10 19:00:15.450,1.65922,1.65956,1.00,1.00
2017.07.10 19:00:15.501,1.65922,1.65959,1.00,3.00
2017.07.10 19:00:15.552,1.65924,1.65959,1.00,3.00
2017.07.10 19:00:15.820,1.65922,1.65959,1.00,2.25
2017.07.10 19:00:17.055,1.65923,1.65959,1.00,1.50
2017.07.10 19:00:17.589,1.65924,1.65959,1.50,1.00
2017.07.10 19:00:17.640,1.65925,1.65961,1.00,1.84
2017.07.10 19:00:18.173,1.65928,1.65962,1.00,1.84
2017.07.10 19:00:26.140,1.65925,1.65961,1.00,1.00
2017.07.10 19:00:26.915,1.65925,1.65962,1.00,1.00
2017.07.10 19:00:28.410,1.65926,1.65962,1.00,1.50
2017.07.10 19:00:29.649,1.65925,1.65962,1.00,1.00
2017.07.10 19:00:29.700,1.65925,1.6596,1.00,1.00
2017.07.10 19:00:30.480,1.65925,1.65961,1.00,1.00
2017.07.10 19:00:30.727,1.65925,1.65963,1.50,2.25
2017.07.10 19:00:30.778,1.65925,1.65961,1.50,1.00
2017.07.10 19:00:31.474,1.65925,1.65959,1.00,1.00
2017.07.10 19:00:31.676,1.65921,1.65957,1.00,1.00
2017.07.10 19:00:31.778,1.65919,1.65955,1.00,1.50
2017.07.10 19:00:32.458,1.65918,1.65956,1.50,1.50
2017.07.10 19:00:33.046,1.65924,1.65956,1.00,1.00
2017.07.10 19:00:33.147,1.65919,1.65952,1.00,1.00
2017.07.10 19:00:33.649,1.65918,1.65952,1.00,1.00
2017.07.10 19:00:36.186,1.65916,1.65951,1.00,1.00
2017.07.10 19:00:37.408,1.65915,1.65951,1.50,1.00
2017.07.10 19:00:38.329,1.65915,1.65952,1.50,1.00
2017.07.10 19:00:38.542,1.65916,1.6595,1.00,1.00
2017.07.10 19:00:38.671,1.65916,1.65952,1.00,1.00
2017.07.10 19:00:38.823,1.65921,1.65956,1.00,1.00
2017.07.10 19:00:39.325,1.6592,1.65957,1.00,1.00
2017.07.10 19:00:40.022,1.6592,1.65958,1.00,1.50
2017.07.10 19:00:40.558,1.65921,1.65957,1.00,1.00
2017.07.10 19:00:41.927,1.65929,1.6596,1.00,1.00
2017.07.10 19:00:42.914,1.65929,1.65961,1.00,1.00
2017.07.10 19:00:43.319,1.65929,1.65959,1.00,1.00
2017.07.10 19:00:43.370,1.65929,1.65961,1.00,1.00
2017.07.10 19:00:43.683,1.65929,1.65959,1.00,1.00
2017.07.10 19:00:44.189,1.65929,1.6596,1.00,1.00
2017.07.10 19:00:45.349,1.65923,1.6596,1.00,1.00
2017.07.10 19:00:45.653,1.65925,1.65961,1.00,1.00
2017.07.10 19:00:45.967,1.65922,1.65958,1.50,1.00
2017.07.10 19:00:46.292,1.65923,1.65956,1.00,1.00
2017.07.10 19:00:46.568,1.65923,1.65958,1.00,1.00
2017.07.10 19:00:47.079,1.65923,1.65957,1.00,1.50
2017.07.10 19:00:47.695,1.65923,1.65956,1.00,1.00
2017.07.10 19:00:47.796,1.6592,1.65954,1.00,1.00
2017.07.10 19:00:47.847,1.65918,1.65954,1.50,1.00
2017.07.10 19:00:48.085,1.65923,1.65954,1.00,1.00
2017.07.10 19:00:48.632,1.65923,1.65955,1.00,1.00
2017.07.10 19:00:48.981,1.65918,1.65955,1.00,1.00
2017.07.10 19:00:49.572,1.65924,1.65955,1.00,1.00
2017.07.10 19:00:50.229,1.65924,1.65954,1.00,1.00
2017.07.10 19:00:50.331,1.65918,1.65954,1.50,1.00
2017.07.10 19:00:50.712,1.65924,1.65954,1.00,1.00
2017.07.10 19:00:50.885,1.65919,1.65954,1.00,1.00
2017.07.10 19:00:53.229,1.65919,1.65949,1.00,1.00
2017.07.10 19:00:54.179,1.65919,1.65954,1.00,1.50
2017.07.10 19:00:54.230,1.65919,1.65951,1.00,1.00
2017.07.10 19:00:54.370,1.65919,1.65953,1.00,1.00
2017.07.10 19:00:55.575,1.65919,1.65954,1.00,2.25
2017.07.10 19:00:57.576,1.65919,1.65952,1.00,1.00
2017.07.10 19:00:58.155,1.65919,1.65953,1.00,1.50
2017.07.10 19:00:59.129,1.65919,1.65952,1.00,1.00
2017.07.10 19:00:59.633,1.65919,1.65951,1.00,1.00
2017.07.10 19:01:00.629,1.65915,1.65945,1.00,1.00
2017.07.10 19:01:00.680,1.65912,1.65946,1.00,1.84
2017.07.10 19:01:00.732,1.65912,1.65942,1.00,1.00
2017.07.10 19:01:00.783,1.65907,1.65942,1.00,1.00
2017.07.10 19:01:00.884,1.65907,1.6594,1.00,1.00
2017.07.10 19:01:01.420,1.65907,1.65939,1.00,1.00
2017.07.10 19:01:02.282,1.65908,1.65939,1.00,1.00
2017.07.10 19:01:02.615,1.65899,1.65936,1.50,1.50
2017.07.10 19:01:03.257,1.659,1.65935,1.00,1.00
2017.07.10 19:01:04.786,1.65899,1.65936,2.25,1.00
2017.07.10 19:01:05.679,1.65903,1.65936,1.00,1.50
2017.07.10 19:01:06.427,1.65903,1.65938,1.50,1.34
2017.07.10 19:01:08.122,1.65902,1.65938,1.00,1.34
2017.07.10 19:01:08.937,1.65903,1.65937,1.00,1.09
2017.07.10 19:01:11.745,1.65905,1.65938,1.00,1.34
2017.07.10 19:01:11.846,1.659,1.65937,1.00,1.00
2017.07.10 19:01:11.948,1.65906,1.65937,1.00,1.00
2017.07.10 19:01:12.256,1.65907,1.65935,1.00,1.00
2017.07.10 19:01:12.357,1.65906,1.65938,1.00,1.00
2017.07.10 19:01:12.408,1.659,1.65938,1.50,1.50
2017.07.10 19:01:12.460,1.65903,1.65938,1.00,1.00
2017.07.10 19:01:13.160,1.65903,1.65939,1.00,1.09
2017.07.10 19:01:13.988,1.65902,1.6594,1.00,2.59
2017.07.10 19:01:20.401,1.65903,1.65939,1.00,1.84
2017.07.10 19:01:22.336,1.65902,1.65938,1.00,1.00
2017.07.10 19:01:22.852,1.65902,1.65937,1.00,1.00
2017.07.10 19:01:23.493,1.65902,1.65938,1.00,1.00
2017.07.10 19:01:26.498,1.659,1.65937,1.50,1.00
2017.07.10 19:01:27.100,1.659,1.65935,1.00,1.00
2017.07.10 19:01:27.150,1.659,1.65937,1.00,1.50
2017.07.10 19:01:27.787,1.65901,1.65936,1.00,1.00
2017.07.10 19:01:28.796,1.65899,1.65937,1.00,2.25
2017.07.10 19:01:28.948,1.65901,1.65936,1.00,1.00
2017.07.10 19:01:30.316,1.65902,1.65937,1.00,1.50
2017.07.10 19:01:31.499,1.65903,1.65937,1.00,1.00
2017.07.10 19:01:35.203,1.65903,1.65938,1.00,1.50
2017.07.10 19:01:35.803,1.65902,1.65939,1.00,1.09
2017.07.10 19:01:36.319,1.65903,1.65939,1.50,1.84
2017.07.10 19:01:37.096,1.65902,1.65938,2.25,1.00
2017.07.10 19:01:37.640,1.65903,1.65939,1.00,1.09
2017.07.10 19:01:43.399,1.65903,1.65938,1.00,1.00
2017.07.10 19:01:44.975,1.65903,1.65937,1.00,1.00
2017.07.10 19:01:45.177,1.65899,1.65935,1.50,1.50
2017.07.10 19:01:45.228,1.65903,1.65935,1.00,1.50
2017.07.10 19:01:46.529,1.65903,1.65934,1.00,1.00
2017.07.10 19:01:46.580,1.65903,1.65936,1.00,1.00
2017.07.10 19:01:48.032,1.65903,1.65939,1.00,1.34
2017.07.10 19:01:50.989,1.65904,1.65939,1.00,1.34
2017.07.10 19:01:51.498,1.65903,1.65939,1.00,1.34
2017.07.10 19:01:54.216,1.65904,1.65938,1.00,1.09
2017.07.10 19:01:54.718,1.65903,1.65939,1.00,1.34
2017.07.10 19:01:58.406,1.65904,1.65939,1.00,1.84
2017.07.10 19:02:00.099,1.65903,1.65938,3.00,1.09
2017.07.10 19:02:00.512,1.65913,1.65939,1.00,1.34
2017.07.10 19:02:00.614,1.65913,1.6594,1.00,1.00
2017.07.10 19:02:00.665,1.65911,1.65942,1.00,1.00
2017.07.10 19:02:00.766,1.65908,1.65942,1.00,1.00
2017.07.10 19:02:01.377,1.65908,1.65943,1.00,2.59
2017.07.10 19:02:01.820,1.65908,1.65941,1.00,1.00
2017.07.10 19:02:07.123,1.65923,1.65941,1.00,1.00
2017.07.10 19:02:07.174,1.65923,1.65943,1.00,1.09
2017.07.10 19:02:07.276,1.65918,1.65944,1.00,1.00
2017.07.10 19:02:07.327,1.65918,1.65947,1.00,1.00
2017.07.10 19:02:07.378,1.65918,1.65949,1.00,1.00
2017.07.10 19:02:07.429,1.65924,1.6595,1.00,3.75
2017.07.10 19:02:07.938,1.65924,1.65949,1.00,1.00
2017.07.10 19:02:08.439,1.65924,1.6595,1.00,1.00
2017.07.10 19:02:08.938,1.65924,1.65952,1.00,2.25
2017.07.10 19:02:09.540,1.65923,1.65952,1.00,2.25
2017.07.10 19:02:09.704,1.65918,1.65951,1.00,1.00
2017.07.10 19:02:10.353,1.65918,1.65952,1.00,2.25
2017.07.10 19:02:10.490,1.65918,1.65952,1.00,2.59
2017.07.10 19:02:10.541,1.65915,1.65952,1.00,1.84
2017.07.10 19:02:10.643,1.65913,1.65949,1.00,1.84
2017.07.10 19:02:11.513,1.65914,1.6595,1.00,1.34
2017.07.10 19:02:12.059,1.65913,1.6595,1.50,1.84
2017.07.10 19:02:12.663,1.65912,1.6595,1.50,1.84
2017.07.10 19:02:14.273,1.6591,1.65946,1.00,1.09
2017.07.10 19:02:14.558,1.65908,1.65946,2.25,1.09
2017.07.10 19:02:15.067,1.65911,1.65947,1.00,1.34
2017.07.10 19:02:15.572,1.65912,1.65947,1.00,1.84
2017.07.10 19:02:22.182,1.65909,1.65947,1.00,1.34
2017.07.10 19:02:25.264,1.6591,1.65947,1.00,1.34
2017.07.10 19:02:26.976,1.65912,1.65947,1.00,1.34
2017.07.10 19:02:28.476,1.6591,1.65947,1.00,1.34
2017.07.10 19:02:29.008,1.65911,1.65947,1.00,1.34
2017.07.10 19:02:29.647,1.65912,1.65947,1.00,1.34
2017.07.10 19:02:30.196,1.65911,1.65947,1.50,1.34
2017.07.10 19:02:30.997,1.6591,1.65946,1.50,1.09
2017.07.10 19:02:32.324,1.65911,1.65949,1.00,1.84
2017.07.10 19:02:32.840,1.6591,1.65948,1.50,1.34
2017.07.10 19:02:33.121,1.6591,1.65948,1.84,1.00
2017.07.10 19:02:33.272,1.65912,1.6595,1.00,2.25
2017.07.10 19:02:33.676,1.65913,1.65948,1.00,1.00
2017.07.10 19:02:34.442,1.65913,1.65947,1.00,1.00
2017.07.10 19:02:34.948,1.65912,1.65947,1.50,1.00
2017.07.10 19:02:35.534,1.65914,1.65947,1.00,1.00
2017.07.10 19:02:35.999,1.65916,1.65952,1.00,1.84
2017.07.10 19:02:36.151,1.65916,1.6595,1.00,1.00
2017.07.10 19:02:36.410,1.65916,1.65952,1.00,1.00
2017.07.10 19:02:36.972,1.65916,1.65951,1.00,1.00
2017.07.10 19:02:38.335,1.65916,1.6595,1.00,1.00
2017.07.10 19:02:39.663,1.65919,1.6595,1.00,1.00
2017.07.10 19:02:39.816,1.65916,1.65951,1.00,1.00
2017.07.10 19:02:39.866,1.65918,1.65951,1.00,1.00
2017.07.10 19:02:40.135,1.6592,1.65955,1.00,1.00
2017.07.10 19:02:40.186,1.65923,1.65957,1.00,1.00
2017.07.10 19:02:40.287,1.65923,1.65961,1.00,1.50
2017.07.10 19:02:40.929,1.65924,1.6596,1.00,1.00
2017.07.10 19:02:41.518,1.65925,1.65961,1.50,1.00
2017.07.10 19:02:41.569,1.65934,1.65961,1.00,1.00
2017.07.10 19:02:42.308,1.65934,1.6596,1.00,1.00
2017.07.10 19:02:46.320,1.65934,1.65961,1.00,1.00
2017.07.10 19:02:46.373,1.65934,1.65965,1.00,1.84
2017.07.10 19:02:46.525,1.65929,1.65965,1.00,1.00
2017.07.10 19:02:46.626,1.6593,1.65967,1.00,1.00
2017.07.10 19:02:47.461,1.65931,1.65967,1.00,1.00
2017.07.10 19:02:53.131,1.65935,1.65965,1.00,1.00
2017.07.10 19:02:53.232,1.65934,1.65967,1.50,1.09
2017.07.10 19:02:53.434,1.65934,1.65969,1.00,1.00
2017.07.10 19:02:54.218,1.65934,1.65968,1.00,1.00
2017.07.10 19:02:54.773,1.65934,1.65969,1.00,1.00
2017.07.10 19:02:55.584,1.65936,1.65971,1.00,1.00
2017.07.10 19:02:56.112,1.65936,1.65972,1.00,1.00
2017.07.10 19:02:56.631,1.65934,1.65972,3.00,1.00
2017.07.10 19:02:58.556,1.65935,1.6597,1.00,1.00
2017.07.10 19:02:59.527,1.65934,1.65971,2.25,1.00
2017.07.10 19:03:00.408,1.65935,1.65971,1.00,1.00
2017.07.10 19:03:01.466,1.65934,1.65971,2.25,1.00
2017.07.10 19:03:03.078,1.65934,1.65972,4.50,1.00
2017.07.10 19:03:04.418,1.65935,1.65972,1.00,1.00
2017.07.10 19:03:04.921,1.65934,1.65972,4.50,1.00
2017.07.10 19:03:05.541,1.65935,1.65972,1.00,1.00
2017.07.10 19:03:07.592,1.65936,1.65974,1.00,1.50
2017.07.10 19:03:08.299,1.65936,1.65973,1.00,1.00
2017.07.10 19:03:09.076,1.65936,1.65974,1.00,2.25
2017.07.10 19:03:10.199,1.65936,1.65973,1.00,1.00
2017.07.10 19:03:10.540,1.65936,1.65971,1.00,1.00
2017.07.10 19:03:11.080,1.65944,1.65974,1.00,2.25
2017.07.10 19:03:11.283,1.65943,1.65977,1.00,1.00
2017.07.10 19:03:11.818,1.65943,1.65978,1.00,1.50
2017.07.10 19:03:13.146,1.65943,1.65976,1.00,1.00
2017.07.10 19:03:13.727,1.65943,1.65977,1.00,1.00
2017.07.10 19:03:14.228,1.65943,1.65978,1.00,2.25
2017.07.10 19:03:14.848,1.65944,1.65978,1.00,2.25
2017.07.10 19:03:16.090,1.65944,1.65977,1.00,1.00
2017.07.10 19:03:16.619,1.65944,1.65978,1.00,1.00
2017.07.10 19:03:19.552,1.65944,1.65979,1.50,1.00
2017.07.10 19:03:19.704,1.65949,1.65986,1.00,1.00
2017.07.10 19:03:19.957,1.65949,1.65984,1.00,1.00
2017.07.10 19:03:20.553,1.65948,1.65984,1.00,1.09
2017.07.10 19:03:21.018,1.65947,1.65982,1.00,1.00
2017.07.10 19:03:21.949,1.65948,1.65982,1.00,1.00
2017.07.10 19:03:22.124,1.65947,1.65985,2.25,1.84
2017.07.10 19:03:24.508,1.65947,1.65982,1.50,1.00
2017.07.10 19:03:31.220,1.65948,1.65982,1.50,1.00
2017.07.10 19:03:32.123,1.65947,1.65982,1.50,1.00
2017.07.10 19:03:33.694,1.65949,1.65982,1.00,1.00
2017.07.10 19:03:34.528,1.65948,1.65982,1.00,1.00
2017.07.10 19:03:35.071,1.65949,1.65982,1.00,1.00
2017.07.10 19:03:35.539,1.65949,1.65985,1.00,1.34
2017.07.10 19:03:36.778,1.65949,1.65982,1.00,1.00
2017.07.10 19:03:42.917,1.6595,1.65982,1.00,1.00
2017.07.10 19:03:43.460,1.65951,1.65982,1.00,1.00
2017.07.10 19:03:43.979,1.6595,1.65982,1.50,1.00
2017.07.10 19:03:45.358,1.65951,1.65982,1.50,1.00
2017.07.10 19:03:45.868,1.6595,1.65982,1.50,1.00
2017.07.10 19:03:46.214,1.65948,1.65979,1.00,1.00
2017.07.10 19:03:46.366,1.65936,1.65972,2.62,1.00
2017.07.10 19:03:47.200,1.65938,1.65972,1.00,1.09
2017.07.10 19:03:47.301,1.65936,1.65972,1.50,1.09
2017.07.10 19:03:47.818,1.65937,1.65971,1.00,1.00
2017.07.10 19:03:48.362,1.65936,1.65971,1.50,1.00
2017.07.10 19:03:49.278,1.65937,1.65971,1.00,1.00
2017.07.10 19:03:50.122,1.65936,1.65971,1.50,1.00
2017.07.10 19:03:53.691,1.65937,1.65971,1.00,1.00
2017.07.10 19:03:53.843,1.65935,1.65971,1.50,1.00
2017.07.10 19:03:54.347,1.65937,1.65972,1.00,1.09
2017.07.10 19:03:55.049,1.65938,1.65971,1.00,1.00
2017.07.10 19:03:55.568,1.65937,1.65971,1.00,1.00
2017.07.10 19:03:56.322,1.65937,1.65972,1.00,1.09
2017.07.10 19:03:56.627,1.65932,1.65968,1.00,1.50
2017.07.10 19:03:56.779,1.6593,1.65963,1.00,1.00
2017.07.10 19:03:56.881,1.65926,1.65963,2.25,2.25
2017.07.10 19:03:57.223,1.65924,1.65962,1.50,1.09
2017.07.10 19:03:59.608,1.65927,1.65958,1.00,1.00
2017.07.10 19:03:59.761,1.65916,1.65952,2.62,1.00
2017.07.10 19:04:00.014,1.65915,1.65951,1.00,1.00
2017.07.10 19:04:02.647,1.65915,1.6595,1.00,1.00
2017.07.10 19:04:03.418,1.65915,1.65951,1.00,1.50
2017.07.10 19:04:04.058,1.65916,1.65951,1.00,1.50
2017.07.10 19:04:04.691,1.65915,1.65949,1.00,1.00
2017.07.10 19:04:05.049,1.65913,1.65949,1.00,2.25
2017.07.10 19:04:05.100,1.65911,1.65938,1.00,1.00
2017.07.10 19:04:05.150,1.65902,1.65937,1.37,1.00
2017.07.10 19:04:05.252,1.65902,1.65938,1.00,1.00
2017.07.10 19:04:05.770,1.65902,1.65939,1.50,2.25
2017.07.10 19:04:06.428,1.65902,1.65938,1.50,1.00
2017.07.10 19:04:07.088,1.65902,1.65939,1.00,3.00
2017.07.10 19:04:07.609,1.65902,1.65938,1.00,1.00
2017.07.10 19:04:08.280,1.65902,1.65939,1.00,3.00
2017.07.10 19:04:09.409,1.65902,1.65938,1.00,1.00
2017.07.10 19:04:09.948,1.65902,1.65939,1.00,3.00
2017.07.10 19:04:11.268,1.65902,1.65938,1.00,1.00
2017.07.10 19:04:15.268,1.65906,1.65938,1.00,1.00
2017.07.10 19:04:15.959,1.65906,1.65937,1.00,1.00
2017.07.10 19:04:16.293,1.65908,1.65937,1.00,1.00
2017.07.10 19:04:16.449,1.65903,1.65937,1.00,1.00
2017.07.10 19:04:16.958,1.65903,1.65938,1.00,1.00
2017.07.10 19:04:18.350,1.65902,1.65938,1.00,1.50
2017.07.10 19:04:18.451,1.65902,1.65936,1.00,1.00
2017.07.10 19:04:20.204,1.65903,1.65936,1.00,1.00
2017.07.10 19:04:20.501,1.65903,1.65938,1.50,2.25
2017.07.10 19:04:21.048,1.65903,1.65937,1.50,1.00
2017.07.10 19:04:21.676,1.65903,1.65938,1.50,2.25
2017.07.10 19:04:22.216,1.65903,1.65937,1.50,1.50
2017.07.10 19:04:24.180,1.65904,1.65937,1.00,2.25
2017.07.10 19:04:25.790,1.65903,1.65937,1.50,1.00
2017.07.10 19:04:26.319,1.65902,1.65937,1.50,1.00
2017.07.10 19:04:26.961,1.65902,1.65938,1.50,1.50
2017.07.10 19:04:29.976,1.65902,1.65937,1.50,1.00
2017.07.10 19:04:30.484,1.65902,1.65938,1.50,1.00
2017.07.10 19:04:31.237,1.65903,1.65938,1.00,1.50
2017.07.10 19:04:31.799,1.65902,1.65937,1.50,1.00
2017.07.10 19:04:32.348,1.65903,1.65938,1.00,1.00
2017.07.10 19:04:32.912,1.65902,1.65937,1.00,1.00
2017.07.10 19:04:34.317,1.65902,1.65936,1.00,1.00
2017.07.10 19:04:34.418,1.65902,1.65938,1.00,1.50
2017.07.10 19:04:34.976,1.65902,1.65937,1.00,1.00
2017.07.10 19:04:35.668,1.65901,1.65937,1.00,1.50
2017.07.10 19:04:35.719,1.65899,1.65936,1.50,1.00
2017.07.10 19:04:36.092,1.65896,1.65931,1.50,1.00
2017.07.10 19:04:36.449,1.65896,1.65925,1.00,1.00
2017.07.10 19:04:37.217,1.65896,1.65927,1.00,1.50
2017.07.10 19:04:37.972,1.65895,1.65926,1.00,1.50
2017.07.10 19:04:38.497,1.65893,1.65927,1.00,1.00
2017.07.10 19:04:38.598,1.6589,1.65926,1.00,1.00
2017.07.10 19:04:38.649,1.65894,1.65929,1.00,1.50
2017.07.10 19:04:39.174,1.65894,1.65928,1.00,1.50
2017.07.10 19:04:39.796,1.65894,1.65927,1.00,1.00
2017.07.10 19:04:40.949,1.65888,1.65923,1.00,1.00
2017.07.10 19:04:41.101,1.65886,1.65922,1.50,1.00
2017.07.10 19:04:41.481,1.65883,1.65921,2.25,1.84
2017.07.10 19:04:41.532,1.65881,1.65919,2.25,1.50
2017.07.10 19:04:41.835,1.6588,1.65917,1.00,1.00
2017.07.10 19:04:42.389,1.65881,1.65917,1.00,1.50
2017.07.10 19:04:42.922,1.6588,1.65918,1.84,1.50
2017.07.10 19:04:44.030,1.65882,1.65918,1.00,1.00
2017.07.10 19:04:46.273,1.65883,1.65917,1.00,1.00
2017.07.10 19:04:46.813,1.65883,1.65916,1.00,1.00
2017.07.10 19:04:49.089,1.65882,1.65917,1.00,1.00
2017.07.10 19:04:50.060,1.65883,1.65916,1.00,1.00
2017.07.10 19:04:54.556,1.65883,1.65916,1.00,1.34
2017.07.10 19:04:54.657,1.65878,1.65912,1.00,2.25
2017.07.10 19:04:54.708,1.65871,1.65908,2.25,1.00
2017.07.10 19:04:54.759,1.65873,1.65911,1.00,1.00
2017.07.10 19:04:54.861,1.65872,1.65907,1.00,1.00
2017.07.10 19:04:55.013,1.65869,1.65906,2.25,1.00
2017.07.10 19:04:55.581,1.65869,1.65907,1.50,2.25
2017.07.10 19:04:55.979,1.65871,1.65906,1.00,1.00
2017.07.10 19:04:56.131,1.65869,1.65907,1.00,2.25
2017.07.10 19:04:56.729,1.65868,1.65906,1.00,1.00
2017.07.10 19:04:56.780,1.65868,1.65899,1.50,1.00
2017.07.10 19:04:58.280,1.65868,1.65904,1.00,2.25
2017.07.10 19:04:58.809,1.65869,1.65904,1.00,1.00
2017.07.10 19:05:02.299,1.65868,1.65905,1.00,1.00
2017.07.10 19:05:02.800,1.6587,1.65904,1.00,1.00
2017.07.10 19:05:03.003,1.65869,1.65907,2.25,2.25
2017.07.10 19:05:03.104,1.65871,1.65907,1.00,1.50
2017.07.10 19:05:03.407,1.65883,1.65913,1.00,1.00
2017.07.10 19:05:03.458,1.65882,1.65916,1.00,1.00
2017.07.10 19:05:03.969,1.65882,1.65917,1.00,1.00
2017.07.10 19:05:04.508,1.65882,1.65918,1.00,2.25
2017.07.10 19:05:05.882,1.65883,1.65917,1.00,1.00
2017.07.10 19:05:06.763,1.65883,1.65916,1.00,1.00
2017.07.10 19:05:07.089,1.65879,1.65911,1.00,1.50
2017.07.10 19:05:07.139,1.65876,1.6591,1.00,1.00
2017.07.10 19:05:07.241,1.65874,1.65908,1.50,1.00
2017.07.10 19:05:07.343,1.6587,1.65908,1.50,1.50
2017.07.10 19:05:07.444,1.6587,1.65906,1.50,1.00
2017.07.10 19:05:08.146,1.65869,1.65907,1.50,1.00
2017.07.10 19:05:08.805,1.6587,1.65907,1.00,1.00
2017.07.10 19:05:13.822,1.6587,1.65908,1.00,1.50
2017.07.10 19:05:15.546,1.65876,1.65908,1.00,1.50
2017.07.10 19:05:15.598,1.65878,1.65912,1.09,1.00
2017.07.10 19:05:15.750,1.65881,1.65912,1.00,1.00
2017.07.10 19:05:16.393,1.65881,1.65911,1.00,1.00
2017.07.10 19:05:16.913,1.65882,1.65911,1.00,1.00
2017.07.10 19:05:17.144,1.6588,1.65911,1.50,1.00
2017.07.10 19:05:17.676,1.65881,1.65911,1.50,1.00
2017.07.10 19:05:18.872,1.65884,1.65918,1.50,1.00
2017.07.10 19:05:18.923,1.65886,1.65921,1.00,1.12
2017.07.10 19:05:19.024,1.65886,1.65923,1.00,1.00
2017.07.10 19:05:19.126,1.65888,1.65924,1.00,1.00
2017.07.10 19:05:19.655,1.65888,1.65923,1.00,1.00
2017.07.10 19:05:20.329,1.65888,1.65924,1.50,1.00
2017.07.10 19:05:22.830,1.65888,1.65923,1.00,1.00
2017.07.10 19:05:23.133,1.65885,1.65916,1.00,1.00
2017.07.10 19:05:23.184,1.65882,1.65916,1.00,1.00
2017.07.10 19:05:23.900,1.65883,1.65915,1.00,1.00
2017.07.10 19:05:24.450,1.65883,1.65916,1.00,1.00
2017.07.10 19:05:24.991,1.65883,1.65914,1.00,1.00
2017.07.10 19:05:25.042,1.65883,1.65916,1.00,1.00
2017.07.10 19:05:26.808,1.65883,1.65914,1.00,1.00
2017.07.10 19:05:27.131,1.65882,1.65917,1.00,1.00
2017.07.10 19:05:28.853,1.65883,1.65917,1.00,1.00
2017.07.10 19:05:30.747,1.65882,1.65919,1.00,1.50
2017.07.10 19:05:31.261,1.65883,1.65918,1.00,1.00
2017.07.10 19:05:31.380,1.65882,1.6592,1.50,1.50
2017.07.10 19:05:38.193,1.65893,1.6592,1.00,1.00
2017.07.10 19:05:38.243,1.65893,1.65924,1.00,1.50
2017.07.10 19:05:38.648,1.65893,1.65921,1.00,1.00
2017.07.10 19:05:42.328,1.65887,1.65921,1.00,1.09
2017.07.10 19:05:42.379,1.65885,1.65919,1.00,1.00
2017.07.10 19:05:42.481,1.65883,1.65921,3.00,1.84
2017.07.10 19:05:42.987,1.65884,1.6592,1.00,1.00
2017.07.10 19:05:43.667,1.65883,1.65921,3.00,1.84
2017.07.10 19:05:44.078,1.65883,1.65919,3.75,1.00
2017.07.10 19:05:44.628,1.65883,1.65918,1.00,1.00
2017.07.10 19:05:45.031,1.65884,1.6592,1.50,1.00
2017.07.10 19:05:45.539,1.65884,1.65922,1.50,3.34
2017.07.10 19:05:46.276,1.65884,1.65922,1.84,3.00
2017.07.10 19:05:46.327,1.65892,1.65924,1.00,1.50
2017.07.10 19:05:46.912,1.65891,1.65925,1.50,1.09
2017.07.10 19:05:47.816,1.65892,1.65924,1.00,1.00
2017.07.10 19:05:49.375,1.65894,1.65924,1.50,1.00
2017.07.10 19:05:49.959,1.65895,1.65925,2.25,1.00
2017.07.10 19:05:52.558,1.65898,1.65925,1.00,1.00
2017.07.10 19:05:54.373,1.65898,1.65924,1.00,1.00
2017.07.10 19:05:55.349,1.65898,1.65925,1.00,1.00
2017.07.10 19:05:56.110,1.65898,1.65924,1.00,1.00
2017.07.10 19:06:00.200,1.65898,1.65925,1.00,1.00
2017.07.10 19:06:00.352,1.65894,1.65925,2.25,2.25
2017.07.10 19:06:00.870,1.65899,1.65924,1.00,1.00
2017.07.10 19:06:01.379,1.65899,1.65925,1.00,1.00
2017.07.10 19:06:01.470,1.65894,1.65925,1.00,1.00
2017.07.10 19:06:06.396,1.65899,1.65925,1.00,1.00
2017.07.10 19:06:09.098,1.65899,1.65924,1.00,1.00
2017.07.10 19:06:14.148,1.65899,1.65925,1.00,1.00
2017.07.10 19:06:17.601,1.65898,1.65925,1.00,1.00
2017.07.10 19:06:22.996,1.65894,1.65925,1.00,1.50
2017.07.10 19:06:23.645,1.65893,1.65924,1.00,1.00
2017.07.10 19:06:32.411,1.65893,1.65925,1.00,1.00
2017.07.10 19:06:33.138,1.6589,1.65925,1.00,1.00
2017.07.10 19:06:33.529,1.65894,1.65925,1.00,1.50
2017.07.10 19:06:41.388,1.65894,1.65926,1.00,1.00
2017.07.10 19:06:42.047,1.65894,1.65925,1.00,1.00
2017.07.10 19:06:42.884,1.65894,1.65926,1.00,1.00
2017.07.10 19:06:44.002,1.65894,1.65925,1.00,1.00
2017.07.10 19:06:44.576,1.65894,1.65924,1.00,1.50
2017.07.10 19:06:46.831,1.65894,1.65925,1.00,1.50
2017.07.10 19:06:48.212,1.65894,1.65924,1.00,1.50
2017.07.10 19:06:52.106,1.65893,1.65924,1.00,1.00
2017.07.10 19:06:52.157,1.65888,1.65922,1.84,1.00
2017.07.10 19:06:52.258,1.65891,1.65924,1.34,1.50
2017.07.10 19:06:52.805,1.65893,1.65925,1.00,1.00
2017.07.10 19:06:53.590,1.65892,1.65925,1.84,1.00
2017.07.10 19:06:55.843,1.65895,1.65924,1.00,1.00
2017.07.10 19:06:56.347,1.65896,1.65924,1.00,1.00
2017.07.10 19:06:58.031,1.65896,1.65925,1.00,1.00
2017.07.10 19:06:59.221,1.65894,1.65925,1.50,1.00
2017.07.10 19:07:00.009,1.65894,1.65924,1.50,1.00
2017.07.10 19:07:01.756,1.65894,1.65925,1.00,1.00
2017.07.10 19:07:03.577,1.65893,1.65925,1.09,1.00
2017.07.10 19:07:06.026,1.65898,1.65924,1.00,1.00
2017.07.10 19:07:06.545,1.65894,1.65925,1.00,1.00
2017.07.10 19:07:08.759,1.65894,1.65924,1.00,1.00
2017.07.10 19:07:09.294,1.65894,1.65923,1.00,1.00
2017.07.10 19:07:11.903,1.65889,1.6592,1.00,1.00
2017.07.10 19:07:12.004,1.65886,1.65919,1.00,1.00
2017.07.10 19:07:12.216,1.65883,1.65919,1.50,1.00
2017.07.10 19:07:12.368,1.65883,1.65916,1.00,1.00
2017.07.10 19:07:12.520,1.65884,1.65918,1.00,1.00
2017.07.10 19:07:12.621,1.65885,1.65923,1.00,1.34
2017.07.10 19:07:12.797,1.65887,1.65923,1.00,1.34
2017.07.10 19:07:13.378,1.65887,1.6592,1.00,1.00
2017.07.10 19:07:13.906,1.65886,1.65919,1.00,1.00
2017.07.10 19:07:14.577,1.65885,1.65921,1.00,1.09
2017.07.10 19:07:14.628,1.65883,1.6592,3.00,1.00
2017.07.10 19:07:14.846,1.65884,1.65917,1.00,1.00
2017.07.10 19:07:15.150,1.65883,1.6592,1.00,2.25
2017.07.10 19:07:15.447,1.65893,1.6592,1.00,1.00
2017.07.10 19:07:15.549,1.65893,1.65923,1.00,1.00
2017.07.10 19:07:15.650,1.65893,1.65926,1.00,1.50
2017.07.10 19:07:15.903,1.65893,1.65924,1.00,1.00
2017.07.10 19:07:17.138,1.65893,1.65925,1.00,1.00
2017.07.10 19:07:17.747,1.65893,1.65923,1.00,1.00
2017.07.10 19:07:18.497,1.65893,1.65924,1.00,1.00
2017.07.10 19:07:20.007,1.65893,1.65923,1.00,1.00
2017.07.10 19:07:20.563,1.65893,1.65924,1.00,1.00
2017.07.10 19:07:20.992,1.65898,1.65929,1.00,1.50
2017.07.10 19:07:25.821,1.65904,1.65931,1.00,1.00
2017.07.10 19:07:25.872,1.65904,1.65934,1.00,1.50
2017.07.10 19:07:26.093,1.65898,1.65933,1.00,1.00
2017.07.10 19:07:26.144,1.65898,1.65931,1.00,1.00
2017.07.10 19:07:26.645,1.65899,1.65931,1.00,1.50
2017.07.10 19:07:27.080,1.65904,1.65935,1.00,1.00
2017.07.10 19:07:27.430,1.65911,1.6594,1.00,1.50
2017.07.10 19:07:27.581,1.65915,1.65946,1.00,1.00
2017.07.10 19:07:28.089,1.65915,1.65945,1.00,1.00
2017.07.10 19:07:28.257,1.65911,1.65945,1.00,1.09
2017.07.10 19:07:28.730,1.65911,1.65943,1.00,1.00
2017.07.10 19:07:29.360,1.65911,1.65944,1.00,1.00
2017.07.10 19:07:30.448,1.65911,1.65943,1.00,1.00
2017.07.10 19:07:31.778,1.65911,1.65941,1.00,1.09
2017.07.10 19:07:32.101,1.65911,1.65939,1.00,1.00
2017.07.10 19:07:32.203,1.65914,1.65943,1.00,1.00
2017.07.10 19:07:32.254,1.65915,1.65946,1.00,1.50
2017.07.10 19:07:32.305,1.65919,1.65946,1.00,1.00
2017.07.10 19:07:32.667,1.65919,1.6595,1.00,2.25
2017.07.10 19:07:32.718,1.65919,1.65948,1.00,1.00
2017.07.10 19:07:32.819,1.65919,1.6595,1.00,2.25
2017.07.10 19:07:32.986,1.65914,1.65947,1.00,1.00
2017.07.10 19:07:33.955,1.65915,1.65947,1.00,1.00
2017.07.10 19:07:34.158,1.65918,1.65948,1.00,1.00
2017.07.10 19:07:34.260,1.65918,1.6595,1.00,2.25
2017.07.10 19:07:34.797,1.65918,1.65949,1.00,1.00
2017.07.10 19:07:35.308,1.65918,1.6595,1.00,1.50
2017.07.10 19:07:40.544,1.65915,1.6595,1.00,1.00
2017.07.10 19:07:40.595,1.65918,1.65951,1.00,1.00
2017.07.10 19:07:40.899,1.65925,1.65957,1.00,1.00
2017.07.10 19:07:42.291,1.65925,1.65958,1.00,1.00
2017.07.10 19:07:44.074,1.65925,1.65957,1.00,1.00
2017.07.10 19:07:44.825,1.65925,1.65958,1.00,2.25
2017.07.10 19:07:45.332,1.65924,1.65958,1.00,1.00
2017.07.10 19:07:46.044,1.65924,1.65957,1.00,1.00
2017.07.10 19:07:46.598,1.65924,1.65958,1.00,1.00
2017.07.10 19:07:47.407,1.65924,1.65957,1.00,1.00
2017.07.10 19:07:49.457,1.65925,1.65957,1.00,1.00
2017.07.10 19:07:52.248,1.65924,1.65957,1.00,1.00
2017.07.10 19:07:52.788,1.65925,1.65956,1.00,1.00
2017.07.10 19:07:53.559,1.65924,1.65955,1.00,1.00
2017.07.10 19:07:54.092,1.6592,1.65956,1.00,1.00
2017.07.10 19:07:54.294,1.65919,1.65953,1.00,1.00
2017.07.10 19:07:54.896,1.65918,1.65952,1.00,1.00
2017.07.10 19:07:55.476,1.65918,1.65953,1.00,1.00
2017.07.10 19:07:56.137,1.65918,1.65952,1.00,1.00
2017.07.10 19:08:00.511,1.65916,1.65948,1.00,1.00
2017.07.10 19:08:00.562,1.65914,1.65947,1.00,1.00
2017.07.10 19:08:00.663,1.65911,1.65946,1.50,1.50
2017.07.10 19:08:01.256,1.65912,1.65946,1.00,1.00
2017.07.10 19:08:02.552,1.65913,1.65947,1.00,1.50
2017.07.10 19:08:03.210,1.65913,1.65946,1.00,1.00
2017.07.10 19:08:03.987,1.65912,1.65947,1.00,1.50
2017.07.10 19:08:04.826,1.65912,1.65946,1.00,1.00
2017.07.10 19:08:05.486,1.65912,1.65947,1.00,1.50
2017.07.10 19:08:10.156,1.65912,1.65946,1.00,1.00
2017.07.10 19:08:11.036,1.65912,1.65947,1.00,1.50
2017.07.10 19:08:12.357,1.65915,1.65948,1.50,1.50
2017.07.10 19:08:12.458,1.65916,1.65952,1.00,2.25
2017.07.10 19:08:12.509,1.65916,1.6595,1.50,1.00
2017.07.10 19:08:12.737,1.65916,1.65952,1.50,2.25
2017.07.10 19:08:13.327,1.65917,1.65952,1.50,2.25
2017.07.10 19:08:14.702,1.65917,1.65951,1.00,1.00
2017.07.10 19:08:14.803,1.65915,1.6595,1.00,1.50
2017.07.10 19:08:14.854,1.65918,1.65948,1.00,1.00
2017.07.10 19:08:14.905,1.6592,1.65952,1.00,1.00
2017.07.10 19:08:14.956,1.65922,1.65952,1.00,1.00
2017.07.10 19:08:15.007,1.65922,1.65956,1.00,1.00
2017.07.10 19:08:15.523,1.6592,1.65956,1.50,1.00
2017.07.10 19:08:15.856,1.6592,1.65954,1.50,1.00
2017.07.10 19:08:16.205,1.65924,1.65957,1.00,1.00
2017.07.10 19:08:16.408,1.65928,1.65963,1.00,1.00
2017.07.10 19:08:16.459,1.65928,1.65965,1.00,2.25
2017.07.10 19:08:16.510,1.65928,1.65963,1.50,1.00
2017.07.10 19:08:17.062,1.6593,1.65962,1.00,1.00
2017.07.10 19:08:17.494,1.6593,1.65964,1.00,1.00
2017.07.10 19:08:19.556,1.65931,1.65963,1.00,1.00
2017.07.10 19:08:20.429,1.6593,1.65964,1.00,1.00
2017.07.10 19:08:22.231,1.6593,1.65963,1.00,1.00
2017.07.10 19:08:22.332,1.65928,1.65962,1.00,1.00
2017.07.10 19:08:22.383,1.65926,1.65961,1.00,1.00
2017.07.10 19:08:22.693,1.65924,1.6596,2.25,1.00
2017.07.10 19:08:22.927,1.65924,1.65958,1.50,1.00
2017.07.10 19:08:23.231,1.65924,1.65954,1.00,1.00
2017.07.10 19:08:29.620,1.65919,1.65954,1.00,1.00
2017.07.10 19:08:30.157,1.65919,1.65953,1.00,1.00
2017.07.10 19:08:32.278,1.65919,1.65952,1.00,1.00
2017.07.10 19:08:34.543,1.65918,1.65954,1.50,1.00
2017.07.10 19:08:36.537,1.65918,1.65953,1.50,1.00
2017.07.10 19:08:37.076,1.65918,1.65954,1.50,2.25
2017.07.10 19:08:37.676,1.65917,1.65953,1.00,1.50
2017.07.10 19:08:38.270,1.65917,1.65952,1.00,1.00
2017.07.10 19:08:38.371,1.65916,1.65947,1.00,1.00
2017.07.10 19:08:38.422,1.65912,1.65945,1.00,1.34
2017.07.10 19:08:38.523,1.65908,1.65946,3.67,1.84
2017.07.10 19:08:40.019,1.65908,1.65946,2.25,1.50
2017.07.10 19:08:40.132,1.65909,1.6594,1.00,1.00
2017.07.10 19:08:40.646,1.65908,1.6594,1.50,1.00
2017.07.10 19:08:49.928,1.65908,1.65937,1.00,1.00
2017.07.10 19:08:50.429,1.65907,1.65938,1.00,1.00
2017.07.10 19:08:52.878,1.65906,1.65938,1.00,1.00
2017.07.10 19:08:53.444,1.65907,1.65938,1.00,1.00
2017.07.10 19:08:56.594,1.65907,1.65937,1.00,1.00
2017.07.10 19:09:01.117,1.65907,1.65941,1.00,1.00
2017.07.10 19:09:01.808,1.65907,1.6594,1.00,1.00
2017.07.10 19:09:03.176,1.65907,1.65941,1.00,1.00
2017.07.10 19:09:04.107,1.65907,1.6594,1.00,1.00
2017.07.10 19:09:04.926,1.65907,1.65941,1.50,1.00
2017.07.10 19:09:05.877,1.65907,1.6594,2.25,1.00
2017.07.10 19:09:06.390,1.65907,1.65941,1.50,1.00
2017.07.10 19:09:06.948,1.65907,1.65942,1.00,1.50
2017.07.10 19:09:07.456,1.65907,1.65941,1.00,1.00
2017.07.10 19:09:08.777,1.65907,1.65942,1.00,1.00
2017.07.10 19:09:09.456,1.65907,1.65941,1.50,1.00
2017.07.10 19:09:10.076,1.65907,1.65942,1.50,1.00
2017.07.10 19:09:10.657,1.65908,1.6594,1.00,1.00
2017.07.10 19:09:11.236,1.65908,1.65941,1.00,1.00
2017.07.10 19:09:11.896,1.65908,1.6594,1.00,1.00
2017.07.10 19:09:12.199,1.65908,1.65942,1.00,1.00
2017.07.10 19:09:13.558,1.65908,1.65943,1.00,1.00
2017.07.10 19:09:15.620,1.65908,1.65941,1.00,1.00
2017.07.10 19:09:20.538,1.65908,1.65944,1.00,1.50
2017.07.10 19:09:21.066,1.65908,1.65942,1.00,1.00
2017.07.10 19:09:21.724,1.65908,1.65943,1.50,1.50
2017.07.10 19:09:22.355,1.65908,1.65942,1.50,1.00
2017.07.10 19:09:24.732,1.65907,1.65942,1.00,1.00
2017.07.10 19:09:27.258,1.65906,1.65942,1.50,1.50
2017.07.10 19:09:27.974,1.65907,1.65942,1.50,1.50
2017.07.10 19:09:28.324,1.65907,1.65944,1.00,1.50
2017.07.10 19:09:28.425,1.65907,1.65942,1.00,1.00
2017.07.10 19:09:28.967,1.65906,1.65943,1.00,1.00
2017.07.10 19:09:29.119,1.65907,1.65945,1.50,1.00
2017.07.10 19:09:29.628,1.65907,1.65943,2.25,1.00
2017.07.10 19:09:29.969,1.65908,1.65941,1.00,1.00
2017.07.10 19:09:30.617,1.65908,1.65942,1.00,1.00
2017.07.10 19:09:37.956,1.65908,1.65941,1.50,1.00
2017.07.10 19:09:38.957,1.65908,1.65942,1.50,1.00
2017.07.10 19:09:39.507,1.65918,1.65946,1.00,1.50
2017.07.10 19:09:39.659,1.65918,1.65948,1.00,1.00
2017.07.10 19:09:39.710,1.65918,1.6595,1.00,2.25
2017.07.10 19:09:40.486,1.65918,1.65947,1.00,1.00
2017.07.10 19:09:41.776,1.65918,1.65948,1.00,1.00
2017.07.10 19:09:42.617,1.65918,1.65947,1.00,1.00
2017.07.10 19:09:45.830,1.65918,1.65948,1.00,1.00
2017.07.10 19:09:46.378,1.65918,1.65947,1.00,1.00
2017.07.10 19:09:47.719,1.65918,1.65951,1.00,2.25
2017.07.10 19:09:48.334,1.65918,1.65952,1.00,1.50
2017.07.10 19:09:48.836,1.65918,1.65951,1.00,1.00
2017.07.10 19:09:49.477,1.65918,1.65952,1.00,1.50
2017.07.10 19:09:57.525,1.6592,1.65954,1.00,1.09
2017.07.10 19:09:57.576,1.65918,1.65953,1.50,1.00
2017.07.10 19:09:58.166,1.65919,1.65954,1.00,1.09
2017.07.10 19:10:00.324,1.65918,1.65954,2.25,1.09
2017.07.10 19:10:00.875,1.65919,1.65954,1.50,1.09
2017.07.10 19:10:02.219,1.65919,1.65953,1.50,1.00
2017.07.10 19:10:02.760,1.65918,1.65953,1.00,1.50
2017.07.10 19:10:03.889,1.65918,1.65954,1.00,1.84
2017.07.10 19:10:04.798,1.6593,1.65956,1.00,1.34
2017.07.10 19:10:04.849,1.6593,1.65956,1.00,1.00
2017.07.10 19:10:04.900,1.65929,1.65959,1.00,1.00
2017.07.10 19:10:05.001,1.65929,1.65964,1.00,1.00
2017.07.10 19:10:05.203,1.65936,1.65964,1.00,1.00
2017.07.10 19:10:05.254,1.65936,1.65966,1.00,1.00
2017.07.10 19:10:05.356,1.65943,1.65967,1.00,1.00
2017.07.10 19:10:05.407,1.65942,1.6597,1.00,1.84
2017.07.10 19:10:06.087,1.65943,1.65971,1.00,1.34
2017.07.10 19:10:09.167,1.6594,1.65971,1.00,1.34
2017.07.10 19:10:09.870,1.65939,1.65971,1.50,1.84
2017.07.10 19:10:11.618,1.6594,1.6597,1.00,1.34
2017.07.10 19:10:19.755,1.65939,1.6597,1.00,1.34
2017.07.10 19:10:29.539,1.6594,1.6597,1.00,1.34
2017.07.10 19:10:29.590,1.65939,1.65966,1.00,1.00
2017.07.10 19:10:29.641,1.65937,1.65966,1.00,1.00
2017.07.10 19:10:29.742,1.65935,1.65965,1.00,1.00
2017.07.10 19:10:29.793,1.65933,1.65966,1.00,2.25
2017.07.10 19:10:30.097,1.6593,1.65963,1.00,1.00
2017.07.10 19:10:30.400,1.6593,1.65961,1.00,1.00
2017.07.10 19:10:31.004,1.65929,1.65962,1.00,1.50
2017.07.10 19:10:34.785,1.6593,1.65962,1.00,1.50
2017.07.10 19:10:36.173,1.6593,1.65964,1.50,1.34
2017.07.10 19:10:36.499,1.65932,1.65967,1.00,1.50
2017.07.10 19:10:37.018,1.65931,1.65965,1.50,1.00
2017.07.10 19:10:37.455,1.65931,1.65967,1.50,1.50
2017.07.10 19:10:38.052,1.65931,1.65966,1.50,1.50
2017.07.10 19:10:52.659,1.65931,1.65967,1.00,2.25
2017.07.10 19:10:55.309,1.65931,1.65966,1.00,1.00
2017.07.10 19:10:55.511,1.6593,1.65963,2.25,1.00
2017.07.10 19:10:55.879,1.65929,1.65961,1.00,1.00
2017.07.10 19:10:56.499,1.65935,1.65961,1.00,1.00
2017.07.10 19:10:56.601,1.65934,1.65964,1.00,1.50
2017.07.10 19:10:57.956,1.65936,1.65964,1.00,1.00
2017.07.10 19:11:02.389,1.65937,1.65963,1.00,1.00
2017.07.10 19:11:02.647,1.65936,1.65965,1.00,1.50
2017.07.10 19:11:03.596,1.65937,1.65965,1.00,1.00
2017.07.10 19:11:04.896,1.65936,1.65967,1.00,1.00
2017.07.10 19:11:09.982,1.65937,1.65966,1.00,1.50
2017.07.10 19:11:10.439,1.65937,1.65964,1.00,1.00
2017.07.10 19:11:10.974,1.65938,1.65965,1.00,1.50
2017.07.10 19:11:12.294,1.65938,1.65964,1.00,1.00
2017.07.10 19:11:12.345,1.65936,1.65964,1.00,1.00
2017.07.10 19:11:12.396,1.65936,1.65966,1.00,2.25
2017.07.10 19:11:15.280,1.65936,1.65965,1.00,1.00
2017.07.10 19:11:15.998,1.65936,1.65966,1.00,1.00
2017.07.10 19:11:16.529,1.65937,1.65967,1.00,1.00
2017.07.10 19:11:17.109,1.65936,1.65968,1.00,1.00
2017.07.10 19:11:19.875,1.65936,1.65967,1.00,1.00
2017.07.10 19:11:20.387,1.65937,1.65966,1.00,1.00
2017.07.10 19:11:21.634,1.65936,1.65966,1.00,1.00
2017.07.10 19:11:23.596,1.65937,1.65966,1.00,1.00
2017.07.10 19:11:24.277,1.65937,1.65965,1.00,1.00
2017.07.10 19:11:26.060,1.65936,1.65966,1.00,1.00
2017.07.10 19:11:27.584,1.65936,1.65967,1.00,1.00
2017.07.10 19:11:28.908,1.65937,1.65967,1.00,1.00
2017.07.10 19:11:29.009,1.65938,1.65965,1.00,1.00
2017.07.10 19:11:29.518,1.65937,1.65966,1.00,1.00
2017.07.10 19:11:33.652,1.65934,1.65965,1.00,1.50
2017.07.10 19:11:34.166,1.65933,1.65966,1.00,1.50
2017.07.10 19:11:34.714,1.65933,1.65965,1.00,1.00
2017.07.10 19:11:36.956,1.65933,1.65964,1.00,1.00
2017.07.10 19:11:37.007,1.65929,1.65964,1.00,1.50
2017.07.10 19:11:42.821,1.6593,1.65963,1.00,1.00
2017.07.10 19:11:42.872,1.65933,1.65969,1.50,3.37
2017.07.10 19:11:42.973,1.65935,1.6597,1.50,1.84
2017.07.10 19:11:43.649,1.65935,1.65966,1.00,1.00
2017.07.10 19:11:43.801,1.6593,1.65965,1.00,1.50
2017.07.10 19:11:44.004,1.65929,1.65962,3.34,1.00
2017.07.10 19:11:44.537,1.65931,1.65965,1.00,1.00
2017.07.10 19:11:44.589,1.65932,1.65967,1.00,1.50
2017.07.10 19:11:45.537,1.65934,1.65967,1.00,1.00
2017.07.10 19:11:45.840,1.65936,1.65967,1.00,1.00
2017.07.10 19:11:46.226,1.65934,1.65967,1.50,1.00
2017.07.10 19:11:47.435,1.65935,1.65967,1.00,1.00
2017.07.10 19:11:47.954,1.65936,1.65967,1.00,1.00
2017.07.10 19:11:48.646,1.65933,1.65967,2.25,1.00
2017.07.10 19:11:49.268,1.65934,1.65967,1.00,1.00
2017.07.10 19:11:53.197,1.65933,1.65967,3.00,1.00
2017.07.10 19:11:55.237,1.65934,1.65967,1.00,1.00
2017.07.10 19:11:55.742,1.65934,1.65966,1.00,1.00
2017.07.10 19:11:56.257,1.65935,1.65966,1.00,1.00
2017.07.10 19:11:57.601,1.65936,1.65969,1.50,1.00
2017.07.10 19:11:58.193,1.65936,1.65971,2.25,1.34
2017.07.10 19:12:06.092,1.65936,1.65971,1.50,1.00
2017.07.10 19:12:06.748,1.65936,1.65972,1.50,2.25
2017.07.10 19:12:07.006,1.65936,1.6597,1.00,1.00
2017.07.10 19:12:07.108,1.65935,1.65972,1.00,3.34
2017.07.10 19:12:07.691,1.65935,1.65971,1.50,1.50
2017.07.10 19:12:08.157,1.65937,1.65972,1.00,2.59
2017.07.10 19:12:08.207,1.65935,1.65972,1.50,2.59
2017.07.10 19:12:08.740,1.65936,1.65971,1.00,1.50
2017.07.10 19:12:11.519,1.65934,1.65972,1.50,2.59
2017.07.10 19:12:12.057,1.65935,1.65971,1.00,1.50
2017.07.10 19:12:14.523,1.65932,1.65966,1.00,1.00
2017.07.10 19:12:14.629,1.6593,1.65966,1.46,1.00
2017.07.10 19:12:14.731,1.65933,1.65967,1.50,1.00
2017.07.10 19:12:15.348,1.65934,1.65967,1.00,1.00
2017.07.10 19:12:15.907,1.65933,1.65967,1.50,1.00
2017.07.10 19:12:16.416,1.65934,1.65967,1.00,1.00
2017.07.10 19:12:17.029,1.65933,1.65967,1.00,1.00
2017.07.10 19:12:17.696,1.65934,1.65967,1.00,1.00
2017.07.10 19:12:19.162,1.65934,1.65971,1.50,1.84
2017.07.10 19:12:19.465,1.65936,1.65971,1.00,1.84
2017.07.10 19:12:19.727,1.65934,1.65972,1.50,3.34
2017.07.10 19:12:19.778,1.65935,1.65972,1.00,3.34
2017.07.10 19:12:19.829,1.65937,1.65972,2.59,1.00
2017.07.10 19:12:20.079,1.65943,1.65979,1.00,1.50
2017.07.10 19:12:20.636,1.65943,1.6598,1.00,1.00
2017.07.10 19:12:21.167,1.65944,1.6598,1.00,1.00
2017.07.10 19:12:21.706,1.65944,1.65979,1.00,1.00
2017.07.10 19:12:22.457,1.65945,1.6598,1.00,1.00
2017.07.10 19:12:22.968,1.65946,1.65981,1.00,2.59
2017.07.10 19:12:23.069,1.65944,1.65982,2.25,2.59
2017.07.10 19:12:23.348,1.65946,1.65982,1.00,2.59
2017.07.10 19:12:23.868,1.65946,1.6598,1.00,1.50
2017.07.10 19:12:24.426,1.65945,1.65981,1.00,1.09
2017.07.10 19:12:25.208,1.65946,1.65982,1.00,2.59
2017.07.10 19:12:26.111,1.65945,1.65982,1.50,2.59
2017.07.10 19:12:27.136,1.65946,1.65982,1.00,1.84
2017.07.10 19:12:29.723,1.65945,1.65981,2.25,1.09
2017.07.10 19:12:30.295,1.65946,1.65981,1.00,1.09
2017.07.10 19:12:33.214,1.65946,1.65983,1.50,1.00
2017.07.10 19:12:33.265,1.65956,1.65983,1.00,1.00
2017.07.10 19:12:33.417,1.65955,1.65985,1.00,1.50
2017.07.10 19:12:33.927,1.65956,1.65987,1.00,1.34
2017.07.10 19:12:34.649,1.65955,1.65988,1.00,1.34
2017.07.10 19:12:35.460,1.65956,1.65986,1.00,1.09
2017.07.10 19:12:36.568,1.65955,1.65988,1.00,1.84
2017.07.10 19:12:36.981,1.65955,1.65988,1.00,1.50
2017.07.10 19:12:42.097,1.65956,1.65988,1.00,1.50
2017.07.10 19:12:42.706,1.65952,1.65988,1.09,1.00
2017.07.10 19:12:43.681,1.65952,1.65989,1.84,2.25
2017.07.10 19:12:47.426,1.65952,1.65988,1.09,1.00
2017.07.10 19:12:48.048,1.65952,1.65989,1.09,1.50
2017.07.10 19:12:48.499,1.65952,1.65986,1.09,1.00
2017.07.10 19:12:48.550,1.65952,1.65988,1.09,1.00
2017.07.10 19:12:48.651,1.65954,1.65989,1.00,1.50
2017.07.10 19:12:49.001,1.65945,1.65977,3.00,1.00
2017.07.10 19:12:49.051,1.65945,1.6598,3.00,1.00
2017.07.10 19:12:49.567,1.65945,1.65981,1.50,1.00
2017.07.10 19:12:50.083,1.65945,1.6598,2.25,1.00
2017.07.10 19:12:50.924,1.65945,1.65981,1.50,1.00
2017.07.10 19:12:52.098,1.65945,1.65978,1.50,1.00
2017.07.10 19:12:52.199,1.65942,1.65976,1.00,1.50
2017.07.10 19:12:52.250,1.6594,1.65976,1.00,1.50
2017.07.10 19:12:52.301,1.6594,1.65974,1.50,1.00
2017.07.10 19:12:52.829,1.65939,1.65975,1.50,1.00
2017.07.10 19:12:55.880,1.65943,1.65977,1.00,1.00
2017.07.10 19:12:56.805,1.65946,1.65976,1.00,1.00
2017.07.10 19:12:57.364,1.65945,1.65977,1.00,1.00
2017.07.10 19:12:58.022,1.65945,1.65978,1.00,2.59
2017.07.10 19:12:58.578,1.65945,1.65977,1.00,1.00
2017.07.10 19:12:59.079,1.65945,1.65978,1.00,2.59
2017.07.10 19:13:00.524,1.65945,1.65977,1.00,1.00
2017.07.10 19:13:01.078,1.65945,1.65978,1.00,1.84
2017.07.10 19:13:02.578,1.65946,1.65978,1.00,1.84
2017.07.10 19:13:03.273,1.65945,1.65978,1.00,1.84
2017.07.10 19:13:09.862,1.65949,1.65978,1.00,1.09
2017.07.10 19:13:10.827,1.65949,1.65979,1.00,1.00
2017.07.10 19:13:10.928,1.65949,1.65982,1.00,1.00
2017.07.10 19:13:14.011,1.65949,1.65979,1.50,1.00
2017.07.10 19:13:14.537,1.65949,1.6598,1.00,1.00
2017.07.10 19:13:16.346,1.65949,1.65975,1.50,1.00
2017.07.10 19:13:16.397,1.65943,1.65976,2.25,1.00
2017.07.10 19:13:16.448,1.65944,1.65975,1.00,1.34
2017.07.10 19:13:17.033,1.65943,1.65976,1.00,1.84
2017.07.10 19:13:17.336,1.65948,1.6598,1.50,1.34
2017.07.10 19:13:20.448,1.65948,1.6598,1.50,1.00
2017.07.10 19:13:26.651,1.65949,1.65979,1.00,1.00
2017.07.10 19:13:27.825,1.65952,1.6598,1.00,1.00
2017.07.10 19:13:27.876,1.65952,1.65982,1.00,1.00
2017.07.10 19:13:28.951,1.65953,1.65983,1.00,1.00
2017.07.10 19:13:29.154,1.65952,1.65985,1.00,1.84
2017.07.10 19:13:30.927,1.65953,1.65984,1.00,1.00
2017.07.10 19:13:31.453,1.65952,1.65985,1.00,1.84
2017.07.10 19:13:33.359,1.65953,1.65984,1.00,1.00
2017.07.10 19:13:33.867,1.65952,1.65985,1.00,1.09
2017.07.10 19:13:35.177,1.65953,1.65985,1.00,1.09
2017.07.10 19:13:38.307,1.65958,1.65991,1.00,2.96
2017.07.10 19:13:38.409,1.65961,1.65991,1.00,1.00
2017.07.10 19:13:40.038,1.6596,1.65991,1.00,1.00
2017.07.10 19:13:40.828,1.65957,1.65989,1.00,1.00
2017.07.10 19:13:41.375,1.65957,1.65989,1.00,1.34
2017.07.10 19:13:48.298,1.65958,1.65989,1.00,1.34
2017.07.10 19:13:51.482,1.65956,1.65989,1.00,1.34
2017.07.10 19:14:04.527,1.65953,1.65987,1.00,1.34
2017.07.10 19:14:04.629,1.6595,1.65981,1.00,1.09
2017.07.10 19:14:04.730,1.65948,1.65981,1.00,1.09
2017.07.10 19:14:05.255,1.65948,1.6598,1.50,1.00
2017.07.10 19:14:10.975,1.65949,1.6598,1.00,1.00
2017.07.10 19:14:11.076,1.6595,1.65978,1.00,1.00
2017.07.10 19:14:14.072,1.6595,1.65976,1.00,1.00
2017.07.10 19:14:14.123,1.65946,1.65975,1.00,1.00
2017.07.10 19:14:16.308,1.65945,1.65976,1.00,1.00
2017.07.10 19:14:18.661,1.65946,1.65975,1.00,1.00
2017.07.10 19:14:21.826,1.65945,1.65978,1.00,1.84
2017.07.10 19:14:22.334,1.6595,1.65978,1.00,1.00
2017.07.10 19:14:22.667,1.65952,1.6598,1.00,1.09
2017.07.10 19:14:23.536,1.65953,1.65979,1.00,1.00
2017.07.10 19:14:24.375,1.65952,1.6598,1.00,1.09
2017.07.10 19:14:28.321,1.65953,1.65979,1.00,1.00
2017.07.10 19:14:30.774,1.65949,1.6598,1.00,1.09
2017.07.10 19:14:31.374,1.65949,1.65982,1.00,1.00
2017.07.10 19:14:31.425,1.65952,1.65984,1.00,1.00
2017.07.10 19:14:32.758,1.65952,1.65983,1.00,1.00
2017.07.10 19:14:33.424,1.65953,1.65982,1.00,1.00
2017.07.10 19:14:35.017,1.65952,1.65983,1.00,1.00
2017.07.10 19:14:35.646,1.65953,1.65983,1.00,1.00
2017.07.10 19:14:35.697,1.65952,1.65985,1.00,1.00
2017.07.10 19:14:39.696,1.65958,1.65986,1.50,1.00
2017.07.10 19:14:39.747,1.65958,1.65989,1.50,1.50
2017.07.10 19:14:39.798,1.65965,1.65989,1.00,1.50
2017.07.10 19:14:39.849,1.65965,1.65993,1.00,1.00
2017.07.10 19:14:39.900,1.65965,1.65995,1.00,1.00
2017.07.10 19:14:42.518,1.65966,1.65992,1.00,1.00
2017.07.10 19:14:44.537,1.65965,1.65993,1.00,1.00
2017.07.10 19:14:45.899,1.65966,1.65993,1.00,1.00
2017.07.10 19:14:47.054,1.65965,1.65994,1.00,1.00
2017.07.10 19:14:50.000,1.65966,1.65993,1.00,1.00
2017.07.10 19:14:50.302,1.65965,1.65995,1.00,1.00
2017.07.10 19:14:50.999,1.65966,1.65994,1.00,1.00
2017.07.10 19:14:51.133,1.65962,1.65992,1.00,1.00
2017.07.10 19:14:51.554,1.65962,1.65994,1.00,1.09
2017.07.10 19:14:57.310,1.6596,1.65992,1.00,1.00
2017.07.10 19:14:57.513,1.65962,1.65995,1.00,1.00
2017.07.10 19:15:00.443,1.65963,1.65993,1.00,1.00
2017.07.10 19:15:05.343,1.65962,1.65995,1.00,1.34
2017.07.10 19:15:09.207,1.65963,1.65995,1.00,1.84
2017.07.10 19:15:09.838,1.65965,1.65997,1.00,1.00
2017.07.10 19:15:09.889,1.65969,1.66,1.00,1.09
2017.07.10 19:15:09.991,1.65971,1.66004,1.00,1.00
2017.07.10 19:15:10.041,1.65972,1.66001,1.00,1.00
2017.07.10 19:15:11.417,1.65971,1.66002,1.00,1.00
2017.07.10 19:15:12.178,1.65972,1.66001,1.00,1.00
2017.07.10 19:15:12.229,1.65971,1.66003,1.00,1.00
2017.07.10 19:15:12.867,1.65971,1.66004,1.00,1.50
2017.07.10 19:15:12.918,1.65972,1.66001,1.00,1.00
2017.07.10 19:15:13.171,1.65965,1.65997,1.00,1.00
2017.07.10 19:15:13.323,1.65966,1.65996,1.00,1.34
2017.07.10 19:15:13.872,1.65965,1.65997,1.00,1.84
2017.07.10 19:15:14.257,1.65967,1.65997,1.00,1.84
2017.07.10 19:15:14.464,1.65965,1.65997,1.00,1.84
2017.07.10 19:15:15.108,1.65967,1.65997,1.00,1.50
2017.07.10 19:15:15.411,1.6597,1.66,1.00,1.50
2017.07.10 19:15:18.264,1.65967,1.66,1.00,1.00
2017.07.10 19:15:18.315,1.65967,1.65997,1.00,1.00
2017.07.10 19:15:18.366,1.65965,1.65997,1.00,1.00
2017.07.10 19:15:21.217,1.65966,1.65996,1.00,1.00
2017.07.10 19:15:28.349,1.65966,1.65997,1.00,1.00
2017.07.10 19:15:28.450,1.65965,1.65999,1.00,1.00
2017.07.10 19:15:28.501,1.65968,1.65998,1.00,1.00
2017.07.10 19:15:29.172,1.65967,1.65999,1.00,1.00
2017.07.10 19:15:29.490,1.65968,1.65997,1.00,1.00
2017.07.10 19:15:29.642,1.65961,1.65991,1.00,1.50
2017.07.10 19:15:29.693,1.65959,1.65992,1.50,1.00
2017.07.10 19:15:29.842,1.65959,1.6599,1.00,1.00
2017.07.10 19:15:29.893,1.65959,1.65995,1.50,1.00
2017.07.10 19:15:29.945,1.65961,1.65995,1.00,1.50
2017.07.10 19:15:29.996,1.65959,1.65994,1.00,1.00
2017.07.10 19:15:30.602,1.65959,1.65996,1.00,1.50
2017.07.10 19:15:31.147,1.6596,1.65995,1.00,1.00
2017.07.10 19:15:31.681,1.65961,1.65996,1.00,1.00
2017.07.10 19:15:32.348,1.6596,1.65996,1.00,1.00
2017.07.10 19:15:32.884,1.65961,1.65997,1.00,1.50
2017.07.10 19:15:32.987,1.65959,1.65997,1.00,2.25
2017.07.10 19:15:35.748,1.65958,1.65995,2.59,1.00
2017.07.10 19:15:36.203,1.65958,1.65993,1.00,1.00
2017.07.10 19:15:38.896,1.65961,1.65993,1.00,1.00
2017.07.10 19:15:39.403,1.6596,1.65994,1.00,1.09
2017.07.10 19:15:50.777,1.65961,1.65993,1.00,1.00
2017.07.10 19:15:51.283,1.6596,1.65996,1.00,1.34
2017.07.10 19:15:51.985,1.65961,1.65996,1.00,1.84
2017.07.10 19:15:55.129,1.65963,1.65997,1.00,1.50
2017.07.10 19:15:55.180,1.65965,1.65997,1.00,1.50
2017.07.10 19:15:55.727,1.65964,1.65997,1.00,2.25
2017.07.10 19:15:55.988,1.65962,1.65996,1.00,1.00
2017.07.10 19:15:58.130,1.65962,1.65995,1.00,1.00
2017.07.10 19:15:58.403,1.6596,1.65992,1.00,1.00
2017.07.10 19:15:58.454,1.65953,1.65986,1.00,1.50
2017.07.10 19:15:58.505,1.65951,1.65986,1.50,1.84
2017.07.10 19:16:00.547,1.65951,1.65986,1.00,1.84
2017.07.10 19:16:00.699,1.65952,1.65987,1.50,1.50
2017.07.10 19:16:01.478,1.65951,1.65987,1.50,1.50
2017.07.10 19:16:01.984,1.65951,1.65986,1.00,1.09
2017.07.10 19:16:02.972,1.65951,1.65985,1.00,1.00
2017.07.10 19:16:04.557,1.65951,1.65984,1.00,1.00
2017.07.10 19:16:07.728,1.6595,1.65983,1.00,1.00
2017.07.10 19:16:07.779,1.65948,1.65983,2.59,1.00
2017.07.10 19:16:10.874,1.65949,1.65983,1.50,1.00
2017.07.10 19:16:11.496,1.65948,1.65983,2.59,1.00
2017.07.10 19:16:12.164,1.65949,1.65983,1.00,1.00
2017.07.10 19:16:13.250,1.65948,1.65983,1.84,1.00
2017.07.10 19:16:13.857,1.65948,1.65985,1.84,1.00
2017.07.10 19:16:14.978,1.65949,1.65985,1.00,1.50
2017.07.10 19:16:17.968,1.65948,1.65985,1.09,1.50
2017.07.10 19:16:25.817,1.65948,1.65984,2.59,1.00
2017.07.10 19:16:33.088,1.65947,1.65984,1.84,1.00
2017.07.10 19:16:35.648,1.65947,1.65983,1.84,1.00
2017.07.10 19:16:35.699,1.65947,1.65981,1.50,1.09
2017.07.10 19:16:43.646,1.65948,1.6598,1.00,1.00
2017.07.10 19:16:43.928,1.65945,1.65981,1.00,1.09
2017.07.10 19:16:47.494,1.65945,1.65981,1.00,1.34
2017.07.10 19:16:47.545,1.65945,1.65977,1.00,1.34
2017.07.10 19:16:47.595,1.65941,1.65975,1.00,1.00
2017.07.10 19:16:47.697,1.65937,1.65973,1.00,1.34
2017.07.10 19:16:48.427,1.65935,1.65967,1.00,1.00
2017.07.10 19:16:48.529,1.65933,1.65967,1.00,1.34
2017.07.10 19:16:49.049,1.65933,1.65965,1.00,1.50
2017.07.10 19:16:49.928,1.65938,1.65965,1.00,1.00
2017.07.10 19:16:50.029,1.65935,1.65965,1.50,1.00
2017.07.10 19:16:50.133,1.65935,1.65971,1.50,1.00
2017.07.10 19:16:50.505,1.65943,1.65971,1.00,1.00
2017.07.10 19:16:50.557,1.65939,1.65971,1.00,1.50
2017.07.10 19:16:50.608,1.65939,1.65974,1.00,1.50
2017.07.10 19:16:50.659,1.65943,1.65974,1.00,1.00
2017.07.10 19:16:50.962,1.65945,1.65973,1.00,1.00
2017.07.10 19:16:52.099,1.65944,1.65973,1.00,1.00
2017.07.10 19:16:52.150,1.65939,1.65973,1.00,1.00
2017.07.10 19:16:52.302,1.65937,1.65972,1.50,1.00
2017.07.10 19:16:52.619,1.65935,1.65971,1.00,1.09
2017.07.10 19:16:55.436,1.65936,1.65971,1.00,1.84
2017.07.10 19:16:55.978,1.65937,1.65971,1.00,1.09
2017.07.10 19:16:56.029,1.65937,1.65974,1.00,1.50
2017.07.10 19:16:56.607,1.65937,1.65973,2.25,1.00
2017.07.10 19:16:57.157,1.65937,1.65974,1.00,1.00
2017.07.10 19:16:57.870,1.65936,1.65973,3.34,1.00
2017.07.10 19:16:58.087,1.65936,1.65971,1.00,1.00
2017.07.10 19:16:58.946,1.65934,1.65971,1.50,1.50
2017.07.10 19:16:59.098,1.65933,1.65969,1.00,1.00
2017.07.10 19:16:59.411,1.65933,1.65965,1.00,1.00
2017.07.10 19:17:00.020,1.65933,1.65966,1.00,1.00
2017.07.10 19:17:03.387,1.65933,1.65968,1.00,1.00
2017.07.10 19:17:04.715,1.65933,1.65969,1.00,1.50
2017.07.10 19:17:05.238,1.65933,1.6597,1.00,3.00
2017.07.10 19:17:05.440,1.65934,1.65972,1.50,1.09
2017.07.10 19:17:05.642,1.65933,1.6597,2.25,1.00
2017.07.10 19:17:06.148,1.65933,1.65969,1.50,1.00
2017.07.10 19:17:06.749,1.65934,1.65969,1.00,1.00
2017.07.10 19:17:06.901,1.65934,1.65972,1.84,1.00
2017.07.10 19:17:07.103,1.65937,1.65971,1.00,1.00
2017.07.10 19:17:07.745,1.65937,1.65972,1.00,1.00
2017.07.10 19:17:08.404,1.65937,1.65973,1.00,1.00
2017.07.10 19:17:09.830,1.65937,1.65971,1.50,1.00
2017.07.10 19:17:11.650,1.65937,1.65972,1.00,1.00
2017.07.10 19:17:16.491,1.65935,1.65971,2.59,1.00
2017.07.10 19:17:17.046,1.65934,1.6597,1.84,1.00
2017.07.10 19:17:19.018,1.65934,1.6597,1.00,1.00
2017.07.10 19:17:21.257,1.65935,1.6597,1.00,1.50
2017.07.10 19:17:21.964,1.65934,1.6597,1.00,1.00
2017.07.10 19:17:24.340,1.65934,1.65971,1.00,2.59
2017.07.10 19:17:24.599,1.65936,1.65971,1.00,2.59
2017.07.10 19:17:28.961,1.65944,1.65971,1.00,1.00
2017.07.10 19:17:29.062,1.65943,1.65976,1.00,2.25
2017.07.10 19:17:29.538,1.65943,1.6598,1.50,1.09
2017.07.10 19:17:31.348,1.65942,1.6598,1.50,1.84
2017.07.10 19:17:33.127,1.65942,1.65979,1.00,1.00
2017.07.10 19:17:41.146,1.65943,1.65979,1.00,1.00
2017.07.10 19:17:44.480,1.6594,1.65976,1.00,1.84
2017.07.10 19:17:44.784,1.65935,1.65971,1.00,1.00
2017.07.10 19:17:45.290,1.65935,1.65969,1.00,1.00
2017.07.10 19:17:45.593,1.65932,1.65967,1.00,1.00
2017.07.10 19:17:46.196,1.65932,1.65968,1.00,1.00
2017.07.10 19:17:46.722,1.65932,1.65967,1.00,1.00
2017.07.10 19:17:47.005,1.6593,1.65967,3.00,1.00
2017.07.10 19:17:47.564,1.65931,1.65967,1.50,1.50
2017.07.10 19:17:49.049,1.65933,1.65967,1.00,1.00
2017.07.10 19:17:49.151,1.65935,1.6597,1.00,1.00
2017.07.10 19:17:49.654,1.65935,1.65971,1.00,1.09
2017.07.10 19:17:50.735,1.65934,1.6597,2.25,1.00
2017.07.10 19:17:50.989,1.65931,1.6597,1.50,1.50
2017.07.10 19:17:51.537,1.65931,1.65969,1.50,1.50
2017.07.10 19:17:52.065,1.65931,1.65968,1.00,1.00
2017.07.10 19:17:52.647,1.6593,1.65968,1.50,1.00
2017.07.10 19:18:00.397,1.65932,1.65969,1.00,1.50
2017.07.10 19:18:02.490,1.65933,1.65968,1.00,1.00
2017.07.10 19:18:03.377,1.65932,1.65968,2.25,1.00
2017.07.10 19:18:04.077,1.65932,1.65967,1.00,1.00
2017.07.10 19:18:06.671,1.65931,1.65967,1.00,1.00
2017.07.10 19:18:06.998,1.65931,1.65965,1.00,1.00
2017.07.10 19:18:07.616,1.65932,1.65965,1.00,1.00
2017.07.10 19:18:08.071,1.65932,1.65968,1.50,1.00
2017.07.10 19:18:08.670,1.65933,1.65968,1.00,1.50
2017.07.10 19:18:09.237,1.65932,1.65968,1.50,1.00
2017.07.10 19:18:09.288,1.65933,1.6597,1.00,1.50
2017.07.10 19:18:09.831,1.65933,1.65969,1.00,1.00
2017.07.10 19:18:10.381,1.65932,1.6597,1.50,2.25
2017.07.10 19:18:11.078,1.65932,1.65969,2.25,1.00
2017.07.10 19:18:11.627,1.65933,1.65969,1.00,1.00
2017.07.10 19:18:12.316,1.65932,1.65969,1.50,1.00
2017.07.10 19:18:15.095,1.65933,1.65969,1.00,1.00
2017.07.10 19:18:15.247,1.65936,1.65969,1.00,1.00
2017.07.10 19:18:15.298,1.65935,1.65973,1.50,1.84
2017.07.10 19:18:17.845,1.65936,1.65973,1.00,1.84
2017.07.10 19:18:17.896,1.65938,1.65972,1.00,1.09
2017.07.10 19:18:18.200,1.65938,1.65972,1.00,1.34
2017.07.10 19:18:18.302,1.65935,1.65971,1.00,1.84
2017.07.10 19:18:19.881,1.65935,1.65971,1.00,1.00
2017.07.10 19:18:19.932,1.65939,1.65971,1.00,1.00
2017.07.10 19:18:20.238,1.65936,1.65973,1.00,1.00
2017.07.10 19:18:20.339,1.65938,1.65973,1.50,1.00
2017.07.10 19:18:20.440,1.65938,1.65975,1.50,1.00
2017.07.10 19:18:20.990,1.65937,1.65976,2.59,1.00
2017.07.10 19:18:21.317,1.65937,1.65976,1.84,1.50
2017.07.10 19:18:22.006,1.65938,1.65975,1.34,1.00
2017.07.10 19:18:23.887,1.65937,1.65976,2.59,1.50
2017.07.10 19:18:25.361,1.65939,1.65974,1.09,1.00
2017.07.10 19:18:25.462,1.65939,1.65976,1.09,1.50
2017.07.10 19:18:28.993,1.6594,1.65976,1.00,1.50
2017.07.10 19:18:29.044,1.6594,1.65977,1.34,1.00
2017.07.10 19:18:29.096,1.65941,1.65979,1.34,1.00
2017.07.10 19:18:30.010,1.65942,1.6598,1.84,1.00
2017.07.10 19:18:33.248,1.65947,1.65982,1.09,1.50
2017.07.10 19:18:33.400,1.65948,1.65987,1.50,1.50
2017.07.10 19:18:34.567,1.65949,1.65987,1.00,1.50
2017.07.10 19:18:34.619,1.65949,1.65985,1.00,1.00
2017.07.10 19:18:34.922,1.65948,1.65981,1.00,1.00
2017.07.10 19:18:37.829,1.65948,1.65982,1.00,1.00
2017.07.10 19:18:37.880,1.65948,1.65984,1.00,1.00
2017.07.10 19:18:38.487,1.65948,1.65985,1.00,1.84
2017.07.10 19:18:39.117,1.65947,1.65982,2.25,1.00
2017.07.10 19:18:39.647,1.65948,1.65982,1.00,1.00
2017.07.10 19:18:40.307,1.6595,1.65984,1.50,1.50
2017.07.10 19:18:40.409,1.65951,1.65987,1.50,1.00
2017.07.10 19:18:40.627,1.65952,1.65986,1.34,1.00
2017.07.10 19:18:41.138,1.65951,1.65987,2.59,1.00
2017.07.10 19:18:41.639,1.65952,1.65986,1.34,1.00
2017.07.10 19:18:43.373,1.65951,1.65987,1.34,1.00
2017.07.10 19:18:44.805,1.65952,1.65986,1.34,1.00
2017.07.10 19:18:45.407,1.65951,1.65987,2.59,1.00
2017.07.10 19:18:49.258,1.65951,1.65986,1.34,1.00
2017.07.10 19:18:49.511,1.65944,1.65978,1.84,1.00
2017.07.10 19:18:49.562,1.65944,1.65982,1.84,1.00
2017.07.10 19:18:49.971,1.65948,1.65978,1.00,1.00
2017.07.10 19:18:50.023,1.65946,1.65982,1.00,1.50
2017.07.10 19:18:50.582,1.65945,1.65982,1.00,1.00
2017.07.10 19:18:50.827,1.65944,1.65972,1.00,1.00
2017.07.10 19:18:50.991,1.65943,1.6598,1.84,1.00
2017.07.10 19:18:51.512,1.65944,1.65979,1.00,1.00
2017.07.10 19:18:53.246,1.65944,1.65978,1.00,1.00
2017.07.10 19:18:53.747,1.65944,1.65979,1.00,1.50
2017.07.10 19:18:54.344,1.65946,1.6598,1.00,1.00
2017.07.10 19:18:54.395,1.65946,1.65982,1.00,1.00
2017.07.10 19:18:56.099,1.65945,1.65982,1.00,1.00
2017.07.10 19:18:57.041,1.65945,1.65981,1.00,1.00
2017.07.10 19:18:57.565,1.65944,1.65982,1.00,1.50
2017.07.10 19:18:57.680,1.65944,1.6598,1.50,1.00
2017.07.10 19:18:57.984,1.65944,1.65977,1.50,1.00
2017.07.10 19:18:58.688,1.65943,1.65977,2.25,1.00
2017.07.10 19:19:01.059,1.65944,1.6598,1.00,1.00
2017.07.10 19:19:01.110,1.65952,1.65981,1.00,1.50
2017.07.10 19:19:01.698,1.65951,1.6598,1.00,1.00
2017.07.10 19:19:02.235,1.65951,1.65981,1.00,1.50
2017.07.10 19:19:02.749,1.65952,1.65981,1.00,1.00
2017.07.10 19:19:03.758,1.65952,1.6598,1.00,1.00
2017.07.10 19:19:04.306,1.65951,1.65981,1.00,1.00
2017.07.10 19:19:04.868,1.65951,1.6598,1.00,1.00
2017.07.10 19:19:05.498,1.65951,1.65981,1.00,1.00
2017.07.10 19:19:06.037,1.65951,1.6598,1.00,1.00
2017.07.10 19:19:06.537,1.65952,1.65982,1.00,1.00
2017.07.10 19:19:10.171,1.65951,1.65984,1.00,1.00
2017.07.10 19:19:10.709,1.65951,1.65985,1.00,1.00
2017.07.10 19:19:11.272,1.65952,1.65983,1.00,1.00
2017.07.10 19:19:12.058,1.65945,1.65977,1.00,1.00
2017.07.10 19:19:14.659,1.65943,1.65977,2.25,1.00
2017.07.10 19:19:15.817,1.65941,1.65967,1.00,1.00
2017.07.10 19:19:16.072,1.65941,1.65972,1.00,1.00
2017.07.10 19:19:16.325,1.65938,1.65972,2.25,1.00
2017.07.10 19:19:16.704,1.65941,1.65977,1.00,1.00
2017.07.10 19:19:17.349,1.6594,1.65977,1.50,1.00
2017.07.10 19:19:17.847,1.65942,1.65977,1.00,1.00
2017.07.10 19:19:18.519,1.65943,1.65977,1.00,1.00
2017.07.10 19:19:20.988,1.65942,1.65977,1.00,1.00
2017.07.10 19:19:22.652,1.65941,1.65977,1.00,1.00
2017.07.10 19:19:23.198,1.6594,1.65977,1.09,1.00
2017.07.10 19:19:23.801,1.65941,1.65977,1.00,1.00
2017.07.10 19:19:24.567,1.6594,1.65977,2.59,1.00
2017.07.10 19:19:24.871,1.65942,1.65977,1.50,1.00
2017.07.10 19:19:25.209,1.65943,1.65977,1.34,1.00
2017.07.10 19:19:26.377,1.65947,1.65981,1.00,1.50
2017.07.10 19:19:26.787,1.65949,1.65981,1.00,1.00
2017.07.10 19:19:27.141,1.65947,1.65981,1.84,1.00
2017.07.10 19:19:27.562,1.65947,1.65984,2.59,1.00
2017.07.10 19:19:27.613,1.65953,1.65986,1.00,1.00
2017.07.10 19:19:27.916,1.65949,1.65982,1.34,1.00
2017.07.10 19:19:29.228,1.65949,1.65984,1.34,1.00
2017.07.10 19:19:29.279,1.65948,1.65986,1.34,1.00
2017.07.10 19:19:29.799,1.65948,1.65985,1.34,1.50
2017.07.10 19:19:30.098,1.65948,1.65982,1.34,1.00
2017.07.10 19:19:31.253,1.65948,1.65982,1.50,1.00
2017.07.10 19:19:33.249,1.65948,1.65981,1.00,1.00
2017.07.10 19:19:33.757,1.65947,1.65982,1.00,2.25
2017.07.10 19:19:34.550,1.65943,1.65977,2.59,1.00
2017.07.10 19:19:38.204,1.65944,1.65978,1.09,1.00
2017.07.10 19:19:42.221,1.65945,1.6598,1.00,1.50
2017.07.10 19:19:42.272,1.65948,1.65984,1.00,1.34
2017.07.10 19:19:44.922,1.65947,1.65981,1.50,1.00
2017.07.10 19:19:45.661,1.65946,1.65981,1.00,1.00
2017.07.10 19:19:47.813,1.65945,1.65981,1.50,1.00
2017.07.10 19:19:49.197,1.65946,1.65981,1.00,1.00
2017.07.10 19:19:49.766,1.65945,1.65981,1.50,1.00
2017.07.10 19:19:50.174,1.65946,1.65982,1.34,1.50
2017.07.10 19:19:53.960,1.65945,1.65983,1.50,1.09
2017.07.10 19:19:54.163,1.65945,1.65981,1.00,1.00
2017.07.10 19:19:56.083,1.65944,1.6598,1.00,1.00
2017.07.10 19:20:05.968,1.65944,1.65981,1.50,1.00
2017.07.10 19:20:06.308,1.65945,1.65979,1.00,1.00
2017.07.10 19:20:06.949,1.65944,1.6598,1.50,1.00
2017.07.10 19:20:09.151,1.65945,1.6598,1.00,1.00
2017.07.10 19:20:09.687,1.65945,1.65979,1.50,1.00
2017.07.10 19:20:10.196,1.65945,1.6598,1.00,1.00
2017.07.10 19:20:10.981,1.65945,1.65979,1.50,1.00
2017.07.10 19:20:11.508,1.65945,1.6598,1.00,1.00
2017.07.10 19:20:17.034,1.65944,1.65981,1.50,1.00
2017.07.10 19:20:18.457,1.65945,1.65981,1.00,1.00
2017.07.10 19:20:20.287,1.65944,1.65981,2.25,1.00
2017.07.10 19:20:20.814,1.65945,1.65981,1.00,1.00
2017.07.10 19:20:21.359,1.65944,1.65981,1.50,1.00
2017.07.10 19:20:22.181,1.65945,1.65981,1.00,1.00
2017.07.10 19:20:24.190,1.65944,1.65981,1.50,1.00
2017.07.10 19:20:27.460,1.65945,1.65981,1.00,1.00
2017.07.10 19:20:28.497,1.65945,1.65982,1.00,1.00
2017.07.10 19:20:29.004,1.65946,1.65982,1.00,1.00
2017.07.10 19:20:30.398,1.65947,1.65982,1.00,1.00
2017.07.10 19:20:31.549,1.65946,1.65982,1.00,1.00
2017.07.10 19:20:33.035,1.65946,1.65981,1.00,1.00
2017.07.10 19:20:33.703,1.65946,1.6598,1.00,1.00
2017.07.10 19:20:33.896,1.65946,1.65982,1.00,1.50
2017.07.10 19:20:37.932,1.65947,1.65982,1.50,1.00
2017.07.10 19:20:38.034,1.6595,1.65982,1.50,1.00
2017.07.10 19:20:38.628,1.65951,1.65982,1.50,1.00
2017.07.10 19:20:38.781,1.65947,1.65982,1.00,1.09
2017.07.10 19:20:42.309,1.65948,1.65982,1.00,1.84
2017.07.10 19:20:45.207,1.65947,1.65982,1.84,1.50
2017.07.10 19:20:45.258,1.6595,1.65987,1.00,1.50
2017.07.10 19:20:45.410,1.6595,1.65984,1.00,1.84
2017.07.10 19:20:45.461,1.65947,1.65984,1.00,1.34
2017.07.10 19:20:46.110,1.65948,1.65982,1.00,1.50
2017.07.10 19:20:48.545,1.65947,1.65982,1.00,1.00
2017.07.10 19:20:49.080,1.65948,1.65982,1.00,1.50
2017.07.10 19:20:51.625,1.65947,1.65982,1.00,1.00
2017.07.10 19:20:53.031,1.65947,1.65983,1.00,1.09
2017.07.10 19:20:54.049,1.65946,1.65983,1.00,1.09
2017.07.10 19:20:54.100,1.65944,1.65983,2.25,1.09
2017.07.10 19:20:54.151,1.65946,1.65983,1.00,1.09
2017.07.10 19:20:54.255,1.65944,1.65983,2.25,1.09
2017.07.10 19:20:54.785,1.65946,1.65983,1.00,1.84
2017.07.10 19:20:55.329,1.65945,1.65983,1.00,1.84
2017.07.10 19:20:55.659,1.65943,1.65977,1.00,1.00
2017.07.10 19:20:56.011,1.65941,1.6598,1.84,1.50
2017.07.10 19:20:56.890,1.65941,1.65981,2.59,1.84
2017.07.10 19:21:00.076,1.65941,1.6598,3.34,1.00
2017.07.10 19:21:01.800,1.65941,1.65979,2.59,1.00
2017.07.10 19:21:02.337,1.65941,1.6598,2.59,1.00
2017.07.10 19:21:02.533,1.65941,1.65978,3.34,1.00
2017.07.10 19:21:03.140,1.65941,1.6598,1.84,1.00
2017.07.10 19:21:03.796,1.65942,1.65981,1.09,1.84
2017.07.10 19:21:04.370,1.65941,1.6598,4.09,1.50
2017.07.10 19:21:04.895,1.65941,1.65979,2.59,1.00
2017.07.10 19:21:06.234,1.65941,1.65978,1.34,1.00
2017.07.10 19:21:11.772,1.65943,1.65978,1.00,1.00
2017.07.10 19:21:12.357,1.65944,1.65979,1.50,1.00
2017.07.10 19:21:13.209,1.65944,1.65981,1.50,1.09
2017.07.10 19:21:15.507,1.65944,1.6598,1.00,1.00
2017.07.10 19:21:18.737,1.65944,1.65981,1.00,1.09
2017.07.10 19:21:22.450,1.65944,1.6598,1.00,1.00
2017.07.10 19:21:23.559,1.65945,1.65979,1.00,1.00
2017.07.10 19:21:27.425,1.65944,1.6598,1.00,1.00
2017.07.10 19:21:28.022,1.65944,1.65982,1.00,1.84
2017.07.10 19:21:36.465,1.65945,1.65982,1.00,1.84
2017.07.10 19:21:37.272,1.65944,1.65982,1.50,1.84
2017.07.10 19:21:38.978,1.65945,1.65982,1.00,1.34
2017.07.10 19:21:39.932,1.65944,1.65982,1.50,1.34
2017.07.10 19:21:40.453,1.65945,1.65982,1.50,1.34
2017.07.10 19:21:41.051,1.65946,1.65982,1.00,1.34
2017.07.10 19:21:41.848,1.65945,1.65982,1.00,1.34
2017.07.10 19:21:42.380,1.65944,1.65983,3.00,1.34
2017.07.10 19:21:43.475,1.65945,1.65982,1.00,1.09
2017.07.10 19:21:44.248,1.65944,1.65982,2.25,1.09
2017.07.10 19:21:45.701,1.65945,1.65982,1.50,1.09
2017.07.10 19:21:46.662,1.65944,1.65982,1.50,1.09
2017.07.10 19:21:50.329,1.65947,1.65982,1.00,1.09
2017.07.10 19:21:53.181,1.65954,1.65983,1.00,1.00
2017.07.10 19:21:53.282,1.65956,1.65992,1.84,2.25
2017.07.10 19:21:53.333,1.65958,1.65992,1.84,2.25
2017.07.10 19:21:53.434,1.65961,1.65998,1.09,1.50
2017.07.10 19:21:53.687,1.65962,1.65992,1.00,1.00
2017.07.10 19:21:53.994,1.6596,1.65992,1.00,1.00
2017.07.10 19:21:54.498,1.65959,1.65992,1.00,1.00
2017.07.10 19:21:59.810,1.65957,1.65992,2.25,1.50
2017.07.10 19:22:03.153,1.65958,1.65992,1.00,1.50
2017.07.10 19:22:03.661,1.65959,1.65992,1.00,1.50
2017.07.10 19:22:04.247,1.65958,1.65992,1.00,1.00
2017.07.10 19:22:04.297,1.6596,1.65993,1.00,1.00
2017.07.10 19:22:04.399,1.6596,1.65995,1.00,1.84
2017.07.10 19:22:04.450,1.65961,1.65995,1.84,1.00
2017.07.10 19:22:04.652,1.65962,1.65997,1.84,1.00
2017.07.10 19:22:05.499,1.65963,1.65997,1.00,1.00
2017.07.10 19:22:06.599,1.65964,1.65997,1.00,1.00
2017.07.10 19:22:07.209,1.65963,1.65997,1.00,1.00
2017.07.10 19:22:08.448,1.65964,1.65997,1.00,1.00
2017.07.10 19:22:09.921,1.65964,1.65996,1.00,1.00
2017.07.10 19:22:10.779,1.65963,1.65996,1.00,1.00
2017.07.10 19:22:11.917,1.65962,1.65996,1.09,1.00
2017.07.10 19:22:13.776,1.65963,1.65996,1.00,1.00
2017.07.10 19:22:14.333,1.65964,1.65996,1.00,1.00
2017.07.10 19:22:14.435,1.65962,1.65996,1.84,1.00
2017.07.10 19:22:27.761,1.6596,1.65997,1.34,3.00
2017.07.10 19:22:27.812,1.65961,1.65994,1.00,1.09
2017.07.10 19:22:29.138,1.6596,1.65994,1.00,1.84
2017.07.10 19:22:30.548,1.65961,1.65994,1.00,1.09
2017.07.10 19:22:31.064,1.6596,1.65994,1.00,1.09
2017.07.10 19:22:32.225,1.65961,1.65992,1.00,1.00
2017.07.10 19:22:33.318,1.6596,1.65993,1.00,1.00
2017.07.10 19:22:35.311,1.65961,1.65992,1.00,1.00
2017.07.10 19:22:35.822,1.6596,1.65992,1.00,1.00
2017.07.10 19:22:38.576,1.6596,1.65991,1.00,1.00
2017.07.10 19:22:39.701,1.65961,1.65991,1.00,1.00
2017.07.10 19:22:43.606,1.65961,1.65992,1.00,1.00
2017.07.10 19:22:44.199,1.6596,1.65991,1.00,1.00
2017.07.10 19:22:46.331,1.6596,1.65992,1.00,1.00
2017.07.10 19:22:48.749,1.65961,1.65992,1.00,1.00
2017.07.10 19:22:49.503,1.6596,1.65992,1.00,1.00
2017.07.10 19:22:50.827,1.6596,1.65993,1.00,1.00
2017.07.10 19:22:51.397,1.6596,1.65996,1.00,2.59
2017.07.10 19:22:52.979,1.65961,1.65995,1.00,1.34
2017.07.10 19:22:53.749,1.6596,1.65996,1.00,1.84
2017.07.10 19:22:54.169,1.6596,1.65996,1.34,1.50
2017.07.10 19:22:54.754,1.6596,1.65997,1.34,3.00
2017.07.10 19:22:58.467,1.6596,1.65996,1.34,1.00
2017.07.10 19:22:58.981,1.65961,1.65995,1.34,1.00
2017.07.10 19:23:00.322,1.65961,1.65997,1.34,3.00
2017.07.10 19:23:01.207,1.65964,1.65997,1.00,1.50
2017.07.10 19:23:02.293,1.65965,1.65997,1.00,1.00
2017.07.10 19:23:02.827,1.65964,1.65997,1.00,1.00
2017.07.10 19:23:06.290,1.65965,1.65997,1.00,1.00
2017.07.10 19:23:15.542,1.65965,1.65996,1.00,1.00
2017.07.10 19:23:16.264,1.65965,1.65997,1.00,1.00
2017.07.10 19:23:22.568,1.65965,1.66001,1.00,1.84
2017.07.10 19:23:25.189,1.65965,1.66001,1.84,1.00
2017.07.10 19:23:26.697,1.65965,1.65997,2.59,1.00
2017.07.10 19:23:28.516,1.65963,1.65997,1.00,1.00
2017.07.10 19:23:29.040,1.6596,1.65996,1.34,1.00
2017.07.10 19:23:29.662,1.6596,1.65997,1.34,2.25
2017.07.10 19:23:30.001,1.6596,1.65995,1.00,1.09
2017.07.10 19:23:30.304,1.6596,1.65992,1.00,1.00
2017.07.10 19:23:35.100,1.6596,1.65993,1.00,1.00
2017.07.10 19:23:44.009,1.65961,1.65992,1.00,1.00
2017.07.10 19:23:44.533,1.65961,1.65994,1.00,1.00
2017.07.10 19:23:44.685,1.65961,1.65998,1.34,1.50
2017.07.10 19:23:45.059,1.65964,1.65998,1.34,1.00
2017.07.10 19:23:45.340,1.65966,1.66001,1.00,1.50
2017.07.10 19:23:45.441,1.65968,1.66001,1.00,1.50
2017.07.10 19:23:46.611,1.65969,1.66002,1.00,1.50
2017.07.10 19:23:47.190,1.65969,1.66001,1.00,1.00
2017.07.10 19:23:47.445,1.65962,1.65997,1.00,2.25
2017.07.10 19:23:47.496,1.65961,1.65989,1.12,1.00
2017.07.10 19:23:47.598,1.65955,1.65989,1.12,1.00
2017.07.10 19:23:48.102,1.65954,1.65989,1.09,1.00
2017.07.10 19:23:48.631,1.65954,1.65988,1.09,1.00
2017.07.10 19:23:49.140,1.65954,1.65989,1.09,1.00
2017.07.10 19:23:51.378,1.65954,1.65988,1.09,1.00
2017.07.10 19:23:51.947,1.65953,1.65988,1.09,1.00
2017.07.10 19:23:52.048,1.65952,1.6599,3.34,1.00
2017.07.10 19:23:52.589,1.65954,1.65991,1.00,1.50
2017.07.10 19:23:53.692,1.65954,1.6599,1.00,1.00
2017.07.10 19:23:54.208,1.65954,1.65991,1.50,1.50
2017.07.10 19:23:58.819,1.65954,1.6599,1.00,1.00
2017.07.10 19:23:59.982,1.65954,1.65991,1.00,1.00
2017.07.10 19:24:00.483,1.65954,1.6599,1.00,1.00
2017.07.10 19:24:00.986,1.65954,1.65991,1.00,1.00
2017.07.10 19:24:01.928,1.65953,1.65991,1.09,1.50
2017.07.10 19:24:02.129,1.65955,1.6599,1.00,1.00
2017.07.10 19:24:02.231,1.65953,1.65991,1.84,1.50
2017.07.10 19:24:02.739,1.65953,1.6599,1.84,1.00
2017.07.10 19:24:03.621,1.65954,1.65991,1.00,1.50
2017.07.10 19:24:04.770,1.65954,1.6599,1.00,1.00
2017.07.10 19:24:05.277,1.65952,1.6599,2.59,1.00
2017.07.10 19:24:07.649,1.65954,1.6599,1.00,1.00
2017.07.10 19:24:12.346,1.65954,1.65991,1.00,1.00
2017.07.10 19:24:13.538,1.65954,1.6599,1.00,1.00
2017.07.10 19:24:14.261,1.65955,1.65991,1.00,1.00
2017.07.10 19:24:16.258,1.65955,1.6599,1.00,1.00
2017.07.10 19:24:16.798,1.65955,1.65991,1.00,1.00
2017.07.10 19:24:17.311,1.65955,1.6599,1.00,1.00
2017.07.10 19:24:17.719,1.65954,1.65992,1.50,1.50
2017.07.10 19:24:22.049,1.65955,1.65991,1.00,1.00
2017.07.10 19:24:22.780,1.65954,1.65992,1.50,1.50
2017.07.10 19:24:23.417,1.65955,1.65991,1.00,1.00
2017.07.10 19:24:24.129,1.65954,1.65992,1.50,1.50
2017.07.10 19:24:24.699,1.65955,1.65991,1.00,1.00
2017.07.10 19:24:25.300,1.65954,1.65992,1.00,1.50
2017.07.10 19:24:25.932,1.65954,1.65991,1.50,1.00
2017.07.10 19:24:26.538,1.65954,1.65992,1.00,1.50
2017.07.10 19:24:28.498,1.65954,1.65991,1.00,1.00
2017.07.10 19:24:34.168,1.65954,1.65992,1.00,1.50
2017.07.10 19:24:35.005,1.65955,1.65992,1.00,1.50
2017.07.10 19:24:35.106,1.6596,1.65992,1.00,1.00
2017.07.10 19:24:35.409,1.65963,1.65992,1.00,1.00
2017.07.10 19:24:36.423,1.65964,1.65998,1.00,1.00
2017.07.10 19:24:37.231,1.65964,1.65999,1.00,1.00
2017.07.10 19:24:38.627,1.65963,1.65998,1.50,1.00
2017.07.10 19:24:39.174,1.65963,1.65997,1.00,1.00
2017.07.10 19:24:40.045,1.65962,1.65997,1.00,1.00
2017.07.10 19:24:40.096,1.65962,1.65999,1.00,1.50
2017.07.10 19:24:40.854,1.65962,1.65998,1.00,1.00
2017.07.10 19:24:43.525,1.6596,1.65992,1.00,1.00
2017.07.10 19:24:43.576,1.65958,1.65993,1.00,1.00
2017.07.10 19:24:44.212,1.65957,1.65993,1.00,1.00
2017.07.10 19:24:52.074,1.65957,1.65994,1.84,1.50
2017.07.10 19:24:52.455,1.65956,1.65994,1.84,2.59
2017.07.10 19:24:52.708,1.65955,1.65992,1.84,1.50
2017.07.10 19:24:54.669,1.65957,1.65992,1.00,1.50
2017.07.10 19:25:00.223,1.65958,1.65992,1.00,1.00
2017.07.10 19:25:02.768,1.65959,1.65992,1.00,1.00
2017.07.10 19:25:03.073,1.65962,1.65992,1.00,1.00
2017.07.10 19:25:03.576,1.65961,1.65992,1.84,1.00
2017.07.10 19:25:12.623,1.65961,1.65992,3.34,1.00
2017.07.10 19:25:12.928,1.6597,1.65992,1.00,1.00
2017.07.10 19:25:13.232,1.65974,1.65992,1.00,1.00
2017.07.10 19:25:13.907,1.65975,1.65992,1.00,1.00
2017.07.10 19:25:14.432,1.65974,1.65992,1.00,1.00
2017.07.10 19:25:14.483,1.65974,1.66011,1.00,1.09
2017.07.10 19:25:14.992,1.65975,1.66011,2.25,1.09
2017.07.10 19:25:15.648,1.65976,1.6601,1.00,1.00
2017.07.10 19:25:18.517,1.65976,1.66012,1.00,1.84
2017.07.10 19:25:19.060,1.65975,1.66012,1.00,1.34
2017.07.10 19:25:20.036,1.65976,1.66012,1.00,1.84
2017.07.10 19:25:20.579,1.65975,1.66012,1.50,1.34
2017.07.10 19:25:21.857,1.65976,1.66012,1.00,1.84
2017.07.10 19:25:22.362,1.65975,1.66012,1.50,1.34
2017.07.10 19:25:23.663,1.65976,1.66012,1.00,1.84
2017.07.10 19:25:24.505,1.65975,1.66012,1.50,1.34
2017.07.10 19:25:25.192,1.65976,1.66012,1.00,1.84
2017.07.10 19:25:25.831,1.65975,1.66012,1.50,1.34
2017.07.10 19:25:25.933,1.65977,1.66015,1.00,2.25
2017.07.10 19:25:25.984,1.6598,1.66015,1.00,1.50
2017.07.10 19:25:26.287,1.65975,1.6601,1.00,1.00
2017.07.10 19:25:27.110,1.65975,1.66013,1.00,1.84
2017.07.10 19:25:30.138,1.65976,1.66012,1.00,1.34
2017.07.10 19:25:30.837,1.65975,1.66013,1.00,1.84
2017.07.10 19:25:31.483,1.65975,1.66008,1.00,1.00
2017.07.10 19:25:31.635,1.6597,1.66007,1.00,1.00
2017.07.10 19:25:32.425,1.6597,1.66008,1.00,1.00
2017.07.10 19:25:34.080,1.6597,1.66009,1.50,2.25
2017.07.10 19:25:35.867,1.6597,1.66008,1.00,1.00
2017.07.10 19:25:35.918,1.6597,1.66003,1.50,1.00
2017.07.10 19:25:36.070,1.65968,1.66006,1.00,1.50
2017.07.10 19:25:36.121,1.65967,1.66003,1.50,1.50
2017.07.10 19:25:36.424,1.65968,1.66006,1.50,1.50
2017.07.10 19:25:36.930,1.65968,1.66005,1.00,1.50
2017.07.10 19:25:37.940,1.65968,1.66004,1.00,1.00
2017.07.10 19:25:38.825,1.65968,1.66005,1.00,1.00
2017.07.10 19:25:38.875,1.65968,1.66003,1.50,1.00
2017.07.10 19:25:41.349,1.65967,1.66003,1.50,1.00
2017.07.10 19:25:46.320,1.65967,1.66002,1.00,1.34
2017.07.10 19:25:46.827,1.65966,1.66002,1.00,1.84
2017.07.10 19:25:52.916,1.65964,1.65996,1.00,1.84
2017.07.10 19:25:52.967,1.65958,1.65992,1.00,1.00
2017.07.10 19:25:53.488,1.65957,1.65993,1.00,1.50
2017.07.10 19:25:54.717,1.65957,1.65991,1.00,1.00
2017.07.10 19:25:55.492,1.65957,1.6599,1.00,1.00
2017.07.10 19:25:57.884,1.65957,1.65991,1.00,2.25
2017.07.10 19:25:58.611,1.65957,1.6599,1.00,1.00
2017.07.10 19:25:59.717,1.65958,1.65991,1.00,1.00
2017.07.10 19:26:00.274,1.65957,1.65992,1.00,1.00
2017.07.10 19:26:00.898,1.65963,1.65993,1.00,1.00
2017.07.10 19:26:00.999,1.65963,1.65998,1.00,1.50
2017.07.10 19:26:01.540,1.65964,1.65999,1.50,1.00
2017.07.10 19:26:03.949,1.65964,1.66,1.00,1.09
2017.07.10 19:26:05.099,1.65962,1.66001,1.00,1.34
2017.07.10 19:26:05.851,1.65962,1.65998,1.00,1.00
2017.07.10 19:26:06.491,1.65961,1.65998,3.00,1.00
2017.07.10 19:26:07.973,1.65962,1.65998,1.00,1.50
2017.07.10 19:26:09.637,1.65961,1.65998,2.25,1.00
2017.07.10 19:26:09.738,1.65962,1.66,1.00,1.09
2017.07.10 19:26:09.841,1.65963,1.65994,1.00,1.09
2017.07.10 19:26:09.943,1.6596,1.65994,1.00,1.09
2017.07.10 19:26:10.686,1.6596,1.65995,1.09,1.00
2017.07.10 19:26:10.737,1.65962,1.65997,1.00,1.00
2017.07.10 19:26:11.286,1.65962,1.65998,1.50,1.00
2017.07.10 19:26:11.843,1.65962,1.66001,1.50,1.84
2017.07.10 19:26:12.676,1.65962,1.65997,1.50,1.00
2017.07.10 19:26:12.827,1.65958,1.65996,1.00,1.34
2017.07.10 19:26:12.935,1.6596,1.65996,1.00,1.34
2017.07.10 19:26:12.986,1.6596,1.65997,1.00,1.50
2017.07.10 19:26:13.088,1.65962,1.65996,1.00,1.00
2017.07.10 19:26:13.189,1.65961,1.65998,1.00,1.50
2017.07.10 19:26:14.680,1.65962,1.65998,1.00,1.50
2017.07.10 19:26:15.181,1.65961,1.65998,1.00,1.50
2017.07.10 19:26:15.272,1.65961,1.65996,1.00,1.00
2017.07.10 19:26:15.602,1.65959,1.65993,1.09,1.00
2017.07.10 19:26:15.867,1.65959,1.65996,1.09,1.00
2017.07.10 19:26:16.737,1.6596,1.65996,1.00,1.00
2017.07.10 19:26:17.686,1.65959,1.65996,1.09,1.00
2017.07.10 19:26:20.683,1.65959,1.65995,1.09,1.00
2017.07.10 19:26:21.455,1.65959,1.65996,1.09,1.00
2017.07.10 19:26:28.645,1.65959,1.65995,1.84,1.00
2017.07.10 19:26:30.275,1.65959,1.65996,1.84,1.00
2017.07.10 19:26:30.837,1.65959,1.65995,1.09,1.00
2017.07.10 19:26:31.285,1.6596,1.65997,2.25,1.50
2017.07.10 19:26:31.791,1.65961,1.65996,1.50,1.00
2017.07.10 19:26:33.038,1.65962,1.65996,1.00,1.00
2017.07.10 19:26:35.895,1.65962,1.65992,1.00,1.00
2017.07.10 19:26:36.158,1.6596,1.65992,3.00,1.00
2017.07.10 19:26:36.705,1.65961,1.65992,1.00,1.00
2017.07.10 19:26:37.324,1.65961,1.65995,2.25,1.00
2017.07.10 19:26:37.426,1.65961,1.65997,1.00,1.00
2017.07.10 19:26:37.949,1.65962,1.65997,1.00,1.00
2017.07.10 19:26:38.498,1.65962,1.65998,1.00,1.00
2017.07.10 19:26:39.151,1.65962,1.65997,1.00,1.00
2017.07.10 19:26:39.791,1.65962,1.65995,1.00,1.00
2017.07.10 19:26:40.095,1.65957,1.65988,1.00,1.00
2017.07.10 19:26:40.613,1.65957,1.65989,1.00,1.50
2017.07.10 19:26:46.756,1.65958,1.65989,1.00,1.00
2017.07.10 19:26:50.073,1.65958,1.6599,1.00,1.00
2017.07.10 19:26:50.543,1.65957,1.65992,1.00,1.00
2017.07.10 19:26:51.732,1.65957,1.65991,1.00,1.00
2017.07.10 19:26:53.991,1.65957,1.65993,1.00,1.09
2017.07.10 19:26:54.477,1.65956,1.65991,1.00,1.50
2017.07.10 19:26:55.025,1.65957,1.6599,1.00,1.00
2017.07.10 19:27:00.307,1.65958,1.6599,1.00,1.00
2017.07.10 19:27:01.211,1.65957,1.6599,1.00,1.00
2017.07.10 19:27:01.604,1.65954,1.65989,2.25,1.00
2017.07.10 19:27:04.473,1.65954,1.6599,1.00,1.00
2017.07.10 19:27:05.009,1.65954,1.65989,1.00,1.00
2017.07.10 19:27:12.459,1.65954,1.65991,1.50,1.84
2017.07.10 19:27:13.923,1.65954,1.65988,1.50,1.00
2017.07.10 19:27:16.791,1.65954,1.65984,1.00,1.00
2017.07.10 19:27:17.147,1.65952,1.65983,1.00,1.00
2017.07.10 19:27:17.248,1.65951,1.65987,1.00,1.50
2017.07.10 19:27:19.508,1.65951,1.65986,1.50,1.00
2017.07.10 19:27:20.261,1.65951,1.65987,1.50,1.50
2017.07.10 19:27:20.850,1.65952,1.65988,1.84,1.00
2017.07.10 19:27:22.776,1.65952,1.65987,1.09,1.00
2017.07.10 19:27:23.725,1.65951,1.65987,1.00,1.00
2017.07.10 19:27:24.589,1.6595,1.65986,1.50,1.84
2017.07.10 19:27:27.183,1.65951,1.65986,1.00,1.09
2017.07.10 19:27:28.007,1.65952,1.65987,1.00,1.34
2017.07.10 19:27:31.955,1.6595,1.65987,2.25,1.34
2017.07.10 19:27:32.700,1.65953,1.65987,1.00,1.34
2017.07.10 19:27:32.997,1.65951,1.65987,1.00,1.34
2017.07.10 19:27:33.617,1.65952,1.65986,1.00,1.09
2017.07.10 19:27:34.224,1.65952,1.65987,1.00,1.00
2017.07.10 19:27:43.866,1.65952,1.65989,1.00,1.84
2017.07.10 19:27:44.486,1.65953,1.65989,1.00,1.84
2017.07.10 19:27:45.210,1.65953,1.65988,1.00,1.00
2017.07.10 19:27:47.457,1.65952,1.65988,1.50,1.00
2017.07.10 19:27:47.964,1.65951,1.65987,1.50,1.00
2017.07.10 19:27:48.065,1.65951,1.65989,1.50,1.09
2017.07.10 19:27:49.347,1.65952,1.65989,1.00,1.09
2017.07.10 19:27:51.771,1.65953,1.65988,1.00,1.00
2017.07.10 19:27:51.872,1.65951,1.65989,1.50,1.09
2017.07.10 19:27:53.701,1.65952,1.6599,1.00,1.34
2017.07.10 19:27:55.303,1.65953,1.6599,1.00,1.34
2017.07.10 19:27:56.620,1.65954,1.6599,1.00,1.09
2017.07.10 19:27:56.670,1.65954,1.65988,1.00,1.00
2017.07.10 19:27:57.378,1.65954,1.65989,1.00,1.00
2017.07.10 19:27:58.762,1.65955,1.6599,1.00,1.09
2017.07.10 19:27:59.077,1.6596,1.65991,1.00,1.00
2017.07.10 19:27:59.629,1.6596,1.65992,1.00,1.09
2017.07.10 19:28:04.706,1.65956,1.65986,1.00,1.00
2017.07.10 19:28:05.011,1.65956,1.65982,1.00,1.09
2017.07.10 19:28:05.336,1.65947,1.65982,1.00,1.09
2017.07.10 19:28:07.695,1.65953,1.65985,1.00,1.00
2017.07.10 19:28:07.797,1.65954,1.6599,1.34,1.00
2017.07.10 19:28:08.129,1.65956,1.65992,1.00,2.25
2017.07.10 19:28:15.434,1.65954,1.65991,2.96,1.00
2017.07.10 19:28:17.298,1.65955,1.65992,1.09,1.50
2017.07.10 19:28:18.587,1.65957,1.65992,1.00,1.00
2017.07.10 19:28:21.914,1.65956,1.65993,1.00,1.09
2017.07.10 19:28:24.409,1.65956,1.65994,1.34,2.25
2017.07.10 19:28:24.561,1.65964,1.66002,1.84,1.50
2017.07.10 19:28:24.662,1.65968,1.66002,1.00,1.00
2017.07.10 19:28:25.279,1.65969,1.66003,1.50,1.00
2017.07.10 19:28:27.800,1.6597,1.66003,1.00,1.00
2017.07.10 19:28:28.334,1.65969,1.66003,1.00,1.00
2017.07.10 19:28:28.848,1.6597,1.66003,1.00,1.00
2017.07.10 19:28:29.491,1.65969,1.66003,1.00,1.00
2017.07.10 19:28:29.836,1.65969,1.66001,1.00,1.00
2017.07.10 19:28:29.887,1.6597,1.66003,1.00,1.00
2017.07.10 19:28:29.938,1.65969,1.65998,1.00,1.00
2017.07.10 19:28:30.091,1.65969,1.66001,1.00,1.00
2017.07.10 19:28:30.192,1.65969,1.66004,1.00,1.00
2017.07.10 19:28:30.404,1.65969,1.65999,1.50,1.00
2017.07.10 19:28:30.942,1.65969,1.66,1.50,1.00
2017.07.10 19:28:31.339,1.65969,1.66004,1.50,1.00
2017.07.10 19:28:31.440,1.6597,1.66,1.00,1.00
2017.07.10 19:28:31.772,1.65969,1.66004,1.50,1.00
2017.07.10 19:28:31.987,1.65969,1.66002,1.50,1.00
2017.07.10 19:28:32.562,1.6597,1.66002,1.00,1.00
2017.07.10 19:28:32.870,1.65972,1.66004,1.00,1.00
2017.07.10 19:28:33.022,1.65973,1.66008,1.00,1.00
2017.07.10 19:28:33.626,1.65973,1.66007,1.00,1.00
2017.07.10 19:28:34.096,1.65973,1.66004,1.00,1.00
2017.07.10 19:28:34.198,1.65969,1.66004,1.34,1.00
2017.07.10 19:28:34.299,1.65968,1.66005,1.50,1.50
2017.07.10 19:28:34.400,1.65968,1.66003,1.00,1.00
2017.07.10 19:28:34.776,1.65964,1.65997,1.00,1.00
2017.07.10 19:28:34.827,1.65964,1.66,1.00,1.00
2017.07.10 19:28:34.878,1.65964,1.65998,1.00,1.00
2017.07.10 19:28:35.200,1.65964,1.65994,1.00,1.00
2017.07.10 19:28:35.746,1.65964,1.65993,1.00,1.00
2017.07.10 19:28:35.810,1.65962,1.65993,1.50,1.00
2017.07.10 19:28:36.827,1.65968,1.65999,1.00,1.00
2017.07.10 19:28:37.146,1.65968,1.65997,1.00,1.00
2017.07.10 19:28:37.479,1.65962,1.65996,2.25,1.00
2017.07.10 19:28:38.250,1.65962,1.65997,1.50,1.50
2017.07.10 19:28:39.102,1.65962,1.65995,1.00,1.00
2017.07.10 19:28:39.767,1.65963,1.65995,1.00,1.00
2017.07.10 19:28:40.350,1.65962,1.65997,1.00,1.00
2017.07.10 19:28:43.365,1.65963,1.65997,1.00,1.50
2017.07.10 19:28:44.372,1.65962,1.65997,1.00,1.00
2017.07.10 19:28:44.423,1.65962,1.65995,1.00,1.00
2017.07.10 19:28:44.474,1.65962,1.65997,1.00,1.50
2017.07.10 19:28:44.525,1.65962,1.65993,1.00,1.00
2017.07.10 19:28:44.576,1.6596,1.65992,1.00,1.50
2017.07.10 19:28:44.627,1.6596,1.6599,1.00,1.00
2017.07.10 19:28:46.015,1.65961,1.65989,1.00,1.00
2017.07.10 19:28:46.635,1.65961,1.65987,1.00,1.00
2017.07.10 19:28:46.787,1.65961,1.65989,1.00,1.00
2017.07.10 19:28:47.455,1.6596,1.6599,1.00,1.50
2017.07.10 19:28:49.185,1.6596,1.65989,1.00,1.00
2017.07.10 19:28:49.931,1.6596,1.6599,1.00,1.00
2017.07.10 19:28:50.519,1.6596,1.65989,1.00,1.00
2017.07.10 19:28:54.139,1.6596,1.65991,1.00,1.50
2017.07.10 19:28:57.970,1.65961,1.6599,1.00,1.00
2017.07.10 19:29:00.927,1.6596,1.65991,1.00,1.00
2017.07.10 19:29:01.514,1.65961,1.65991,1.00,1.50
2017.07.10 19:29:02.029,1.6596,1.65991,1.00,1.00
2017.07.10 19:29:03.017,1.65961,1.65991,1.00,1.50
2017.07.10 19:29:03.698,1.6596,1.65991,1.00,1.00
2017.07.10 19:29:04.556,1.65961,1.65991,1.00,2.25
2017.07.10 19:29:04.607,1.65956,1.65985,1.09,1.00
2017.07.10 19:29:04.708,1.65961,1.65991,1.00,1.50
2017.07.10 19:29:04.759,1.65961,1.65989,1.00,1.00
2017.07.10 19:29:05.278,1.6596,1.65989,1.00,1.00
2017.07.10 19:29:07.104,1.6596,1.6599,1.00,1.00
2017.07.10 19:29:10.306,1.6596,1.65989,1.00,1.00
2017.07.10 19:29:10.856,1.65961,1.6599,1.00,1.00
2017.07.10 19:29:11.818,1.65961,1.65989,1.00,1.00
2017.07.10 19:29:12.995,1.65961,1.6599,1.00,1.00
2017.07.10 19:29:14.416,1.65961,1.65989,1.00,1.00
2017.07.10 19:29:14.467,1.65954,1.6599,1.00,1.00
2017.07.10 19:29:14.956,1.65953,1.65987,2.25,1.00
2017.07.10 19:29:15.593,1.65953,1.65986,2.25,1.00
2017.07.10 19:29:15.695,1.65953,1.6599,2.25,1.00
2017.07.10 19:29:15.965,1.65953,1.65985,1.50,1.09
2017.07.10 19:29:16.069,1.65949,1.65982,1.50,1.50
2017.07.10 19:29:16.121,1.65948,1.65981,1.00,1.34
2017.07.10 19:29:16.222,1.65945,1.6598,1.00,1.09
2017.07.10 19:29:16.475,1.65944,1.65978,1.00,1.00
2017.07.10 19:29:16.655,1.65941,1.65978,2.25,1.50
2017.07.10 19:29:17.335,1.65941,1.65977,1.50,1.00
2017.07.10 19:29:17.546,1.65945,1.65977,1.00,1.00
2017.07.10 19:29:18.275,1.65944,1.65977,1.00,1.00
2017.07.10 19:29:18.585,1.65954,1.65986,1.00,1.50
2017.07.10 19:29:20.446,1.65955,1.65986,1.00,1.00
2017.07.10 19:29:20.547,1.65954,1.65988,1.50,1.50
2017.07.10 19:29:22.396,1.65954,1.65987,1.50,1.00
2017.07.10 19:29:22.447,1.65957,1.65988,1.00,1.50
2017.07.10 19:29:22.649,1.65957,1.65991,1.00,1.50
2017.07.10 19:29:23.216,1.65956,1.65991,1.00,1.00
2017.07.10 19:29:23.967,1.65956,1.6599,1.50,1.00
2017.07.10 19:29:24.736,1.65957,1.6599,1.00,1.00
2017.07.10 19:29:25.274,1.65956,1.6599,2.25,1.00
2017.07.10 19:29:26.550,1.6596,1.65991,1.00,1.00
2017.07.10 19:29:26.652,1.65964,1.65996,1.09,1.50
2017.07.10 19:29:26.702,1.65966,1.65996,1.00,1.00
2017.07.10 19:29:26.753,1.65966,1.65999,1.00,1.00
2017.07.10 19:29:26.804,1.65966,1.66002,1.00,1.00
2017.07.10 19:29:26.855,1.65965,1.65996,1.50,1.00
2017.07.10 19:29:27.569,1.65963,1.65998,2.59,1.00
2017.07.10 19:29:27.721,1.65966,1.65998,1.00,1.00
2017.07.10 19:29:29.696,1.65966,1.65999,1.50,1.00
2017.07.10 19:29:31.282,1.65967,1.65999,1.00,1.00
2017.07.10 19:29:31.835,1.65966,1.66,2.25,1.00
2017.07.10 19:29:32.578,1.65972,1.66003,1.00,1.50
2017.07.10 19:29:32.629,1.65972,1.66005,1.00,1.00
2017.07.10 19:29:32.680,1.65975,1.66008,1.00,1.00
2017.07.10 19:29:33.224,1.65976,1.66007,1.00,1.00
2017.07.10 19:29:33.756,1.65976,1.66006,1.00,1.00
2017.07.10 19:29:36.719,1.65976,1.66007,1.00,1.00
2017.07.10 19:29:40.235,1.65975,1.66007,3.00,1.00
2017.07.10 19:29:40.776,1.65976,1.66007,1.00,1.00
2017.07.10 19:29:41.304,1.65975,1.66007,3.00,1.00
2017.07.10 19:29:45.794,1.65975,1.66006,3.00,1.00
2017.07.10 19:29:46.637,1.65976,1.66006,1.00,1.00
2017.07.10 19:29:47.238,1.65976,1.66007,1.00,1.00
2017.07.10 19:29:48.030,1.65975,1.66006,2.25,1.00
2017.07.10 19:29:50.985,1.65976,1.66006,1.00,1.00
2017.07.10 19:29:51.973,1.65975,1.66006,2.25,1.00
2017.07.10 19:29:57.967,1.65976,1.66006,1.00,1.00
2017.07.10 19:29:58.747,1.65975,1.66006,2.25,1.00
2017.07.10 19:29:59.652,1.65976,1.66007,1.00,1.00
2017.07.10 19:30:00.139,1.65973,1.66007,1.50,1.00
2017.07.10 19:30:02.029,1.65976,1.66007,1.00,1.00
2017.07.10 19:30:03.415,1.65977,1.66007,1.50,1.00
2017.07.10 19:30:04.873,1.65976,1.66007,1.00,1.00
2017.07.10 19:30:06.573,1.65977,1.66007,1.00,1.00
2017.07.10 19:30:07.307,1.65976,1.66007,1.00,1.00
2017.07.10 19:30:07.986,1.65977,1.66007,1.50,1.00
2017.07.10 19:30:09.427,1.65976,1.66001,1.00,1.00
2017.07.10 19:30:09.528,1.65976,1.66007,1.00,1.00
2017.07.10 19:30:09.580,1.65974,1.66007,1.00,1.00
2017.07.10 19:30:11.151,1.65974,1.66002,1.00,1.00
2017.07.10 19:30:11.304,1.65969,1.66002,1.00,1.50
2017.07.10 19:30:11.558,1.65968,1.65997,1.00,1.00
2017.07.10 19:30:12.407,1.65967,1.65997,2.25,1.00
2017.07.10 19:30:13.141,1.65968,1.65997,1.00,1.00
2017.07.10 19:30:13.648,1.65967,1.65997,1.50,1.00
2017.07.10 19:30:14.971,1.65967,1.65996,1.00,1.00
2017.07.10 19:30:15.174,1.65964,1.65996,1.00,1.50
2017.07.10 19:30:15.276,1.65963,1.65992,2.59,1.00
2017.07.10 19:30:15.685,1.6596,1.65987,1.50,1.00
2017.07.10 19:30:15.837,1.65958,1.65987,1.00,1.00
2017.07.10 19:30:15.940,1.6596,1.65987,1.00,1.00
2017.07.10 19:30:16.042,1.65961,1.65992,1.50,1.00
2017.07.10 19:30:18.456,1.65961,1.65987,1.50,1.00
2017.07.10 19:30:18.608,1.65954,1.65987,1.65,1.00
2017.07.10 19:30:18.659,1.65954,1.65987,1.50,1.00
2017.07.10 19:30:18.710,1.65957,1.65987,1.50,1.00
2017.07.10 19:30:18.913,1.65957,1.65991,1.00,1.00
2017.07.10 19:30:19.127,1.65959,1.65992,1.00,1.00
2017.07.10 19:30:19.431,1.65962,1.65992,1.50,1.00
2017.07.10 19:30:20.107,1.65962,1.65991,1.50,1.00
2017.07.10 19:30:25.500,1.65963,1.65991,1.00,1.00
2017.07.10 19:30:26.168,1.65962,1.65997,2.25,1.50
2017.07.10 19:30:26.764,1.65963,1.65998,1.00,1.00
2017.07.10 19:30:30.996,1.65963,1.65997,1.00,1.00
2017.07.10 19:30:31.047,1.65963,1.66002,1.00,3.00
2017.07.10 19:30:31.710,1.65963,1.66001,2.25,1.00
2017.07.10 19:30:32.427,1.65963,1.66002,1.00,3.00
2017.07.10 19:30:33.102,1.65966,1.66002,1.84,1.50
2017.07.10 19:30:33.427,1.65968,1.66001,1.00,1.00
2017.07.10 19:30:34.697,1.65968,1.66002,1.00,1.50
2017.07.10 19:30:35.515,1.65968,1.66001,1.00,1.00
2017.07.10 19:30:36.274,1.65969,1.66001,1.00,1.00
2017.07.10 19:30:37.410,1.65969,1.66002,1.00,1.00
2017.07.10 19:30:39.266,1.6597,1.66001,1.00,1.00
2017.07.10 19:30:39.317,1.65969,1.66003,1.00,1.84
2017.07.10 19:30:39.905,1.6597,1.66002,1.00,1.00
2017.07.10 19:30:40.517,1.6597,1.66001,1.00,1.00
2017.07.10 19:30:41.586,1.6597,1.66003,1.00,1.09
2017.07.10 19:30:42.268,1.65969,1.66004,1.50,1.84
2017.07.10 19:30:45.217,1.6597,1.66001,1.00,1.00
2017.07.10 19:30:45.268,1.65969,1.66003,1.00,1.09
2017.07.10 19:30:46.087,1.65969,1.66002,1.00,1.00
2017.07.10 19:30:46.282,1.6597,1.66,1.00,1.00
2017.07.10 19:30:46.333,1.65968,1.66,1.50,1.00
2017.07.10 19:30:47.306,1.65967,1.66,1.00,1.00
2017.07.10 19:30:48.049,1.65964,1.66,1.50,1.00
2017.07.10 19:30:48.318,1.65964,1.66003,1.50,1.84
2017.07.10 19:30:50.307,1.65967,1.66003,1.00,1.84
2017.07.10 19:30:50.820,1.65968,1.66002,1.00,1.00
2017.07.10 19:30:50.871,1.65965,1.66003,1.00,1.84
2017.07.10 19:30:52.222,1.65967,1.66004,1.00,1.34
2017.07.10 19:30:52.695,1.65966,1.66001,1.00,1.00
2017.07.10 19:30:52.847,1.65963,1.66001,1.50,3.34
2017.07.10 19:30:52.958,1.65963,1.65999,1.50,1.00
2017.07.10 19:30:53.496,1.65964,1.65999,1.00,1.00
2017.07.10 19:30:54.237,1.65964,1.65998,1.00,1.00
2017.07.10 19:30:54.806,1.65963,1.65999,1.00,1.00
2017.07.10 19:30:55.326,1.65963,1.65998,1.00,1.00
2017.07.10 19:30:55.897,1.65964,1.65998,1.00,1.00
2017.07.10 19:30:55.948,1.65964,1.66002,1.84,3.00
2017.07.10 19:30:55.999,1.65966,1.66002,1.50,2.25
2017.07.10 19:30:56.302,1.65968,1.66002,1.00,1.50
2017.07.10 19:30:56.956,1.65968,1.66001,1.00,1.00
2017.07.10 19:31:00.286,1.65968,1.66002,1.00,1.00
2017.07.10 19:31:00.803,1.65969,1.66001,1.00,1.00
2017.07.10 19:31:02.684,1.65974,1.66002,1.00,1.00
2017.07.10 19:31:03.226,1.6598,1.66002,1.00,1.00
2017.07.10 19:31:04.833,1.6598,1.66001,1.00,1.00
2017.07.10 19:31:05.338,1.6598,1.66002,1.00,1.50
2017.07.10 19:31:07.245,1.6598,1.66001,1.00,1.00
2017.07.10 19:31:09.943,1.6598,1.66002,1.00,1.50
2017.07.10 19:31:12.779,1.6598,1.66001,1.00,1.00
2017.07.10 19:31:15.308,1.6598,1.66002,1.00,1.50
2017.07.10 19:31:19.144,1.6598,1.66,1.00,1.00
2017.07.10 19:31:19.473,1.6598,1.66002,1.00,3.00
2017.07.10 19:31:20.120,1.6598,1.66001,1.00,1.50
2017.07.10 19:31:21.273,1.6598,1.66,1.00,1.00
2017.07.10 19:31:22.273,1.6598,1.66002,1.00,2.25
2017.07.10 19:31:23.247,1.6598,1.66001,1.00,1.50
2017.07.10 19:31:25.216,1.6598,1.66,1.00,1.00
2017.07.10 19:31:25.323,1.6598,1.66002,1.00,2.25
2017.07.10 19:31:29.421,1.6598,1.66001,1.00,1.00
2017.07.10 19:31:30.315,1.6598,1.66002,1.00,3.75
2017.07.10 19:31:31.450,1.6598,1.66002,1.00,3.34
2017.07.10 19:31:31.602,1.65977,1.66,1.00,1.84
2017.07.10 19:31:37.244,1.65977,1.65999,1.00,1.00
2017.07.10 19:31:37.756,1.65977,1.66,1.00,1.09
2017.07.10 19:31:43.256,1.65977,1.66002,1.00,1.00
2017.07.10 19:31:43.788,1.65977,1.66003,1.00,1.00
2017.07.10 19:31:44.456,1.65977,1.66004,1.00,1.50
2017.07.10 19:31:49.728,1.65977,1.66003,1.00,1.00
2017.07.10 19:31:52.336,1.65977,1.66005,1.00,1.00
2017.07.10 19:31:59.926,1.65977,1.66004,1.00,1.00
2017.07.10 19:32:05.121,1.65977,1.66005,1.00,1.50
2017.07.10 19:32:08.001,1.65977,1.66004,1.00,1.00
2017.07.10 19:32:09.171,1.65977,1.66005,1.00,1.00
2017.07.10 19:32:11.674,1.65977,1.66004,1.00,1.00
2017.07.10 19:32:12.674,1.65977,1.66005,1.00,1.00
2017.07.10 19:32:14.473,1.65977,1.66004,1.00,1.00
2017.07.10 19:32:14.873,1.65977,1.66002,1.00,1.00
2017.07.10 19:32:16.383,1.65977,1.66004,1.00,1.00
2017.07.10 19:32:17.326,1.65977,1.66003,1.00,1.00
2017.07.10 19:32:18.232,1.65977,1.66004,1.00,1.00
2017.07.10 19:32:18.756,1.65977,1.66005,1.00,1.50
2017.07.10 19:32:25.888,1.65977,1.66004,1.00,1.00
2017.07.10 19:32:26.073,1.65977,1.66006,1.00,1.50
2017.07.10 19:32:26.176,1.6598,1.66006,1.00,1.00
2017.07.10 19:32:26.686,1.6598,1.66007,1.00,1.00
2017.07.10 19:32:26.895,1.6598,1.66009,1.00,1.00
2017.07.10 19:32:27.097,1.6598,1.66012,1.00,1.34
2017.07.10 19:32:27.249,1.65984,1.66011,1.00,1.09
2017.07.10 19:32:27.604,1.6598,1.66007,1.00,1.09
2017.07.10 19:32:27.655,1.65977,1.66007,1.00,1.09
2017.07.10 19:32:27.706,1.65977,1.66005,1.00,1.00
2017.07.10 19:32:28.009,1.65977,1.66002,1.00,1.00
2017.07.10 19:32:30.415,1.65971,1.66002,1.00,1.00
2017.07.10 19:32:54.941,1.65971,1.66003,1.00,1.00
2017.07.10 19:33:07.997,1.65971,1.66004,1.00,1.00
2017.07.10 19:33:13.018,1.65968,1.65997,1.00,1.00
2017.07.10 19:33:13.069,1.65965,1.65997,1.00,1.00
2017.07.10 19:33:13.220,1.65963,1.65996,1.00,1.50
2017.07.10 19:33:13.574,1.65959,1.65991,1.00,1.00
2017.07.10 19:33:14.184,1.65959,1.65992,1.00,1.00
2017.07.10 19:33:14.744,1.65958,1.65992,1.00,1.00
2017.07.10 19:33:18.785,1.65958,1.65991,1.00,1.00
2017.07.10 19:33:28.736,1.65958,1.65992,1.00,1.00
2017.07.10 19:33:30.406,1.65958,1.6599,1.00,1.00
2017.07.10 19:33:31.345,1.65958,1.65992,1.00,1.50
2017.07.10 19:33:33.106,1.65958,1.65991,1.00,1.00
2017.07.10 19:33:45.567,1.65958,1.65992,1.00,2.25
2017.07.10 19:33:46.719,1.65958,1.65991,1.00,1.00
2017.07.10 19:33:52.357,1.65955,1.65991,1.50,1.84
2017.07.10 19:33:53.267,1.65954,1.65987,1.00,1.34
2017.07.10 19:33:53.773,1.65953,1.65988,1.00,2.59
2017.07.10 19:33:55.641,1.65952,1.65988,1.00,3.34
2017.07.10 19:33:55.805,1.65953,1.65988,1.00,1.50
2017.07.10 19:33:55.956,1.65956,1.65988,1.00,1.00
2017.07.10 19:33:56.007,1.65956,1.65991,1.00,1.00
2017.07.10 19:33:56.525,1.65956,1.65992,1.50,1.84
2017.07.10 19:33:57.094,1.65957,1.65991,1.00,1.00
2017.07.10 19:33:57.655,1.65956,1.65991,2.25,1.00
2017.07.10 19:33:58.994,1.65957,1.65991,1.00,1.50
2017.07.10 19:34:02.575,1.65956,1.65991,1.50,1.50
2017.07.10 19:34:05.725,1.65956,1.65992,1.50,2.59
2017.07.10 19:34:06.675,1.65958,1.65992,1.00,2.59
2017.07.10 19:34:08.156,1.65957,1.65992,1.50,1.84
2017.07.10 19:34:13.792,1.65958,1.65992,1.50,1.84
2017.07.10 19:34:15.017,1.65958,1.65991,1.50,1.00
2017.07.10 19:34:19.981,1.65958,1.65992,1.50,1.09
2017.07.10 19:34:20.535,1.65957,1.65992,1.00,1.84
2017.07.10 19:34:21.073,1.65958,1.65992,1.00,1.84
2017.07.10 19:34:22.273,1.65957,1.65992,1.00,1.84
2017.07.10 19:34:22.821,1.65956,1.65992,2.25,1.84
2017.07.10 19:34:23.322,1.65957,1.6599,1.00,1.00
2017.07.10 19:34:23.831,1.65956,1.65992,1.50,3.34
2017.07.10 19:34:27.327,1.65957,1.65988,1.00,1.00
2017.07.10 19:34:27.378,1.65955,1.6599,1.00,1.00
2017.07.10 19:34:27.530,1.65956,1.65987,1.00,1.00
2017.07.10 19:34:28.210,1.65955,1.65987,1.00,1.00
2017.07.10 19:34:29.373,1.65956,1.65987,1.00,1.00
2017.07.10 19:34:30.490,1.65956,1.65991,1.00,2.25
2017.07.10 19:34:34.206,1.65953,1.6599,1.84,1.00
2017.07.10 19:34:34.945,1.65953,1.65986,1.84,1.00
2017.07.10 19:34:35.199,1.65953,1.65989,1.84,1.00
2017.07.10 19:34:35.966,1.65953,1.65988,1.84,1.00
2017.07.10 19:34:36.596,1.65953,1.65989,1.84,1.00
2017.07.10 19:34:38.770,1.65953,1.6599,1.84,1.00
2017.07.10 19:34:39.305,1.65953,1.65991,2.59,2.25
2017.07.10 19:34:41.851,1.65953,1.65992,2.59,4.09
2017.07.10 19:34:42.893,1.65953,1.6599,2.59,1.00
2017.07.10 19:34:43.305,1.65953,1.65987,1.00,1.34
2017.07.10 19:34:44.305,1.65954,1.65987,1.00,1.00
2017.07.10 19:34:44.837,1.65953,1.65988,2.25,1.50
2017.07.10 19:34:45.886,1.65953,1.65987,1.00,1.00
2017.07.10 19:34:46.545,1.65953,1.65987,1.00,1.34
2017.07.10 19:34:47.307,1.65953,1.65984,1.00,1.00
2017.07.10 19:34:47.909,1.65953,1.65986,1.09,1.00
2017.07.10 19:34:47.960,1.65966,1.65993,1.34,1.00
2017.07.10 19:34:48.011,1.65966,1.65999,1.00,1.00
2017.07.10 19:34:48.062,1.65967,1.66001,1.00,1.50
2017.07.10 19:34:48.727,1.65967,1.66,1.00,1.00
2017.07.10 19:34:49.244,1.65967,1.66001,1.00,1.50
2017.07.10 19:34:50.193,1.65967,1.65996,1.00,1.00
2017.07.10 19:34:50.244,1.65964,1.65996,1.00,1.00
2017.07.10 19:34:56.345,1.65967,1.65996,1.00,1.00
2017.07.10 19:34:57.467,1.65967,1.65997,1.00,1.00
2017.07.10 19:34:58.625,1.65965,1.65997,1.50,1.00
2017.07.10 19:35:06.622,1.65965,1.66,1.00,1.50
2017.07.10 19:35:08.882,1.65968,1.66,1.00,1.00
2017.07.10 19:35:09.609,1.65969,1.66,1.00,1.00
2017.07.10 19:35:09.711,1.65969,1.66002,1.00,1.50
2017.07.10 19:35:20.213,1.65969,1.66001,1.00,1.00
2017.07.10 19:35:23.672,1.65969,1.66003,1.50,1.09
2017.07.10 19:35:24.457,1.6597,1.66002,1.00,1.00
2017.07.10 19:35:26.322,1.65969,1.66003,1.50,1.09
2017.07.10 19:35:30.428,1.65973,1.66006,1.00,1.00
2017.07.10 19:35:30.529,1.65973,1.66008,1.50,1.00
2017.07.10 19:35:31.433,1.65973,1.66004,1.00,1.09
2017.07.10 19:35:31.484,1.6597,1.66003,1.50,1.00
2017.07.10 19:35:32.027,1.65971,1.66004,1.00,1.09
2017.07.10 19:35:32.590,1.65971,1.66005,1.00,1.50
2017.07.10 19:35:37.775,1.6597,1.66005,1.00,1.00
2017.07.10 19:35:38.206,1.6597,1.66003,1.50,1.09
2017.07.10 19:35:44.447,1.6597,1.66001,1.00,1.00
2017.07.10 19:35:44.753,1.65967,1.65995,1.00,1.50
2017.07.10 19:35:45.157,1.65966,1.65997,1.00,1.09
2017.07.10 19:35:45.409,1.65966,1.65999,1.00,1.00
2017.07.10 19:35:45.856,1.65966,1.66001,1.00,1.50
2017.07.10 19:35:49.875,1.65966,1.66,1.00,1.00
2017.07.10 19:35:51.997,1.65966,1.66001,1.00,2.25
2017.07.10 19:35:52.293,1.65966,1.65999,1.00,1.00
2017.07.10 19:35:52.394,1.65966,1.66001,1.00,3.00
2017.07.10 19:35:52.959,1.65966,1.66,1.00,1.50
2017.07.10 19:35:55.728,1.65966,1.66,1.00,1.84
2017.07.10 19:35:55.989,1.65969,1.66001,1.00,1.50
2017.07.10 19:36:00.760,1.65969,1.66002,2.25,1.00
2017.07.10 19:36:01.208,1.65971,1.66002,1.00,1.00
2017.07.10 19:36:01.720,1.6597,1.66002,1.00,1.00
2017.07.10 19:36:02.776,1.65971,1.66002,1.00,1.00
2017.07.10 19:36:03.275,1.65969,1.66002,1.50,1.00
2017.07.10 19:36:03.326,1.65973,1.66002,1.00,1.00
2017.07.10 19:36:03.479,1.65974,1.66006,1.00,1.00
2017.07.10 19:36:03.530,1.65974,1.6601,1.50,1.84
2017.07.10 19:36:03.633,1.65976,1.6601,1.00,1.84
2017.07.10 19:36:04.029,1.65974,1.6601,1.50,1.09
2017.07.10 19:36:05.798,1.65975,1.6601,1.00,1.09
2017.07.10 19:36:07.225,1.65975,1.66009,1.00,1.00
2017.07.10 19:36:07.740,1.65976,1.66011,1.00,1.84
2017.07.10 19:36:07.994,1.65976,1.66004,1.00,1.00
2017.07.10 19:36:08.247,1.65969,1.66001,1.00,1.50
2017.07.10 19:36:08.679,1.65969,1.66,1.00,1.84
2017.07.10 19:36:21.562,1.65966,1.65997,1.00,1.34
2017.07.10 19:36:21.664,1.65964,1.65995,1.00,1.00
2017.07.10 19:36:21.765,1.65962,1.65996,1.50,1.09
2017.07.10 19:36:22.918,1.65963,1.65997,1.00,1.84
2017.07.10 19:36:29.285,1.65962,1.65997,1.50,1.34
2017.07.10 19:36:32.667,1.65963,1.65997,1.00,1.34
2017.07.10 19:36:34.676,1.65965,1.65997,1.00,1.34
2017.07.10 19:36:35.830,1.65964,1.65997,1.00,1.34
2017.07.10 19:36:37.626,1.65963,1.65997,1.00,1.34
2017.07.10 19:36:37.960,1.65965,1.65997,1.00,1.34
2017.07.10 19:36:39.146,1.65965,1.65998,1.00,1.34
2017.07.10 19:37:00.127,1.65966,1.66,1.00,1.84
2017.07.10 19:37:00.715,1.65966,1.66,1.00,1.00
2017.07.10 19:37:01.069,1.65968,1.66,1.00,1.00
2017.07.10 19:37:01.518,1.65966,1.66,1.00,1.00
2017.07.10 19:37:02.100,1.65965,1.66,2.25,1.00
2017.07.10 19:37:02.627,1.65966,1.66,1.00,1.00
2017.07.10 19:37:17.617,1.65966,1.65999,1.00,1.00
2017.07.10 19:37:18.362,1.65966,1.66004,1.50,1.34
2017.07.10 19:37:18.413,1.65969,1.66003,1.00,1.34
2017.07.10 19:37:18.948,1.6597,1.66002,1.00,1.09
2017.07.10 19:37:20.493,1.6597,1.66001,1.00,1.00
2017.07.10 19:37:21.985,1.6597,1.66,1.00,1.00
2017.07.10 19:37:23.568,1.65969,1.66001,1.00,1.00
2017.07.10 19:37:24.325,1.6597,1.65998,1.00,1.00
2017.07.10 19:37:24.376,1.65967,1.65998,1.00,1.00
2017.07.10 19:37:26.918,1.65964,1.65998,1.50,1.00
2017.07.10 19:37:28.341,1.65964,1.66,1.00,1.00
2017.07.10 19:37:31.081,1.65967,1.66001,1.84,1.00
2017.07.10 19:37:31.283,1.65971,1.66007,1.50,1.50
2017.07.10 19:37:31.976,1.65972,1.66006,1.00,1.00
2017.07.10 19:37:32.619,1.65971,1.66007,1.50,1.50
2017.07.10 19:37:34.275,1.65972,1.66007,1.00,1.50
2017.07.10 19:37:35.520,1.65971,1.66007,1.50,1.50
2017.07.10 19:37:40.368,1.65972,1.66007,1.00,1.50
2017.07.10 19:37:40.723,1.65972,1.66005,1.00,1.00
2017.07.10 19:37:41.936,1.65971,1.66005,1.50,2.59
2017.07.10 19:37:42.088,1.65967,1.66002,1.50,1.09
2017.07.10 19:37:42.514,1.65968,1.66,1.00,1.00
2017.07.10 19:37:42.616,1.65963,1.65996,1.00,1.00
2017.07.10 19:37:43.136,1.65962,1.65995,1.00,1.00
2017.07.10 19:37:44.510,1.65958,1.65995,2.25,1.00
2017.07.10 19:37:44.561,1.6596,1.65995,1.00,1.00
2017.07.10 19:37:45.116,1.65961,1.65994,1.00,1.00
2017.07.10 19:37:49.742,1.6596,1.65995,1.00,1.09
2017.07.10 19:37:53.055,1.65961,1.65995,1.00,1.09
2017.07.10 19:37:53.602,1.6596,1.65996,1.00,3.34
2017.07.10 19:38:00.222,1.65965,1.65996,1.00,1.50
2017.07.10 19:38:00.470,1.65965,1.65999,1.00,1.00
2017.07.10 19:38:01.018,1.65965,1.66,1.00,1.00
2017.07.10 19:38:01.390,1.65967,1.65999,1.00,1.00
2017.07.10 19:38:01.934,1.65966,1.66,1.00,1.00
2017.07.10 19:38:05.140,1.65967,1.66,1.00,1.00
2017.07.10 19:38:06.645,1.65966,1.66001,1.00,1.00
2017.07.10 19:38:24.819,1.65966,1.66001,1.00,1.84
2017.07.10 19:38:25.338,1.65966,1.65999,1.00,1.00
2017.07.10 19:38:29.541,1.65967,1.65999,1.00,1.00
2017.07.10 19:38:35.643,1.65967,1.66,1.00,1.09
2017.07.10 19:38:38.148,1.65966,1.66001,1.00,1.84
2017.07.10 19:38:46.721,1.65966,1.65999,1.00,1.00
2017.07.10 19:38:47.297,1.65967,1.65999,1.00,2.25
2017.07.10 19:38:47.833,1.65967,1.65997,1.00,1.00
2017.07.10 19:38:48.852,1.65967,1.65999,1.00,2.25
2017.07.10 19:38:49.999,1.65964,1.65999,1.00,1.50
2017.07.10 19:38:55.576,1.65964,1.65998,1.00,1.00
2017.07.10 19:38:57.122,1.65961,1.65998,1.50,1.50
2017.07.10 19:38:57.628,1.65961,1.65997,1.00,1.00
2017.07.10 19:38:58.179,1.65958,1.65996,2.59,1.50
2017.07.10 19:38:58.230,1.65958,1.65993,1.00,1.00
2017.07.10 19:38:58.534,1.65958,1.6599,1.00,1.00
2017.07.10 19:38:58.755,1.65954,1.65989,1.00,1.00
2017.07.10 19:38:59.133,1.65953,1.65988,1.50,1.84
2017.07.10 19:38:59.750,1.65953,1.65986,1.50,1.34
2017.07.10 19:39:02.225,1.65953,1.65987,1.84,1.00
2017.07.10 19:39:02.345,1.65953,1.65989,1.84,2.21
2017.07.10 19:39:02.746,1.65961,1.65989,1.00,1.00
2017.07.10 19:39:02.847,1.6596,1.65991,1.00,1.50
2017.07.10 19:39:03.378,1.6596,1.65992,1.00,1.00
2017.07.10 19:39:03.995,1.6596,1.65993,1.00,1.50
2017.07.10 19:39:10.489,1.65958,1.65993,1.34,1.50
2017.07.10 19:39:10.540,1.65958,1.65993,1.00,1.84
2017.07.10 19:39:10.591,1.65954,1.65992,2.25,1.34
2017.07.10 19:39:10.743,1.65954,1.65988,1.00,1.00
2017.07.10 19:39:11.628,1.65954,1.65987,1.00,1.00
2017.07.10 19:39:11.830,1.65954,1.6599,1.34,1.12
2017.07.10 19:39:11.881,1.65954,1.65992,2.59,1.50
2017.07.10 19:39:13.329,1.65958,1.65992,1.00,1.00
2017.07.10 19:39:13.847,1.65958,1.65993,1.00,1.09
2017.07.10 19:39:15.017,1.65958,1.65994,1.00,1.84
2017.07.10 19:39:15.068,1.65956,1.65993,1.00,1.34
2017.07.10 19:39:15.120,1.65954,1.6599,2.25,1.34
2017.07.10 19:39:15.274,1.65951,1.65987,1.00,1.00
2017.07.10 19:39:15.425,1.6595,1.65986,1.00,1.34
2017.07.10 19:39:16.429,1.65948,1.65984,2.25,1.84
2017.07.10 19:39:16.695,1.65948,1.65982,2.25,1.00
2017.07.10 19:39:19.444,1.65947,1.65982,1.00,1.00
2017.07.10 19:39:23.235,1.65948,1.65981,1.00,1.00
2017.07.10 19:39:23.337,1.65946,1.65982,1.00,1.50
2017.07.10 19:39:27.265,1.65944,1.65982,2.59,1.50
2017.07.10 19:39:27.316,1.65945,1.65981,1.50,1.84
2017.07.10 19:39:27.854,1.65944,1.65979,1.50,1.50
2017.07.10 19:39:33.506,1.65948,1.65983,1.00,2.62
2017.07.10 19:39:33.607,1.65948,1.65983,1.50,1.00
2017.07.10 19:39:33.658,1.65949,1.65983,1.34,1.00
2017.07.10 19:39:33.709,1.65952,1.65986,1.50,1.00
2017.07.10 19:39:33.811,1.65956,1.65992,1.00,1.34
2017.07.10 19:39:33.913,1.65956,1.65993,1.09,2.25
2017.07.10 19:39:34.995,1.65956,1.65992,1.09,1.00
2017.07.10 19:39:36.758,1.65958,1.65992,1.00,1.00
2017.07.10 19:39:37.062,1.65966,1.65998,1.00,1.00
2017.07.10 19:39:37.380,1.65973,1.66004,1.00,1.00
2017.07.10 19:39:37.583,1.65966,1.66004,2.59,1.00
2017.07.10 19:39:37.634,1.65967,1.66005,1.34,3.00
2017.07.10 19:39:38.179,1.65966,1.66004,1.84,1.00
2017.07.10 19:39:38.768,1.65966,1.66003,1.34,1.00
2017.07.10 19:39:39.299,1.65966,1.66004,1.34,3.00
2017.07.10 19:39:40.092,1.65966,1.66003,1.84,2.25
2017.07.10 19:39:41.720,1.65966,1.66002,1.84,1.00
2017.07.10 19:39:45.830,1.65966,1.66003,1.84,2.25
2017.07.10 19:39:46.447,1.65966,1.66002,1.34,1.00
2017.07.10 19:39:47.037,1.65966,1.66003,1.34,1.00
2017.07.10 19:39:47.978,1.65966,1.66002,1.34,1.00
2017.07.10 19:39:49.138,1.65966,1.66003,1.34,1.00
2017.07.10 19:39:50.095,1.65966,1.66002,1.34,1.00
2017.07.10 19:39:54.639,1.65966,1.66002,1.50,1.84
2017.07.10 19:39:54.690,1.65963,1.65996,1.09,1.00
2017.07.10 19:39:54.792,1.65959,1.65993,1.00,1.00
2017.07.10 19:39:55.298,1.65958,1.65993,1.00,1.00
2017.07.10 19:39:58.378,1.65958,1.65992,1.00,1.00
2017.07.10 19:39:59.528,1.65958,1.65993,1.00,1.50
2017.07.10 19:40:00.179,1.65958,1.65992,1.00,1.00
2017.07.10 19:40:00.728,1.65958,1.65991,1.00,1.00
2017.07.10 19:40:02.233,1.65959,1.65991,1.00,1.00
2017.07.10 19:40:03.018,1.65959,1.65992,1.00,1.00
2017.07.10 19:40:03.568,1.65959,1.65989,1.00,1.00
2017.07.10 19:40:04.074,1.65959,1.6599,1.00,1.50
2017.07.10 19:40:04.674,1.65959,1.65988,1.00,1.00
2017.07.10 19:40:05.184,1.65959,1.6599,1.00,1.50
2017.07.10 19:40:07.196,1.65959,1.65989,1.00,1.50
2017.07.10 19:40:08.376,1.65959,1.6599,1.00,1.00
2017.07.10 19:40:08.774,1.65959,1.65988,1.00,1.00
2017.07.10 19:40:09.425,1.65959,1.6599,1.00,1.00
2017.07.10 19:40:11.487,1.65959,1.65989,1.00,1.00
2017.07.10 19:40:12.571,1.65959,1.6599,1.00,1.00
2017.07.10 19:40:12.951,1.65963,1.6599,1.00,1.00
2017.07.10 19:40:13.053,1.65963,1.65993,1.00,1.00
2017.07.10 19:40:13.104,1.65963,1.65997,1.50,1.00
2017.07.10 19:40:13.155,1.65963,1.66001,2.25,1.84
2017.07.10 19:40:13.206,1.65968,1.66002,1.00,1.84
2017.07.10 19:40:13.784,1.65969,1.66002,1.00,1.34
2017.07.10 19:40:14.315,1.65969,1.66002,1.00,1.00
2017.07.10 19:40:14.998,1.65969,1.66003,1.00,1.00
2017.07.10 19:40:15.545,1.65968,1.66003,1.00,1.00
2017.07.10 19:40:18.753,1.65968,1.66004,1.00,1.00
2017.07.10 19:40:19.324,1.65968,1.66005,1.00,1.50
2017.07.10 19:40:19.758,1.65966,1.66004,1.00,1.09
2017.07.10 19:40:19.809,1.65968,1.65992,1.00,1.00
2017.07.10 19:40:19.859,1.65966,1.65999,1.00,1.00
2017.07.10 19:40:19.910,1.65965,1.65992,1.00,1.00
2017.07.10 19:40:19.961,1.65963,1.65992,1.00,1.00
2017.07.10 19:40:20.012,1.65959,1.65992,1.00,1.00
2017.07.10 19:40:20.063,1.65957,1.65992,1.50,1.00
2017.07.10 19:40:42.147,1.65956,1.65991,1.50,1.00
2017.07.10 19:40:43.109,1.65956,1.6599,1.50,1.00
2017.07.10 19:40:43.716,1.65954,1.65991,1.34,2.25
2017.07.10 19:40:44.266,1.65955,1.6599,1.09,1.00
2017.07.10 19:40:45.238,1.65954,1.65991,2.59,1.50
2017.07.10 19:40:45.339,1.65954,1.65982,1.00,1.00
2017.07.10 19:40:45.391,1.65949,1.65982,1.00,1.00
2017.07.10 19:40:45.441,1.65949,1.6598,1.00,1.00
2017.07.10 19:40:45.492,1.65943,1.6598,3.34,1.50
2017.07.10 19:40:46.116,1.65944,1.65979,1.34,1.00
2017.07.10 19:40:46.839,1.65944,1.65978,1.00,1.00
2017.07.10 19:40:46.940,1.65941,1.65971,2.59,1.00
2017.07.10 19:40:47.092,1.65936,1.65971,1.50,1.00
2017.07.10 19:40:51.320,1.65936,1.6597,1.00,1.00
2017.07.10 19:40:51.422,1.65935,1.65969,1.00,1.84
2017.07.10 19:40:51.473,1.65932,1.65968,1.00,1.09
2017.07.10 19:40:52.033,1.65933,1.65967,1.00,1.00
2017.07.10 19:40:53.283,1.65932,1.65968,1.09,1.00
2017.07.10 19:40:55.638,1.65932,1.6597,1.09,1.00
2017.07.10 19:40:56.203,1.65933,1.65969,1.00,1.50
2017.07.10 19:40:58.092,1.65932,1.6597,1.09,1.50
2017.07.10 19:41:00.547,1.65933,1.65967,1.00,1.00
2017.07.10 19:41:01.093,1.65932,1.65968,1.09,1.50
2017.07.10 19:41:01.847,1.65932,1.65967,1.09,1.00
2017.07.10 19:41:10.053,1.65931,1.65968,1.84,1.50
2017.07.10 19:41:10.978,1.65931,1.65967,1.34,1.50
2017.07.10 19:41:11.029,1.6593,1.65967,1.50,2.59
2017.07.10 19:41:14.755,1.6593,1.65966,1.50,1.00
2017.07.10 19:41:16.488,1.65932,1.65968,1.00,2.59
2017.07.10 19:41:17.063,1.65931,1.65968,1.84,2.25
2017.07.10 19:41:17.983,1.65931,1.65967,1.84,1.00
2017.07.10 19:41:18.487,1.65931,1.65968,1.84,1.50
2017.07.10 19:41:24.041,1.65931,1.65968,1.00,1.84
2017.07.10 19:41:24.661,1.6593,1.65967,1.00,1.09
2017.07.10 19:41:25.108,1.65932,1.65967,1.00,1.09
2017.07.10 19:41:25.765,1.65931,1.65968,1.50,1.84
2017.07.10 19:41:27.522,1.65927,1.65964,1.50,1.00
2017.07.10 19:41:27.876,1.65926,1.65961,1.00,1.00
2017.07.10 19:41:33.487,1.65926,1.65957,1.00,1.00
2017.07.10 19:41:33.537,1.65923,1.65957,3.00,1.00
2017.07.10 19:41:34.116,1.65922,1.65957,2.25,1.00
2017.07.10 19:41:35.095,1.65922,1.65959,1.50,1.09
2017.07.10 19:41:36.065,1.65922,1.65958,1.00,1.00
2017.07.10 19:41:36.369,1.65923,1.65956,1.00,1.00
2017.07.10 19:41:36.420,1.65918,1.65956,3.34,1.00
2017.07.10 19:41:38.007,1.65919,1.65952,1.09,1.00
2017.07.10 19:41:38.461,1.65917,1.65949,1.00,1.00
2017.07.10 19:41:38.512,1.65913,1.65949,1.00,2.25
2017.07.10 19:41:38.689,1.65911,1.65946,1.00,1.00
2017.07.10 19:41:39.929,1.65912,1.65946,1.00,1.00
2017.07.10 19:41:40.254,1.65911,1.65943,1.00,1.00
2017.07.10 19:41:40.305,1.65908,1.65944,2.25,1.00
2017.07.10 19:41:40.926,1.65907,1.65944,1.50,1.00
2017.07.10 19:41:44.171,1.65908,1.65943,1.00,1.00
2017.07.10 19:41:44.571,1.65906,1.65944,1.09,1.50
2017.07.10 19:41:44.622,1.65907,1.65938,1.00,1.00
2017.07.10 19:41:44.970,1.65905,1.65939,1.00,1.00
2017.07.10 19:41:45.830,1.65906,1.65936,1.00,1.00
2017.07.10 19:41:50.898,1.65904,1.6593,1.00,1.00
2017.07.10 19:41:50.949,1.659,1.6593,3.00,1.00
2017.07.10 19:41:51.204,1.65898,1.65929,1.00,1.00
2017.07.10 19:41:51.746,1.65897,1.6593,1.00,1.00
2017.07.10 19:41:52.258,1.65898,1.65929,1.00,1.00
2017.07.10 19:41:53.536,1.65896,1.6593,1.84,1.00
2017.07.10 19:41:56.409,1.65897,1.65929,1.00,1.00
2017.07.10 19:41:57.162,1.65895,1.6593,1.50,1.00
2017.07.10 19:41:57.325,1.65895,1.65927,1.50,1.00
2017.07.10 19:41:57.700,1.659,1.65933,1.00,1.00
2017.07.10 19:41:57.751,1.65902,1.65933,1.00,1.00
2017.07.10 19:41:57.852,1.65904,1.6594,1.00,1.50
2017.07.10 19:41:57.953,1.65908,1.6594,1.00,1.00
2017.07.10 19:41:58.258,1.65905,1.6594,1.00,1.00
2017.07.10 19:41:59.395,1.65904,1.6594,1.50,1.00
2017.07.10 19:41:59.920,1.65905,1.6594,1.00,1.50
2017.07.10 19:42:01.027,1.65903,1.6594,1.50,1.50
2017.07.10 19:42:02.839,1.65903,1.65939,1.00,2.25
2017.07.10 19:42:04.898,1.65903,1.65938,1.50,1.00
2017.07.10 19:42:05.528,1.65902,1.65938,1.84,1.00
2017.07.10 19:42:08.019,1.65903,1.65939,1.50,1.00
2017.07.10 19:42:08.070,1.65906,1.6594,1.00,1.00
2017.07.10 19:42:08.416,1.65908,1.65942,1.00,1.00
2017.07.10 19:42:09.626,1.65908,1.65937,1.00,1.00
2017.07.10 19:42:09.728,1.65908,1.65942,1.50,2.25
2017.07.10 19:42:09.880,1.65908,1.65936,1.00,1.00
2017.07.10 19:42:10.083,1.65905,1.65935,1.00,1.00
2017.07.10 19:42:10.633,1.65904,1.65935,1.00,1.00
2017.07.10 19:42:11.438,1.65903,1.65936,2.25,1.00
2017.07.10 19:42:18.621,1.65903,1.65935,2.25,1.00
2017.07.10 19:42:19.259,1.65903,1.65936,3.00,1.00
2017.07.10 19:42:19.310,1.65905,1.65935,1.00,1.00
2017.07.10 19:42:19.361,1.65906,1.65941,1.00,1.00
2017.07.10 19:42:19.411,1.65908,1.65937,1.00,1.00
2017.07.10 19:42:20.248,1.65908,1.65936,1.00,1.00
2017.07.10 19:42:23.597,1.65908,1.65935,1.00,1.00
2017.07.10 19:42:25.289,1.65908,1.65936,1.00,1.00
2017.07.10 19:42:25.812,1.65907,1.65936,1.50,1.00
2017.07.10 19:42:26.447,1.65907,1.65935,1.50,1.00
2017.07.10 19:42:28.101,1.65908,1.65936,1.00,1.00
2017.07.10 19:42:30.603,1.65907,1.65941,1.50,1.00
2017.07.10 19:42:31.128,1.65908,1.65942,1.50,1.00
2017.07.10 19:42:31.709,1.65909,1.65942,1.00,1.50
2017.07.10 19:42:36.172,1.65908,1.65942,1.50,1.00
2017.07.10 19:42:45.774,1.65907,1.65942,2.25,1.00
2017.07.10 19:42:47.974,1.65908,1.65942,1.00,1.00
2017.07.10 19:42:49.974,1.65907,1.65942,1.50,1.00
2017.07.10 19:42:59.809,1.65908,1.65942,1.00,1.50
2017.07.10 19:43:02.894,1.65909,1.65942,1.00,1.00
2017.07.10 19:43:07.107,1.6591,1.65942,1.00,1.00
2017.07.10 19:43:07.638,1.65909,1.65942,1.00,1.00
2017.07.10 19:43:09.507,1.65908,1.65942,2.25,1.00
2017.07.10 19:43:10.463,1.65908,1.65941,1.00,1.00
2017.07.10 19:43:10.998,1.65908,1.6594,1.00,1.00
2017.07.10 19:43:14.078,1.65905,1.65941,3.00,1.00
2017.07.10 19:43:14.818,1.65906,1.6594,1.00,1.00
2017.07.10 19:43:15.661,1.65905,1.65942,3.00,1.00
2017.07.10 19:43:16.122,1.65907,1.65942,1.00,1.00
2017.07.10 19:43:17.598,1.65908,1.65942,1.00,1.00
2017.07.10 19:43:22.017,1.6591,1.65942,1.00,1.00
2017.07.10 19:43:22.527,1.65909,1.65942,1.50,1.00
2017.07.10 19:43:23.593,1.65909,1.65944,1.50,1.09
2017.07.10 19:43:23.644,1.65909,1.65941,2.25,1.00
2017.07.10 19:43:23.694,1.65909,1.65944,2.25,1.09
2017.07.10 19:43:24.009,1.6591,1.65942,1.00,1.00
2017.07.10 19:43:24.060,1.65908,1.65942,1.00,1.00
2017.07.10 19:43:24.571,1.65909,1.65942,1.00,1.00
2017.07.10 19:43:25.195,1.6591,1.65944,1.00,1.09
2017.07.10 19:43:30.934,1.6591,1.65944,1.84,1.00
2017.07.10 19:43:36.615,1.6591,1.65942,1.84,1.00
2017.07.10 19:43:36.667,1.65911,1.65945,1.00,1.00
2017.07.10 19:43:36.718,1.65915,1.65945,1.09,1.00
2017.07.10 19:43:36.769,1.65915,1.65948,1.09,1.00
2017.07.10 19:43:36.820,1.65915,1.65952,1.34,1.12
2017.07.10 19:43:36.871,1.65915,1.65954,1.84,2.25
2017.07.10 19:43:36.972,1.65919,1.65953,1.00,1.00
2017.07.10 19:43:37.580,1.65919,1.65952,1.50,1.00
2017.07.10 19:43:38.018,1.65919,1.65954,1.50,1.50
2017.07.10 19:43:38.835,1.65919,1.65953,1.50,1.00
2017.07.10 19:43:42.147,1.65919,1.65954,1.00,2.25
2017.07.10 19:43:42.939,1.65919,1.65953,1.00,1.00
2017.07.10 19:43:43.677,1.65919,1.65954,1.50,1.50
2017.07.10 19:43:44.312,1.65919,1.65953,1.50,1.00
2017.07.10 19:43:45.057,1.65919,1.65954,1.00,2.25
2017.07.10 19:43:48.540,1.6592,1.65954,1.00,1.00
2017.07.10 19:43:49.140,1.65921,1.65954,1.00,1.00
2017.07.10 19:43:49.359,1.6592,1.65956,1.00,1.00
2017.07.10 19:43:50.146,1.65921,1.65956,1.00,1.00
2017.07.10 19:43:51.310,1.6592,1.65957,1.00,1.84
2017.07.10 19:43:53.838,1.65921,1.65956,1.00,1.00
2017.07.10 19:43:56.995,1.6592,1.65957,1.00,1.84
2017.07.10 19:43:57.046,1.65918,1.6595,1.00,1.50
2017.07.10 19:43:57.147,1.65912,1.65949,1.00,1.00
2017.07.10 19:43:57.198,1.6591,1.65949,1.84,1.50
2017.07.10 19:43:57.395,1.65912,1.65947,1.00,1.00
2017.07.10 19:43:58.248,1.65911,1.65947,1.00,1.00
2017.07.10 19:43:58.887,1.65912,1.65947,1.00,1.00
2017.07.10 19:44:02.945,1.65912,1.65946,1.00,1.00
2017.07.10 19:44:05.105,1.65919,1.65949,1.00,1.00
2017.07.10 19:44:05.155,1.65919,1.65954,1.00,1.00
2017.07.10 19:44:05.668,1.65917,1.65954,1.84,1.50
2017.07.10 19:44:11.097,1.65917,1.65955,1.34,1.00
2017.07.10 19:44:11.148,1.65921,1.65956,1.00,1.84
2017.07.10 19:44:11.674,1.65921,1.65957,2.25,1.00
2017.07.10 19:44:15.284,1.65922,1.65957,1.00,1.00
2017.07.10 19:44:15.942,1.65921,1.65957,3.75,1.00
2017.07.10 19:44:16.258,1.65926,1.65957,1.00,1.00
2017.07.10 19:44:16.798,1.65927,1.65957,1.50,1.00
2017.07.10 19:44:18.208,1.65928,1.65957,1.00,1.00
2017.07.10 19:44:21.640,1.65929,1.65957,1.00,1.00
2017.07.10 19:44:22.147,1.65928,1.65957,1.50,1.00
2017.07.10 19:44:22.385,1.65928,1.65962,1.50,1.00
2017.07.10 19:44:22.928,1.65928,1.6596,1.00,1.09
2017.07.10 19:44:22.979,1.65926,1.65959,1.00,1.00
2017.07.10 19:44:23.081,1.65924,1.65958,1.00,1.50
2017.07.10 19:44:23.608,1.65925,1.65957,1.00,1.00
2017.07.10 19:44:24.043,1.65924,1.6596,1.00,1.09
2017.07.10 19:44:24.571,1.65925,1.65961,1.00,1.46
2017.07.10 19:44:25.228,1.65924,1.65962,2.25,1.46
2017.07.10 19:44:26.308,1.65925,1.65962,1.00,1.84
2017.07.10 19:44:26.359,1.65925,1.65958,1.00,1.00
2017.07.10 19:44:26.942,1.65924,1.65958,1.00,1.50
2017.07.10 19:44:28.418,1.65921,1.65958,1.00,1.50
2017.07.10 19:44:29.442,1.65922,1.65957,1.00,1.00
2017.07.10 19:44:29.595,1.6592,1.65955,1.50,1.34
2017.07.10 19:44:31.767,1.65917,1.65955,1.00,1.84
2017.07.10 19:44:32.677,1.65916,1.65955,1.50,2.59
2017.07.10 19:44:34.081,1.65917,1.65955,1.00,2.59
2017.07.10 19:44:34.980,1.65916,1.65951,1.00,1.00
2017.07.10 19:44:35.596,1.65915,1.65951,3.75,1.00
2017.07.10 19:44:36.308,1.65916,1.65951,1.00,1.00
2017.07.10 19:44:36.659,1.65919,1.65954,1.00,1.00
2017.07.10 19:44:37.168,1.65919,1.65955,1.00,2.25
2017.07.10 19:44:38.900,1.6592,1.65953,1.00,1.00
2017.07.10 19:44:39.556,1.65919,1.65954,1.00,1.00
2017.07.10 19:44:41.214,1.6592,1.65953,1.00,1.00
2017.07.10 19:44:42.361,1.65915,1.65952,2.25,1.00
2017.07.10 19:44:43.660,1.65916,1.65952,1.00,1.50
2017.07.10 19:44:46.170,1.65915,1.65951,1.00,1.00
2017.07.10 19:44:46.321,1.65914,1.65946,1.00,1.00
2017.07.10 19:44:46.473,1.65916,1.65951,1.00,1.00
2017.07.10 19:44:46.996,1.65916,1.6595,1.00,1.00
2017.07.10 19:44:47.596,1.65915,1.6595,1.50,1.00
2017.07.10 19:44:48.946,1.65916,1.6595,1.00,1.00
2017.07.10 19:44:49.627,1.65915,1.6595,1.50,1.00
2017.07.10 19:44:53.501,1.65916,1.6595,1.00,1.00
2017.07.10 19:44:54.696,1.65916,1.65951,1.00,1.00
2017.07.10 19:44:55.230,1.65916,1.65952,1.50,1.84
2017.07.10 19:44:55.432,1.65914,1.65951,1.00,1.50
2017.07.10 19:44:56.016,1.65914,1.6595,1.50,1.00
2017.07.10 19:44:56.759,1.65915,1.6595,1.00,1.00
2017.07.10 19:44:56.810,1.65913,1.65948,1.00,1.00
2017.07.10 19:44:57.013,1.6591,1.65947,1.00,1.09
2017.07.10 19:44:57.064,1.65909,1.65946,1.00,1.34
2017.07.10 19:44:57.779,1.65909,1.65946,1.84,1.50
2017.07.10 19:44:58.118,1.65915,1.65952,2.25,1.00
2017.07.10 19:44:58.870,1.65916,1.65951,1.00,1.00
2017.07.10 19:44:59.278,1.65916,1.65953,1.00,1.50
2017.07.10 19:44:59.493,1.65916,1.65951,1.00,1.00
2017.07.10 19:45:00.153,1.65917,1.65951,1.00,1.00
2017.07.10 19:45:01.483,1.65916,1.65951,1.00,1.00
2017.07.10 19:45:02.162,1.65917,1.65951,1.00,1.00
2017.07.10 19:45:02.916,1.65916,1.65951,1.50,1.00
2017.07.10 19:45:03.272,1.65918,1.65951,1.00,1.00
2017.07.10 19:45:03.814,1.65917,1.65951,1.00,1.00
2017.07.10 19:45:04.318,1.65916,1.65951,1.00,1.50
2017.07.10 19:45:07.342,1.65916,1.65952,1.50,1.00
2017.07.10 19:45:08.982,1.65916,1.65953,1.50,1.00
2017.07.10 19:45:11.131,1.65916,1.65952,2.25,1.00
2017.07.10 19:45:14.221,1.65916,1.65953,2.25,1.00
2017.07.10 19:45:14.743,1.65917,1.65953,1.00,1.00
2017.07.10 19:45:15.311,1.65916,1.65953,3.00,1.00
2017.07.10 19:45:16.160,1.65918,1.65952,1.00,1.00
2017.07.10 19:45:16.211,1.65916,1.65953,3.00,1.00
2017.07.10 19:45:20.652,1.65918,1.65953,1.00,1.00
2017.07.10 19:45:20.854,1.65918,1.65955,1.50,1.00
2017.07.10 19:45:21.390,1.65918,1.65956,1.00,3.75
2017.07.10 19:45:22.276,1.65918,1.65955,2.25,1.00
2017.07.10 19:45:23.901,1.65919,1.65955,1.00,1.50
2017.07.10 19:45:24.461,1.65918,1.65956,2.25,3.00
2017.07.10 19:45:29.061,1.65919,1.65955,1.00,1.00
2017.07.10 19:45:29.565,1.65918,1.65956,2.25,1.50
2017.07.10 19:45:30.512,1.65919,1.65955,1.00,1.00
2017.07.10 19:45:33.804,1.65921,1.65956,1.00,1.50
2017.07.10 19:45:34.633,1.65921,1.65957,1.00,3.00
2017.07.10 19:45:35.102,1.6592,1.65955,1.00,1.00
2017.07.10 19:45:35.956,1.6592,1.65956,1.00,1.00
2017.07.10 19:45:36.485,1.6592,1.65955,1.00,1.00
2017.07.10 19:45:37.082,1.65921,1.65955,1.00,1.00
2017.07.10 19:45:37.654,1.6592,1.65955,1.00,1.00
2017.07.10 19:45:38.326,1.65921,1.65955,1.00,1.00
2017.07.10 19:45:38.865,1.6592,1.65955,1.00,1.00
2017.07.10 19:45:42.050,1.65921,1.65954,1.00,1.00
2017.07.10 19:45:42.453,1.65921,1.65956,1.00,1.50
2017.07.10 19:45:42.504,1.65925,1.65956,1.00,1.50
2017.07.10 19:45:42.656,1.6593,1.65962,1.00,1.50
2017.07.10 19:45:43.325,1.65929,1.65962,1.00,1.00
2017.07.10 19:45:44.251,1.6593,1.65962,1.00,1.00
2017.07.10 19:45:44.400,1.6593,1.65957,1.00,1.00
2017.07.10 19:45:44.948,1.65929,1.65957,1.00,1.00
2017.07.10 19:45:45.490,1.6593,1.65957,1.00,1.00
2017.07.10 19:45:47.045,1.65929,1.65957,1.00,1.00
2017.07.10 19:45:51.413,1.65924,1.65957,1.50,1.00
2017.07.10 19:45:51.464,1.65921,1.65952,1.00,1.00
2017.07.10 19:45:51.795,1.65914,1.65941,1.00,1.00
2017.07.10 19:45:52.372,1.65915,1.65941,1.00,1.00
2017.07.10 19:45:53.215,1.65914,1.65941,1.00,1.00
2017.07.10 19:45:54.037,1.65915,1.65945,1.00,1.34
2017.07.10 19:45:56.044,1.65915,1.65945,1.00,1.00
2017.07.10 19:45:58.853,1.65911,1.65944,1.00,1.00
2017.07.10 19:45:59.442,1.65912,1.65944,1.00,1.00
2017.07.10 19:46:00.630,1.65912,1.65945,1.00,2.25
2017.07.10 19:46:01.147,1.65912,1.65944,1.00,1.00
2017.07.10 19:46:01.671,1.65912,1.65945,1.00,2.25
2017.07.10 19:46:03.090,1.65912,1.65944,1.00,1.00
2017.07.10 19:46:03.594,1.65911,1.65944,1.00,1.00
2017.07.10 19:46:04.209,1.65912,1.65944,1.00,1.00
2017.07.10 19:46:04.310,1.65912,1.65941,1.00,1.00
2017.07.10 19:46:05.851,1.65911,1.65944,1.00,1.00
2017.07.10 19:46:06.352,1.65911,1.65943,1.00,1.00
2017.07.10 19:46:06.859,1.65912,1.65942,1.00,1.00
2017.07.10 19:46:07.122,1.65911,1.65945,1.00,1.00
2017.07.10 19:46:07.691,1.65911,1.65946,1.00,1.00
2017.07.10 19:46:10.195,1.65912,1.65945,1.00,1.00
2017.07.10 19:46:16.982,1.65911,1.65946,1.00,1.50
2017.07.10 19:46:19.342,1.65912,1.65945,1.00,1.00
2017.07.10 19:46:20.196,1.65911,1.65946,1.50,1.00
2017.07.10 19:46:21.952,1.65917,1.65946,1.00,1.00
2017.07.10 19:46:23.544,1.65921,1.65952,1.00,1.50
2017.07.10 19:46:23.595,1.65924,1.65955,1.00,1.00
2017.07.10 19:46:24.101,1.65924,1.65956,1.00,1.50
2017.07.10 19:46:25.946,1.65925,1.65956,1.00,1.00
2017.07.10 19:46:26.451,1.65925,1.65957,1.00,1.00
2017.07.10 19:46:30.081,1.65924,1.65958,1.00,1.00
2017.07.10 19:46:30.602,1.65924,1.65959,1.00,1.84
2017.07.10 19:46:38.323,1.65927,1.65959,1.00,1.09
2017.07.10 19:46:38.568,1.65927,1.65961,1.00,1.00
2017.07.10 19:46:41.046,1.65924,1.65958,1.09,1.00
2017.07.10 19:46:41.594,1.65925,1.65957,1.00,1.00
2017.07.10 19:46:42.555,1.65924,1.65958,1.00,1.00
2017.07.10 19:46:45.659,1.65924,1.65959,1.00,1.84
2017.07.10 19:46:46.026,1.65929,1.65959,1.00,1.00
2017.07.10 19:46:46.077,1.65929,1.65962,1.00,1.00
2017.07.10 19:46:46.127,1.65932,1.65964,1.00,1.00
2017.07.10 19:46:46.179,1.65932,1.65966,1.00,1.00
2017.07.10 19:46:46.230,1.65931,1.65968,1.00,1.50
2017.07.10 19:46:46.981,1.65932,1.65967,1.50,1.00
2017.07.10 19:46:49.380,1.65932,1.65967,1.50,1.34
2017.07.10 19:46:49.532,1.65924,1.65958,1.50,1.00
2017.07.10 19:46:50.366,1.65925,1.65957,1.00,1.00
2017.07.10 19:46:52.224,1.65924,1.65958,1.00,1.00
2017.07.10 19:46:52.823,1.65924,1.65959,1.00,1.50
2017.07.10 19:46:53.040,1.65925,1.65953,1.00,1.00
2017.07.10 19:46:53.091,1.65922,1.65952,1.00,1.00
2017.07.10 19:46:53.142,1.65925,1.65954,1.00,1.00
2017.07.10 19:46:53.662,1.65924,1.65954,1.00,1.00
2017.07.10 19:46:55.140,1.65925,1.65954,1.00,1.00
2017.07.10 19:46:55.682,1.65924,1.65956,1.00,1.34
2017.07.10 19:46:58.371,1.65925,1.65955,1.00,1.09
2017.07.10 19:46:59.498,1.65924,1.65955,1.00,1.09
2017.07.10 19:47:00.101,1.65925,1.65956,1.00,1.84
2017.07.10 19:47:00.841,1.65924,1.65956,1.00,1.34
2017.07.10 19:47:06.808,1.65925,1.65955,1.00,1.00
2017.07.10 19:47:09.169,1.65925,1.65956,1.00,1.50
2017.07.10 19:47:09.996,1.65924,1.65957,1.00,1.50
2017.07.10 19:47:10.669,1.65925,1.65954,1.00,1.00
2017.07.10 19:47:11.492,1.65924,1.65955,1.00,1.00
2017.07.10 19:47:12.071,1.65925,1.65954,1.00,1.00
2017.07.10 19:47:21.692,1.65925,1.65955,1.00,1.00
2017.07.10 19:47:23.017,1.65924,1.65957,1.00,1.00
2017.07.10 19:47:23.876,1.65925,1.65956,1.00,1.00
2017.07.10 19:47:24.401,1.65924,1.65957,1.00,1.50
2017.07.10 19:47:25.333,1.65925,1.65956,1.00,1.00
2017.07.10 19:47:27.392,1.65925,1.65957,1.00,1.50
2017.07.10 19:47:29.766,1.65927,1.65957,1.00,1.00
2017.07.10 19:47:29.931,1.65929,1.65961,1.00,1.00
2017.07.10 19:47:30.715,1.65929,1.65956,1.00,1.00
2017.07.10 19:47:30.816,1.65929,1.65962,1.00,1.00
2017.07.10 19:47:34.491,1.6593,1.65962,1.84,1.00
2017.07.10 19:47:35.085,1.65931,1.65962,1.00,1.00
2017.07.10 19:47:35.708,1.6593,1.65962,1.84,1.00
2017.07.10 19:47:37.986,1.65936,1.65967,1.50,1.00
2017.07.10 19:47:38.088,1.65934,1.65967,1.50,1.00
2017.07.10 19:47:38.251,1.65936,1.65966,1.00,1.00
2017.07.10 19:47:39.252,1.65937,1.65966,1.00,1.00
2017.07.10 19:47:39.643,1.65935,1.65966,1.00,1.00
2017.07.10 19:47:40.255,1.65934,1.65966,1.50,1.00
2017.07.10 19:47:41.622,1.65935,1.65966,1.00,1.00
2017.07.10 19:47:41.724,1.65935,1.65972,2.25,1.09
2017.07.10 19:47:41.775,1.65935,1.65967,1.50,1.00
2017.07.10 19:47:42.399,1.65933,1.65967,1.50,1.00
2017.07.10 19:47:42.652,1.65935,1.65967,1.00,1.00
2017.07.10 19:47:43.076,1.65933,1.65967,1.00,1.00
2017.07.10 19:47:45.840,1.65935,1.65967,1.00,1.00
2017.07.10 19:47:49.816,1.65935,1.65961,1.00,1.00
2017.07.10 19:47:49.866,1.65936,1.65967,1.00,1.00
2017.07.10 19:47:50.375,1.65935,1.65967,1.00,1.00
2017.07.10 19:47:50.568,1.65933,1.65967,1.00,1.84
2017.07.10 19:47:50.976,1.65933,1.65961,1.00,1.00
2017.07.10 19:47:51.557,1.65933,1.65964,1.00,1.09
2017.07.10 19:47:54.936,1.65934,1.65966,1.00,1.84
2017.07.10 19:47:55.240,1.65933,1.65966,1.00,1.00
2017.07.10 19:47:55.978,1.65933,1.65965,1.00,1.50
2017.07.10 19:47:56.871,1.65933,1.65966,1.00,1.00
2017.07.10 19:47:57.501,1.65939,1.65966,1.00,1.00
2017.07.10 19:47:57.602,1.65931,1.65969,1.00,1.50
2017.07.10 19:47:58.125,1.65932,1.65969,1.00,1.50
2017.07.10 19:48:00.659,1.65934,1.65969,1.00,1.00
2017.07.10 19:48:06.783,1.65935,1.65969,1.00,1.00
2017.07.10 19:48:09.515,1.65934,1.65969,1.00,1.00
2017.07.10 19:48:21.219,1.65934,1.65968,1.00,1.00
2017.07.10 19:48:21.845,1.65935,1.65968,1.00,1.00
2017.07.10 19:48:22.235,1.65932,1.65968,1.00,1.00
2017.07.10 19:48:22.861,1.65932,1.65969,1.50,1.50
2017.07.10 19:48:23.741,1.65932,1.65967,1.50,1.00
2017.07.10 19:48:24.281,1.65932,1.65966,1.50,1.00
2017.07.10 19:48:25.330,1.65932,1.65967,1.00,1.00
2017.07.10 19:48:26.011,1.65931,1.65967,1.00,1.00
2017.07.10 19:48:28.187,1.65931,1.65966,1.00,1.00
2017.07.10 19:48:28.712,1.65932,1.65966,1.00,1.00
2017.07.10 19:48:29.260,1.65931,1.65966,1.00,1.00
2017.07.10 19:48:30.102,1.65931,1.65967,1.00,1.00
2017.07.10 19:48:31.140,1.65931,1.65966,1.00,1.00
2017.07.10 19:48:32.584,1.65931,1.65967,1.00,1.00
2017.07.10 19:48:32.946,1.65931,1.65965,1.50,1.00
2017.07.10 19:48:33.651,1.65931,1.65966,1.00,1.00
2017.07.10 19:48:35.005,1.65931,1.65967,1.00,1.09
2017.07.10 19:48:35.861,1.65932,1.65966,1.00,1.00
2017.07.10 19:48:36.402,1.65931,1.65967,1.00,1.09
2017.07.10 19:48:37.541,1.65931,1.65966,1.00,1.00
2017.07.10 19:48:38.643,1.65931,1.65967,1.00,1.09
2017.07.10 19:48:39.192,1.65931,1.65966,1.00,1.00
2017.07.10 19:48:40.204,1.65931,1.65967,1.00,1.09
2017.07.10 19:48:40.815,1.65932,1.65968,1.00,1.34
2017.07.10 19:48:43.349,1.65931,1.65968,1.00,1.34
2017.07.10 19:48:51.478,1.65932,1.65967,1.00,2.59
2017.07.10 19:48:52.561,1.65931,1.65969,1.00,1.84
2017.07.10 19:48:53.511,1.65931,1.65968,1.00,1.00
2017.07.10 19:48:54.433,1.65931,1.65969,1.00,1.09
2017.07.10 19:48:55.748,1.65932,1.65968,1.00,1.00
2017.07.10 19:48:56.490,1.65931,1.65969,1.50,2.59
2017.07.10 19:48:57.132,1.65931,1.65968,1.50,1.00
2017.07.10 19:48:57.891,1.65931,1.65969,1.50,2.59
2017.07.10 19:48:58.820,1.65931,1.65968,1.00,1.00
2017.07.10 19:48:59.702,1.65931,1.65969,1.00,1.84
2017.07.10 19:49:00.397,1.65932,1.65968,1.00,1.00
2017.07.10 19:49:06.768,1.65931,1.65968,1.00,1.00
2017.07.10 19:49:07.504,1.65932,1.65969,1.00,2.59
2017.07.10 19:49:08.681,1.65932,1.65968,1.00,1.00
2017.07.10 19:49:08.732,1.6593,1.65968,1.09,1.00
2017.07.10 19:49:11.781,1.65931,1.65969,1.00,2.59
2017.07.10 19:49:14.331,1.65931,1.65968,1.00,1.00
2017.07.10 19:49:14.851,1.65931,1.65969,1.00,2.59
2017.07.10 19:49:15.741,1.65931,1.65968,1.00,1.00
2017.07.10 19:49:16.511,1.65931,1.65969,1.00,2.59
2017.07.10 19:49:17.544,1.65932,1.65965,1.50,1.00
2017.07.10 19:49:18.373,1.65932,1.65964,1.50,1.00
2017.07.10 19:49:18.921,1.65932,1.65965,1.50,1.00
2017.07.10 19:49:19.191,1.65931,1.65969,2.25,1.84
2017.07.10 19:49:19.720,1.65932,1.65969,1.50,1.84
2017.07.10 19:49:20.296,1.65931,1.65969,1.00,1.84
2017.07.10 19:49:21.501,1.65931,1.65968,1.00,1.00
2017.07.10 19:49:23.154,1.65931,1.65965,1.09,1.00
2017.07.10 19:49:23.794,1.65931,1.65964,1.09,1.00
2017.07.10 19:49:24.611,1.65931,1.65965,1.09,1.00
2017.07.10 19:49:25.291,1.65931,1.65964,1.09,1.00
2017.07.10 19:49:25.935,1.65932,1.65965,1.00,1.00
2017.07.10 19:49:26.601,1.65932,1.65969,1.00,4.09
2017.07.10 19:49:26.911,1.65932,1.65965,1.00,1.00
2017.07.10 19:49:27.721,1.65932,1.65964,1.00,1.00
2017.07.10 19:49:28.025,1.65932,1.65968,1.00,1.09
2017.07.10 19:49:28.632,1.65931,1.65969,1.09,2.59
2017.07.10 19:49:31.712,1.65932,1.65968,1.00,1.09
2017.07.10 19:49:34.123,1.65931,1.65967,1.09,1.00
2017.07.10 19:49:34.945,1.65931,1.65966,1.09,1.00
2017.07.10 19:49:38.842,1.65932,1.65966,1.00,1.09
2017.07.10 19:49:39.469,1.65931,1.65966,1.00,1.09
2017.07.10 19:49:39.978,1.65931,1.65967,1.84,1.00
2017.07.10 19:49:40.030,1.65932,1.65969,1.00,3.00
2017.07.10 19:49:40.724,1.65931,1.65969,1.09,2.25
2017.07.10 19:49:41.252,1.65931,1.65968,1.09,1.00
2017.07.10 19:49:41.830,1.65932,1.65968,1.00,1.50
2017.07.10 19:49:43.990,1.65931,1.65968,1.84,1.00
2017.07.10 19:49:44.041,1.65931,1.65966,1.84,1.00
2017.07.10 19:49:47.801,1.65932,1.65966,1.00,1.00
2017.07.10 19:49:49.316,1.65931,1.65966,1.09,1.00
2017.07.10 19:49:50.863,1.65932,1.65966,1.00,1.00
2017.07.10 19:49:51.195,1.65935,1.65966,1.00,1.00
2017.07.10 19:49:51.397,1.65935,1.65969,1.00,1.50
2017.07.10 19:49:51.552,1.65937,1.65969,1.84,1.00
2017.07.10 19:49:51.856,1.65938,1.65967,1.00,1.00
2017.07.10 19:49:52.432,1.65937,1.65967,1.84,1.00
2017.07.10 19:49:52.938,1.65938,1.65967,1.00,1.00
2017.07.10 19:49:53.903,1.65937,1.65967,1.09,1.00
2017.07.10 19:49:54.512,1.65938,1.65967,1.00,1.00
2017.07.10 19:49:55.584,1.65937,1.65967,1.09,1.00
2017.07.10 19:49:57.104,1.65938,1.65967,1.00,1.00
2017.07.10 19:49:58.979,1.65938,1.65975,2.25,2.59
2017.07.10 19:50:01.342,1.6594,1.65974,1.00,1.09
2017.07.10 19:50:01.668,1.65943,1.65975,1.00,1.34
2017.07.10 19:50:04.255,1.65939,1.65971,1.00,1.00
2017.07.10 19:50:04.871,1.65939,1.65972,1.00,1.00
2017.07.10 19:50:07.949,1.65939,1.65972,1.84,1.00
2017.07.10 19:50:11.898,1.65941,1.65972,1.00,1.00
2017.07.10 19:50:12.438,1.6594,1.65972,1.09,1.00
2017.07.10 19:50:14.958,1.65941,1.65972,1.00,1.00
2017.07.10 19:50:15.644,1.6594,1.65972,1.09,1.00
2017.07.10 19:50:24.582,1.65941,1.65972,1.00,1.00
2017.07.10 19:50:25.631,1.65942,1.65972,1.00,1.00
2017.07.10 19:50:26.504,1.65941,1.65972,1.50,1.00
2017.07.10 19:50:27.838,1.65941,1.65975,1.00,1.00
2017.07.10 19:50:28.142,1.65941,1.65971,1.00,1.00
2017.07.10 19:50:34.705,1.65939,1.65971,1.34,1.00
2017.07.10 19:50:34.756,1.65938,1.65971,1.00,1.00
2017.07.10 19:50:34.857,1.65934,1.65971,2.59,1.50
2017.07.10 19:50:35.698,1.65933,1.6597,1.34,1.00
2017.07.10 19:50:36.240,1.65933,1.65971,1.34,1.50
2017.07.10 19:50:36.750,1.65933,1.6597,1.34,1.00
2017.07.10 19:50:37.440,1.65933,1.65971,1.34,1.00
2017.07.10 19:50:40.813,1.65937,1.65971,1.00,1.00
2017.07.10 19:50:40.915,1.65939,1.65971,1.00,1.00
2017.07.10 19:50:41.379,1.65936,1.65971,2.59,1.00
2017.07.10 19:50:47.591,1.65936,1.65972,1.09,1.00
2017.07.10 19:50:48.611,1.65933,1.6597,1.84,1.00
2017.07.10 19:50:49.898,1.65933,1.65972,1.84,2.25
2017.07.10 19:50:50.952,1.65933,1.65971,1.34,1.00
2017.07.10 19:50:51.546,1.65933,1.6597,1.50,1.34
2017.07.10 19:50:52.024,1.65931,1.65969,2.25,1.09
2017.07.10 19:50:53.055,1.65932,1.65968,1.00,1.00
2017.07.10 19:50:53.600,1.65931,1.65969,2.25,1.09
2017.07.10 19:50:53.651,1.65933,1.6597,1.00,1.34
2017.07.10 19:50:54.599,1.65932,1.65971,1.00,1.84
2017.07.10 19:50:57.907,1.65933,1.6597,1.00,1.34
2017.07.10 19:51:00.381,1.65932,1.6597,1.00,1.34
2017.07.10 19:51:00.890,1.65931,1.6597,3.00,1.34
2017.07.10 19:51:02.135,1.65932,1.6597,1.00,1.34
2017.07.10 19:51:03.978,1.65933,1.6597,1.00,1.34
2017.07.10 19:51:05.033,1.65932,1.65971,1.00,2.59
2017.07.10 19:51:05.627,1.65933,1.6597,1.00,1.34
2017.07.10 19:51:07.988,1.65932,1.65971,1.00,1.84
2017.07.10 19:51:15.113,1.65934,1.65969,1.00,1.09
2017.07.10 19:51:19.859,1.65932,1.65969,1.50,1.09
2017.07.10 19:51:22.173,1.65932,1.65968,1.50,1.00
2017.07.10 19:51:24.698,1.65932,1.65969,2.25,1.09
2017.07.10 19:51:24.914,1.65945,1.65972,1.00,1.00
2017.07.10 19:51:24.965,1.65944,1.65977,1.00,1.52
2017.07.10 19:51:25.016,1.65944,1.6598,1.00,1.37
2017.07.10 19:51:25.529,1.65945,1.6598,1.00,1.00
2017.07.10 19:51:27.069,1.65944,1.65982,2.25,2.59
2017.07.10 19:51:27.170,1.65945,1.65981,1.84,1.50
2017.07.10 19:51:28.158,1.65945,1.65979,1.84,1.00
2017.07.10 19:51:28.320,1.65945,1.65981,1.34,1.00
2017.07.10 19:51:39.438,1.65945,1.65982,1.34,1.00
2017.07.10 19:51:41.899,1.65948,1.65981,1.00,1.00
2017.07.10 19:51:45.271,1.65946,1.65982,1.34,1.00
2017.07.10 19:51:52.050,1.65947,1.65983,1.84,1.00
2017.07.10 19:51:52.329,1.65949,1.65983,1.00,1.00
2017.07.10 19:51:53.261,1.65948,1.65983,1.50,1.00
2017.07.10 19:51:53.778,1.65948,1.65982,2.25,1.00
2017.07.10 19:51:54.289,1.65949,1.65982,1.00,1.00
2017.07.10 19:51:54.957,1.65949,1.65984,1.00,1.50
2017.07.10 19:51:55.100,1.65949,1.65981,1.00,1.00
2017.07.10 19:51:55.151,1.65946,1.65981,1.34,1.00
2017.07.10 19:51:55.655,1.65946,1.65979,1.34,1.00
2017.07.10 19:51:57.307,1.65946,1.65979,1.34,1.00
2017.07.10 19:51:57.901,1.65946,1.65977,1.34,1.00
2017.07.10 19:52:03.389,1.65946,1.65981,1.34,1.00
2017.07.10 19:52:06.300,1.65954,1.65984,1.00,1.00
2017.07.10 19:52:06.591,1.65953,1.65987,1.50,1.34
2017.07.10 19:52:06.845,1.65953,1.65983,1.00,1.34
2017.07.10 19:52:06.896,1.65948,1.6598,1.00,1.09
2017.07.10 19:52:06.997,1.65946,1.65979,1.00,1.34
2017.07.10 19:52:08.997,1.65942,1.65976,1.00,1.00
2017.07.10 19:52:09.049,1.65942,1.65973,1.00,1.00
2017.07.10 19:52:09.100,1.65945,1.65978,1.00,1.00
2017.07.10 19:52:09.151,1.65945,1.6598,1.00,1.00
2017.07.10 19:52:09.303,1.65945,1.65978,1.00,1.00
2017.07.10 19:52:09.353,1.65941,1.65975,1.00,1.00
2017.07.10 19:52:09.404,1.65943,1.65975,1.00,1.00
2017.07.10 19:52:09.588,1.65944,1.65979,1.00,1.00
2017.07.10 19:52:10.334,1.65944,1.65978,1.50,1.00
2017.07.10 19:52:10.551,1.65941,1.65976,1.00,1.00
2017.07.10 19:52:10.754,1.65941,1.65974,1.00,1.00
2017.07.10 19:52:11.187,1.65939,1.65975,1.00,1.00
2017.07.10 19:52:11.238,1.65939,1.65973,1.00,1.00
2017.07.10 19:52:11.751,1.65939,1.65974,1.00,1.50
2017.07.10 19:52:12.548,1.65939,1.65973,1.50,1.00
2017.07.10 19:52:18.689,1.65944,1.65975,1.00,1.50
2017.07.10 19:52:18.840,1.65947,1.65979,1.00,1.00
2017.07.10 19:52:18.891,1.65947,1.65982,1.00,1.00
2017.07.10 19:52:18.942,1.65947,1.65984,1.00,1.50
2017.07.10 19:52:19.489,1.65946,1.65984,2.59,2.25
2017.07.10 19:52:19.540,1.65946,1.65981,1.00,1.00
2017.07.10 19:52:19.642,1.65944,1.6598,1.50,1.00
2017.07.10 19:52:19.793,1.65944,1.65978,1.50,1.00
2017.07.10 19:52:19.895,1.65944,1.6598,1.50,1.00
2017.07.10 19:52:20.420,1.65944,1.65979,1.50,1.00
2017.07.10 19:52:20.949,1.65945,1.65979,1.00,1.00
2017.07.10 19:52:21.472,1.65945,1.6598,1.00,2.25
2017.07.10 19:52:21.909,1.65944,1.65976,1.00,1.00
2017.07.10 19:52:21.959,1.65942,1.65978,1.00,1.00
2017.07.10 19:52:22.010,1.65945,1.65974,1.50,1.00
2017.07.10 19:52:22.185,1.65944,1.65981,2.25,1.00
2017.07.10 19:52:22.236,1.65945,1.65979,1.00,1.00
2017.07.10 19:52:22.619,1.65945,1.65976,1.00,1.00
2017.07.10 19:52:22.670,1.65946,1.65979,1.00,1.00
2017.07.10 19:52:22.822,1.65947,1.65982,1.00,1.00
2017.07.10 19:52:23.328,1.65947,1.65983,1.00,1.50
2017.07.10 19:52:23.865,1.65947,1.65982,1.00,1.00
2017.07.10 19:52:24.588,1.65947,1.65983,1.00,1.50
2017.07.10 19:52:24.689,1.65946,1.65979,1.00,1.00
2017.07.10 19:52:24.841,1.65944,1.6598,1.50,1.00
2017.07.10 19:52:25.440,1.65944,1.65979,3.00,1.00
2017.07.10 19:52:26.138,1.65944,1.6598,2.25,1.00
2017.07.10 19:52:26.819,1.65944,1.65979,2.25,1.00
2017.07.10 19:52:27.718,1.65944,1.6598,2.25,1.00
2017.07.10 19:52:29.887,1.65944,1.65979,1.50,1.00
2017.07.10 19:52:30.798,1.65944,1.6598,1.50,1.00
2017.07.10 19:52:31.302,1.65944,1.65978,1.50,1.00
2017.07.10 19:52:31.820,1.65944,1.65977,1.50,1.00
2017.07.10 19:52:32.718,1.65944,1.65979,1.50,1.00
2017.07.10 19:52:32.769,1.65945,1.65975,1.00,1.00
2017.07.10 19:52:33.065,1.65944,1.65977,1.50,1.00
2017.07.10 19:52:33.570,1.65945,1.65975,1.00,1.00
2017.07.10 19:52:34.451,1.65941,1.65976,1.00,1.50
2017.07.10 19:52:34.829,1.65941,1.65978,1.00,1.50
2017.07.10 19:52:35.390,1.65941,1.65977,1.00,1.00
2017.07.10 19:52:35.784,1.65941,1.65975,1.00,1.00
2017.07.10 19:52:36.037,1.65938,1.65973,1.00,1.09
2017.07.10 19:52:36.613,1.65939,1.65973,1.00,1.84
2017.07.10 19:52:37.348,1.65938,1.65973,1.00,1.84
2017.07.10 19:52:37.910,1.65939,1.65972,1.00,1.00
2017.07.10 19:52:41.967,1.65939,1.65971,1.00,1.00
2017.07.10 19:52:42.470,1.65939,1.6597,1.00,1.00
2017.07.10 19:52:43.224,1.65938,1.65972,1.00,1.00
2017.07.10 19:52:43.750,1.65938,1.65973,1.00,2.59
2017.07.10 19:52:45.842,1.65938,1.65972,1.00,1.00
2017.07.10 19:52:46.807,1.65938,1.65973,1.00,3.34
2017.07.10 19:52:47.838,1.65938,1.65972,1.00,1.00
2017.07.10 19:52:49.849,1.65938,1.65973,1.00,3.34
2017.07.10 19:52:50.631,1.65938,1.65972,1.00,1.00
2017.07.10 19:52:51.138,1.65938,1.65973,1.00,3.34
2017.07.10 19:52:52.351,1.65938,1.65972,1.00,1.00
2017.07.10 19:52:54.969,1.65938,1.65973,1.00,1.84
2017.07.10 19:52:58.026,1.65938,1.65972,1.00,1.00
2017.07.10 19:52:58.546,1.65938,1.65973,1.00,1.84
2017.07.10 19:53:00.159,1.65938,1.65972,1.00,1.00
2017.07.10 19:53:00.210,1.65936,1.65973,1.00,1.84
2017.07.10 19:53:00.728,1.65936,1.65972,1.00,1.00
2017.07.10 19:53:01.491,1.65936,1.65973,1.00,1.84
2017.07.10 19:53:02.039,1.65936,1.65972,1.00,1.00
2017.07.10 19:53:02.339,1.65936,1.65972,1.34,1.00
2017.07.10 19:53:02.491,1.65944,1.65979,1.00,1.50
2017.07.10 19:53:03.004,1.65945,1.65979,1.00,1.00
2017.07.10 19:53:07.475,1.65944,1.65979,2.59,1.00
2017.07.10 19:53:15.276,1.65944,1.65978,1.09,1.00
2017.07.10 19:53:16.080,1.65944,1.65977,1.84,1.00
2017.07.10 19:53:16.175,1.65944,1.65979,1.84,1.50
2017.07.10 19:53:20.568,1.65944,1.6598,1.09,2.25
2017.07.10 19:53:21.248,1.65944,1.65979,1.09,1.00
2017.07.10 19:53:24.499,1.65944,1.6598,1.09,1.00
2017.07.10 19:53:25.469,1.65944,1.65979,1.84,1.00
2017.07.10 19:53:26.386,1.65944,1.6598,1.09,2.25
2017.07.10 19:53:28.876,1.65944,1.65979,1.09,1.50
2017.07.10 19:53:30.063,1.65944,1.6598,1.09,2.25
2017.07.10 19:53:30.626,1.65944,1.65979,1.09,1.00
2017.07.10 19:53:34.565,1.65944,1.65977,1.00,1.00
2017.07.10 19:53:34.616,1.65941,1.65975,1.00,1.09
2017.07.10 19:53:34.668,1.65941,1.65973,1.00,1.00
2017.07.10 19:53:34.719,1.65938,1.65972,1.00,1.50
2017.07.10 19:53:35.252,1.65937,1.65972,2.25,1.50
2017.07.10 19:53:35.545,1.65937,1.65967,1.00,1.00
2017.07.10 19:53:35.595,1.65937,1.6597,1.00,1.00
2017.07.10 19:53:35.646,1.65934,1.6597,1.00,1.50
2017.07.10 19:53:35.697,1.65934,1.65967,1.00,1.00
2017.07.10 19:53:36.283,1.65934,1.65968,1.00,1.00
2017.07.10 19:53:42.181,1.65936,1.65968,1.50,1.00
2017.07.10 19:53:42.232,1.65936,1.65971,2.59,1.00
2017.07.10 19:53:42.283,1.65939,1.65971,1.00,1.50
2017.07.10 19:53:42.630,1.65941,1.65971,2.59,1.00
2017.07.10 19:53:42.681,1.65944,1.65977,1.00,1.50
2017.07.10 19:53:43.414,1.65944,1.65976,1.50,1.00
2017.07.10 19:53:43.821,1.65944,1.65974,1.00,1.50
2017.07.10 19:53:44.758,1.65944,1.65973,1.00,1.00
2017.07.10 19:53:45.471,1.65944,1.65974,1.50,1.00
2017.07.10 19:53:45.522,1.65944,1.65978,1.50,1.50
2017.07.10 19:53:45.794,1.65944,1.65976,1.50,1.00
2017.07.10 19:53:46.401,1.65944,1.65979,1.00,1.00
2017.07.10 19:53:46.999,1.65944,1.6598,1.84,1.00
2017.07.10 19:53:48.608,1.65944,1.65979,1.34,1.00
2017.07.10 19:53:52.514,1.65944,1.65979,1.00,1.00
2017.07.10 19:53:53.107,1.65945,1.65979,1.00,1.00
2017.07.10 19:53:53.371,1.65944,1.65977,1.00,1.00
2017.07.10 19:53:53.674,1.65944,1.65975,1.00,1.00
2017.07.10 19:53:54.291,1.6594,1.65972,1.34,1.00
2017.07.10 19:53:54.393,1.65942,1.65976,1.00,1.00
2017.07.10 19:53:54.444,1.65944,1.65977,1.00,1.00
2017.07.10 19:54:07.438,1.65946,1.65977,1.00,1.00
2017.07.10 19:54:10.205,1.65944,1.65977,1.00,1.00
2017.07.10 19:54:10.999,1.65947,1.65982,1.00,2.25
2017.07.10 19:54:11.101,1.65953,1.65983,1.00,1.00
2017.07.10 19:54:11.202,1.65953,1.65985,1.00,1.00
2017.07.10 19:54:11.253,1.65951,1.65981,1.00,1.00
2017.07.10 19:54:11.537,1.65948,1.65981,1.00,1.50
2017.07.10 19:54:11.588,1.65948,1.65979,1.00,1.00
2017.07.10 19:54:11.639,1.65945,1.65978,1.00,1.00
2017.07.10 19:54:12.147,1.65945,1.65979,1.00,1.50
2017.07.10 19:54:12.680,1.65945,1.65978,1.00,1.00
2017.07.10 19:54:13.201,1.65944,1.65977,1.00,1.50
2017.07.10 19:54:13.353,1.65941,1.65977,2.25,1.50
2017.07.10 19:54:19.080,1.65941,1.65977,1.00,1.84
2017.07.10 19:54:19.131,1.65944,1.65974,1.00,1.00
2017.07.10 19:54:19.182,1.65944,1.65977,1.00,1.50
2017.07.10 19:54:19.847,1.65945,1.65977,1.00,1.00
2017.07.10 19:54:20.387,1.65944,1.65977,1.50,1.00
2017.07.10 19:54:20.438,1.65944,1.65977,1.84,1.00
2017.07.10 19:54:34.291,1.65944,1.65977,1.00,1.00
2017.07.10 19:54:34.697,1.65941,1.65977,1.50,1.00
2017.07.10 19:54:40.270,1.65941,1.65974,1.00,1.00
2017.07.10 19:54:40.422,1.65938,1.65972,1.00,1.00
2017.07.10 19:54:41.469,1.65935,1.65972,1.00,1.00
2017.07.10 19:54:42.481,1.65934,1.65972,2.59,1.00
2017.07.10 19:54:46.060,1.65935,1.65972,1.50,1.50
2017.07.10 19:54:48.072,1.65934,1.65972,1.84,1.00
2017.07.10 19:54:49.141,1.65935,1.65972,1.50,1.50
2017.07.10 19:54:50.779,1.65934,1.65972,1.84,1.50
2017.07.10 19:54:52.220,1.65935,1.65972,1.00,1.00
2017.07.10 19:54:52.675,1.65937,1.65972,1.00,1.50
2017.07.10 19:54:53.338,1.65934,1.65972,1.84,1.00
2017.07.10 19:54:54.191,1.65937,1.65971,1.00,1.00
2017.07.10 19:54:54.241,1.65937,1.65974,1.00,1.50
2017.07.10 19:54:54.396,1.65937,1.65971,1.00,1.00
2017.07.10 19:54:59.310,1.65934,1.65971,2.59,1.00
2017.07.10 19:55:00.168,1.65935,1.65971,1.00,1.00
2017.07.10 19:55:00.697,1.65932,1.65967,1.34,1.00
2017.07.10 19:55:01.210,1.65932,1.65967,1.00,1.00
2017.07.10 19:55:01.312,1.6593,1.65967,1.50,1.00
2017.07.10 19:55:01.862,1.65931,1.65967,1.50,1.00
2017.07.10 19:55:05.353,1.6593,1.65967,1.50,1.00
2017.07.10 19:55:05.454,1.65933,1.65967,1.00,1.00
2017.07.10 19:55:05.555,1.65931,1.65967,1.00,1.00
2017.07.10 19:55:05.993,1.65933,1.65967,1.00,1.00
2017.07.10 19:55:06.252,1.65931,1.65967,1.00,1.00
2017.07.10 19:55:06.303,1.65933,1.65967,1.00,1.00
2017.07.10 19:55:06.624,1.65933,1.65962,1.00,1.00
2017.07.10 19:55:07.991,1.65934,1.65962,1.00,1.00
2017.07.10 19:55:08.390,1.65932,1.65962,1.00,1.00
2017.07.10 19:55:09.619,1.65933,1.65962,1.00,1.00
2017.07.10 19:55:10.207,1.65935,1.65962,1.00,1.00
2017.07.10 19:55:10.258,1.65934,1.6597,1.09,1.00
2017.07.10 19:55:10.476,1.65932,1.65962,2.59,1.00
2017.07.10 19:55:11.752,1.65931,1.65962,1.50,1.00
2017.07.10 19:55:12.055,1.65931,1.65967,1.00,1.00
2017.07.10 19:55:12.394,1.65933,1.65967,1.00,1.00
2017.07.10 19:55:19.786,1.65933,1.65962,1.00,1.00
2017.07.10 19:55:21.893,1.65933,1.65966,1.00,1.00
2017.07.10 19:55:26.314,1.65933,1.65971,1.50,2.59
2017.07.10 19:55:27.537,1.65933,1.65966,1.50,1.00
2017.07.10 19:55:28.386,1.65933,1.65967,1.00,1.00
2017.07.10 19:55:29.643,1.65934,1.65967,1.00,1.00
2017.07.10 19:55:30.993,1.65933,1.65967,1.50,1.00
2017.07.10 19:55:32.065,1.65933,1.65966,1.50,1.00
2017.07.10 19:55:32.572,1.65933,1.65966,2.59,1.00
2017.07.10 19:55:33.191,1.65934,1.65967,1.09,1.00
2017.07.10 19:55:33.738,1.65933,1.65962,1.00,1.00
2017.07.10 19:55:34.152,1.65933,1.65966,1.00,1.00
2017.07.10 19:55:36.016,1.65933,1.65967,1.00,2.25
2017.07.10 19:55:37.036,1.65934,1.65965,1.00,1.00
2017.07.10 19:55:38.039,1.65933,1.65966,1.00,1.00
2017.07.10 19:55:40.187,1.65933,1.65962,1.00,1.00
2017.07.10 19:55:41.996,1.65936,1.65966,1.00,1.50
2017.07.10 19:55:42.148,1.65938,1.65969,1.00,1.12
2017.07.10 19:55:42.668,1.65939,1.65969,1.00,1.00
2017.07.10 19:55:43.209,1.65939,1.65968,1.00,1.00
2017.07.10 19:55:43.361,1.65937,1.65968,1.00,1.00
2017.07.10 19:55:47.649,1.65938,1.65967,1.00,1.00
2017.07.10 19:55:49.647,1.65937,1.65967,1.00,1.00
2017.07.10 19:55:49.699,1.65937,1.6597,1.00,1.50
2017.07.10 19:55:51.937,1.65938,1.6597,1.00,1.50
2017.07.10 19:55:52.507,1.65938,1.65969,1.00,1.00
2017.07.10 19:55:53.245,1.65937,1.6597,1.00,1.50
2017.07.10 19:55:55.231,1.65938,1.65968,1.00,1.00
2017.07.10 19:55:57.094,1.65937,1.65969,1.00,1.00
2017.07.10 19:55:57.673,1.65937,1.65968,1.00,1.50
2017.07.10 19:55:58.257,1.65938,1.65967,1.00,1.00
2017.07.10 19:55:58.790,1.65937,1.65968,1.00,1.00
2017.07.10 19:55:59.387,1.65938,1.65965,1.00,1.00
2017.07.10 19:55:59.894,1.65937,1.65965,1.00,1.50
2017.07.10 19:56:00.558,1.65938,1.65964,1.00,1.00
2017.07.10 19:56:01.714,1.65937,1.65965,1.00,1.50
2017.07.10 19:56:02.413,1.65938,1.65964,1.00,1.00
2017.07.10 19:56:02.963,1.65937,1.65965,1.00,1.00
2017.07.10 19:56:04.951,1.65937,1.65966,1.00,1.84
2017.07.10 19:56:05.001,1.65938,1.65969,1.00,1.00
2017.07.10 19:56:05.812,1.65937,1.6597,1.00,3.34
2017.07.10 19:56:06.352,1.65938,1.65969,1.00,1.00
2017.07.10 19:56:07.760,1.65937,1.6597,1.00,1.84
2017.07.10 19:56:14.846,1.65938,1.6597,1.00,1.84
2017.07.10 19:56:19.461,1.65938,1.65966,1.00,1.00
2017.07.10 19:56:19.512,1.65931,1.65967,1.12,1.09
2017.07.10 19:56:19.563,1.65932,1.65964,1.00,1.00
2017.07.10 19:56:19.614,1.65929,1.65964,1.00,1.00
2017.07.10 19:56:19.665,1.65931,1.6596,1.00,1.00
2017.07.10 19:56:19.766,1.65931,1.65966,1.00,1.67
2017.07.10 19:56:19.817,1.65931,1.65967,1.00,2.96
2017.07.10 19:56:19.868,1.65933,1.65967,1.00,2.25
2017.07.10 19:56:19.918,1.65931,1.65967,1.00,2.25
2017.07.10 19:56:20.426,1.65932,1.65966,1.00,1.00
2017.07.10 19:56:25.346,1.65932,1.65965,1.00,1.00
2017.07.10 19:56:25.932,1.65931,1.65966,1.00,1.50
2017.07.10 19:56:26.286,1.65932,1.65965,1.00,1.34
2017.07.10 19:56:26.695,1.65931,1.65962,1.00,1.00
2017.07.10 19:56:28.973,1.65932,1.65962,1.00,1.00
2017.07.10 19:56:29.075,1.65931,1.65964,1.00,1.09
2017.07.10 19:56:29.623,1.65931,1.65965,1.00,1.00
2017.07.10 19:56:31.127,1.65931,1.65966,1.00,1.50
2017.07.10 19:56:32.015,1.65931,1.65967,1.00,1.00
2017.07.10 19:56:32.116,1.65933,1.65967,1.00,1.00
2017.07.10 19:56:32.662,1.65934,1.65966,1.00,1.00
2017.07.10 19:56:33.669,1.65932,1.65966,1.00,1.00
2017.07.10 19:56:35.023,1.65933,1.65967,1.00,1.00
2017.07.10 19:56:35.240,1.65931,1.65967,1.00,1.00
2017.07.10 19:56:37.003,1.65931,1.65969,1.00,1.50
2017.07.10 19:56:38.018,1.65937,1.65969,1.00,1.50
2017.07.10 19:56:38.535,1.65937,1.6597,1.00,2.59
2017.07.10 19:56:41.355,1.65934,1.65968,1.00,1.09
2017.07.10 19:56:41.505,1.65934,1.65962,1.00,1.00
2017.07.10 19:56:42.013,1.65935,1.65962,1.00,1.00
2017.07.10 19:56:46.847,1.65935,1.65963,1.00,1.00
2017.07.10 19:56:47.879,1.65934,1.65963,1.00,1.00
2017.07.10 19:56:47.930,1.65938,1.65969,1.00,1.00
2017.07.10 19:56:48.031,1.6594,1.65971,1.00,1.00
2017.07.10 19:56:48.132,1.6594,1.65977,1.00,1.84
2017.07.10 19:56:48.330,1.65938,1.65977,2.25,1.34
2017.07.10 19:56:49.533,1.65939,1.65977,1.00,2.59
2017.07.10 19:56:50.122,1.65938,1.65977,2.25,1.34
2017.07.10 19:56:51.164,1.65939,1.65977,1.00,1.84
2017.07.10 19:56:52.717,1.65939,1.65974,1.00,1.00
2017.07.10 19:56:53.225,1.65938,1.65974,2.25,1.00
2017.07.10 19:56:53.955,1.65942,1.65974,1.00,1.00
2017.07.10 19:56:54.259,1.65948,1.65974,1.00,1.00
2017.07.10 19:56:54.812,1.65947,1.65974,1.00,1.00
2017.07.10 19:56:59.524,1.65948,1.65974,1.00,1.00
2017.07.10 19:56:59.915,1.65947,1.65977,1.00,1.00
2017.07.10 19:57:00.644,1.65947,1.65978,1.00,1.00
2017.07.10 19:57:00.804,1.65943,1.65978,1.00,1.00
2017.07.10 19:57:02.541,1.65943,1.65977,1.00,1.00
2017.07.10 19:57:02.956,1.65946,1.65978,1.00,1.00
2017.07.10 19:57:03.209,1.6595,1.65984,1.00,1.00
2017.07.10 19:57:03.260,1.65948,1.65984,1.00,1.27
2017.07.10 19:57:03.462,1.65949,1.65982,1.00,1.00
2017.07.10 19:57:03.823,1.65952,1.65982,1.00,1.00
2017.07.10 19:57:04.348,1.65953,1.65982,1.00,1.00
2017.07.10 19:57:09.146,1.6595,1.6598,1.00,1.00
2017.07.10 19:57:09.369,1.65952,1.6598,1.00,1.00
2017.07.10 19:57:09.902,1.65952,1.65979,1.00,1.00
2017.07.10 19:57:10.264,1.65947,1.65979,1.50,1.00
2017.07.10 19:57:10.769,1.65947,1.6598,1.00,1.00
2017.07.10 19:57:11.317,1.65945,1.6598,3.00,1.00
2017.07.10 19:57:11.990,1.65946,1.65979,1.00,1.00
2017.07.10 19:57:12.652,1.65947,1.65979,1.00,1.00
2017.07.10 19:57:12.717,1.65946,1.65982,1.00,1.00
2017.07.10 19:57:13.259,1.65947,1.65982,1.00,1.00
2017.07.10 19:57:13.377,1.65945,1.65982,1.50,1.00
2017.07.10 19:57:13.430,1.65947,1.65982,1.50,1.00
2017.07.10 19:57:13.853,1.65947,1.6598,1.50,1.00
2017.07.10 19:57:14.955,1.65949,1.6598,1.00,1.00
2017.07.10 19:57:15.526,1.6595,1.6598,1.00,1.00
2017.07.10 19:57:16.945,1.65945,1.65978,1.00,1.00
2017.07.10 19:57:17.046,1.65945,1.65976,1.00,1.00
2017.07.10 19:57:17.198,1.65942,1.65976,1.50,1.00
2017.07.10 19:57:19.526,1.65942,1.65975,1.00,1.00
2017.07.10 19:57:20.065,1.65944,1.65975,1.00,1.00
2017.07.10 19:57:20.690,1.65944,1.65976,1.00,1.50
2017.07.10 19:57:20.741,1.65942,1.65976,1.00,1.50
2017.07.10 19:57:21.596,1.65942,1.65974,1.00,1.00
2017.07.10 19:57:22.013,1.65942,1.65976,1.00,3.34
2017.07.10 19:57:22.621,1.65942,1.65975,1.00,1.00
2017.07.10 19:57:23.153,1.65942,1.65976,1.00,1.84
2017.07.10 19:57:23.665,1.65942,1.65975,1.00,1.00
2017.07.10 19:57:24.170,1.65943,1.65976,1.00,1.84
2017.07.10 19:57:24.790,1.65944,1.65976,1.00,1.09
2017.07.10 19:57:25.402,1.65944,1.65975,1.50,1.00
2017.07.10 19:57:25.739,1.65944,1.6598,1.00,1.65
2017.07.10 19:57:26.444,1.65943,1.6598,1.50,1.00
2017.07.10 19:57:26.794,1.6595,1.6598,1.00,1.00
2017.07.10 19:57:27.343,1.65949,1.6598,1.00,1.00
2017.07.10 19:57:27.886,1.6595,1.6598,1.00,1.00
2017.07.10 19:57:30.311,1.65948,1.6598,1.50,1.00
2017.07.10 19:57:30.362,1.65951,1.6598,1.00,1.00
2017.07.10 19:57:30.565,1.65955,1.65989,1.50,1.00
2017.07.10 19:57:31.153,1.65955,1.6599,1.00,1.00
2017.07.10 19:57:31.995,1.65956,1.6599,1.00,1.00
2017.07.10 19:57:33.975,1.65956,1.65989,1.00,1.00
2017.07.10 19:57:34.306,1.65955,1.65986,1.00,1.00
2017.07.10 19:57:34.628,1.65955,1.65981,1.00,1.00
2017.07.10 19:57:35.344,1.6595,1.65981,1.00,1.00
2017.07.10 19:57:35.496,1.65947,1.65981,1.50,1.00
2017.07.10 19:57:36.994,1.65946,1.65981,1.00,1.00
2017.07.10 19:57:37.690,1.65947,1.65981,1.00,1.50
2017.07.10 19:57:38.268,1.65946,1.65981,1.00,1.50
2017.07.10 19:57:38.438,1.65952,1.65981,1.00,1.50
2017.07.10 19:57:38.539,1.65947,1.65981,1.00,1.00
2017.07.10 19:57:39.063,1.65947,1.6598,1.50,1.00
2017.07.10 19:57:40.439,1.65947,1.65981,1.00,1.50
2017.07.10 19:57:41.105,1.65947,1.6598,1.50,1.00
2017.07.10 19:57:44.088,1.65947,1.65979,1.00,1.00
2017.07.10 19:57:44.189,1.65945,1.65979,1.00,1.00
2017.07.10 19:57:44.696,1.65944,1.65979,1.00,1.00
2017.07.10 19:57:46.764,1.65947,1.65979,1.00,1.00
2017.07.10 19:57:46.947,1.65944,1.65979,1.00,1.00
2017.07.10 19:57:47.954,1.65946,1.6598,1.00,1.84
2017.07.10 19:57:48.258,1.65952,1.65981,1.00,1.00
2017.07.10 19:57:50.025,1.65953,1.65981,1.00,1.00
2017.07.10 19:57:53.005,1.65952,1.65981,1.00,1.00
2017.07.10 19:57:53.618,1.65952,1.65987,1.00,1.00
2017.07.10 19:57:53.671,1.65965,1.65987,1.00,1.00
2017.07.10 19:57:53.774,1.65969,1.65998,1.00,1.00
2017.07.10 19:57:53.875,1.65969,1.66001,1.00,1.50
2017.07.10 19:57:55.113,1.65969,1.66,1.00,1.00
2017.07.10 19:57:55.164,1.6597,1.65996,1.00,1.00
2017.07.10 19:57:55.215,1.65967,1.65996,1.00,1.00
2017.07.10 19:57:57.530,1.65972,1.66003,1.00,1.50
2017.07.10 19:57:57.581,1.65969,1.66003,1.00,1.00
2017.07.10 19:57:58.127,1.6597,1.66004,1.00,1.00
2017.07.10 19:58:01.515,1.65974,1.66004,1.00,1.00
2017.07.10 19:58:01.769,1.65973,1.66006,1.00,1.00
2017.07.10 19:58:02.072,1.65976,1.66007,1.00,1.00
2017.07.10 19:58:02.592,1.65977,1.66007,1.00,1.50
2017.07.10 19:58:03.142,1.65976,1.66007,1.00,1.00
2017.07.10 19:58:03.553,1.65971,1.66006,1.50,1.00
2017.07.10 19:58:05.871,1.65971,1.66006,1.84,1.50
2017.07.10 19:58:05.922,1.6598,1.66007,1.00,1.00
2017.07.10 19:58:05.972,1.65977,1.66007,1.00,1.00
2017.07.10 19:58:06.023,1.65981,1.66012,1.50,1.50
2017.07.10 19:58:06.125,1.65981,1.66017,1.50,1.87
2017.07.10 19:58:06.632,1.65982,1.66016,1.00,1.00
2017.07.10 19:58:06.784,1.65982,1.66018,1.00,1.50
2017.07.10 19:58:07.289,1.65981,1.66016,1.00,1.00
2017.07.10 19:58:08.590,1.65981,1.66014,1.00,1.00
2017.07.10 19:58:09.047,1.65978,1.66014,1.00,1.84
2017.07.10 19:58:09.255,1.65978,1.66007,1.00,1.00
2017.07.10 19:58:10.619,1.65978,1.66011,1.00,1.50
2017.07.10 19:58:10.926,1.65978,1.66007,1.00,1.00
2017.07.10 19:58:11.739,1.65979,1.6601,1.00,1.00
2017.07.10 19:58:12.244,1.65978,1.6601,1.00,1.00
2017.07.10 19:58:12.397,1.65978,1.66007,1.00,1.00
2017.07.10 19:58:15.991,1.65978,1.66012,1.00,1.00
2017.07.10 19:58:16.042,1.65978,1.66014,1.00,1.50
2017.07.10 19:58:17.519,1.6598,1.66013,1.00,1.00
2017.07.10 19:58:18.103,1.65978,1.66014,1.50,1.00
2017.07.10 19:58:18.782,1.65978,1.66015,1.00,1.00
2017.07.10 19:58:20.061,1.65978,1.66014,1.00,1.00
2017.07.10 19:58:20.112,1.65982,1.66015,1.00,1.00
2017.07.10 19:58:20.162,1.65978,1.66015,1.00,1.00
2017.07.10 19:58:20.862,1.65982,1.66015,1.00,1.00
2017.07.10 19:58:21.338,1.65978,1.66015,1.00,1.00
2017.07.10 19:58:23.035,1.65978,1.66014,1.00,1.00
2017.07.10 19:58:23.813,1.65982,1.66017,1.00,1.50
2017.07.10 19:58:24.117,1.65987,1.66021,1.00,1.50
2017.07.10 19:58:24.544,1.6599,1.66021,1.00,1.00
2017.07.10 19:58:24.595,1.65989,1.66024,1.00,1.00
2017.07.10 19:58:25.276,1.6599,1.66025,1.00,1.50
2017.07.10 19:58:28.403,1.65995,1.66025,1.00,1.00
2017.07.10 19:58:28.615,1.65989,1.66025,2.25,1.00
2017.07.10 19:58:33.991,1.65989,1.66025,1.50,1.34
2017.07.10 19:58:36.762,1.65995,1.66024,1.00,1.00
2017.07.10 19:58:37.015,1.65995,1.66026,1.00,3.00
2017.07.10 19:58:37.195,1.65989,1.66026,1.00,3.00
2017.07.10 19:58:37.937,1.65989,1.66025,1.00,2.25
2017.07.10 19:58:38.463,1.65989,1.66023,1.00,1.00
2017.07.10 19:58:39.190,1.65989,1.66025,1.00,1.50
2017.07.10 19:58:39.453,1.6599,1.66023,1.00,1.00
2017.07.10 19:58:40.390,1.6599,1.66024,1.00,1.00
2017.07.10 19:58:40.933,1.6599,1.66025,1.00,2.25
2017.07.10 19:58:41.811,1.6599,1.66024,1.00,1.00
2017.07.10 19:58:44.633,1.65994,1.66024,1.00,1.00
2017.07.10 19:58:44.786,1.65994,1.66026,1.00,1.09
2017.07.10 19:58:45.095,1.65999,1.66028,1.00,1.84
2017.07.10 19:58:45.147,1.65999,1.66028,1.00,1.50
2017.07.10 19:58:45.198,1.65994,1.66028,1.00,1.50
2017.07.10 19:58:45.686,1.65994,1.66026,1.00,1.00
2017.07.10 19:58:46.859,1.6599,1.66025,1.00,1.84
2017.07.10 19:58:47.062,1.65988,1.66022,1.50,1.00
2017.07.10 19:58:47.642,1.65989,1.66022,1.00,1.00
2017.07.10 19:58:48.187,1.65988,1.66022,1.00,1.00
2017.07.10 19:58:48.493,1.6599,1.66022,1.00,1.00
2017.07.10 19:58:52.283,1.65989,1.66022,2.25,1.00
2017.07.10 19:58:53.435,1.65996,1.66022,1.00,1.00
2017.07.10 19:58:53.536,1.6599,1.66022,1.84,1.00
2017.07.10 19:58:54.287,1.65989,1.66021,1.34,1.00
2017.07.10 19:58:55.293,1.6599,1.66024,1.34,1.00
2017.07.10 19:58:55.815,1.65989,1.66026,1.34,1.50
2017.07.10 19:58:56.238,1.65989,1.66022,1.00,1.00
2017.07.10 19:58:56.390,1.65989,1.66024,1.00,1.00
2017.07.10 19:58:56.753,1.6599,1.66026,1.00,2.25
2017.07.10 19:58:57.259,1.6599,1.66025,1.00,1.00
2017.07.10 19:58:58.013,1.65989,1.66026,1.00,1.50
2017.07.10 19:58:59.015,1.6599,1.66026,1.00,2.25
2017.07.10 19:58:59.684,1.6599,1.66025,1.00,1.00
2017.07.10 19:59:00.192,1.65989,1.66026,1.50,2.25
2017.07.10 19:59:00.739,1.65989,1.66025,1.00,1.50
2017.07.10 19:59:01.754,1.65997,1.66024,1.00,1.00
2017.07.10 19:59:01.855,1.6599,1.66026,1.34,1.00
2017.07.10 19:59:02.109,1.65989,1.66027,2.25,1.34
2017.07.10 19:59:03.450,1.6599,1.66024,1.00,1.00
2017.07.10 19:59:06.363,1.65992,1.66025,1.00,1.00
2017.07.10 19:59:06.944,1.65992,1.66026,1.00,1.09
2017.07.10 19:59:07.642,1.65993,1.66026,1.00,1.09
2017.07.10 19:59:08.240,1.65992,1.66027,1.09,2.25
2017.07.10 19:59:09.222,1.65996,1.66027,1.00,1.00
2017.07.10 19:59:09.324,1.65997,1.66032,1.34,1.00
2017.07.10 19:59:10.086,1.65999,1.66033,1.50,1.50
2017.07.10 19:59:10.339,1.65997,1.66032,1.00,1.00
2017.07.10 19:59:10.876,1.65998,1.66032,1.50,1.00
2017.07.10 19:59:11.392,1.65997,1.66032,1.50,1.00
2017.07.10 19:59:11.806,1.65994,1.66032,1.09,1.50
2017.07.10 19:59:11.908,1.65994,1.66032,1.00,1.84
2017.07.10 19:59:12.161,1.6599,1.66026,1.00,1.00
2017.07.10 19:59:12.837,1.65989,1.66026,1.84,1.00
2017.07.10 19:59:15.014,1.6599,1.66024,1.00,1.00
2017.07.10 19:59:15.632,1.65989,1.66025,1.00,1.84
2017.07.10 19:59:16.913,1.65989,1.66024,1.00,1.00
2017.07.10 19:59:17.434,1.65989,1.66025,1.00,1.09
2017.07.10 19:59:17.947,1.6599,1.66022,1.00,1.00
2017.07.10 19:59:22.846,1.6599,1.66025,1.00,1.09
2017.07.10 19:59:23.286,1.65989,1.66022,1.00,1.00
2017.07.10 19:59:26.230,1.65989,1.66025,1.00,1.09
2017.07.10 19:59:26.965,1.65985,1.66021,1.50,1.00
2017.07.10 19:59:27.393,1.65985,1.66024,1.00,1.09
2017.07.10 19:59:27.494,1.65985,1.66017,1.00,1.50
2017.07.10 19:59:27.761,1.65979,1.66015,1.00,1.09
2017.07.10 19:59:27.812,1.65977,1.66015,1.00,1.84
2017.07.10 19:59:27.964,1.6598,1.66015,1.00,1.09
2017.07.10 19:59:28.321,1.65978,1.66014,1.00,1.00
2017.07.10 19:59:28.915,1.65977,1.66014,1.00,1.00
2017.07.10 19:59:29.183,1.65979,1.66014,1.50,1.00
2017.07.10 19:59:30.264,1.65979,1.66015,1.50,1.09
2017.07.10 19:59:31.844,1.65983,1.66015,1.00,1.00
2017.07.10 19:59:31.945,1.65979,1.66015,1.00,1.00
2017.07.10 19:59:32.461,1.6598,1.66015,1.00,1.00
2017.07.10 19:59:32.688,1.65979,1.66012,1.00,1.00
2017.07.10 19:59:33.063,1.65979,1.66015,1.50,1.00
2017.07.10 19:59:34.592,1.65979,1.66012,1.00,1.00
2017.07.10 19:59:34.662,1.65979,1.66015,1.50,1.00
2017.07.10 19:59:34.983,1.65983,1.66015,1.00,1.00
2017.07.10 19:59:35.412,1.65983,1.66012,1.00,1.00
2017.07.10 19:59:35.764,1.65978,1.66012,1.00,1.00
2017.07.10 19:59:37.126,1.65976,1.66012,1.00,1.50
2017.07.10 19:59:38.020,1.65978,1.66012,1.00,1.00
2017.07.10 19:59:38.071,1.65978,1.66014,1.00,1.09
2017.07.10 19:59:38.122,1.65978,1.66012,1.00,1.00
2017.07.10 19:59:38.426,1.65976,1.66011,1.50,1.00
2017.07.10 19:59:38.593,1.65978,1.66011,1.00,1.00
2017.07.10 19:59:38.912,1.65976,1.66007,1.50,1.00
2017.07.10 19:59:39.508,1.65978,1.66014,1.00,2.21
2017.07.10 19:59:39.609,1.65978,1.66014,1.00,2.21
2017.07.10 19:59:41.133,1.65977,1.6601,1.00,1.00
2017.07.10 19:59:41.184,1.65974,1.66009,3.00,1.00
2017.07.10 19:59:42.485,1.65974,1.6601,1.00,1.50
2017.07.10 19:59:42.841,1.65975,1.66007,1.00,1.00
2017.07.10 19:59:43.163,1.65979,1.66011,1.00,1.00
2017.07.10 19:59:43.714,1.65978,1.66012,1.00,1.00
2017.07.10 19:59:44.222,1.65978,1.66013,1.00,1.00
2017.07.10 19:59:44.930,1.65978,1.66012,1.00,1.00
2017.07.10 19:59:45.133,1.65973,1.66009,1.00,1.00
2017.07.10 19:59:45.322,1.65971,1.66009,2.25,1.00
2017.07.10 19:59:45.995,1.65971,1.66008,2.25,1.00
2017.07.10 19:59:46.045,1.65972,1.66007,1.00,1.34
2017.07.10 19:59:46.366,1.65978,1.6601,1.00,1.50
2017.07.10 19:59:46.467,1.65978,1.66012,1.00,1.00
2017.07.10 19:59:46.568,1.65976,1.66006,1.00,1.00
2017.07.10 19:59:46.957,1.65978,1.66013,1.00,1.50
2017.07.10 19:59:47.722,1.65978,1.66014,1.00,1.00
2017.07.10 19:59:48.124,1.65984,1.66015,1.00,1.00
2017.07.10 19:59:48.175,1.65981,1.66016,1.00,1.00
2017.07.10 19:59:48.277,1.65986,1.66018,1.00,1.00
2017.07.10 19:59:48.328,1.65986,1.6602,1.00,1.00
2017.07.10 19:59:48.379,1.65986,1.66023,1.00,2.25
2017.07.10 19:59:48.515,1.65986,1.66021,1.00,1.00
2017.07.10 19:59:49.025,1.65986,1.6602,1.00,1.00
2017.07.10 19:59:49.177,1.65982,1.66017,2.25,1.09
2017.07.10 19:59:49.328,1.65982,1.66015,1.00,1.00
2017.07.10 19:59:49.531,1.65987,1.66023,1.50,2.25
2017.07.10 19:59:50.057,1.65987,1.66025,3.00,2.25
2017.07.10 19:59:50.108,1.65988,1.66022,1.00,1.00
2017.07.10 19:59:50.914,1.65988,1.66024,1.00,1.00
2017.07.10 19:59:51.443,1.65988,1.66025,1.50,1.00
2017.07.10 19:59:51.814,1.65992,1.66026,1.00,1.00
2017.07.10 19:59:51.915,1.65995,1.66032,1.50,1.37
2017.07.10 19:59:51.966,1.65998,1.66032,1.00,1.87
2017.07.10 19:59:52.270,1.65996,1.66027,1.00,1.09
2017.07.10 19:59:52.321,1.65996,1.6603,1.50,1.00
2017.07.10 19:59:52.372,1.65999,1.66031,1.00,1.00
2017.07.10 19:59:52.423,1.65999,1.66035,1.00,1.50
2017.07.10 19:59:52.995,1.65999,1.66034,1.00,1.00
2017.07.10 19:59:53.514,1.65999,1.66035,1.00,1.00
2017.07.10 19:59:54.336,1.65999,1.66036,1.09,2.25
2017.07.10 19:59:54.969,1.66,1.66036,1.00,1.00
2017.07.10 19:59:55.480,1.66003,1.66036,1.00,1.00
2017.07.10 19:59:55.784,1.66012,1.66037,1.00,1.00
2017.07.10 19:59:55.835,1.66009,1.66037,1.00,1.00
2017.07.10 19:59:55.937,1.66006,1.66037,1.00,1.00
2017.07.10 19:59:56.139,1.66003,1.66037,1.00,1.50
2017.07.10 19:59:56.191,1.66002,1.66035,1.00,1.00
2017.07.10 19:59:56.242,1.66002,1.66037,1.00,1.50
2017.07.10 19:59:56.751,1.66002,1.66036,1.50,1.00
2017.07.10 19:59:57.003,1.66006,1.66038,1.00,1.00
2017.07.10 19:59:57.156,1.66007,1.66042,1.00,1.00
2017.07.10 19:59:57.666,1.66008,1.66042,1.00,1.00
2017.07.10 19:59:57.772,1.66007,1.66044,1.50,1.50
2017.07.10 19:59:57.924,1.66011,1.66045,1.00,1.00
2017.07.10 19:59:58.026,1.6601,1.66047,1.00,1.00
2017.07.10 19:59:58.385,1.66012,1.66048,1.00,1.50
2017.07.10 19:59:58.895,1.6601,1.66048,1.00,1.50
2017.07.10 19:59:59.475,1.66011,1.66047,1.50,1.00
2017.07.10 19:59:59.526,1.66011,1.66045,1.00,1.00
