2011.12.16 08:00:00.411,1.60091,1.60144,2.93,1.84
2011.12.16 08:00:00.605,1.60091,1.60144,2.18,1.09
2011.12.16 08:00:01.259,1.6009,1.60143,1.87,1.13
2011.12.16 08:00:01.338,1.60071,1.60129,1.50,2.94
2011.12.16 08:00:01.416,1.60071,1.60122,1.50,1.14
2011.12.16 08:00:01.673,1.60072,1.60124,1.50,1.14
2011.12.16 08:00:02.120,1.60075,1.60131,1.50,1.14
2011.12.16 08:00:03.922,1.60075,1.6013,1.50,2.18
2011.12.16 08:00:03.989,1.60074,1.6013,1.50,2.18
2011.12.16 08:00:04.301,1.60075,1.60126,1.50,2.18
2011.12.16 08:00:04.974,1.60071,1.60126,1.50,2.56
2011.12.16 08:00:05.401,1.60071,1.60123,1.50,2.18
2011.12.16 08:00:05.730,1.60071,1.60121,1.50,2.56
2011.12.16 08:00:06.179,1.60071,1.60124,1.50,1.14
2011.12.16 08:00:06.737,1.60078,1.60129,1.09,1.89
2011.12.16 08:00:06.992,1.60076,1.60125,2.93,1.09
2011.12.16 08:00:07.180,1.60072,1.60122,1.50,2.18
2011.12.16 08:00:07.248,1.60075,1.60122,1.50,1.43
2011.12.16 08:00:07.322,1.60071,1.60124,1.84,2.18
2011.12.16 08:00:07.453,1.60079,1.6013,1.13,1.81
2011.12.16 08:00:07.525,1.60085,1.60138,1.50,1.14
2011.12.16 08:00:07.591,1.60084,1.60142,1.50,1.14
2011.12.16 08:00:08.224,1.60084,1.60142,1.50,1.14
2011.12.16 08:00:13.281,1.60088,1.60146,1.12,2.52
2011.12.16 08:00:13.357,1.60089,1.60146,1.50,1.09
2011.12.16 08:00:13.421,1.6009,1.60146,2.93,1.48
2011.12.16 08:00:14.195,1.60095,1.60149,1.50,1.09
2011.12.16 08:00:14.821,1.60096,1.60146,1.50,1.09
2011.12.16 08:00:15.452,1.60094,1.60146,1.50,1.85
2011.12.16 08:00:15.534,1.60094,1.60143,1.50,1.14
2011.12.16 08:00:15.981,1.60094,1.60146,1.50,1.81
2011.12.16 08:00:16.294,1.60093,1.60141,1.50,1.43
2011.12.16 08:00:17.114,1.60093,1.60142,1.50,1.81
2011.12.16 08:00:17.452,1.60093,1.60141,1.50,1.43
2011.12.16 08:00:17.585,1.60097,1.60154,2.18,2.60
2011.12.16 08:00:17.673,1.60097,1.60153,2.18,1.48
2011.12.16 08:00:18.866,1.60094,1.60153,1.50,2.19
2011.12.16 08:00:19.380,1.60093,1.60153,1.50,2.19
2011.12.16 08:00:20.095,1.60094,1.60153,1.50,2.19
2011.12.16 08:00:20.164,1.60094,1.60153,1.50,2.19
2011.12.16 08:00:20.938,1.60093,1.60153,1.50,2.19
2011.12.16 08:00:21.200,1.60094,1.60153,1.50,1.81
2011.12.16 08:00:21.273,1.60097,1.60156,1.50,1.81
2011.12.16 08:00:21.995,1.60098,1.60156,1.50,1.81
2011.12.16 08:00:23.158,1.60102,1.60156,1.50,1.81
2011.12.16 08:00:23.761,1.60103,1.60156,1.50,1.81
2011.12.16 08:00:24.270,1.601,1.60156,1.50,1.81
2011.12.16 08:00:24.342,1.60101,1.60156,1.50,1.81
2011.12.16 08:00:24.731,1.60097,1.60153,1.12,1.10
2011.12.16 08:00:24.862,1.60096,1.60151,3.30,1.10
2011.12.16 08:00:26.043,1.60096,1.60151,2.55,1.10
2011.12.16 08:00:27.454,1.60091,1.60151,1.50,1.10
2011.12.16 08:00:28.721,1.60091,1.60152,1.87,1.81
2011.12.16 08:00:28.910,1.60092,1.60154,1.12,1.89
2011.12.16 08:00:29.219,1.60092,1.60148,1.50,1.14
2011.12.16 08:00:29.288,1.60096,1.60151,1.50,1.14
2011.12.16 08:00:29.430,1.60096,1.60151,1.50,1.51
2011.12.16 08:00:29.742,1.60089,1.60143,1.12,1.80
2011.12.16 08:00:30.050,1.60086,1.60143,1.88,2.19
2011.12.16 08:00:30.631,1.60087,1.60143,1.13,2.19
2011.12.16 08:00:31.251,1.60092,1.60143,1.50,1.81
2011.12.16 08:00:31.318,1.60092,1.60143,1.50,1.81
2011.12.16 08:00:31.573,1.60091,1.60147,1.50,1.14
2011.12.16 08:00:31.836,1.60091,1.60146,1.50,1.14
2011.12.16 08:00:32.894,1.60091,1.60139,1.50,1.14
2011.12.16 08:00:34.938,1.60086,1.60139,1.50,1.14
2011.12.16 08:00:35.605,1.60086,1.60138,1.50,1.14
2011.12.16 08:00:35.853,1.60085,1.60139,1.50,1.14
2011.12.16 08:00:36.040,1.60077,1.60134,2.93,1.13
2011.12.16 08:00:36.517,1.6008,1.60136,1.50,1.14
2011.12.16 08:00:36.770,1.60077,1.60134,1.50,1.13
2011.12.16 08:00:36.838,1.60074,1.60133,1.50,1.14
2011.12.16 08:00:37.662,1.60074,1.60138,1.50,2.19
2011.12.16 08:00:37.851,1.60087,1.60143,1.50,1.14
2011.12.16 08:00:38.501,1.60087,1.60139,1.50,1.14
2011.12.16 08:00:38.809,1.60082,1.60138,1.50,1.14
2011.12.16 08:00:38.942,1.60082,1.60139,1.50,1.14
2011.12.16 08:00:44.900,1.60086,1.60139,1.13,1.14
2011.12.16 08:00:44.971,1.60086,1.60139,1.13,1.14
2011.12.16 08:00:45.474,1.60083,1.60139,1.88,1.14
2011.12.16 08:00:45.541,1.60081,1.60134,1.50,2.56
2011.12.16 08:00:45.791,1.60078,1.60134,1.13,2.94
2011.12.16 08:00:45.862,1.60082,1.60129,1.50,1.14
2011.12.16 08:00:45.928,1.60083,1.60134,1.50,2.19
2011.12.16 08:00:46.058,1.60084,1.60139,1.50,1.14
2011.12.16 08:00:46.575,1.60083,1.60144,1.50,2.56
2011.12.16 08:00:46.820,1.6009,1.60146,1.50,1.14
2011.12.16 08:00:47.965,1.60089,1.60146,1.50,1.13
2011.12.16 08:00:48.350,1.60085,1.60141,1.50,1.14
2011.12.16 08:00:48.718,1.60082,1.60133,1.50,1.14
2011.12.16 08:00:49.150,1.60075,1.60129,1.50,1.14
2011.12.16 08:00:49.459,1.60075,1.60133,1.50,2.56
2011.12.16 08:00:49.651,1.60077,1.60134,2.93,2.56
2011.12.16 08:00:49.720,1.60082,1.60134,1.50,1.43
2011.12.16 08:00:49.849,1.60082,1.60139,1.50,1.14
2011.12.16 08:00:50.370,1.60082,1.60139,1.50,1.14
2011.12.16 08:00:50.695,1.60083,1.60143,1.50,2.56
2011.12.16 08:00:50.975,1.60083,1.60139,1.50,1.14
2011.12.16 08:00:53.312,1.60075,1.60134,1.87,1.14
2011.12.16 08:00:53.763,1.60074,1.60135,1.87,1.81
2011.12.16 08:00:53.890,1.60083,1.60139,1.50,1.14
2011.12.16 08:00:55.158,1.60082,1.60139,1.50,1.14
2011.12.16 08:00:55.231,1.60082,1.60139,1.50,1.14
2011.12.16 08:00:55.793,1.60082,1.60139,1.50,1.14
2011.12.16 08:00:57.420,1.60082,1.60143,1.50,2.56
2011.12.16 08:00:57.967,1.60085,1.6014,1.50,1.14
2011.12.16 08:00:58.210,1.6008,1.60135,1.50,1.81
2011.12.16 08:00:58.932,1.60079,1.6013,1.50,1.13
2011.12.16 08:00:59.120,1.6008,1.60125,1.50,1.43
2011.12.16 08:00:59.191,1.60069,1.60125,1.88,1.81
2011.12.16 08:00:59.320,1.60068,1.60123,1.88,1.43
2011.12.16 08:00:59.630,1.60069,1.60125,1.13,1.13
2011.12.16 08:00:59.951,1.60067,1.6012,1.13,1.13
2011.12.16 08:01:00.584,1.6006,1.60119,2.18,1.14
2011.12.16 08:01:00.659,1.60063,1.60121,1.50,1.14
2011.12.16 08:01:01.149,1.60065,1.60121,1.43,1.14
2011.12.16 08:01:01.218,1.60061,1.60118,2.93,2.18
2011.12.16 08:01:01.348,1.6006,1.60116,1.13,1.14
2011.12.16 08:01:01.421,1.60061,1.60116,1.13,1.14
2011.12.16 08:01:01.549,1.60069,1.60125,1.50,2.56
2011.12.16 08:01:02.159,1.60066,1.60123,1.50,1.50
2011.12.16 08:01:02.288,1.60063,1.60121,2.93,1.14
2011.12.16 08:01:03.065,1.60068,1.60124,1.50,2.18
2011.12.16 08:01:03.880,1.60069,1.60124,1.50,2.18
2011.12.16 08:01:04.281,1.60069,1.60124,1.50,2.18
2011.12.16 08:01:04.950,1.60065,1.60123,2.18,1.14
2011.12.16 08:01:05.026,1.60068,1.60125,1.50,2.18
2011.12.16 08:01:08.229,1.60062,1.60108,1.50,2.18
2011.12.16 08:01:08.359,1.6006,1.60108,1.13,2.18
2011.12.16 08:01:08.433,1.6006,1.60108,1.13,1.43
2011.12.16 08:01:08.561,1.60077,1.60129,1.50,1.50
2011.12.16 08:01:09.232,1.60079,1.60131,1.13,1.43
2011.12.16 08:01:09.360,1.60084,1.6014,1.50,2.52
2011.12.16 08:01:09.453,1.60082,1.6014,1.50,2.52
2011.12.16 08:01:10.451,1.60082,1.60135,1.50,1.13
2011.12.16 08:01:10.595,1.60074,1.6013,1.88,1.14
2011.12.16 08:01:10.723,1.60074,1.60129,1.88,2.18
2011.12.16 08:01:11.029,1.60072,1.60113,1.50,2.18
2011.12.16 08:01:11.343,1.60071,1.60123,2.18,1.14
2011.12.16 08:01:11.475,1.60082,1.60128,1.09,1.14
2011.12.16 08:01:12.133,1.60065,1.60119,1.50,1.09
2011.12.16 08:01:12.262,1.60065,1.60118,1.50,1.09
2011.12.16 08:01:12.330,1.60066,1.60122,1.50,1.09
2011.12.16 08:01:12.520,1.60058,1.60114,1.50,2.56
2011.12.16 08:01:13.975,1.60057,1.60114,1.50,2.18
2011.12.16 08:01:14.578,1.60046,1.60104,1.13,2.19
2011.12.16 08:01:15.097,1.60047,1.60104,1.50,1.81
2011.12.16 08:01:15.557,1.60045,1.60104,2.55,2.19
2011.12.16 08:01:16.477,1.60045,1.60104,2.55,2.19
2011.12.16 08:01:17.032,1.60045,1.60104,2.55,2.19
2011.12.16 08:01:17.590,1.60052,1.60106,2.18,1.14
2011.12.16 08:01:18.202,1.6005,1.60106,1.50,1.51
2011.12.16 08:01:18.640,1.60044,1.60098,1.13,1.14
2011.12.16 08:01:19.512,1.60045,1.60098,1.50,1.09
2011.12.16 08:01:19.771,1.60056,1.60108,2.18,1.14
2011.12.16 08:01:19.840,1.60056,1.60108,2.18,1.14
2011.12.16 08:01:19.910,1.60056,1.60106,2.18,1.14
2011.12.16 08:01:20.285,1.60062,1.60109,1.50,1.09
2011.12.16 08:01:21.071,1.60057,1.60107,1.50,2.18
2011.12.16 08:01:21.149,1.60055,1.60106,1.13,1.14
2011.12.16 08:01:24.157,1.60055,1.60107,1.88,1.81
2011.12.16 08:01:24.340,1.60057,1.60106,1.43,1.14
2011.12.16 08:01:25.618,1.60056,1.60106,1.50,1.14
2011.12.16 08:01:25.695,1.60056,1.60109,1.88,1.09
2011.12.16 08:01:25.949,1.60056,1.60109,1.88,1.09
2011.12.16 08:01:26.077,1.60056,1.60109,1.13,1.84
2011.12.16 08:01:26.452,1.60056,1.60108,1.88,2.15
2011.12.16 08:01:26.523,1.60056,1.60106,1.88,1.14
2011.12.16 08:01:26.652,1.60056,1.60104,1.88,1.13
2011.12.16 08:01:26.961,1.60048,1.60099,2.18,1.14
2011.12.16 08:01:27.497,1.60048,1.60099,2.18,1.14
2011.12.16 08:01:27.753,1.60047,1.60098,1.50,1.14
2011.12.16 08:01:27.823,1.60046,1.60097,1.13,1.14
2011.12.16 08:01:28.373,1.60046,1.60096,1.88,1.14
2011.12.16 08:01:28.439,1.60046,1.60099,1.88,1.14
2011.12.16 08:01:28.509,1.60046,1.60096,1.13,1.14
2011.12.16 08:01:29.430,1.60046,1.60099,1.88,1.14
2011.12.16 08:01:29.502,1.60048,1.60103,1.50,1.51
2011.12.16 08:01:29.777,1.60048,1.60103,1.87,1.14
2011.12.16 08:01:30.129,1.60047,1.60109,1.87,1.48
2011.12.16 08:01:30.442,1.60047,1.60097,1.87,1.43
2011.12.16 08:01:30.513,1.60048,1.60103,1.87,1.14
2011.12.16 08:01:30.643,1.60047,1.60098,1.50,1.13
2011.12.16 08:01:31.175,1.60047,1.60098,1.50,1.14
2011.12.16 08:01:31.245,1.60047,1.60099,1.50,1.14
2011.12.16 08:01:31.431,1.60047,1.60098,1.50,1.14
2011.12.16 08:01:31.502,1.60047,1.60099,1.50,1.14
2011.12.16 08:01:31.574,1.60047,1.60098,1.50,1.13
2011.12.16 08:01:31.879,1.60037,1.60094,1.50,2.19
2011.12.16 08:01:31.950,1.60037,1.60093,1.88,1.14
2011.12.16 08:01:32.020,1.60037,1.60092,1.88,1.14
2011.12.16 08:01:32.089,1.60037,1.60093,1.88,2.26
2011.12.16 08:01:32.159,1.60037,1.60088,1.88,1.43
2011.12.16 08:01:32.350,1.60038,1.60094,1.50,1.81
2011.12.16 08:01:32.949,1.60037,1.60094,1.88,1.81
2011.12.16 08:01:33.015,1.60037,1.60094,1.88,1.81
2011.12.16 08:01:33.260,1.60042,1.60102,1.50,2.15
2011.12.16 08:01:33.334,1.60037,1.60094,1.50,1.14
2011.12.16 08:01:33.880,1.60047,1.60092,1.13,1.43
2011.12.16 08:01:34.627,1.60047,1.60099,1.50,2.52
2011.12.16 08:01:35.449,1.60046,1.601,1.88,2.18
2011.12.16 08:01:38.042,1.60047,1.60099,1.50,1.51
2011.12.16 08:01:38.167,1.60046,1.60093,2.25,1.43
2011.12.16 08:01:40.606,1.60046,1.60093,1.88,1.43
2011.12.16 08:01:41.238,1.60046,1.60087,1.13,1.47
2011.12.16 08:01:41.310,1.60039,1.60081,1.13,1.14
2011.12.16 08:01:41.560,1.60038,1.60078,1.13,1.81
2011.12.16 08:01:41.632,1.60038,1.60073,1.13,1.43
2011.12.16 08:01:41.699,1.60038,1.60084,1.13,1.14
2011.12.16 08:01:41.828,1.60038,1.60089,1.13,1.14
2011.12.16 08:01:41.898,1.60038,1.60089,1.13,1.14
2011.12.16 08:01:42.030,1.60039,1.60094,1.13,1.14
2011.12.16 08:01:42.409,1.60039,1.60094,1.13,1.14
2011.12.16 08:01:43.592,1.60046,1.60094,1.50,1.14
2011.12.16 08:01:44.385,1.60045,1.60093,1.50,1.43
2011.12.16 08:01:44.712,1.60045,1.60093,1.50,2.18
2011.12.16 08:01:48.234,1.60041,1.60093,1.50,2.18
2011.12.16 08:01:50.865,1.60041,1.60093,1.50,2.18
2011.12.16 08:01:51.170,1.60045,1.60093,1.50,2.18
2011.12.16 08:01:51.285,1.60042,1.60093,1.50,2.18
2011.12.16 08:01:51.425,1.60045,1.60093,1.50,1.43
2011.12.16 08:01:51.610,1.60044,1.60093,1.13,2.18
2011.12.16 08:01:52.543,1.60045,1.60093,1.50,1.43
2011.12.16 08:01:52.612,1.60044,1.60095,1.13,2.56
2011.12.16 08:01:52.742,1.60047,1.60095,1.50,2.56
2011.12.16 08:01:52.991,1.60048,1.60095,1.50,1.81
2011.12.16 08:01:53.065,1.60047,1.60092,1.50,1.43
2011.12.16 08:01:53.192,1.60048,1.60092,1.50,1.43
2011.12.16 08:01:53.502,1.60054,1.60099,1.13,1.51
2011.12.16 08:01:53.572,1.60058,1.60111,1.50,1.09
2011.12.16 08:01:54.215,1.60063,1.60109,1.13,1.14
2011.12.16 08:01:54.286,1.60063,1.60111,1.13,2.18
2011.12.16 08:01:54.407,1.60063,1.60116,1.13,1.14
2011.12.16 08:01:54.789,1.60063,1.6011,1.13,2.18
2011.12.16 08:01:54.981,1.60065,1.60117,1.13,1.14
2011.12.16 08:01:55.052,1.6006,1.60114,2.21,1.13
2011.12.16 08:01:55.183,1.60065,1.60113,1.12,1.13
2011.12.16 08:01:55.255,1.60071,1.60104,1.50,1.43
2011.12.16 08:01:55.880,1.60065,1.60116,1.13,1.50
2011.12.16 08:01:55.958,1.60072,1.60118,1.50,1.50
2011.12.16 08:01:56.037,1.60074,1.60122,1.50,1.43
2011.12.16 08:01:56.106,1.60074,1.60122,1.50,1.77
2011.12.16 08:01:56.414,1.60073,1.60116,1.50,1.09
2011.12.16 08:01:56.483,1.60069,1.60116,1.50,1.09
2011.12.16 08:01:56.557,1.60068,1.60116,1.50,1.09
2011.12.16 08:01:56.692,1.60068,1.60116,1.50,1.09
2011.12.16 08:01:57.289,1.60068,1.60116,1.50,1.09
2011.12.16 08:01:57.483,1.60065,1.60112,1.50,1.14
2011.12.16 08:01:57.994,1.60066,1.6011,1.50,2.18
2011.12.16 08:01:58.183,1.60065,1.60107,1.13,1.09
2011.12.16 08:01:58.251,1.6006,1.60107,1.50,1.47
2011.12.16 08:01:58.322,1.60057,1.60103,1.50,1.14
2011.12.16 08:01:58.920,1.6006,1.60109,1.50,2.18
2011.12.16 08:01:59.960,1.60058,1.60104,1.50,1.13
2011.12.16 08:02:01.233,1.60057,1.60104,1.50,1.51
2011.12.16 08:02:02.043,1.6006,1.60103,1.50,1.14
2011.12.16 08:02:02.601,1.60058,1.60104,1.13,1.51
2011.12.16 08:02:03.190,1.60057,1.60106,1.88,1.10
2011.12.16 08:02:03.859,1.60061,1.601,1.13,1.14
2011.12.16 08:02:05.048,1.60061,1.601,1.13,1.14
2011.12.16 08:02:05.890,1.60062,1.60105,1.50,1.14
2011.12.16 08:02:05.991,1.60067,1.6011,1.13,1.14
2011.12.16 08:02:06.559,1.60069,1.60116,1.13,1.48
2011.12.16 08:02:06.942,1.60069,1.60118,1.13,2.15
2011.12.16 08:02:07.129,1.60069,1.60119,1.13,1.09
2011.12.16 08:02:08.557,1.60079,1.60127,1.88,1.81
2011.12.16 08:02:08.626,1.60079,1.60133,1.88,2.56
2011.12.16 08:02:08.692,1.60078,1.60133,1.13,2.56
2011.12.16 08:02:09.000,1.60087,1.60136,1.13,1.14
2011.12.16 08:02:09.856,1.60086,1.60137,1.13,2.56
2011.12.16 08:02:10.460,1.60086,1.60137,1.13,1.14
2011.12.16 08:02:10.890,1.60087,1.60136,1.13,1.51
2011.12.16 08:02:11.261,1.60087,1.60131,1.13,1.14
2011.12.16 08:02:11.630,1.60086,1.60133,1.88,1.81
2011.12.16 08:02:11.761,1.60086,1.60132,1.13,1.14
2011.12.16 08:02:12.467,1.60087,1.60133,1.13,1.81
2011.12.16 08:02:12.537,1.60087,1.60142,1.13,1.14
2011.12.16 08:02:12.605,1.6009,1.60141,1.13,1.14
2011.12.16 08:02:13.071,1.60089,1.60141,1.13,1.14
2011.12.16 08:02:13.903,1.6009,1.60143,1.13,2.56
2011.12.16 08:02:14.191,1.60091,1.60142,1.13,1.14
2011.12.16 08:02:14.753,1.6009,1.60144,1.13,2.56
2011.12.16 08:02:14.817,1.6009,1.60144,1.88,2.18
2011.12.16 08:02:14.892,1.6009,1.60144,1.88,1.43
2011.12.16 08:02:15.020,1.6009,1.60144,2.63,1.43
2011.12.16 08:02:16.175,1.60098,1.60144,1.50,1.81
2011.12.16 08:02:16.500,1.60097,1.60144,1.50,2.18
2011.12.16 08:02:16.709,1.60098,1.60144,1.50,1.81
2011.12.16 08:02:16.873,1.60097,1.60144,1.50,2.18
2011.12.16 08:02:17.506,1.60091,1.60145,2.25,2.56
2011.12.16 08:02:17.880,1.6009,1.60145,1.50,2.56
2011.12.16 08:02:18.462,1.6009,1.60141,1.50,1.50
2011.12.16 08:02:18.648,1.60092,1.60138,1.50,2.18
2011.12.16 08:02:18.720,1.60091,1.60138,1.50,2.56
2011.12.16 08:02:18.852,1.6009,1.60138,1.50,2.18
2011.12.16 08:02:20.979,1.6009,1.60139,1.50,1.43
2011.12.16 08:02:21.302,1.60097,1.60139,1.50,1.43
2011.12.16 08:02:21.562,1.60103,1.60154,1.13,2.18
2011.12.16 08:02:24.249,1.60105,1.60154,1.13,2.18
2011.12.16 08:02:24.918,1.60105,1.60149,1.88,1.43
2011.12.16 08:02:24.996,1.60106,1.60156,1.13,1.50
2011.12.16 08:02:26.022,1.60103,1.60158,3.30,1.14
2011.12.16 08:02:26.210,1.60103,1.60158,2.18,1.14
2011.12.16 08:02:26.282,1.60106,1.60158,1.50,1.14
2011.12.16 08:02:26.413,1.60101,1.60157,1.50,2.18
2011.12.16 08:02:27.060,1.60103,1.60157,1.13,2.18
2011.12.16 08:02:27.138,1.60107,1.60158,1.50,1.14
2011.12.16 08:02:29.038,1.60107,1.60157,1.50,1.14
2011.12.16 08:02:30.132,1.60109,1.60159,1.50,1.14
2011.12.16 08:02:31.679,1.60106,1.60157,1.50,1.14
2011.12.16 08:02:34.944,1.60109,1.60162,1.50,1.81
2011.12.16 08:02:35.015,1.60107,1.60157,1.50,1.14
2011.12.16 08:02:35.273,1.60104,1.60157,1.13,1.14
2011.12.16 08:02:35.426,1.60106,1.60157,1.50,1.14
2011.12.16 08:02:36.174,1.60103,1.60158,2.18,1.14
2011.12.16 08:02:36.711,1.60106,1.60157,1.50,1.50
2011.12.16 08:02:36.857,1.60096,1.60148,1.50,1.09
2011.12.16 08:02:36.954,1.60096,1.60145,1.50,1.13
2011.12.16 08:02:37.024,1.60095,1.60145,1.12,1.13
2011.12.16 08:02:37.233,1.60089,1.60135,1.09,1.43
2011.12.16 08:02:37.303,1.60089,1.60135,1.09,1.43
2011.12.16 08:02:37.563,1.60091,1.60146,1.50,2.18
2011.12.16 08:02:37.773,1.60089,1.60141,1.09,2.18
2011.12.16 08:02:38.323,1.60087,1.60141,1.09,2.18
2011.12.16 08:02:38.749,1.60089,1.60141,1.09,2.18
2011.12.16 08:02:38.880,1.60091,1.60148,1.50,1.09
2011.12.16 08:02:39.188,1.60088,1.60141,1.09,2.18
2011.12.16 08:02:39.294,1.60089,1.60141,1.09,2.18
2011.12.16 08:02:39.748,1.60092,1.60146,1.50,2.18
2011.12.16 08:02:40.304,1.60091,1.60146,1.88,2.18
2011.12.16 08:02:40.375,1.60091,1.60141,1.50,2.18
2011.12.16 08:02:41.003,1.60091,1.60141,1.50,2.18
2011.12.16 08:02:41.188,1.60089,1.60141,1.09,2.18
2011.12.16 08:02:46.488,1.60086,1.60132,1.12,1.09
2011.12.16 08:02:46.564,1.60077,1.60125,1.50,2.18
2011.12.16 08:02:46.690,1.60077,1.60125,1.50,1.43
2011.12.16 08:02:46.758,1.60077,1.6013,1.50,1.14
2011.12.16 08:02:47.805,1.60077,1.60128,1.50,1.14
2011.12.16 08:02:47.871,1.60077,1.60123,1.50,1.43
2011.12.16 08:02:48.178,1.60077,1.60129,1.50,2.98
2011.12.16 08:02:48.734,1.60078,1.60133,1.13,1.14
2011.12.16 08:02:48.807,1.60083,1.60138,1.88,1.43
2011.12.16 08:02:49.200,1.60086,1.60138,1.50,2.18
2011.12.16 08:02:49.746,1.60086,1.60134,1.50,1.43
2011.12.16 08:02:50.059,1.60078,1.60124,1.12,1.09
2011.12.16 08:02:50.130,1.60077,1.60123,1.12,1.13
2011.12.16 08:02:50.670,1.60077,1.60112,1.87,1.43
2011.12.16 08:02:50.748,1.60073,1.60129,1.88,2.52
2011.12.16 08:02:52.172,1.60073,1.60125,1.13,1.09
2011.12.16 08:02:52.478,1.60071,1.60113,1.13,1.77
2011.12.16 08:02:53.122,1.60071,1.60113,1.13,1.43
2011.12.16 08:02:53.184,1.60072,1.6012,1.13,1.77
2011.12.16 08:02:53.700,1.60073,1.6012,1.13,1.77
2011.12.16 08:02:53.893,1.60079,1.60128,1.50,2.18
2011.12.16 08:02:53.960,1.60079,1.60128,1.50,1.43
2011.12.16 08:02:54.030,1.60079,1.60136,1.50,2.90
2011.12.16 08:02:54.490,1.60084,1.60136,1.13,1.77
2011.12.16 08:02:54.752,1.60089,1.60143,1.50,2.56
2011.12.16 08:02:58.204,1.6009,1.60143,1.50,1.43
2011.12.16 08:02:59.081,1.6009,1.60143,1.50,1.43
2011.12.16 08:02:59.257,1.6009,1.60143,1.50,1.43
2011.12.16 08:02:59.442,1.6009,1.60143,1.50,2.18
2011.12.16 08:02:59.512,1.6009,1.60143,1.50,2.18
2011.12.16 08:03:00.287,1.6009,1.60131,1.50,1.43
2011.12.16 08:03:00.359,1.60089,1.60138,1.50,2.18
2011.12.16 08:03:02.110,1.60089,1.60138,1.50,1.43
2011.12.16 08:03:02.301,1.6009,1.60144,1.87,2.18
2011.12.16 08:03:03.731,1.6009,1.60144,1.87,2.55
2011.12.16 08:03:04.043,1.60089,1.60135,1.50,1.43
2011.12.16 08:03:04.669,1.60089,1.60144,1.50,2.90
2011.12.16 08:03:04.743,1.60089,1.60144,1.50,2.90
2011.12.16 08:03:05.382,1.6009,1.60138,1.50,1.09
2011.12.16 08:03:06.897,1.60089,1.60141,1.50,1.14
2011.12.16 08:03:07.304,1.60085,1.60141,1.50,1.14
2011.12.16 08:03:07.372,1.6009,1.60143,1.50,1.13
2011.12.16 08:03:07.689,1.60085,1.60136,1.50,1.43
2011.12.16 08:03:08.000,1.60085,1.60128,1.50,2.18
2011.12.16 08:03:08.687,1.60085,1.60129,1.50,1.84
2011.12.16 08:03:08.870,1.60084,1.60128,1.13,1.43
2011.12.16 08:03:09.002,1.60086,1.60135,1.50,2.15
2011.12.16 08:03:09.311,1.60085,1.60128,1.50,2.15
2011.12.16 08:03:09.562,1.60085,1.60135,1.50,2.15
2011.12.16 08:03:09.628,1.60085,1.60127,1.50,1.43
2011.12.16 08:03:09.701,1.60085,1.60127,1.50,1.43
2011.12.16 08:03:10.097,1.60086,1.60127,1.50,1.81
2011.12.16 08:03:10.953,1.60084,1.60127,1.13,1.81
2011.12.16 08:03:11.241,1.60086,1.60127,1.50,1.81
2011.12.16 08:03:12.232,1.60084,1.60127,1.13,1.81
2011.12.16 08:03:12.770,1.60085,1.60127,1.50,1.81
2011.12.16 08:03:13.303,1.60086,1.60127,1.50,1.43
2011.12.16 08:03:13.636,1.60086,1.60127,1.50,1.43
2011.12.16 08:03:13.762,1.60086,1.60136,1.50,1.43
2011.12.16 08:03:13.891,1.60086,1.60139,1.50,1.14
2011.12.16 08:03:13.961,1.60086,1.60139,1.50,1.14
2011.12.16 08:03:14.028,1.60085,1.60141,1.50,1.14
2011.12.16 08:03:14.689,1.60085,1.60142,1.50,1.81
2011.12.16 08:03:15.240,1.60085,1.60141,1.50,1.14
2011.12.16 08:03:15.308,1.60085,1.60142,1.50,1.81
2011.12.16 08:03:15.845,1.60086,1.60143,1.50,2.56
2011.12.16 08:03:16.679,1.60086,1.6014,1.50,1.14
2011.12.16 08:03:17.167,1.60086,1.60142,1.50,1.81
2011.12.16 08:03:17.853,1.60086,1.6014,1.50,1.14
2011.12.16 08:03:18.712,1.60091,1.60135,1.50,1.43
2011.12.16 08:03:19.999,1.60088,1.60135,1.13,2.18
2011.12.16 08:03:20.759,1.60082,1.60135,1.12,2.18
2011.12.16 08:03:20.798,1.60081,1.60135,1.87,2.18
2011.12.16 08:03:21.466,1.60082,1.60135,1.12,2.18
2011.12.16 08:03:21.711,1.60083,1.60135,1.50,2.18
2011.12.16 08:03:26.923,1.60082,1.60135,1.50,1.43
2011.12.16 08:03:27.991,1.60082,1.60135,1.50,2.18
2011.12.16 08:03:29.753,1.60081,1.60133,1.50,1.14
2011.12.16 08:03:29.883,1.6008,1.60131,1.50,1.50
2011.12.16 08:03:33.965,1.60081,1.60132,1.50,1.50
2011.12.16 08:03:34.627,1.60081,1.60128,1.50,1.81
2011.12.16 08:03:36.112,1.60077,1.60112,1.13,1.43
2011.12.16 08:03:36.298,1.60068,1.60112,1.13,4.03
2011.12.16 08:03:36.883,1.60068,1.60105,1.13,1.43
2011.12.16 08:03:37.849,1.60068,1.60105,1.13,1.43
2011.12.16 08:03:37.921,1.60057,1.60105,1.13,2.18
2011.12.16 08:03:37.989,1.60057,1.60095,1.13,1.09
2011.12.16 08:03:38.711,1.60058,1.60096,1.50,1.43
2011.12.16 08:03:38.780,1.60059,1.60102,1.50,1.14
2011.12.16 08:03:38.850,1.60059,1.60103,1.50,1.09
2011.12.16 08:03:38.918,1.60059,1.60103,1.50,1.09
2011.12.16 08:03:39.606,1.60058,1.60105,1.50,1.77
2011.12.16 08:03:39.672,1.60058,1.60105,1.50,1.77
2011.12.16 08:03:42.334,1.60061,1.60105,1.50,1.77
2011.12.16 08:03:45.228,1.60076,1.60105,1.13,1.81
2011.12.16 08:03:45.424,1.6008,1.60125,1.50,1.14
2011.12.16 08:03:45.548,1.60079,1.60123,1.50,1.51
2011.12.16 08:03:45.876,1.60079,1.60119,1.50,1.77
2011.12.16 08:03:45.944,1.60075,1.60118,1.50,1.09
2011.12.16 08:03:47.911,1.60075,1.60115,1.50,1.09
2011.12.16 08:03:48.160,1.60073,1.60112,1.50,1.43
2011.12.16 08:03:48.361,1.60074,1.60119,1.13,1.48
2011.12.16 08:03:50.383,1.60074,1.60119,1.13,2.90
2011.12.16 08:03:50.881,1.60073,1.60115,1.13,1.09
2011.12.16 08:03:51.209,1.60074,1.60111,1.13,1.43
2011.12.16 08:03:52.648,1.60073,1.60111,1.13,1.43
2011.12.16 08:04:00.079,1.60072,1.60111,1.13,1.43
2011.12.16 08:04:00.152,1.60072,1.60119,1.13,2.90
2011.12.16 08:04:00.340,1.60071,1.60115,1.13,1.09
2011.12.16 08:04:00.781,1.60071,1.60119,1.88,2.90
2011.12.16 08:04:01.525,1.60071,1.60115,1.13,1.09
2011.12.16 08:04:01.610,1.60071,1.60118,1.88,1.10
2011.12.16 08:04:01.681,1.60071,1.60111,1.88,1.43
2011.12.16 08:04:02.627,1.60072,1.6011,1.13,1.43
2011.12.16 08:04:09.515,1.60072,1.60119,1.13,2.90
2011.12.16 08:04:09.587,1.60072,1.60119,1.13,2.90
2011.12.16 08:04:11.240,1.60072,1.60119,1.13,2.15
2011.12.16 08:04:13.028,1.60072,1.60119,1.13,2.90
2011.12.16 08:04:15.379,1.60072,1.60115,1.88,1.77
2011.12.16 08:04:15.445,1.60072,1.60119,1.13,1.48
2011.12.16 08:04:17.760,1.60071,1.60115,1.13,1.09
2011.12.16 08:04:18.261,1.60071,1.60111,1.13,2.56
2011.12.16 08:04:18.511,1.60071,1.60111,1.88,1.81
2011.12.16 08:04:18.760,1.60072,1.60112,1.13,1.43
2011.12.16 08:04:19.212,1.60072,1.60121,1.13,1.81
2011.12.16 08:04:19.283,1.60072,1.60121,1.13,1.43
2011.12.16 08:04:20.483,1.60072,1.60122,1.13,1.43
2011.12.16 08:04:20.902,1.60072,1.60122,1.13,2.18
2011.12.16 08:04:21.613,1.60071,1.60121,1.88,2.18
2011.12.16 08:04:21.930,1.60071,1.6012,1.88,1.14
2011.12.16 08:04:22.212,1.60071,1.6012,1.13,1.14
2011.12.16 08:04:22.464,1.60071,1.60114,1.13,2.56
2011.12.16 08:04:22.650,1.60066,1.60114,1.50,2.56
2011.12.16 08:04:24.028,1.60065,1.60114,1.50,1.14
2011.12.16 08:04:24.158,1.60062,1.60113,1.50,1.14
2011.12.16 08:04:24.550,1.60064,1.60114,1.50,2.56
2011.12.16 08:04:28.389,1.60062,1.60113,1.50,1.14
2011.12.16 08:04:28.902,1.60061,1.60114,1.88,1.14
2011.12.16 08:04:29.705,1.60062,1.60115,1.12,2.18
2011.12.16 08:04:31.298,1.60061,1.60114,1.88,1.14
2011.12.16 08:04:32.454,1.60061,1.60109,1.13,1.14
2011.12.16 08:04:33.797,1.60062,1.60113,1.50,2.18
2011.12.16 08:04:34.038,1.6006,1.60114,1.50,1.14
2011.12.16 08:04:37.220,1.60056,1.60114,1.88,1.14
2011.12.16 08:04:38.078,1.60062,1.60118,1.50,1.14
2011.12.16 08:04:41.947,1.60061,1.60114,1.50,1.14
2011.12.16 08:04:42.556,1.60049,1.60104,1.50,1.14
2011.12.16 08:04:43.220,1.60047,1.60104,1.50,1.14
2011.12.16 08:04:44.247,1.60046,1.60103,1.50,1.14
2011.12.16 08:04:44.572,1.60046,1.60106,1.50,1.81
2011.12.16 08:04:51.496,1.60042,1.60098,1.50,2.18
2011.12.16 08:04:51.577,1.60041,1.60088,1.50,2.18
2011.12.16 08:04:51.644,1.60038,1.60088,1.12,2.55
2011.12.16 08:04:52.219,1.60038,1.60086,1.12,2.18
2011.12.16 08:04:52.303,1.60042,1.60093,1.50,1.13
2011.12.16 08:04:52.383,1.60042,1.60093,1.87,1.13
2011.12.16 08:04:52.511,1.60032,1.60084,1.50,1.51
2011.12.16 08:04:52.650,1.60034,1.60076,1.50,1.43
2011.12.16 08:04:53.209,1.60034,1.60074,1.50,1.43
2011.12.16 08:04:53.341,1.60034,1.60074,1.50,1.43
2011.12.16 08:04:53.865,1.60034,1.60082,1.50,1.81
2011.12.16 08:04:53.947,1.60033,1.60086,1.50,2.18
2011.12.16 08:04:54.173,1.60034,1.60085,1.50,1.43
2011.12.16 08:04:54.300,1.60034,1.60085,1.50,1.81
2011.12.16 08:04:54.836,1.60033,1.60085,1.50,1.81
2011.12.16 08:04:56.201,1.60027,1.60085,1.50,2.19
2011.12.16 08:04:56.686,1.60027,1.60085,1.50,2.19
2011.12.16 08:04:57.192,1.60028,1.60085,1.50,2.19
2011.12.16 08:04:57.959,1.60027,1.60085,1.50,2.19
2011.12.16 08:04:58.158,1.60027,1.60084,1.50,1.14
2011.12.16 08:04:58.291,1.60028,1.60084,1.50,1.14
2011.12.16 08:04:58.854,1.60028,1.60086,1.50,1.81
2011.12.16 08:04:59.870,1.60028,1.60086,1.09,1.81
2011.12.16 08:05:00.022,1.60045,1.60108,1.13,1.48
2011.12.16 08:05:00.142,1.60051,1.60108,1.50,1.48
2011.12.16 08:05:00.343,1.60052,1.60108,1.50,1.48
2011.12.16 08:05:00.531,1.60052,1.60109,1.84,1.14
2011.12.16 08:05:00.661,1.60053,1.60109,1.50,1.14
2011.12.16 08:05:00.910,1.60054,1.60113,1.12,1.14
2011.12.16 08:05:01.637,1.60053,1.60114,1.50,1.51
2011.12.16 08:05:03.505,1.60051,1.60109,1.87,1.14
2011.12.16 08:05:03.630,1.60053,1.60116,1.50,2.19
2011.12.16 08:05:03.760,1.60052,1.60109,1.50,1.14
2011.12.16 08:05:04.015,1.60051,1.60109,1.87,1.14
2011.12.16 08:05:04.321,1.60051,1.60101,1.50,2.18
2011.12.16 08:05:04.454,1.60043,1.60097,1.50,1.14
2011.12.16 08:05:05.044,1.60041,1.60098,1.50,1.14
2011.12.16 08:05:05.139,1.60042,1.6009,1.50,1.14
2011.12.16 08:05:05.472,1.60042,1.60095,1.50,1.13
2011.12.16 08:05:05.625,1.60041,1.6009,1.50,1.14
2011.12.16 08:05:06.858,1.60036,1.60083,1.50,1.14
2011.12.16 08:05:07.161,1.60036,1.60093,1.50,1.14
2011.12.16 08:05:07.445,1.60039,1.60095,1.50,1.14
2011.12.16 08:05:09.044,1.60042,1.60101,1.50,1.14
2011.12.16 08:05:09.113,1.60043,1.60101,1.50,1.14
2011.12.16 08:05:09.727,1.60041,1.60098,1.50,1.13
2011.12.16 08:05:09.792,1.60037,1.60092,2.93,1.14
2011.12.16 08:05:09.919,1.60037,1.60094,1.50,1.14
2011.12.16 08:05:10.667,1.60037,1.60092,1.50,1.14
2011.12.16 08:05:10.737,1.60046,1.60098,1.87,2.18
2011.12.16 08:05:11.300,1.60046,1.60095,1.50,1.14
2011.12.16 08:05:11.798,1.60045,1.60098,1.50,1.81
2011.12.16 08:05:13.053,1.60046,1.60093,1.50,1.09
2011.12.16 08:05:13.278,1.60033,1.60083,1.50,1.48
2011.12.16 08:05:14.018,1.60029,1.60083,2.18,1.14
2011.12.16 08:05:14.723,1.60029,1.60083,2.18,1.14
2011.12.16 08:05:16.163,1.60029,1.60086,2.18,1.81
2011.12.16 08:05:16.349,1.60033,1.60089,1.50,1.14
2011.12.16 08:05:16.870,1.60034,1.60093,1.50,1.81
2011.12.16 08:05:17.473,1.60036,1.60099,1.09,1.51
2011.12.16 08:05:17.547,1.60041,1.60099,1.50,1.14
2011.12.16 08:05:17.611,1.60041,1.60099,1.50,1.14
2011.12.16 08:05:18.302,1.60041,1.60091,1.50,1.43
2011.12.16 08:05:18.569,1.60035,1.60098,1.50,1.81
2011.12.16 08:05:18.639,1.60034,1.60098,1.13,1.81
2011.12.16 08:05:18.833,1.60039,1.60098,1.50,1.81
2011.12.16 08:05:19.630,1.60039,1.60091,1.50,1.43
2011.12.16 08:05:19.692,1.60039,1.60087,1.50,1.09
2011.12.16 08:05:19.822,1.6003,1.60076,1.87,1.43
2011.12.16 08:05:19.955,1.60026,1.60076,1.13,1.43
2011.12.16 08:05:20.080,1.60031,1.60089,1.50,1.48
2011.12.16 08:05:20.215,1.60031,1.6009,1.13,2.15
2011.12.16 08:05:20.758,1.60036,1.60089,1.50,1.51
2011.12.16 08:05:21.551,1.60028,1.60087,1.50,1.81
2011.12.16 08:05:22.259,1.6003,1.60088,1.50,1.14
2011.12.16 08:05:22.831,1.60031,1.60088,1.50,1.14
2011.12.16 08:05:23.938,1.6003,1.60088,1.50,1.14
2011.12.16 08:05:25.420,1.60031,1.60088,1.50,1.14
2011.12.16 08:05:25.767,1.6003,1.60089,1.87,1.14
2011.12.16 08:05:26.021,1.60031,1.60098,1.13,1.51
2011.12.16 08:05:26.090,1.60036,1.60098,1.50,1.51
2011.12.16 08:05:26.398,1.60036,1.60099,1.13,1.14
2011.12.16 08:05:26.532,1.60047,1.60103,1.50,1.81
2011.12.16 08:05:27.784,1.60046,1.60103,1.50,1.81
2011.12.16 08:05:27.939,1.60046,1.60103,1.50,1.81
2011.12.16 08:05:28.290,1.60046,1.60103,1.50,2.56
2011.12.16 08:05:28.480,1.60037,1.601,1.50,2.19
2011.12.16 08:05:28.790,1.60038,1.60098,1.50,1.14
2011.12.16 08:05:29.438,1.60039,1.6009,1.50,1.43
2011.12.16 08:05:29.498,1.60037,1.6009,1.50,1.81
2011.12.16 08:05:30.159,1.60038,1.60092,1.50,2.19
2011.12.16 08:05:30.931,1.60038,1.60092,1.50,1.81
2011.12.16 08:05:31.001,1.60038,1.60092,1.50,1.81
2011.12.16 08:05:31.322,1.60037,1.60098,1.50,1.51
2011.12.16 08:05:32.110,1.60038,1.60098,2.25,1.14
2011.12.16 08:05:32.186,1.60046,1.60103,3.30,1.81
2011.12.16 08:05:32.630,1.60046,1.60103,3.30,2.56
2011.12.16 08:05:32.941,1.60046,1.60103,2.93,2.19
2011.12.16 08:05:33.010,1.60047,1.60103,1.87,1.81
2011.12.16 08:05:34.315,1.60046,1.60103,3.30,1.81
2011.12.16 08:05:34.935,1.60047,1.60102,1.87,1.14
2011.12.16 08:05:35.021,1.60046,1.60093,1.50,1.13
2011.12.16 08:05:35.094,1.60038,1.60091,1.50,1.81
2011.12.16 08:05:35.342,1.60039,1.60104,1.13,1.14
2011.12.16 08:05:35.532,1.60037,1.60103,1.50,1.14
2011.12.16 08:05:35.659,1.60037,1.60098,1.50,1.51
2011.12.16 08:05:35.920,1.60038,1.60102,1.50,2.19
2011.12.16 08:05:35.996,1.60038,1.60098,1.50,1.51
2011.12.16 08:05:36.200,1.60038,1.60102,1.50,2.19
2011.12.16 08:05:36.861,1.60038,1.60099,1.50,1.51
2011.12.16 08:05:37.191,1.60037,1.60101,1.50,2.19
2011.12.16 08:05:38.321,1.60039,1.60101,1.50,2.19
2011.12.16 08:05:38.631,1.60044,1.60109,1.50,1.51
2011.12.16 08:05:39.800,1.60043,1.60109,1.50,1.51
2011.12.16 08:05:40.248,1.60052,1.6011,1.50,1.81
2011.12.16 08:05:51.635,1.60053,1.60111,2.18,2.19
2011.12.16 08:05:52.175,1.60053,1.60108,2.18,1.51
2011.12.16 08:05:52.564,1.6005,1.60103,2.18,1.14
2011.12.16 08:05:54.406,1.6005,1.60103,2.18,1.14
2011.12.16 08:05:57.747,1.6005,1.60103,2.18,1.14
2011.12.16 08:05:58.905,1.6005,1.60102,2.18,1.14
2011.12.16 08:05:59.281,1.60048,1.60103,1.50,2.56
2011.12.16 08:05:59.349,1.60047,1.60103,1.50,2.56
2011.12.16 08:06:00.135,1.60052,1.60103,1.50,1.81
2011.12.16 08:06:00.295,1.60056,1.60112,1.09,1.81
2011.12.16 08:06:00.365,1.60058,1.60117,2.93,1.81
2011.12.16 08:06:00.633,1.60058,1.60117,2.93,1.81
2011.12.16 08:06:01.006,1.60058,1.60117,2.93,1.81
2011.12.16 08:06:01.786,1.60058,1.60117,2.93,1.81
2011.12.16 08:06:02.310,1.60059,1.60117,1.50,1.81
2011.12.16 08:06:02.448,1.60059,1.60115,1.50,1.14
2011.12.16 08:06:02.759,1.60059,1.60114,1.50,1.09
2011.12.16 08:06:03.389,1.60058,1.60116,3.68,2.23
2011.12.16 08:06:03.514,1.60059,1.60117,1.09,1.81
2011.12.16 08:06:04.073,1.60059,1.60117,1.84,1.81
2011.12.16 08:06:04.480,1.60059,1.60117,1.09,1.81
2011.12.16 08:06:04.734,1.60063,1.60117,1.13,1.81
2011.12.16 08:06:05.277,1.60066,1.60109,1.50,2.18
2011.12.16 08:06:05.402,1.60059,1.60109,1.09,2.18
2011.12.16 08:06:05.470,1.60058,1.60109,1.50,2.52
2011.12.16 08:06:06.200,1.60056,1.60107,1.84,1.48
2011.12.16 08:06:06.272,1.60056,1.60104,1.84,1.14
2011.12.16 08:06:06.588,1.60057,1.601,1.50,1.43
2011.12.16 08:06:07.272,1.60058,1.601,1.50,1.43
2011.12.16 08:06:07.837,1.60057,1.60108,1.50,1.48
2011.12.16 08:06:08.339,1.60056,1.60108,1.09,1.48
2011.12.16 08:06:08.873,1.60056,1.6011,1.09,2.53
2011.12.16 08:06:09.121,1.60057,1.60113,1.50,1.14
2011.12.16 08:06:10.060,1.60065,1.60119,1.50,1.09
2011.12.16 08:06:10.664,1.60064,1.60118,1.50,1.09
2011.12.16 08:06:10.978,1.60066,1.60116,1.09,1.81
2011.12.16 08:06:11.108,1.60066,1.60121,1.09,1.81
2011.12.16 08:06:11.363,1.60066,1.6012,1.09,1.14
2011.12.16 08:06:11.548,1.60066,1.60119,1.09,1.14
2011.12.16 08:06:12.650,1.60063,1.60116,1.50,2.15
2011.12.16 08:06:13.137,1.60062,1.60116,1.50,2.15
2011.12.16 08:06:13.382,1.60065,1.60123,1.09,1.48
2011.12.16 08:06:13.933,1.60065,1.60123,1.84,1.48
2011.12.16 08:06:14.584,1.60065,1.60123,1.09,1.48
2011.12.16 08:06:14.834,1.60065,1.60126,1.09,2.53
2011.12.16 08:06:15.080,1.6007,1.60126,1.50,1.81
2011.12.16 08:06:15.909,1.6007,1.60125,1.50,1.14
2011.12.16 08:06:15.983,1.60068,1.60124,1.09,1.14
2011.12.16 08:06:16.612,1.60068,1.60126,1.09,1.81
2011.12.16 08:06:16.974,1.60068,1.60121,1.09,1.51
2011.12.16 08:06:17.042,1.60068,1.60116,1.09,1.81
2011.12.16 08:06:17.349,1.60068,1.60122,1.09,1.81
2011.12.16 08:06:17.420,1.60068,1.60122,1.09,1.81
2011.12.16 08:06:17.491,1.60068,1.60122,1.09,1.81
2011.12.16 08:06:17.682,1.60069,1.60124,1.50,1.13
2011.12.16 08:06:18.160,1.60068,1.60124,2.52,1.14
2011.12.16 08:06:18.470,1.60079,1.60124,1.50,2.18
2011.12.16 08:06:18.970,1.6007,1.60124,1.09,1.77
2011.12.16 08:06:19.282,1.6008,1.60124,1.09,1.43
2011.12.16 08:06:19.983,1.60089,1.60148,2.18,2.15
2011.12.16 08:06:20.055,1.60089,1.60148,2.93,2.15
2011.12.16 08:06:20.180,1.60089,1.60148,2.93,2.90
2011.12.16 08:06:21.220,1.6009,1.60148,1.50,2.90
2011.12.16 08:06:22.463,1.60089,1.60148,2.93,2.15
2011.12.16 08:06:22.924,1.60089,1.60147,2.93,1.10
2011.12.16 08:06:23.053,1.60086,1.60146,1.09,1.81
2011.12.16 08:06:23.582,1.60086,1.60146,1.84,1.81
2011.12.16 08:06:23.714,1.60095,1.60146,1.09,1.81
2011.12.16 08:06:23.842,1.601,1.60146,1.50,1.43
2011.12.16 08:06:23.977,1.60101,1.60162,1.50,2.53
2011.12.16 08:06:24.538,1.60102,1.60162,1.13,2.15
2011.12.16 08:06:25.023,1.60105,1.60168,1.50,1.14
2011.12.16 08:06:25.895,1.60105,1.60168,1.50,1.14
2011.12.16 08:06:26.642,1.60105,1.60162,1.50,1.43
2011.12.16 08:06:27.232,1.60104,1.60162,1.50,2.52
2011.12.16 08:06:29.241,1.60105,1.60162,1.50,1.77
2011.12.16 08:06:30.184,1.60104,1.60152,1.50,1.84
2011.12.16 08:06:30.312,1.60095,1.60145,2.93,1.09
2011.12.16 08:06:30.383,1.60103,1.60145,1.43,1.09
2011.12.16 08:06:30.451,1.60092,1.60145,1.50,1.09
2011.12.16 08:06:30.527,1.60091,1.60145,1.13,1.09
2011.12.16 08:06:31.125,1.60086,1.60139,1.50,2.18
2011.12.16 08:06:31.201,1.6008,1.60146,2.18,2.15
2011.12.16 08:06:31.277,1.60086,1.60146,1.50,1.77
2011.12.16 08:06:31.465,1.60086,1.60146,1.50,1.77
2011.12.16 08:06:31.653,1.60088,1.60153,2.52,1.14
2011.12.16 08:06:31.725,1.60088,1.6015,2.52,1.14
2011.12.16 08:06:32.534,1.60088,1.60147,1.09,1.43
2011.12.16 08:06:32.724,1.60088,1.60147,1.09,2.18
2011.12.16 08:06:33.442,1.60088,1.60147,1.09,1.43
2011.12.16 08:06:34.644,1.60088,1.60137,1.09,1.43
2011.12.16 08:06:35.070,1.60088,1.60146,1.09,2.18
2011.12.16 08:06:35.266,1.60088,1.60146,1.09,1.43
2011.12.16 08:06:35.332,1.60089,1.60148,2.18,1.43
2011.12.16 08:06:38.580,1.60112,1.60164,2.18,2.98
2011.12.16 08:06:38.655,1.60112,1.60159,1.43,1.09
2011.12.16 08:06:38.906,1.60102,1.60152,2.18,1.84
2011.12.16 08:06:38.976,1.60102,1.60149,2.18,1.09
2011.12.16 08:06:39.043,1.60096,1.60149,1.65,1.09
2011.12.16 08:06:39.113,1.60096,1.60149,1.50,1.09
2011.12.16 08:06:40.172,1.60097,1.60154,1.09,2.18
2011.12.16 08:06:42.544,1.60097,1.60154,1.09,2.56
2011.12.16 08:06:43.244,1.60097,1.60145,1.09,1.43
2011.12.16 08:06:43.429,1.60097,1.60152,1.09,1.43
2011.12.16 08:06:44.440,1.60097,1.60152,1.09,1.43
2011.12.16 08:06:44.509,1.60103,1.60158,2.18,1.09
2011.12.16 08:06:44.768,1.60103,1.60156,2.18,1.84
2011.12.16 08:06:44.950,1.601,1.6016,1.50,1.77
2011.12.16 08:06:45.982,1.60103,1.60163,2.18,1.84
2011.12.16 08:06:46.356,1.60101,1.60162,1.09,1.80
2011.12.16 08:06:46.437,1.60101,1.60162,2.21,2.19
2011.12.16 08:06:46.501,1.60101,1.60159,2.21,1.14
2011.12.16 08:06:47.192,1.60101,1.60159,1.09,1.14
2011.12.16 08:06:47.871,1.60101,1.60158,1.09,1.14
2011.12.16 08:06:47.950,1.60101,1.60151,1.84,1.14
2011.12.16 08:06:48.575,1.60097,1.60153,1.50,1.43
2011.12.16 08:06:48.644,1.60101,1.60153,1.09,1.43
2011.12.16 08:06:48.773,1.60101,1.60153,1.84,1.43
2011.12.16 08:06:49.080,1.60105,1.60163,1.50,2.56
2011.12.16 08:06:49.697,1.6011,1.60164,1.50,2.56
2011.12.16 08:06:50.232,1.60104,1.60163,1.88,1.14
2011.12.16 08:06:50.813,1.60111,1.60165,1.50,2.18
2011.12.16 08:06:51.348,1.60111,1.60165,1.50,1.43
2011.12.16 08:06:53.916,1.60113,1.60168,2.52,2.23
2011.12.16 08:06:54.234,1.60116,1.60166,1.50,1.77
2011.12.16 08:06:54.362,1.60116,1.60168,2.93,1.84
2011.12.16 08:06:54.493,1.60118,1.60163,1.50,1.09
2011.12.16 08:06:54.756,1.60111,1.60163,1.50,1.09
2011.12.16 08:06:56.714,1.6011,1.60165,1.50,1.84
2011.12.16 08:06:56.845,1.60112,1.60168,1.09,2.56
2011.12.16 08:06:57.425,1.60112,1.60173,1.09,1.48
2011.12.16 08:06:57.505,1.60116,1.6017,1.50,1.14
2011.12.16 08:06:57.635,1.60112,1.60168,1.09,1.14
2011.12.16 08:06:58.174,1.60112,1.60168,1.09,1.14
2011.12.16 08:06:58.302,1.60116,1.60169,1.50,1.43
2011.12.16 08:06:58.495,1.60115,1.60173,1.50,1.48
2011.12.16 08:06:59.108,1.60116,1.60173,1.50,1.48
2011.12.16 08:06:59.184,1.60116,1.6017,1.50,1.14
2011.12.16 08:06:59.491,1.60112,1.60169,1.09,1.81
2011.12.16 08:06:59.560,1.60115,1.60169,1.50,1.43
2011.12.16 08:06:59.631,1.60115,1.60173,1.50,1.48
2011.12.16 08:07:00.475,1.60119,1.60176,1.09,1.81
2011.12.16 08:07:01.076,1.60125,1.60173,2.18,1.14
2011.12.16 08:07:01.149,1.60126,1.60174,1.50,2.18
2011.12.16 08:07:01.283,1.60121,1.60174,1.50,2.18
2011.12.16 08:07:01.795,1.60119,1.60173,1.09,1.14
2011.12.16 08:07:02.254,1.60116,1.60174,1.50,1.81
2011.12.16 08:07:02.974,1.60115,1.60174,1.50,2.56
2011.12.16 08:07:03.036,1.60115,1.60176,1.50,2.15
2011.12.16 08:07:03.426,1.60115,1.60173,1.50,1.14
2011.12.16 08:07:04.130,1.60116,1.60173,1.50,1.14
2011.12.16 08:07:04.691,1.60115,1.60173,1.50,1.14
2011.12.16 08:07:07.489,1.60116,1.60173,1.50,1.14
2011.12.16 08:07:08.153,1.60116,1.60174,1.50,2.56
2011.12.16 08:07:08.280,1.60112,1.60173,1.50,1.14
2011.12.16 08:07:08.571,1.60112,1.60169,1.50,1.14
2011.12.16 08:07:08.971,1.60112,1.60174,1.50,2.94
2011.12.16 08:07:10.025,1.60113,1.60174,1.50,2.94
2011.12.16 08:07:10.090,1.60113,1.60169,1.50,1.14
2011.12.16 08:07:10.222,1.60113,1.60175,1.50,2.15
2011.12.16 08:07:10.782,1.60116,1.60174,1.50,1.14
2011.12.16 08:07:11.442,1.60116,1.60175,1.50,1.81
2011.12.16 08:07:12.775,1.60117,1.60175,1.50,1.81
2011.12.16 08:07:12.963,1.60117,1.60174,1.50,1.14
2011.12.16 08:07:13.213,1.60116,1.60175,1.50,1.81
2011.12.16 08:07:13.343,1.60117,1.60173,1.50,1.14
2011.12.16 08:07:13.751,1.60124,1.60175,1.09,1.81
2011.12.16 08:07:14.262,1.60123,1.60178,2.18,1.84
2011.12.16 08:07:14.321,1.60119,1.60171,2.18,1.14
2011.12.16 08:07:14.866,1.60116,1.6017,1.50,2.56
2011.12.16 08:07:14.937,1.60116,1.6017,1.50,1.81
2011.12.16 08:07:15.007,1.60116,1.6017,1.50,2.56
2011.12.16 08:07:15.249,1.60116,1.6017,1.50,1.81
2011.12.16 08:07:15.566,1.60112,1.60166,2.18,1.14
2011.12.16 08:07:15.697,1.60109,1.60162,1.50,1.43
2011.12.16 08:07:15.881,1.60107,1.60162,1.13,1.81
2011.12.16 08:07:16.566,1.60106,1.6016,1.84,1.14
2011.12.16 08:07:16.644,1.60105,1.60155,1.50,1.43
2011.12.16 08:07:16.777,1.60106,1.60154,1.50,1.81
2011.12.16 08:07:16.846,1.60106,1.60154,1.50,1.43
2011.12.16 08:07:17.095,1.60106,1.60158,1.50,1.14
2011.12.16 08:07:17.220,1.60106,1.60158,1.50,1.14
2011.12.16 08:07:17.349,1.60106,1.6016,1.50,1.14
2011.12.16 08:07:17.422,1.60105,1.60162,1.50,1.81
2011.12.16 08:07:17.630,1.60105,1.60161,1.50,2.19
2011.12.16 08:07:18.098,1.60105,1.60161,1.50,2.19
2011.12.16 08:07:18.199,1.60106,1.60162,1.50,2.19
2011.12.16 08:07:18.569,1.60106,1.60162,1.50,1.81
2011.12.16 08:07:18.641,1.60106,1.60162,1.50,1.81
2011.12.16 08:07:19.473,1.60105,1.60162,1.50,1.81
2011.12.16 08:07:20.195,1.60112,1.60162,1.50,1.43
2011.12.16 08:07:20.261,1.60112,1.6017,1.50,1.81
2011.12.16 08:07:20.901,1.60112,1.60168,1.50,1.14
2011.12.16 08:07:20.972,1.6011,1.60163,1.50,1.13
2011.12.16 08:07:21.103,1.6011,1.60159,1.50,1.43
2011.12.16 08:07:21.440,1.60101,1.60159,1.50,1.81
2011.12.16 08:07:22.154,1.60101,1.60159,1.50,1.81
2011.12.16 08:07:23.719,1.601,1.60159,1.50,1.81
2011.12.16 08:07:24.044,1.60109,1.60159,1.50,1.43
2011.12.16 08:07:24.109,1.60109,1.60166,1.50,1.81
2011.12.16 08:07:24.239,1.60106,1.60163,1.09,1.51
2011.12.16 08:07:24.442,1.60106,1.60159,1.09,1.81
2011.12.16 08:07:24.955,1.60108,1.60167,1.50,1.81
2011.12.16 08:07:25.903,1.60108,1.60164,1.50,1.14
2011.12.16 08:07:26.140,1.60109,1.60164,1.50,1.51
2011.12.16 08:07:26.394,1.60106,1.60164,1.09,1.51
2011.12.16 08:07:26.644,1.60106,1.60161,1.84,1.43
2011.12.16 08:07:27.178,1.60106,1.6016,1.84,1.13
2011.12.16 08:07:27.252,1.60107,1.60152,1.50,1.43
2011.12.16 08:07:27.326,1.60106,1.60152,1.50,2.18
2011.12.16 08:07:27.450,1.60098,1.60153,1.50,2.56
2011.12.16 08:07:27.704,1.60099,1.60153,1.50,2.18
2011.12.16 08:07:27.776,1.60099,1.60153,1.50,2.18
2011.12.16 08:07:27.847,1.60103,1.60153,1.50,2.56
2011.12.16 08:07:28.672,1.60095,1.60153,1.84,1.81
2011.12.16 08:07:28.997,1.60101,1.60155,1.50,1.43
2011.12.16 08:07:29.259,1.601,1.60155,1.50,1.43
2011.12.16 08:07:29.332,1.601,1.60153,1.50,1.43
2011.12.16 08:07:29.649,1.60099,1.60153,1.09,1.81
2011.12.16 08:07:30.456,1.60099,1.60153,1.09,1.81
2011.12.16 08:07:30.833,1.60095,1.60151,1.50,1.81
2011.12.16 08:07:31.380,1.60095,1.60151,1.50,1.81
2011.12.16 08:07:32.082,1.60094,1.60151,1.50,1.81
2011.12.16 08:07:32.209,1.60094,1.60151,1.50,1.81
2011.12.16 08:07:32.875,1.60095,1.60151,1.50,1.81
2011.12.16 08:07:33.437,1.60094,1.60151,1.50,1.81
2011.12.16 08:07:34.523,1.60094,1.6015,1.50,1.14
2011.12.16 08:07:35.564,1.60094,1.60151,1.50,1.81
2011.12.16 08:07:36.780,1.60095,1.60151,1.50,1.81
2011.12.16 08:07:37.907,1.60095,1.60151,1.50,1.81
2011.12.16 08:07:38.092,1.601,1.60159,1.50,2.56
2011.12.16 08:07:38.206,1.601,1.60151,1.50,1.43
2011.12.16 08:07:38.274,1.601,1.60151,1.50,1.43
2011.12.16 08:07:39.126,1.60094,1.60151,1.50,1.81
2011.12.16 08:07:39.198,1.60097,1.60152,1.50,1.43
2011.12.16 08:07:39.265,1.60097,1.60152,1.50,2.18
2011.12.16 08:07:39.332,1.60094,1.60144,1.50,1.43
2011.12.16 08:07:39.642,1.60094,1.60144,1.50,1.43
2011.12.16 08:07:46.293,1.60092,1.60144,1.50,1.43
2011.12.16 08:07:46.942,1.60091,1.60144,1.50,1.43
2011.12.16 08:07:50.086,1.60091,1.60144,1.50,1.43
2011.12.16 08:07:50.392,1.60101,1.60144,1.09,1.43
2011.12.16 08:07:50.901,1.60108,1.60144,1.84,1.43
2011.12.16 08:07:51.003,1.60105,1.6016,1.50,2.18
2011.12.16 08:07:51.057,1.60105,1.6016,1.50,1.43
2011.12.16 08:07:51.186,1.60111,1.60163,1.50,1.50
2011.12.16 08:07:51.827,1.60109,1.60164,1.50,1.14
2011.12.16 08:07:51.915,1.60108,1.60165,1.50,1.14
2011.12.16 08:07:52.456,1.60108,1.60165,1.50,1.14
2011.12.16 08:07:52.764,1.60108,1.60167,1.50,1.81
2011.12.16 08:07:53.011,1.60113,1.60167,1.50,1.81
2011.12.16 08:07:53.579,1.60108,1.60174,1.50,1.51
2011.12.16 08:07:53.735,1.60114,1.60174,1.50,1.51
2011.12.16 08:07:54.280,1.60114,1.60167,1.50,2.18
2011.12.16 08:07:54.686,1.60107,1.60165,1.50,1.14
2011.12.16 08:07:54.869,1.60104,1.60163,1.50,1.14
2011.12.16 08:07:56.549,1.60105,1.60166,1.50,2.19
2011.12.16 08:07:56.864,1.60097,1.60156,1.50,1.81
2011.12.16 08:07:56.933,1.60097,1.60156,1.50,1.81
2011.12.16 08:07:57.638,1.60102,1.60166,1.50,2.19
2011.12.16 08:07:58.142,1.60102,1.6016,1.50,1.14
2011.12.16 08:07:58.455,1.60106,1.60166,1.50,1.81
2011.12.16 08:07:58.641,1.60108,1.6017,1.50,2.19
2011.12.16 08:07:58.714,1.60108,1.60162,1.50,1.43
2011.12.16 08:07:59.285,1.60106,1.60162,1.50,1.81
2011.12.16 08:07:59.424,1.60113,1.60171,1.50,1.81
2011.12.16 08:07:59.492,1.60113,1.60171,1.50,2.19
2011.12.16 08:07:59.728,1.60109,1.6017,1.50,1.81
2011.12.16 08:08:00.320,1.60108,1.6017,1.50,1.81
2011.12.16 08:08:00.740,1.60109,1.60168,1.50,1.14
2011.12.16 08:08:01.307,1.60109,1.60163,1.50,1.43
2011.12.16 08:08:01.954,1.60109,1.60163,1.50,1.43
2011.12.16 08:08:02.722,1.60109,1.60163,1.50,1.43
2011.12.16 08:08:03.303,1.60114,1.60167,1.87,1.43
2011.12.16 08:08:03.376,1.60119,1.60178,1.50,1.14
2011.12.16 08:08:03.626,1.60119,1.60175,1.12,1.14
2011.12.16 08:08:03.931,1.60124,1.60174,1.50,2.18
2011.12.16 08:08:06.114,1.60116,1.60173,1.50,1.14
2011.12.16 08:08:06.424,1.6012,1.60178,1.50,1.51
2011.12.16 08:08:06.734,1.60119,1.60175,1.13,1.81
2011.12.16 08:08:07.253,1.60119,1.60175,1.13,1.81
2011.12.16 08:08:07.327,1.60123,1.60181,1.50,1.14
2011.12.16 08:08:07.451,1.60124,1.60182,1.50,2.19
2011.12.16 08:08:07.640,1.6012,1.60181,1.50,2.19
2011.12.16 08:08:07.989,1.60121,1.60169,1.50,1.14
2011.12.16 08:08:10.089,1.6012,1.6017,1.50,1.14
2011.12.16 08:08:10.904,1.60121,1.60172,1.50,1.81
2011.12.16 08:08:11.194,1.6012,1.6017,1.50,1.14
2011.12.16 08:08:11.962,1.6012,1.60166,1.50,1.43
2011.12.16 08:08:12.473,1.60111,1.60174,2.25,1.14
2011.12.16 08:08:12.721,1.60115,1.60173,1.50,1.51
2011.12.16 08:08:14.262,1.60111,1.60167,1.87,1.14
2011.12.16 08:08:14.450,1.60112,1.60167,1.50,1.14
2011.12.16 08:08:14.766,1.60115,1.60173,1.50,1.48
2011.12.16 08:08:16.392,1.60116,1.60173,1.50,1.48
2011.12.16 08:08:17.139,1.60115,1.60173,1.50,1.48
2011.12.16 08:08:17.492,1.6012,1.60168,1.87,1.43
2011.12.16 08:08:18.441,1.60119,1.60175,1.50,1.14
2011.12.16 08:08:18.511,1.60117,1.60175,1.50,1.14
2011.12.16 08:08:18.578,1.60114,1.60173,1.50,1.14
2011.12.16 08:08:19.125,1.60113,1.60173,1.50,1.14
2011.12.16 08:08:20.645,1.60114,1.60173,1.50,1.14
2011.12.16 08:08:20.772,1.60118,1.60176,1.50,1.14
2011.12.16 08:08:23.044,1.60119,1.60169,1.50,2.18
2011.12.16 08:08:23.360,1.60111,1.60168,1.50,1.14
2011.12.16 08:08:24.199,1.6011,1.60165,1.50,1.13
2011.12.16 08:08:27.680,1.6011,1.60162,1.50,1.81
2011.12.16 08:08:28.516,1.60109,1.6016,1.50,1.14
2011.12.16 08:08:31.696,1.60109,1.60162,1.50,1.81
2011.12.16 08:08:31.880,1.6011,1.60169,1.50,1.14
2011.12.16 08:08:31.956,1.6011,1.60168,1.50,1.14
2011.12.16 08:08:32.026,1.6011,1.60168,1.50,1.14
2011.12.16 08:08:32.217,1.6011,1.60163,1.50,1.13
2011.12.16 08:08:32.283,1.6011,1.60163,1.50,1.14
2011.12.16 08:08:32.879,1.60106,1.60159,1.13,1.14
2011.12.16 08:08:32.948,1.6011,1.60168,1.50,1.14
2011.12.16 08:08:33.203,1.60111,1.60164,1.50,1.13
2011.12.16 08:08:33.451,1.60106,1.6016,1.50,1.14
2011.12.16 08:08:33.760,1.6011,1.60154,1.50,1.81
2011.12.16 08:08:33.895,1.60109,1.60162,1.50,2.19
2011.12.16 08:08:34.567,1.60105,1.60155,1.50,1.43
2011.12.16 08:08:34.626,1.60106,1.60155,1.50,1.43
2011.12.16 08:08:35.854,1.60106,1.60155,1.50,1.43
2011.12.16 08:08:35.983,1.60105,1.60153,1.50,1.09
2011.12.16 08:08:36.958,1.60096,1.60153,1.50,2.15
2011.12.16 08:08:38.010,1.60097,1.60153,1.50,2.18
2011.12.16 08:08:38.651,1.60097,1.60153,1.50,1.43
2011.12.16 08:08:38.973,1.60097,1.60153,1.50,1.43
2011.12.16 08:08:39.712,1.60097,1.60153,1.50,1.43
2011.12.16 08:08:40.042,1.60097,1.60153,1.88,1.43
2011.12.16 08:08:40.449,1.60102,1.60154,1.50,2.18
2011.12.16 08:08:42.230,1.60098,1.60154,1.50,1.81
2011.12.16 08:08:42.692,1.60098,1.60153,1.50,1.14
2011.12.16 08:08:44.302,1.60103,1.60154,1.50,1.43
2011.12.16 08:08:44.369,1.60102,1.6016,1.50,1.14
2011.12.16 08:08:52.231,1.60102,1.6016,1.50,1.14
2011.12.16 08:08:52.620,1.60096,1.60154,1.50,1.14
2011.12.16 08:08:53.010,1.60095,1.60151,1.50,1.09
2011.12.16 08:08:53.450,1.60096,1.60154,1.50,1.48
2011.12.16 08:08:54.877,1.60089,1.60145,1.87,1.43
2011.12.16 08:08:55.441,1.6009,1.60145,1.87,1.43
2011.12.16 08:08:56.025,1.60093,1.60147,1.09,1.81
2011.12.16 08:08:58.000,1.60093,1.60147,1.09,1.81
2011.12.16 08:08:58.401,1.60093,1.60147,1.09,1.81
2011.12.16 08:08:59.301,1.60096,1.60153,1.50,1.48
2011.12.16 08:08:59.831,1.60095,1.60153,1.50,1.48
2011.12.16 08:09:01.658,1.60096,1.60153,1.50,1.48
2011.12.16 08:09:03.209,1.60095,1.60153,1.50,1.85
2011.12.16 08:09:03.278,1.60093,1.60153,1.09,1.85
2011.12.16 08:09:04.017,1.60083,1.60143,1.09,1.14
2011.12.16 08:09:04.086,1.60083,1.60147,1.09,2.19
2011.12.16 08:09:04.233,1.60083,1.60143,1.50,1.14
2011.12.16 08:09:05.722,1.60082,1.60143,1.50,1.14
2011.12.16 08:09:08.250,1.60083,1.60143,1.50,1.14
2011.12.16 08:09:08.439,1.60083,1.60139,1.50,1.51
2011.12.16 08:09:08.749,1.60087,1.60135,1.13,1.81
2011.12.16 08:09:08.880,1.60092,1.60149,1.50,1.14
2011.12.16 08:09:09.030,1.60092,1.6015,1.50,2.56
2011.12.16 08:09:09.741,1.60092,1.60149,1.50,1.13
2011.12.16 08:09:11.909,1.60091,1.60148,1.50,2.56
2011.12.16 08:09:12.106,1.60093,1.60148,1.50,2.18
2011.12.16 08:09:12.298,1.60093,1.60149,1.50,1.14
2011.12.16 08:09:12.362,1.60103,1.60154,2.18,1.13
2011.12.16 08:09:12.985,1.60103,1.6016,2.93,2.19
2011.12.16 08:09:13.229,1.60113,1.60164,1.50,1.14
2011.12.16 08:09:13.544,1.60106,1.60159,1.50,2.18
2011.12.16 08:09:13.672,1.60102,1.60154,1.13,1.14
2011.12.16 08:09:13.741,1.60102,1.60158,2.55,1.14
2011.12.16 08:09:13.869,1.60108,1.60159,1.13,1.14
2011.12.16 08:09:13.939,1.60106,1.60161,1.13,1.81
2011.12.16 08:09:14.131,1.60103,1.60164,1.50,1.51
2011.12.16 08:09:15.488,1.60102,1.60164,1.50,1.51
2011.12.16 08:09:16.019,1.60103,1.60164,1.50,1.51
2011.12.16 08:09:17.498,1.60102,1.60164,1.50,1.51
2011.12.16 08:09:20.749,1.60102,1.60163,1.88,1.14
2011.12.16 08:09:20.938,1.60109,1.60164,1.50,1.14
2011.12.16 08:09:22.986,1.60109,1.60163,1.50,1.13
2011.12.16 08:09:23.300,1.60101,1.60157,1.50,1.14
2011.12.16 08:09:23.680,1.60101,1.60157,1.50,1.14
2011.12.16 08:09:24.462,1.60097,1.60149,1.50,1.14
2011.12.16 08:09:24.548,1.601,1.60153,1.50,1.09
2011.12.16 08:09:24.871,1.601,1.60152,1.50,1.09
2011.12.16 08:09:25.380,1.60093,1.60154,1.50,3.28
2011.12.16 08:09:26.244,1.60093,1.60153,1.50,1.48
2011.12.16 08:09:26.313,1.60093,1.60149,1.50,1.14
2011.12.16 08:09:26.834,1.60101,1.60158,1.50,1.14
2011.12.16 08:09:27.326,1.601,1.60161,1.50,1.81
2011.12.16 08:09:27.393,1.601,1.60159,1.50,1.14
2011.12.16 08:09:28.789,1.60101,1.60159,1.50,1.14
2011.12.16 08:09:29.545,1.60103,1.60161,1.13,1.81
2011.12.16 08:09:29.611,1.60109,1.60161,1.50,1.43
2011.12.16 08:09:29.741,1.60109,1.60163,1.50,1.51
2011.12.16 08:09:29.873,1.60108,1.60163,1.50,1.50
2011.12.16 08:09:30.002,1.60107,1.6016,1.50,1.13
2011.12.16 08:09:30.074,1.60108,1.6016,1.50,1.13
2011.12.16 08:09:30.141,1.60097,1.60158,1.50,1.14
2011.12.16 08:09:30.393,1.60098,1.60154,1.50,1.14
2011.12.16 08:09:30.585,1.6009,1.60151,1.09,1.81
2011.12.16 08:09:31.642,1.60091,1.60151,1.09,1.81
2011.12.16 08:09:31.712,1.60095,1.60158,1.50,1.10
2011.12.16 08:09:32.023,1.60095,1.60158,1.50,1.85
2011.12.16 08:09:32.410,1.60095,1.60153,1.50,1.14
2011.12.16 08:09:32.931,1.60096,1.60158,1.50,1.10
2011.12.16 08:09:33.122,1.60096,1.60153,1.50,1.14
2011.12.16 08:09:33.194,1.60096,1.60159,1.88,1.48
2011.12.16 08:09:33.443,1.601,1.60159,1.50,1.48
2011.12.16 08:09:33.509,1.601,1.60154,1.50,1.14
2011.12.16 08:09:34.166,1.60101,1.60154,1.50,1.14
2011.12.16 08:09:34.608,1.601,1.60156,1.50,1.14
2011.12.16 08:09:34.911,1.601,1.60156,1.50,1.14
2011.12.16 08:09:34.980,1.60096,1.60156,2.93,1.14
2011.12.16 08:09:35.110,1.60096,1.60151,1.50,1.14
2011.12.16 08:09:35.182,1.60096,1.60154,1.50,1.14
2011.12.16 08:09:35.310,1.60096,1.60151,1.50,1.14
2011.12.16 08:09:35.563,1.60092,1.60149,1.50,1.14
2011.12.16 08:09:36.062,1.60092,1.60146,1.50,1.14
2011.12.16 08:09:36.907,1.60091,1.60151,1.09,1.14
2011.12.16 08:09:37.519,1.60096,1.60154,1.50,1.89
2011.12.16 08:09:39.608,1.60095,1.60154,1.50,1.14
2011.12.16 08:09:43.391,1.60096,1.60154,1.50,1.14
2011.12.16 08:09:44.435,1.60096,1.60153,1.50,1.14
2011.12.16 08:09:44.679,1.60097,1.60153,1.13,1.14
2011.12.16 08:09:44.989,1.60103,1.60154,1.50,1.14
2011.12.16 08:09:45.974,1.60103,1.60154,1.50,1.14
2011.12.16 08:09:46.193,1.60103,1.60154,1.50,1.14
2011.12.16 08:09:46.650,1.60102,1.60153,1.50,1.51
2011.12.16 08:09:47.011,1.60096,1.60153,1.50,1.14
2011.12.16 08:09:47.440,1.60108,1.60154,2.18,1.14
2011.12.16 08:09:47.749,1.60105,1.60153,2.18,1.14
2011.12.16 08:09:47.822,1.60105,1.60153,2.18,1.14
2011.12.16 08:09:47.953,1.601,1.60153,1.50,1.14
2011.12.16 08:09:48.262,1.60096,1.60154,1.50,1.14
2011.12.16 08:09:48.968,1.60095,1.60153,1.88,1.89
2011.12.16 08:09:51.871,1.60096,1.60149,1.50,1.51
2011.12.16 08:09:51.946,1.6009,1.60146,1.50,1.51
2011.12.16 08:09:52.323,1.60107,1.60157,2.22,1.14
2011.12.16 08:09:52.408,1.60116,1.60161,1.50,1.81
2011.12.16 08:09:52.483,1.60116,1.60163,1.50,1.51
2011.12.16 08:09:53.268,1.60105,1.6016,3.27,1.14
2011.12.16 08:09:53.360,1.60101,1.60158,1.13,1.14
2011.12.16 08:09:53.494,1.60101,1.60156,1.13,1.14
2011.12.16 08:09:53.721,1.60097,1.60153,1.50,1.51
2011.12.16 08:09:53.850,1.60102,1.60156,2.18,1.14
2011.12.16 08:09:54.849,1.60103,1.60156,1.50,1.14
2011.12.16 08:09:54.928,1.60106,1.60156,1.50,1.14
2011.12.16 08:09:57.081,1.60106,1.60157,1.50,1.14
2011.12.16 08:09:58.715,1.601,1.60154,1.50,1.51
2011.12.16 08:09:58.844,1.60098,1.60147,1.09,1.14
2011.12.16 08:09:58.972,1.60098,1.60147,1.09,1.14
2011.12.16 08:10:00.942,1.60097,1.60143,1.50,1.51
2011.12.16 08:10:01.796,1.60097,1.60143,1.50,1.51
2011.12.16 08:10:02.202,1.60098,1.60147,1.50,1.14
2011.12.16 08:10:02.440,1.60093,1.60147,1.13,1.14
2011.12.16 08:10:02.511,1.60091,1.60147,1.50,1.14
2011.12.16 08:10:03.309,1.60091,1.60147,1.50,1.14
2011.12.16 08:10:03.822,1.60091,1.60148,1.50,1.14
2011.12.16 08:10:04.329,1.60091,1.60144,1.50,1.14
2011.12.16 08:10:04.402,1.60091,1.60144,1.50,1.14
2011.12.16 08:10:04.473,1.60089,1.60138,2.18,1.14
2011.12.16 08:10:04.545,1.60092,1.60138,1.50,1.14
2011.12.16 08:10:04.617,1.60092,1.60138,1.50,1.14
2011.12.16 08:10:04.924,1.60082,1.60138,2.93,1.14
2011.12.16 08:10:05.291,1.60079,1.60133,1.50,1.14
2011.12.16 08:10:05.847,1.60082,1.60134,1.50,1.51
2011.12.16 08:10:06.378,1.60075,1.60134,1.50,1.51
2011.12.16 08:10:07.121,1.60074,1.60134,1.50,1.51
2011.12.16 08:10:07.939,1.60074,1.60136,1.50,2.56
2011.12.16 08:10:09.249,1.60077,1.60136,1.13,2.56
2011.12.16 08:10:10.435,1.60083,1.60136,1.50,1.14
2011.12.16 08:10:10.504,1.60083,1.60133,1.50,1.51
2011.12.16 08:10:11.006,1.60077,1.60129,1.13,1.14
2011.12.16 08:10:11.172,1.60074,1.60133,1.50,1.51
2011.12.16 08:10:11.685,1.60075,1.60133,1.50,1.51
2011.12.16 08:10:12.287,1.60075,1.60134,1.50,1.51
2011.12.16 08:10:12.354,1.60075,1.60129,1.50,1.14
2011.12.16 08:10:13.021,1.60074,1.60129,1.50,1.14
2011.12.16 08:10:13.382,1.60074,1.60133,1.50,1.51
2011.12.16 08:10:14.237,1.60075,1.60133,1.50,1.51
2011.12.16 08:10:14.609,1.60085,1.60134,2.18,1.14
2011.12.16 08:10:14.684,1.60085,1.60134,2.18,1.89
2011.12.16 08:10:14.930,1.60085,1.60138,1.50,1.81
2011.12.16 08:10:15.063,1.60087,1.60138,1.50,1.43
2011.12.16 08:10:15.251,1.60088,1.60139,1.50,1.51
2011.12.16 08:10:15.378,1.60079,1.60139,1.50,1.51
2011.12.16 08:10:15.955,1.60079,1.60134,1.50,1.14
2011.12.16 08:10:16.542,1.60083,1.60143,2.55,1.51
2011.12.16 08:10:17.104,1.60088,1.60143,1.50,1.51
2011.12.16 08:10:17.708,1.60088,1.60144,1.50,1.14
2011.12.16 08:10:18.751,1.60088,1.60144,1.50,1.14
2011.12.16 08:10:20.421,1.60088,1.60144,1.50,1.89
2011.12.16 08:10:21.419,1.60087,1.60143,1.50,1.51
2011.12.16 08:10:21.852,1.60087,1.60139,1.50,1.13
2011.12.16 08:10:22.433,1.60087,1.60143,1.50,1.51
2011.12.16 08:10:23.065,1.60096,1.60144,2.18,1.14
2011.12.16 08:10:23.157,1.60093,1.60143,2.18,1.14
2011.12.16 08:10:23.469,1.60088,1.6014,1.50,1.14
2011.12.16 08:10:24.670,1.60087,1.6014,1.50,1.14
2011.12.16 08:10:25.490,1.60082,1.60136,2.18,1.14
2011.12.16 08:10:25.560,1.60082,1.60137,1.43,1.14
2011.12.16 08:10:25.691,1.60079,1.60137,1.50,1.14
2011.12.16 08:10:26.255,1.60072,1.60129,1.50,1.14
2011.12.16 08:10:26.319,1.60072,1.60129,1.50,1.14
2011.12.16 08:10:26.690,1.60072,1.60127,1.50,1.13
2011.12.16 08:10:27.002,1.60064,1.60121,1.50,1.14
2011.12.16 08:10:27.625,1.60064,1.60118,1.50,2.55
2011.12.16 08:10:27.982,1.60056,1.60118,1.50,2.94
2011.12.16 08:10:28.341,1.60065,1.60118,1.50,1.14
2011.12.16 08:10:28.473,1.60065,1.60124,1.50,1.14
2011.12.16 08:10:29.012,1.60064,1.60124,1.50,1.14
2011.12.16 08:10:29.340,1.60065,1.60125,1.50,1.81
2011.12.16 08:10:30.978,1.60065,1.60125,1.50,1.81
2011.12.16 08:10:31.330,1.60065,1.60124,1.50,1.14
2011.12.16 08:10:31.939,1.60064,1.60124,1.50,1.14
2011.12.16 08:10:34.141,1.60064,1.60121,1.50,1.14
2011.12.16 08:10:34.463,1.60064,1.60124,1.50,1.14
2011.12.16 08:10:34.654,1.60064,1.60121,1.50,1.14
2011.12.16 08:10:35.768,1.60064,1.60119,1.50,1.09
2011.12.16 08:10:37.673,1.60064,1.60119,1.50,1.47
2011.12.16 08:10:37.742,1.60062,1.60117,1.50,1.13
2011.12.16 08:10:37.869,1.60058,1.60111,1.50,2.18
2011.12.16 08:10:38.130,1.60057,1.60111,1.50,1.43
2011.12.16 08:10:38.398,1.60065,1.60118,1.50,1.09
2011.12.16 08:10:39.530,1.60081,1.60121,1.13,1.10
2011.12.16 08:10:39.611,1.60082,1.60129,2.18,1.09
2011.12.16 08:10:40.682,1.60072,1.60128,1.50,1.51
2011.12.16 08:10:40.748,1.60072,1.60127,1.50,1.13
2011.12.16 08:10:40.819,1.60064,1.60124,1.50,1.14
2011.12.16 08:10:41.780,1.60065,1.60124,1.50,1.14
2011.12.16 08:10:49.709,1.60065,1.60124,1.50,1.14
2011.12.16 08:10:50.723,1.60064,1.60124,1.50,1.14
2011.12.16 08:10:53.671,1.60064,1.6012,1.50,1.14
2011.12.16 08:10:53.956,1.60064,1.60123,1.50,1.14
2011.12.16 08:10:54.281,1.60064,1.60125,1.50,2.19
2011.12.16 08:10:54.394,1.60064,1.60123,1.50,1.51
2011.12.16 08:10:55.074,1.60064,1.60125,1.50,2.19
2011.12.16 08:10:55.440,1.60071,1.60119,1.50,1.14
2011.12.16 08:10:55.691,1.60067,1.60123,1.13,2.19
2011.12.16 08:10:55.879,1.60071,1.60127,1.50,1.14
2011.12.16 08:10:57.060,1.60072,1.60127,1.50,1.14
2011.12.16 08:10:57.583,1.60072,1.60127,1.50,1.14
2011.12.16 08:10:57.889,1.6008,1.60127,1.50,1.14
2011.12.16 08:10:58.020,1.60079,1.60127,1.50,1.14
2011.12.16 08:11:04.525,1.60072,1.60128,1.50,1.51
2011.12.16 08:11:07.582,1.60085,1.60138,2.18,1.14
2011.12.16 08:11:07.714,1.60089,1.60144,2.18,1.14
2011.12.16 08:11:08.020,1.60105,1.60146,1.50,1.14
2011.12.16 08:11:08.090,1.60105,1.60154,1.50,1.14
2011.12.16 08:11:08.219,1.60104,1.60149,2.18,1.51
2011.12.16 08:11:08.472,1.60097,1.60149,2.93,1.51
2011.12.16 08:11:09.072,1.60091,1.60139,1.50,1.13
2011.12.16 08:11:09.141,1.60082,1.60139,2.93,1.51
2011.12.16 08:11:09.210,1.60085,1.60141,1.13,2.19
2011.12.16 08:11:09.460,1.60089,1.60138,2.93,1.51
2011.12.16 08:11:10.213,1.60083,1.60134,1.50,1.14
2011.12.16 08:11:10.523,1.60076,1.60134,1.84,1.51
2011.12.16 08:11:10.995,1.60076,1.60134,1.09,1.51
2011.12.16 08:11:11.493,1.60071,1.60138,1.50,1.89
2011.12.16 08:11:11.559,1.60071,1.60133,1.50,1.51
2011.12.16 08:11:12.183,1.60074,1.60133,1.13,1.14
2011.12.16 08:11:12.280,1.60074,1.6014,1.13,2.19
2011.12.16 08:11:12.355,1.6008,1.6014,1.50,2.19
2011.12.16 08:11:12.486,1.6008,1.60139,1.50,1.51
2011.12.16 08:11:13.108,1.6008,1.60139,1.50,1.51
2011.12.16 08:11:13.177,1.60083,1.60139,1.50,1.51
2011.12.16 08:11:13.384,1.60083,1.60139,1.50,1.51
2011.12.16 08:11:13.715,1.6008,1.60136,1.87,1.13
2011.12.16 08:11:13.781,1.6008,1.60136,1.12,1.13
2011.12.16 08:11:13.854,1.60075,1.60131,1.50,1.14
2011.12.16 08:11:14.224,1.60075,1.60139,1.50,1.14
2011.12.16 08:11:14.833,1.60076,1.60135,1.50,1.14
2011.12.16 08:11:15.161,1.60071,1.60129,1.50,1.14
2011.12.16 08:11:15.471,1.6007,1.60129,1.12,1.14
2011.12.16 08:11:16.001,1.60071,1.60129,1.50,1.14
2011.12.16 08:11:16.441,1.6007,1.60129,1.12,1.14
2011.12.16 08:11:17.016,1.60071,1.60128,1.12,1.14
2011.12.16 08:11:18.030,1.60072,1.60128,1.50,1.14
2011.12.16 08:11:18.098,1.60072,1.60133,1.50,1.51
2011.12.16 08:11:19.014,1.60071,1.60134,1.50,1.51
2011.12.16 08:11:19.556,1.6008,1.60134,1.50,1.14
2011.12.16 08:11:19.779,1.60079,1.60138,1.50,1.14
2011.12.16 08:11:19.850,1.60079,1.60135,1.50,1.14
2011.12.16 08:11:20.530,1.6008,1.60138,1.50,1.14
2011.12.16 08:11:23.810,1.60079,1.60138,1.50,1.14
2011.12.16 08:11:23.940,1.60077,1.60133,1.50,1.13
2011.12.16 08:11:24.069,1.60071,1.60133,1.50,1.51
2011.12.16 08:11:24.380,1.60082,1.60138,1.50,1.14
2011.12.16 08:11:24.509,1.60078,1.60133,2.18,1.13
2011.12.16 08:11:24.581,1.60071,1.60133,1.50,1.51
2011.12.16 08:11:25.358,1.60072,1.60133,1.50,1.51
2011.12.16 08:11:28.824,1.60077,1.60133,1.50,1.13
2011.12.16 08:11:28.893,1.60077,1.60138,1.50,1.14
2011.12.16 08:11:29.443,1.60082,1.60139,1.50,1.14
2011.12.16 08:11:29.749,1.60083,1.60139,3.30,1.14
2011.12.16 08:11:30.439,1.60071,1.60129,1.50,1.14
2011.12.16 08:11:30.828,1.60064,1.60121,1.50,1.14
2011.12.16 08:11:34.276,1.60064,1.60124,1.50,1.14
2011.12.16 08:11:35.757,1.60065,1.60124,1.50,1.14
2011.12.16 08:11:36.312,1.60064,1.60124,1.50,1.14
2011.12.16 08:11:38.785,1.60064,1.60127,1.50,2.19
2011.12.16 08:11:39.101,1.60065,1.60123,1.50,1.14
2011.12.16 08:11:41.078,1.60064,1.60123,1.50,1.14
2011.12.16 08:11:42.090,1.60065,1.60123,1.50,1.14
2011.12.16 08:11:43.688,1.60064,1.60123,1.50,1.14
2011.12.16 08:11:44.200,1.60065,1.60123,1.50,1.14
2011.12.16 08:11:46.206,1.60065,1.60127,1.50,2.19
2011.12.16 08:11:47.720,1.60064,1.60127,1.50,2.19
2011.12.16 08:11:47.791,1.60064,1.60124,1.50,1.14
2011.12.16 08:11:48.224,1.60064,1.60121,1.50,1.14
2011.12.16 08:11:49.751,1.60065,1.60119,1.50,1.09
2011.12.16 08:11:50.354,1.60062,1.60119,1.50,1.48
2011.12.16 08:11:50.660,1.60065,1.60119,1.50,1.09
2011.12.16 08:11:50.732,1.60065,1.60119,1.50,1.09
2011.12.16 08:11:51.463,1.60062,1.60119,1.84,1.81
2011.12.16 08:11:52.102,1.60062,1.60119,1.09,1.81
2011.12.16 08:11:53.483,1.60062,1.60119,1.84,2.56
2011.12.16 08:11:53.639,1.60062,1.60119,1.84,1.81
2011.12.16 08:11:54.139,1.60062,1.60119,1.09,1.81
2011.12.16 08:11:55.015,1.60062,1.60119,1.84,1.81
2011.12.16 08:11:55.088,1.60062,1.60119,2.59,1.81
2011.12.16 08:11:55.155,1.60062,1.60115,2.25,1.84
2011.12.16 08:11:55.761,1.60069,1.60124,2.93,1.51
2011.12.16 08:11:55.848,1.60069,1.60128,2.93,1.85
2011.12.16 08:11:55.973,1.60074,1.60126,1.50,1.48
2011.12.16 08:11:57.612,1.60069,1.60119,2.18,1.14
2011.12.16 08:11:57.685,1.60061,1.60124,1.87,1.51
2011.12.16 08:11:57.750,1.60061,1.60128,1.87,3.31
2011.12.16 08:11:58.359,1.60061,1.60128,1.87,2.56
2011.12.16 08:11:58.495,1.60062,1.60127,1.87,2.19
2011.12.16 08:11:58.741,1.60062,1.60128,3.67,2.94
2011.12.16 08:11:59.285,1.60067,1.60128,1.50,2.94
2011.12.16 08:11:59.727,1.60068,1.60128,1.50,2.19
2011.12.16 08:11:59.852,1.60075,1.60133,1.50,1.14
2011.12.16 08:11:59.927,1.60075,1.60131,1.50,1.14
2011.12.16 08:12:08.151,1.60068,1.60129,1.50,2.94
2011.12.16 08:12:08.290,1.60071,1.60129,1.50,1.81
2011.12.16 08:12:08.432,1.60077,1.60128,1.50,2.18
2011.12.16 08:12:09.041,1.60078,1.60138,1.87,2.56
2011.12.16 08:12:09.149,1.6008,1.60136,1.50,1.14
2011.12.16 08:12:09.466,1.6008,1.60141,1.50,2.19
2011.12.16 08:12:09.536,1.60079,1.60139,1.50,1.14
2011.12.16 08:12:09.722,1.60079,1.60141,1.50,2.19
2011.12.16 08:12:09.973,1.6008,1.60139,1.50,1.14
2011.12.16 08:12:10.521,1.60079,1.60141,1.50,2.19
2011.12.16 08:12:11.061,1.60087,1.60141,1.50,1.81
2011.12.16 08:12:11.579,1.60088,1.60144,1.50,1.14
2011.12.16 08:12:11.771,1.60087,1.6014,1.50,1.14
2011.12.16 08:12:13.637,1.60083,1.60139,1.50,2.56
2011.12.16 08:12:14.188,1.60082,1.60139,2.93,2.56
2011.12.16 08:12:14.884,1.60083,1.60139,1.50,2.56
2011.12.16 08:12:17.880,1.60082,1.60139,2.93,2.56
2011.12.16 08:12:22.509,1.60083,1.60139,1.50,2.56
2011.12.16 08:12:22.951,1.60082,1.60139,2.93,2.56
2011.12.16 08:12:23.200,1.60085,1.60139,1.13,2.56
2011.12.16 08:12:23.740,1.60078,1.60129,1.12,2.55
2011.12.16 08:12:24.061,1.60072,1.60125,1.50,1.43
2011.12.16 08:12:24.132,1.60072,1.60128,1.50,1.14
2011.12.16 08:12:27.264,1.60071,1.60134,1.50,1.14
2011.12.16 08:12:27.450,1.6007,1.60134,1.50,2.94
2011.12.16 08:12:27.580,1.60071,1.60134,1.50,1.51
2011.12.16 08:12:28.950,1.60071,1.60135,1.84,2.19
2011.12.16 08:12:29.019,1.60087,1.60143,1.50,1.51
2011.12.16 08:12:29.240,1.60088,1.60141,1.50,1.14
2011.12.16 08:12:29.449,1.60087,1.60141,1.50,1.13
2011.12.16 08:12:33.208,1.60079,1.60137,1.50,1.14
2011.12.16 08:12:33.449,1.60077,1.60129,1.50,1.14
2011.12.16 08:12:34.480,1.60077,1.60128,1.50,1.14
2011.12.16 08:12:35.328,1.60071,1.60124,1.50,1.14
2011.12.16 08:12:36.573,1.60071,1.60123,1.50,1.14
2011.12.16 08:12:37.607,1.60071,1.60124,1.50,1.14
2011.12.16 08:12:38.118,1.60071,1.60123,1.50,1.14
2011.12.16 08:12:39.292,1.60076,1.60124,1.50,1.14
2011.12.16 08:12:39.421,1.60078,1.60126,1.50,1.81
2011.12.16 08:12:39.551,1.60077,1.60129,1.50,1.14
2011.12.16 08:12:39.827,1.60081,1.60138,1.13,1.14
2011.12.16 08:12:39.895,1.60081,1.60129,1.50,1.14
2011.12.16 08:12:39.963,1.60089,1.60129,1.43,1.14
2011.12.16 08:12:40.521,1.60088,1.60139,2.18,1.09
2011.12.16 08:12:40.600,1.60077,1.60138,1.50,1.14
2011.12.16 08:12:40.671,1.6008,1.60138,1.50,1.51
2011.12.16 08:12:40.739,1.6008,1.60139,1.50,2.23
2011.12.16 08:12:40.809,1.60077,1.60139,1.50,2.23
2011.12.16 08:12:42.202,1.60078,1.60139,1.50,2.23
2011.12.16 08:12:43.341,1.60075,1.60139,1.50,2.23
2011.12.16 08:12:46.514,1.60075,1.60134,1.50,1.51
2011.12.16 08:12:46.684,1.60075,1.60139,1.50,1.89
2011.12.16 08:12:47.914,1.60076,1.60139,1.50,1.14
2011.12.16 08:12:48.172,1.6008,1.60136,1.50,1.14
2011.12.16 08:12:48.359,1.60078,1.60133,1.50,1.14
2011.12.16 08:12:49.815,1.60078,1.60133,1.50,1.14
2011.12.16 08:12:50.407,1.60078,1.60133,1.50,1.14
2011.12.16 08:12:51.329,1.60078,1.60138,1.50,2.19
2011.12.16 08:12:51.552,1.60078,1.60134,1.50,1.14
2011.12.16 08:12:52.503,1.60078,1.60137,1.50,2.53
2011.12.16 08:12:52.893,1.60078,1.60134,1.50,1.14
2011.12.16 08:12:53.608,1.60082,1.60139,1.50,1.14
2011.12.16 08:12:55.043,1.60085,1.60139,1.13,1.14
2011.12.16 08:12:55.353,1.6008,1.60136,1.87,1.14
2011.12.16 08:12:55.676,1.60094,1.60143,2.18,1.14
2011.12.16 08:12:57.201,1.60088,1.60143,1.50,1.14
2011.12.16 08:12:57.801,1.60087,1.60141,1.50,1.13
2011.12.16 08:12:58.583,1.6008,1.60133,1.87,1.13
2011.12.16 08:12:58.650,1.60079,1.60129,1.50,1.14
2011.12.16 08:13:00.329,1.6008,1.60129,1.50,1.14
2011.12.16 08:13:01.049,1.60079,1.60129,1.50,1.14
2011.12.16 08:13:04.359,1.60074,1.60129,1.50,1.14
2011.12.16 08:13:05.868,1.60073,1.60129,1.50,1.14
2011.12.16 08:13:06.411,1.60074,1.60133,1.50,1.51
2011.12.16 08:13:06.666,1.60078,1.60133,1.50,1.14
2011.12.16 08:13:07.322,1.6008,1.60137,1.50,2.19
2011.12.16 08:13:07.397,1.60074,1.60137,1.50,2.19
2011.12.16 08:13:08.067,1.60073,1.60137,1.50,2.19
2011.12.16 08:13:08.684,1.60074,1.60137,1.50,2.19
2011.12.16 08:13:08.751,1.60073,1.60133,1.50,1.14
2011.12.16 08:13:09.490,1.60072,1.60128,1.87,1.14
2011.12.16 08:13:09.898,1.60073,1.60134,1.50,1.51
2011.12.16 08:13:10.602,1.60074,1.60134,1.50,1.51
2011.12.16 08:13:11.711,1.60072,1.60129,1.12,1.14
2011.12.16 08:13:11.782,1.60074,1.60133,1.50,1.14
2011.12.16 08:13:12.348,1.60077,1.60134,2.18,1.14
2011.12.16 08:13:12.419,1.60077,1.60134,2.18,1.14
2011.12.16 08:13:12.486,1.60077,1.60137,2.18,2.19
2011.12.16 08:13:12.804,1.60085,1.60139,2.18,1.14
2011.12.16 08:13:13.315,1.60082,1.60139,1.50,1.14
2011.12.16 08:13:14.261,1.60082,1.60139,1.50,1.14
2011.12.16 08:13:14.833,1.60083,1.60139,1.50,1.14
2011.12.16 08:13:14.962,1.60082,1.60139,1.50,1.14
2011.12.16 08:13:15.271,1.60078,1.60128,2.18,1.13
2011.12.16 08:13:15.351,1.60067,1.60123,1.87,1.14
2011.12.16 08:13:15.420,1.60067,1.60128,1.87,2.94
2011.12.16 08:13:15.945,1.60066,1.60128,1.87,2.94
2011.12.16 08:13:16.201,1.60067,1.60124,1.87,1.14
2011.12.16 08:13:17.902,1.60066,1.60124,1.87,1.14
2011.12.16 08:13:19.928,1.60067,1.60124,1.87,1.14
2011.12.16 08:13:20.575,1.60066,1.60124,1.87,1.14
2011.12.16 08:13:21.382,1.60067,1.60124,1.87,1.14
2011.12.16 08:13:23.431,1.60066,1.60124,1.87,1.14
2011.12.16 08:13:24.018,1.60067,1.60124,1.87,1.14
2011.12.16 08:13:24.418,1.60067,1.60124,1.50,1.14
2011.12.16 08:13:26.253,1.60067,1.60128,1.50,1.51
2011.12.16 08:13:26.505,1.60067,1.6012,2.18,1.13
2011.12.16 08:13:26.691,1.60061,1.6012,1.50,1.13
2011.12.16 08:13:26.820,1.60059,1.60115,1.50,1.14
2011.12.16 08:13:26.952,1.60058,1.60119,1.50,1.14
2011.12.16 08:13:29.450,1.60059,1.60119,1.50,1.14
2011.12.16 08:13:32.299,1.60058,1.60119,1.50,1.14
2011.12.16 08:13:33.391,1.60064,1.60127,1.50,1.14
2011.12.16 08:13:35.902,1.60065,1.60129,1.50,1.89
2011.12.16 08:13:36.428,1.60062,1.60123,1.50,1.14
2011.12.16 08:13:37.035,1.60065,1.60128,1.50,1.51
2011.12.16 08:13:37.950,1.60064,1.60128,1.50,1.51
2011.12.16 08:13:38.496,1.60066,1.60119,2.18,1.14
2011.12.16 08:13:38.569,1.60067,1.60117,1.50,1.43
2011.12.16 08:13:38.646,1.60067,1.60124,1.50,1.14
2011.12.16 08:13:38.774,1.60067,1.60125,1.50,1.81
2011.12.16 08:13:39.212,1.60067,1.60129,1.50,1.14
2011.12.16 08:13:39.340,1.60071,1.60129,1.50,1.14
2011.12.16 08:13:39.412,1.60071,1.60129,1.50,1.14
2011.12.16 08:13:39.671,1.60067,1.60129,1.50,1.51
2011.12.16 08:13:40.243,1.60072,1.60128,1.09,1.14
2011.12.16 08:13:40.559,1.60087,1.60128,1.43,2.23
2011.12.16 08:13:40.626,1.60068,1.60127,2.18,2.19
2011.12.16 08:13:41.687,1.60065,1.60128,2.18,1.48
2011.12.16 08:13:41.755,1.60065,1.60128,2.18,2.23
2011.12.16 08:13:41.913,1.60065,1.60128,2.18,1.48
2011.12.16 08:13:42.680,1.60065,1.60127,2.18,1.14
2011.12.16 08:13:43.456,1.60065,1.60124,2.18,1.51
2011.12.16 08:13:44.101,1.60065,1.60124,2.18,1.51
2011.12.16 08:13:44.170,1.60065,1.60124,2.18,1.51
2011.12.16 08:13:44.840,1.60079,1.60125,2.18,1.10
2011.12.16 08:13:45.212,1.60078,1.60125,2.18,1.10
2011.12.16 08:13:45.537,1.60079,1.6013,2.18,1.14
2011.12.16 08:13:45.662,1.60079,1.60129,2.18,1.51
2011.12.16 08:13:46.547,1.60071,1.60129,2.18,1.51
2011.12.16 08:13:46.927,1.60071,1.60129,2.18,1.14
2011.12.16 08:13:46.991,1.60071,1.6013,2.18,1.81
2011.12.16 08:13:47.064,1.60075,1.60134,1.50,1.47
2011.12.16 08:13:47.252,1.60075,1.60134,1.50,1.48
2011.12.16 08:13:50.800,1.60081,1.60139,2.18,1.14
2011.12.16 08:13:51.062,1.60083,1.60139,1.50,1.14
2011.12.16 08:13:51.250,1.60087,1.60144,2.93,2.18
2011.12.16 08:13:51.443,1.60089,1.60144,1.13,1.43
2011.12.16 08:13:51.633,1.60096,1.60149,1.50,1.14
2011.12.16 08:13:51.767,1.60096,1.60147,1.50,1.81
2011.12.16 08:13:52.561,1.60096,1.60153,2.93,1.14
2011.12.16 08:13:52.636,1.60088,1.60144,1.50,1.14
2011.12.16 08:13:55.731,1.60086,1.60145,1.50,1.14
2011.12.16 08:13:57.099,1.60086,1.60144,1.87,1.14
2011.12.16 08:13:58.545,1.60085,1.60138,1.50,1.14
2011.12.16 08:13:58.921,1.60079,1.60138,1.50,1.89
2011.12.16 08:13:59.118,1.60076,1.60133,1.50,1.51
2011.12.16 08:13:59.484,1.60077,1.60137,1.50,1.14
2011.12.16 08:13:59.730,1.60076,1.60139,1.87,1.51
2011.12.16 08:14:00.564,1.60077,1.60139,1.87,1.51
2011.12.16 08:14:01.533,1.60077,1.60134,1.12,1.14
2011.12.16 08:14:01.769,1.60077,1.60138,1.87,1.14
2011.12.16 08:14:03.262,1.60076,1.60138,1.87,1.14
2011.12.16 08:14:03.770,1.60078,1.60139,1.50,1.14
2011.12.16 08:14:03.924,1.60077,1.60134,1.12,1.14
2011.12.16 08:14:04.450,1.60077,1.60134,1.12,1.14
2011.12.16 08:14:04.574,1.60079,1.60139,1.50,1.14
2011.12.16 08:14:05.956,1.6008,1.60136,1.87,2.56
2011.12.16 08:14:06.263,1.60079,1.60133,3.30,1.09
2011.12.16 08:14:06.586,1.6008,1.6013,1.50,1.81
2011.12.16 08:14:07.204,1.6008,1.6013,1.50,1.43
2011.12.16 08:14:07.276,1.6008,1.60134,1.50,1.14
2011.12.16 08:14:07.556,1.6008,1.60138,1.50,1.51
2011.12.16 08:14:08.071,1.6008,1.60137,1.50,2.19
2011.12.16 08:14:08.141,1.60079,1.60133,1.50,1.51
2011.12.16 08:14:08.519,1.60079,1.60129,1.50,2.94
2011.12.16 08:14:08.589,1.6008,1.60128,1.50,1.14
2011.12.16 08:14:09.319,1.60079,1.60138,1.50,1.81
2011.12.16 08:14:10.131,1.60079,1.60134,1.50,1.14
2011.12.16 08:14:11.907,1.6008,1.60134,1.50,1.14
2011.12.16 08:14:13.352,1.60079,1.60134,1.50,1.14
2011.12.16 08:14:14.117,1.6008,1.60134,1.50,1.14
2011.12.16 08:14:15.166,1.60076,1.60134,1.87,1.14
2011.12.16 08:14:16.454,1.60088,1.60134,1.80,1.14
2011.12.16 08:14:16.642,1.60093,1.60148,1.50,1.14
2011.12.16 08:14:17.837,1.60092,1.60149,1.50,1.14
2011.12.16 08:14:18.997,1.60093,1.60153,1.50,1.81
2011.12.16 08:14:19.303,1.60098,1.60153,1.13,1.81
2011.12.16 08:14:19.836,1.60103,1.60159,2.18,1.14
2011.12.16 08:14:20.483,1.60106,1.6016,1.13,1.81
2011.12.16 08:14:20.953,1.6011,1.60163,1.50,1.48
2011.12.16 08:14:21.487,1.60114,1.60167,1.13,1.81
2011.12.16 08:14:21.558,1.60118,1.60174,1.50,1.48
2011.12.16 08:14:21.802,1.60118,1.60169,1.50,1.48
2011.12.16 08:14:22.100,1.60111,1.60167,1.50,1.81
2011.12.16 08:14:22.611,1.60118,1.60168,1.50,1.43
2011.12.16 08:14:23.318,1.60106,1.60157,1.50,1.84
2011.12.16 08:14:23.390,1.60105,1.60156,1.50,1.77
2011.12.16 08:14:23.467,1.60104,1.60149,1.50,1.13
2011.12.16 08:14:23.652,1.60091,1.60149,1.84,1.14
2011.12.16 08:14:23.722,1.60096,1.6015,1.50,1.09
2011.12.16 08:14:24.034,1.60091,1.60153,1.50,2.18
2011.12.16 08:14:24.102,1.60087,1.60151,1.13,1.14
2011.12.16 08:14:24.422,1.60086,1.60153,1.50,2.56
2011.12.16 08:14:24.602,1.60086,1.60151,1.50,1.14
2011.12.16 08:14:25.694,1.60088,1.60154,2.18,1.51
2011.12.16 08:14:26.002,1.60086,1.60154,1.50,2.56
2011.12.16 08:14:26.200,1.60087,1.60154,1.50,2.56
2011.12.16 08:14:27.157,1.60088,1.60151,2.18,1.14
2011.12.16 08:14:30.648,1.60092,1.60153,1.13,1.14
2011.12.16 08:14:30.779,1.60098,1.60154,1.50,1.14
2011.12.16 08:14:30.970,1.60102,1.60155,1.50,1.43
2011.12.16 08:14:31.557,1.60103,1.60159,1.50,1.14
2011.12.16 08:14:32.882,1.60103,1.60158,1.50,1.13
2011.12.16 08:14:33.015,1.60101,1.60154,1.50,1.13
2011.12.16 08:14:33.081,1.60096,1.60149,1.50,1.14
2011.12.16 08:14:33.273,1.60093,1.60145,1.87,1.13
2011.12.16 08:14:33.346,1.60093,1.60143,1.50,2.18
2011.12.16 08:14:33.896,1.60087,1.60138,1.50,1.14
2011.12.16 08:14:34.203,1.60088,1.60148,2.18,1.51
2011.12.16 08:14:34.333,1.60092,1.6015,1.50,1.14
2011.12.16 08:14:35.996,1.60093,1.60149,1.50,1.14
2011.12.16 08:14:38.613,1.60092,1.6015,1.87,1.14
2011.12.16 08:14:38.742,1.60092,1.6015,1.12,1.14
2011.12.16 08:14:38.975,1.60092,1.60144,1.12,1.13
2011.12.16 08:14:39.278,1.60087,1.60143,1.50,1.14
2011.12.16 08:14:40.572,1.60085,1.60143,1.50,1.14
2011.12.16 08:14:42.122,1.60084,1.60143,1.50,1.14
2011.12.16 08:14:42.633,1.60085,1.60143,1.50,1.14
2011.12.16 08:14:43.123,1.60084,1.60143,1.50,1.51
2011.12.16 08:14:43.540,1.60084,1.60138,1.50,1.81
2011.12.16 08:14:44.160,1.60084,1.60134,1.50,1.14
2011.12.16 08:14:44.865,1.60085,1.60134,1.50,1.14
2011.12.16 08:14:45.660,1.60085,1.60138,1.50,2.56
2011.12.16 08:14:46.651,1.60081,1.60133,1.50,1.14
2011.12.16 08:14:46.781,1.60081,1.60129,1.50,1.13
2011.12.16 08:14:46.850,1.60076,1.60125,1.50,1.43
2011.12.16 08:14:46.922,1.60076,1.60125,1.50,2.18
2011.12.16 08:14:46.991,1.60076,1.60125,1.50,1.43
2011.12.16 08:14:47.061,1.60076,1.60132,1.50,1.14
2011.12.16 08:14:47.310,1.60076,1.6013,1.50,2.19
2011.12.16 08:14:47.445,1.60076,1.60128,1.50,1.51
2011.12.16 08:14:47.629,1.60073,1.60122,1.50,2.19
2011.12.16 08:14:48.186,1.60072,1.60122,1.50,2.56
2011.12.16 08:14:48.491,1.60072,1.60121,1.50,1.81
2011.12.16 08:14:48.561,1.60073,1.60121,1.50,1.81
2011.12.16 08:14:48.998,1.60073,1.60126,1.50,1.14
2011.12.16 08:14:49.178,1.60073,1.60121,1.50,2.19
2011.12.16 08:14:49.747,1.60072,1.60121,1.50,2.19
2011.12.16 08:14:50.890,1.60072,1.60121,1.50,2.19
2011.12.16 08:14:51.993,1.60071,1.60119,1.50,1.51
2011.12.16 08:14:52.061,1.60071,1.60119,1.50,1.51
2011.12.16 08:14:52.489,1.60073,1.6012,1.50,1.43
2011.12.16 08:14:52.788,1.60072,1.60128,1.50,1.51
2011.12.16 08:14:52.920,1.60073,1.60123,1.50,1.14
2011.12.16 08:14:53.169,1.60073,1.60122,1.50,1.81
2011.12.16 08:14:53.239,1.60073,1.60122,1.50,1.81
2011.12.16 08:14:54.169,1.60072,1.60128,1.50,1.51
2011.12.16 08:14:54.682,1.60073,1.60129,1.50,1.10
2011.12.16 08:14:57.188,1.60072,1.60129,1.50,1.10
2011.12.16 08:14:59.398,1.60075,1.60129,1.50,1.10
2011.12.16 08:15:00.263,1.60075,1.60129,1.50,1.85
2011.12.16 08:15:00.908,1.60075,1.60124,1.50,1.14
2011.12.16 08:15:00.975,1.60071,1.60121,1.50,1.14
2011.12.16 08:15:01.490,1.60071,1.60122,1.50,1.14
2011.12.16 08:15:01.815,1.60066,1.60119,1.50,1.13
2011.12.16 08:15:02.502,1.60066,1.60119,1.50,1.13
2011.12.16 08:15:02.606,1.60065,1.60119,1.50,1.51
2011.12.16 08:15:02.804,1.60056,1.60114,1.50,1.51
2011.12.16 08:15:02.871,1.60053,1.60114,1.50,1.51
2011.12.16 08:15:03.888,1.60054,1.60114,1.50,1.51
2011.12.16 08:15:05.583,1.60054,1.60116,1.50,2.56
2011.12.16 08:15:07.486,1.60053,1.60116,1.50,2.56
2011.12.16 08:15:07.558,1.60053,1.60113,1.50,1.51
2011.12.16 08:15:07.682,1.60053,1.60116,1.50,1.81
2011.12.16 08:15:08.332,1.60056,1.60116,1.50,1.81
2011.12.16 08:15:08.416,1.60055,1.60119,1.50,1.51
2011.12.16 08:15:09.081,1.60056,1.60119,1.50,1.51
2011.12.16 08:15:09.653,1.60056,1.60123,1.50,1.14
2011.12.16 08:15:10.097,1.60064,1.60125,1.50,1.81
2011.12.16 08:15:10.654,1.60063,1.60129,1.50,1.51
2011.12.16 08:15:12.338,1.60064,1.60129,1.50,1.51
2011.12.16 08:15:13.119,1.60063,1.60129,1.50,1.51
2011.12.16 08:15:15.040,1.60064,1.60129,1.50,1.51
2011.12.16 08:15:15.481,1.60064,1.60131,1.50,1.14
2011.12.16 08:15:16.063,1.6007,1.60131,1.50,1.14
2011.12.16 08:15:16.824,1.60071,1.60124,1.50,1.81
2011.12.16 08:15:16.966,1.60071,1.60131,1.50,2.19
2011.12.16 08:15:17.241,1.60081,1.6013,1.50,1.43
2011.12.16 08:15:17.373,1.60081,1.60138,1.50,1.14
2011.12.16 08:15:17.511,1.60081,1.60135,1.50,1.14
2011.12.16 08:15:17.712,1.60079,1.60139,1.13,1.81
2011.12.16 08:15:17.779,1.60084,1.60144,1.50,1.48
2011.12.16 08:15:17.910,1.60084,1.60147,1.50,2.53
2011.12.16 08:15:18.041,1.60084,1.60147,1.50,2.53
2011.12.16 08:15:18.681,1.60092,1.60149,1.50,1.14
2011.12.16 08:15:19.238,1.60093,1.60149,1.50,1.14
2011.12.16 08:15:19.978,1.60092,1.60149,1.50,1.14
2011.12.16 08:15:22.359,1.60093,1.60149,1.50,1.14
2011.12.16 08:15:22.849,1.60092,1.6015,1.50,1.14
2011.12.16 08:15:22.977,1.60093,1.60149,1.50,1.14
2011.12.16 08:15:23.902,1.60088,1.60149,2.18,2.56
2011.12.16 08:15:24.089,1.60087,1.60144,1.12,1.14
2011.12.16 08:15:24.393,1.60087,1.60145,1.50,1.14
2011.12.16 08:15:25.022,1.60092,1.60149,1.50,2.18
2011.12.16 08:15:26.812,1.60092,1.6015,1.50,1.14
2011.12.16 08:15:27.925,1.60091,1.60146,1.50,1.13
2011.12.16 08:15:28.001,1.60086,1.60144,1.50,1.14
2011.12.16 08:15:33.057,1.60087,1.60144,1.50,1.14
2011.12.16 08:15:34.157,1.60084,1.60144,1.50,1.14
2011.12.16 08:15:35.712,1.60083,1.60144,1.50,1.89
2011.12.16 08:15:35.781,1.60083,1.60139,1.50,1.51
2011.12.16 08:15:35.971,1.60082,1.60134,1.50,1.14
2011.12.16 08:15:36.219,1.60082,1.60139,1.50,1.51
2011.12.16 08:15:36.709,1.60082,1.60134,1.50,1.14
2011.12.16 08:15:37.524,1.60082,1.60138,1.50,1.14
2011.12.16 08:15:37.667,1.60083,1.60133,1.50,1.14
2011.12.16 08:15:37.854,1.60073,1.60133,2.93,1.51
2011.12.16 08:15:38.186,1.60078,1.60128,2.18,1.14
2011.12.16 08:15:38.500,1.60075,1.60134,2.18,2.94
2011.12.16 08:15:39.481,1.60075,1.60134,2.18,1.81
2011.12.16 08:15:39.554,1.60076,1.60139,2.18,1.51
2011.12.16 08:15:39.621,1.60076,1.60139,2.18,1.51
2011.12.16 08:15:40.113,1.60083,1.60144,1.50,1.51
2011.12.16 08:15:40.242,1.60083,1.60148,1.50,1.10
2011.12.16 08:15:41.161,1.60082,1.60149,1.50,1.89
2011.12.16 08:15:41.632,1.60082,1.60149,1.50,1.89
2011.12.16 08:15:41.775,1.60082,1.60144,1.88,1.14
2011.12.16 08:15:41.843,1.60088,1.60144,1.50,1.14
2011.12.16 08:15:54.606,1.60088,1.60148,1.50,1.14
2011.12.16 08:15:54.852,1.60092,1.60148,1.50,1.13
2011.12.16 08:15:55.105,1.60092,1.60147,1.50,1.13
2011.12.16 08:15:55.175,1.60096,1.60148,2.18,1.51
2011.12.16 08:15:55.752,1.6009,1.60146,1.50,1.14
2011.12.16 08:15:56.585,1.60089,1.60154,1.50,2.94
2011.12.16 08:15:56.716,1.60089,1.60149,1.50,1.48
2011.12.16 08:15:56.845,1.60089,1.60152,1.50,2.53
2011.12.16 08:15:56.963,1.60089,1.60148,1.50,1.48
2011.12.16 08:15:57.518,1.60089,1.60147,1.50,1.48
2011.12.16 08:15:57.957,1.60088,1.60143,1.50,1.14
2011.12.16 08:15:58.024,1.60088,1.60139,1.50,1.14
2011.12.16 08:15:59.158,1.60088,1.60139,1.50,1.14
2011.12.16 08:16:00.009,1.60089,1.60139,1.50,1.14
2011.12.16 08:16:00.509,1.60088,1.60139,1.50,1.14
2011.12.16 08:16:00.667,1.60086,1.60139,1.50,1.14
2011.12.16 08:16:01.245,1.60086,1.60138,1.50,1.14
2011.12.16 08:16:01.858,1.60089,1.60143,1.50,1.14
2011.12.16 08:16:03.858,1.60089,1.60146,1.50,2.19
2011.12.16 08:16:03.983,1.60088,1.60143,1.50,1.14
2011.12.16 08:16:04.573,1.60089,1.60143,1.50,1.14
2011.12.16 08:16:05.234,1.601,1.60149,2.18,1.14
2011.12.16 08:16:05.360,1.60105,1.60159,1.50,1.89
2011.12.16 08:16:05.437,1.60105,1.60159,1.50,1.14
2011.12.16 08:16:05.505,1.60105,1.60159,1.50,1.14
2011.12.16 08:16:05.810,1.60097,1.60157,1.50,1.13
2011.12.16 08:16:05.880,1.60096,1.60151,1.50,1.14
2011.12.16 08:16:06.459,1.60095,1.60152,1.50,1.14
2011.12.16 08:16:06.644,1.60095,1.60152,1.50,1.14
2011.12.16 08:16:08.876,1.60088,1.60149,1.50,1.51
2011.12.16 08:16:08.955,1.60097,1.6015,1.50,1.14
2011.12.16 08:16:09.531,1.60097,1.60155,1.50,1.14
2011.12.16 08:16:09.749,1.60097,1.60155,1.50,1.14
2011.12.16 08:16:15.584,1.60097,1.60158,1.50,1.14
2011.12.16 08:16:15.780,1.60096,1.60151,1.87,1.13
2011.12.16 08:16:15.910,1.60095,1.60147,1.50,1.14
2011.12.16 08:16:16.477,1.60091,1.60144,1.50,1.13
2011.12.16 08:16:16.661,1.60084,1.60139,1.50,1.14
2011.12.16 08:16:17.316,1.60083,1.60139,1.50,1.14
2011.12.16 08:16:17.381,1.60083,1.60143,1.50,1.14
2011.12.16 08:16:17.630,1.60087,1.60153,1.50,1.51
2011.12.16 08:16:17.702,1.60087,1.60148,1.50,1.14
2011.12.16 08:16:17.770,1.60088,1.60153,1.50,1.51
2011.12.16 08:16:18.799,1.60088,1.60153,2.18,1.51
2011.12.16 08:16:19.101,1.60088,1.60149,2.18,1.51
2011.12.16 08:16:19.232,1.60086,1.60143,2.18,1.14
2011.12.16 08:16:19.833,1.60087,1.60143,2.18,1.14
2011.12.16 08:16:22.120,1.60084,1.60143,1.50,1.14
2011.12.16 08:16:22.189,1.60084,1.60139,1.50,1.14
2011.12.16 08:16:24.515,1.60084,1.60138,1.50,1.14
2011.12.16 08:16:29.484,1.60084,1.60138,1.50,1.14
2011.12.16 08:16:34.732,1.60086,1.60144,2.18,1.14
2011.12.16 08:16:35.532,1.60086,1.60139,2.18,1.14
2011.12.16 08:16:36.054,1.60086,1.60139,2.18,1.14
2011.12.16 08:16:36.558,1.60084,1.60143,1.50,1.14
2011.12.16 08:16:37.368,1.60082,1.60143,1.50,1.14
2011.12.16 08:16:38.471,1.60083,1.60143,1.50,1.14
2011.12.16 08:16:39.459,1.60082,1.60143,1.50,1.14
2011.12.16 08:16:39.712,1.60082,1.60139,1.50,1.14
2011.12.16 08:16:42.463,1.60082,1.60144,1.50,1.14
2011.12.16 08:16:43.053,1.60083,1.60144,1.50,1.14
2011.12.16 08:16:44.259,1.60082,1.60144,1.50,1.14
2011.12.16 08:16:46.095,1.60082,1.60139,1.50,1.14
2011.12.16 08:16:47.296,1.60083,1.60139,1.87,1.14
2011.12.16 08:16:47.920,1.60082,1.60139,1.87,1.14
2011.12.16 08:16:48.741,1.60083,1.60139,1.87,1.14
2011.12.16 08:16:50.208,1.60083,1.60144,1.87,1.14
2011.12.16 08:16:50.602,1.60082,1.60139,1.87,1.14
2011.12.16 08:16:52.874,1.60082,1.60139,1.12,1.14
2011.12.16 08:16:53.072,1.60083,1.60134,1.50,1.14
2011.12.16 08:16:53.631,1.60074,1.60134,1.50,1.14
2011.12.16 08:16:53.762,1.60071,1.60133,1.84,1.13
2011.12.16 08:16:54.012,1.60071,1.60133,1.87,1.13
2011.12.16 08:16:54.085,1.60071,1.60129,2.93,1.14
2011.12.16 08:16:54.622,1.60077,1.60133,1.50,2.56
2011.12.16 08:16:54.916,1.60074,1.60121,1.43,1.13
2011.12.16 08:16:54.981,1.6007,1.60121,1.50,1.47
2011.12.16 08:16:55.055,1.60071,1.60118,1.50,1.14
2011.12.16 08:16:55.766,1.60061,1.60118,1.09,1.14
2011.12.16 08:16:56.366,1.60061,1.60118,1.09,1.14
2011.12.16 08:16:57.134,1.60061,1.60115,1.09,1.14
2011.12.16 08:16:57.800,1.60058,1.60113,2.93,1.09
2011.12.16 08:16:58.351,1.60058,1.60113,2.93,1.48
2011.12.16 08:16:58.653,1.60058,1.60118,2.93,1.48
2011.12.16 08:16:59.152,1.60062,1.60123,2.18,1.81
2011.12.16 08:16:59.231,1.60067,1.60124,2.18,1.14
2011.12.16 08:16:59.770,1.60066,1.6012,1.50,1.14
2011.12.16 08:17:02.357,1.60065,1.60123,1.50,1.14
2011.12.16 08:17:02.430,1.60071,1.60125,1.50,1.09
2011.12.16 08:17:06.165,1.60079,1.60137,1.50,1.14
2011.12.16 08:17:06.942,1.60079,1.60137,1.50,1.14
2011.12.16 08:17:09.510,1.60075,1.60134,1.50,1.48
2011.12.16 08:17:09.639,1.60074,1.6013,2.93,1.09
2011.12.16 08:17:10.003,1.60074,1.60129,2.93,1.13
2011.12.16 08:17:15.242,1.60072,1.60124,1.50,1.14
2011.12.16 08:17:15.443,1.60071,1.60127,1.50,1.14
2011.12.16 08:17:15.962,1.60072,1.60126,1.50,1.14
2011.12.16 08:17:16.311,1.60071,1.60128,1.09,1.14
2011.12.16 08:17:16.616,1.60071,1.60126,1.09,1.14
2011.12.16 08:17:16.879,1.60071,1.60129,1.09,2.56
2011.12.16 08:17:17.702,1.60075,1.60129,1.09,2.56
2011.12.16 08:17:18.449,1.60075,1.60126,1.09,1.14
2011.12.16 08:17:18.589,1.60075,1.60128,1.09,1.14
2011.12.16 08:17:19.277,1.60075,1.60128,1.09,1.14
2011.12.16 08:17:19.903,1.60077,1.60125,1.43,1.48
2011.12.16 08:17:19.969,1.60077,1.60129,2.18,1.48
2011.12.16 08:17:20.282,1.60084,1.60129,1.43,1.14
2011.12.16 08:17:20.857,1.60084,1.6013,2.18,1.14
2011.12.16 08:17:20.927,1.60083,1.60133,1.09,1.81
2011.12.16 08:17:27.698,1.60083,1.60133,1.09,1.81
2011.12.16 08:17:29.138,1.60083,1.60133,1.09,1.81
2011.12.16 08:17:30.192,1.60082,1.60131,1.09,1.14
2011.12.16 08:17:31.133,1.60083,1.60133,1.09,1.81
2011.12.16 08:17:31.695,1.60082,1.60131,1.09,1.14
2011.12.16 08:17:32.510,1.60074,1.6013,4.05,1.09
2011.12.16 08:17:32.807,1.60073,1.60124,1.09,1.14
2011.12.16 08:17:36.645,1.60066,1.60124,2.93,1.14
2011.12.16 08:17:40.421,1.60067,1.60124,1.50,1.14
2011.12.16 08:17:40.813,1.60067,1.60123,1.50,1.14
2011.12.16 08:17:42.134,1.60067,1.60125,1.50,1.81
2011.12.16 08:17:42.318,1.60075,1.60125,1.50,1.43
2011.12.16 08:17:42.449,1.60075,1.60131,1.50,1.14
2011.12.16 08:17:43.606,1.60075,1.60131,1.50,1.14
2011.12.16 08:17:43.863,1.60075,1.60133,1.50,2.56
2011.12.16 08:17:44.411,1.60084,1.60133,1.09,1.81
2011.12.16 08:17:45.219,1.60084,1.60138,1.09,1.14
2011.12.16 08:17:46.043,1.60084,1.60139,1.09,1.14
2011.12.16 08:17:47.252,1.60082,1.60134,2.93,1.09
2011.12.16 08:17:47.579,1.6008,1.60131,1.09,2.56
2011.12.16 08:17:49.360,1.60078,1.60131,1.09,2.56
2011.12.16 08:17:49.671,1.60071,1.60125,1.09,1.14
2011.12.16 08:17:50.013,1.60071,1.60126,1.09,1.81
2011.12.16 08:17:50.568,1.60071,1.60126,1.09,1.81
2011.12.16 08:17:51.350,1.60071,1.60125,1.09,1.81
2011.12.16 08:17:51.422,1.60071,1.60128,1.84,1.48
2011.12.16 08:17:51.959,1.60072,1.60128,1.50,1.48
2011.12.16 08:17:52.150,1.60072,1.60124,1.50,1.14
2011.12.16 08:17:52.801,1.60072,1.60129,1.50,1.48
2011.12.16 08:17:53.359,1.60079,1.6013,1.50,2.52
2011.12.16 08:17:53.901,1.60077,1.60128,1.50,1.09
2011.12.16 08:17:54.503,1.6008,1.60128,1.50,1.09
2011.12.16 08:17:56.060,1.60077,1.60128,1.50,1.09
2011.12.16 08:18:01.320,1.60077,1.60128,1.50,1.09
2011.12.16 08:18:01.510,1.60079,1.60129,1.50,1.09
2011.12.16 08:18:02.456,1.60079,1.60128,1.50,1.09
2011.12.16 08:18:03.984,1.60079,1.60134,1.50,1.09
2011.12.16 08:18:04.592,1.60079,1.60129,1.50,1.09
2011.12.16 08:18:04.751,1.60079,1.60134,1.50,1.09
2011.12.16 08:18:04.971,1.60079,1.60128,1.50,1.09
2011.12.16 08:18:06.571,1.60079,1.60134,1.50,1.09
2011.12.16 08:18:06.951,1.6008,1.60128,1.50,1.09
2011.12.16 08:18:08.289,1.60071,1.60128,2.21,1.09
2011.12.16 08:18:16.211,1.60071,1.60127,1.84,1.13
2011.12.16 08:18:17.172,1.60067,1.6012,1.09,1.14
2011.12.16 08:18:17.323,1.60065,1.6012,1.87,1.14
2011.12.16 08:18:19.374,1.60065,1.6012,1.87,1.14
2011.12.16 08:18:22.303,1.60064,1.60122,1.87,2.15
2011.12.16 08:18:24.276,1.60072,1.60125,1.09,1.14
2011.12.16 08:18:25.491,1.60075,1.6013,1.50,2.18
2011.12.16 08:18:26.312,1.6008,1.60132,1.50,1.81
2011.12.16 08:18:27.031,1.60075,1.60123,1.50,2.59
2011.12.16 08:18:27.111,1.60067,1.60113,1.13,1.14
2011.12.16 08:18:27.424,1.60058,1.60113,1.50,1.14
2011.12.16 08:18:27.672,1.60057,1.60104,1.50,1.09
2011.12.16 08:18:27.925,1.60051,1.60108,1.50,1.48
2011.12.16 08:18:28.053,1.60055,1.60108,1.09,1.14
2011.12.16 08:18:28.752,1.60055,1.60108,1.09,1.14
2011.12.16 08:18:28.886,1.60055,1.60111,1.09,2.56
2011.12.16 08:18:33.780,1.60055,1.60111,1.09,1.81
2011.12.16 08:18:34.080,1.60053,1.60111,1.50,2.15
2011.12.16 08:18:34.461,1.60053,1.60109,2.25,1.09
2011.12.16 08:18:34.952,1.60051,1.60111,2.18,2.53
2011.12.16 08:18:35.029,1.60051,1.60109,2.18,1.48
2011.12.16 08:18:35.213,1.60053,1.60109,1.50,1.09
2011.12.16 08:18:36.295,1.60057,1.6011,1.09,1.14
2011.12.16 08:18:36.870,1.60057,1.60111,1.09,1.81
2011.12.16 08:18:36.939,1.60057,1.6011,1.09,1.14
2011.12.16 08:18:37.486,1.60048,1.60106,1.84,1.14
2011.12.16 08:18:37.939,1.60049,1.60108,1.50,1.48
2011.12.16 08:18:39.140,1.60048,1.60108,1.84,1.48
2011.12.16 08:18:39.624,1.60048,1.60106,1.84,1.14
2011.12.16 08:18:39.953,1.60048,1.60109,1.84,1.14
2011.12.16 08:18:40.389,1.60048,1.60106,1.84,1.14
2011.12.16 08:18:40.721,1.60048,1.60109,1.84,1.14
2011.12.16 08:18:41.228,1.60048,1.60106,1.84,1.14
2011.12.16 08:18:41.291,1.60048,1.60109,1.84,1.14
2011.12.16 08:18:41.710,1.60048,1.60106,1.84,1.14
2011.12.16 08:18:41.941,1.60049,1.60108,1.50,1.14
2011.12.16 08:18:42.637,1.60048,1.60108,1.84,1.14
2011.12.16 08:18:42.978,1.60048,1.60111,1.84,2.19
2011.12.16 08:18:43.223,1.60049,1.60109,1.50,1.14
2011.12.16 08:18:43.905,1.60048,1.60108,1.84,2.56
2011.12.16 08:18:45.502,1.60048,1.60106,1.84,1.14
2011.12.16 08:18:46.327,1.60048,1.60108,1.84,2.56
2011.12.16 08:18:46.937,1.60048,1.60106,1.84,1.14
2011.12.16 08:18:47.147,1.60048,1.60108,1.84,2.56
2011.12.16 08:18:47.954,1.60049,1.60108,1.50,1.14
2011.12.16 08:18:48.590,1.6005,1.60108,2.18,1.14
2011.12.16 08:18:48.899,1.60049,1.6011,1.50,2.19
2011.12.16 08:18:49.154,1.60048,1.60108,1.84,1.14
2011.12.16 08:18:49.793,1.60048,1.60106,1.84,1.14
2011.12.16 08:18:49.863,1.60048,1.60108,1.84,1.14
2011.12.16 08:18:50.883,1.60049,1.60108,2.25,1.14
2011.12.16 08:18:51.485,1.60049,1.6011,1.50,2.19
2011.12.16 08:18:51.612,1.60058,1.60113,1.50,1.14
2011.12.16 08:18:52.129,1.60058,1.60116,1.50,1.48
2011.12.16 08:18:56.675,1.60059,1.60118,1.50,1.48
2011.12.16 08:18:57.315,1.60064,1.6012,1.50,1.14
2011.12.16 08:18:57.502,1.60061,1.60118,2.18,1.51
2011.12.16 08:18:58.610,1.6006,1.60118,2.18,1.48
2011.12.16 08:18:58.690,1.6006,1.60118,2.18,1.48
2011.12.16 08:18:59.570,1.60058,1.60118,2.93,1.48
2011.12.16 08:18:59.902,1.60058,1.60116,2.93,1.14
2011.12.16 08:19:00.251,1.60058,1.60118,1.50,1.48
2011.12.16 08:19:01.199,1.60059,1.60118,2.93,1.48
2011.12.16 08:19:02.167,1.60059,1.60118,2.18,1.48
2011.12.16 08:19:04.967,1.60061,1.60118,2.52,1.14
2011.12.16 08:19:05.090,1.60063,1.60121,1.50,2.56
2011.12.16 08:19:07.330,1.60064,1.6012,1.50,1.14
2011.12.16 08:19:12.177,1.60058,1.60114,1.50,1.09
2011.12.16 08:19:12.479,1.60059,1.60113,1.50,2.18
2011.12.16 08:19:15.695,1.60058,1.60114,1.87,1.09
2011.12.16 08:19:16.136,1.60058,1.60114,1.87,1.09
2011.12.16 08:19:16.389,1.60058,1.60114,1.87,1.09
2011.12.16 08:19:18.941,1.60058,1.60114,1.87,1.09
2011.12.16 08:19:26.349,1.60059,1.60114,1.50,1.09
2011.12.16 08:19:27.412,1.60056,1.60113,1.50,1.09
2011.12.16 08:19:27.486,1.60059,1.60113,1.50,1.09
2011.12.16 08:19:27.622,1.60056,1.60111,1.50,2.18
2011.12.16 08:19:27.696,1.60055,1.6011,1.50,1.14
2011.12.16 08:19:28.451,1.60053,1.60111,1.50,1.14
2011.12.16 08:19:28.709,1.60051,1.6011,2.18,1.81
2011.12.16 08:19:28.900,1.60056,1.60113,1.50,1.48
2011.12.16 08:19:28.972,1.60056,1.60111,1.50,1.51
2011.12.16 08:19:29.100,1.60051,1.60108,2.18,1.14
2011.12.16 08:19:29.274,1.60051,1.60105,2.18,1.14
2011.12.16 08:19:29.894,1.60049,1.60108,1.50,1.14
2011.12.16 08:19:30.514,1.60048,1.60108,1.50,1.51
2011.12.16 08:19:30.804,1.60046,1.60098,1.09,1.14
2011.12.16 08:19:30.932,1.60044,1.60098,1.50,1.09
2011.12.16 08:19:31.732,1.60044,1.601,1.13,1.77
2011.12.16 08:19:32.731,1.60049,1.60098,1.50,1.09
2011.12.16 08:19:32.863,1.60044,1.60098,2.18,1.48
2011.12.16 08:19:33.120,1.60043,1.60098,1.50,1.09
2011.12.16 08:19:35.766,1.60043,1.60098,1.50,1.77
2011.12.16 08:19:35.850,1.60043,1.60098,1.50,2.52
2011.12.16 08:19:35.922,1.60044,1.60098,1.09,2.18
2011.12.16 08:19:36.053,1.60044,1.60098,1.09,2.56
2011.12.16 08:19:36.360,1.60044,1.60098,1.84,1.43
2011.12.16 08:19:36.507,1.60044,1.60098,1.09,2.18
2011.12.16 08:19:36.573,1.60044,1.60097,1.09,1.81
2011.12.16 08:19:37.156,1.60044,1.60098,1.09,1.43
2011.12.16 08:19:41.463,1.60046,1.60098,1.13,1.43
2011.12.16 08:19:41.531,1.60047,1.60103,2.18,1.48
2011.12.16 08:19:43.072,1.60052,1.60103,1.50,1.48
2011.12.16 08:19:43.612,1.60051,1.60103,1.50,1.48
2011.12.16 08:19:43.741,1.60052,1.60104,1.50,1.48
2011.12.16 08:19:44.243,1.60044,1.60099,1.09,1.43
2011.12.16 08:19:45.059,1.60046,1.60099,1.13,1.43
2011.12.16 08:19:45.132,1.60048,1.60103,2.18,1.48
2011.12.16 08:19:46.720,1.60051,1.60103,1.50,1.48
2011.12.16 08:19:47.280,1.60045,1.60104,1.50,1.48
2011.12.16 08:19:47.987,1.60054,1.60105,1.09,2.15
2011.12.16 08:19:49.454,1.60054,1.60108,1.50,1.14
2011.12.16 08:19:50.471,1.60053,1.60108,1.50,1.14
2011.12.16 08:19:51.571,1.60054,1.60108,1.50,1.14
2011.12.16 08:19:51.641,1.60051,1.60101,1.50,1.14
2011.12.16 08:19:51.828,1.60046,1.601,2.18,1.14
2011.12.16 08:19:51.954,1.60044,1.60103,1.09,1.81
2011.12.16 08:19:52.203,1.60053,1.60103,1.50,1.48
2011.12.16 08:19:52.395,1.60049,1.60101,1.50,1.48
2011.12.16 08:19:52.468,1.60049,1.60104,2.21,1.43
2011.12.16 08:19:52.533,1.60049,1.60104,2.21,1.43
2011.12.16 08:19:52.844,1.60062,1.60095,1.09,1.43
2011.12.16 08:19:53.423,1.60072,1.60123,1.09,2.18
2011.12.16 08:19:53.559,1.60071,1.6012,1.09,1.14
2011.12.16 08:19:54.060,1.60065,1.6012,1.50,1.14
2011.12.16 08:19:55.761,1.60068,1.60124,2.18,1.14
2011.12.16 08:19:56.226,1.60068,1.60127,2.18,1.81
2011.12.16 08:19:56.702,1.60077,1.60127,1.09,1.81
2011.12.16 08:19:56.891,1.60077,1.60132,1.09,1.14
2011.12.16 08:19:58.082,1.60086,1.60133,1.09,1.81
2011.12.16 08:19:58.405,1.60086,1.60138,1.09,1.81
2011.12.16 08:19:58.594,1.60086,1.60138,1.09,1.43
2011.12.16 08:19:58.887,1.60086,1.60144,1.09,1.14
2011.12.16 08:19:59.453,1.60086,1.60144,1.09,1.14
2011.12.16 08:19:59.703,1.60089,1.60145,1.09,1.14
2011.12.16 08:20:00.017,1.6009,1.60147,2.18,1.81
2011.12.16 08:20:00.543,1.60097,1.60154,2.18,1.14
2011.12.16 08:20:01.295,1.60097,1.60154,2.18,1.14
2011.12.16 08:20:01.376,1.6009,1.60151,2.18,1.51
2011.12.16 08:20:03.773,1.60083,1.60142,2.18,1.14
2011.12.16 08:20:04.104,1.60074,1.60132,2.18,1.14
2011.12.16 08:20:04.410,1.6007,1.60133,1.50,2.18
2011.12.16 08:20:07.331,1.60076,1.60135,2.18,2.56
2011.12.16 08:20:08.081,1.60077,1.60135,2.18,1.14
2011.12.16 08:20:08.390,1.60078,1.60134,2.18,1.14
2011.12.16 08:20:08.701,1.60076,1.60135,2.18,2.56
2011.12.16 08:20:08.772,1.60077,1.60134,2.18,1.14
2011.12.16 08:20:08.964,1.60077,1.60134,2.18,1.14
2011.12.16 08:20:09.271,1.60077,1.60134,2.18,2.56
2011.12.16 08:20:09.585,1.60083,1.60139,2.18,1.14
2011.12.16 08:20:09.831,1.6009,1.60146,2.18,1.14
2011.12.16 08:20:10.402,1.6009,1.60147,2.18,1.81
2011.12.16 08:20:11.160,1.6009,1.60147,2.93,1.81
2011.12.16 08:20:11.474,1.6009,1.60146,2.93,1.51
2011.12.16 08:20:11.909,1.60092,1.60142,1.09,1.14
2011.12.16 08:20:12.537,1.60087,1.60135,1.50,2.18
2011.12.16 08:20:12.807,1.60073,1.60123,2.18,1.09
2011.12.16 08:20:13.195,1.60073,1.60123,2.18,1.09
2011.12.16 08:20:13.383,1.6007,1.60123,1.50,1.48
2011.12.16 08:20:13.693,1.60066,1.60119,1.09,1.14
2011.12.16 08:20:15.394,1.60061,1.60119,1.50,1.14
2011.12.16 08:20:16.174,1.60062,1.60118,1.50,1.14
2011.12.16 08:20:17.212,1.60062,1.60118,1.50,1.14
2011.12.16 08:20:18.140,1.60062,1.60118,1.50,1.14
2011.12.16 08:20:18.482,1.60061,1.60119,1.50,1.14
2011.12.16 08:20:20.194,1.60062,1.60118,1.50,1.14
2011.12.16 08:20:20.323,1.60062,1.60119,1.50,1.14
2011.12.16 08:20:20.521,1.60062,1.60118,1.50,1.14
2011.12.16 08:20:20.775,1.60062,1.60119,1.50,2.56
2011.12.16 08:20:20.905,1.60066,1.60119,1.50,2.56
2011.12.16 08:20:21.098,1.60058,1.60109,2.18,1.14
2011.12.16 08:20:21.648,1.60054,1.60108,1.50,2.56
2011.12.16 08:20:21.962,1.60055,1.60108,1.50,1.81
2011.12.16 08:20:22.203,1.60057,1.60114,1.50,1.14
2011.12.16 08:20:22.765,1.60056,1.60114,1.50,1.14
2011.12.16 08:20:23.732,1.60059,1.60117,1.13,1.81
2011.12.16 08:20:23.922,1.60063,1.60119,1.50,1.14
2011.12.16 08:20:24.525,1.60064,1.60119,1.50,1.43
2011.12.16 08:20:24.591,1.60066,1.60119,1.50,1.43
2011.12.16 08:20:24.662,1.60066,1.60124,1.50,1.14
2011.12.16 08:20:24.793,1.60066,1.60121,1.50,1.51
2011.12.16 08:20:24.865,1.60066,1.60121,1.50,2.55
2011.12.16 08:20:25.465,1.60066,1.60121,1.50,2.94
2011.12.16 08:20:25.566,1.60051,1.60108,1.50,1.14
2011.12.16 08:20:25.755,1.60051,1.60102,1.50,1.13
2011.12.16 08:20:26.064,1.60037,1.6009,2.62,2.18
2011.12.16 08:20:26.134,1.60037,1.60088,1.50,1.14
2011.12.16 08:20:26.207,1.6003,1.60082,2.93,1.13
2011.12.16 08:20:26.392,1.60029,1.60082,2.18,1.13
2011.12.16 08:20:26.465,1.60029,1.60082,2.18,1.13
2011.12.16 08:20:26.589,1.60027,1.60077,1.50,1.14
2011.12.16 08:20:26.773,1.60027,1.60083,1.50,1.14
2011.12.16 08:20:27.265,1.60027,1.60083,1.50,1.14
2011.12.16 08:20:27.336,1.60023,1.60084,1.13,1.14
2011.12.16 08:20:27.401,1.60023,1.60078,1.13,1.14
2011.12.16 08:20:27.650,1.60028,1.60083,1.50,1.14
2011.12.16 08:20:29.214,1.60028,1.60083,1.50,1.14
2011.12.16 08:20:30.641,1.60026,1.6008,1.50,1.09
2011.12.16 08:20:30.716,1.60021,1.60073,1.50,1.43
2011.12.16 08:20:31.022,1.60023,1.60073,1.13,1.43
2011.12.16 08:20:31.089,1.60028,1.60083,1.50,1.14
2011.12.16 08:20:32.440,1.60028,1.60088,1.50,2.56
2011.12.16 08:20:33.501,1.60033,1.60088,1.84,1.81
2011.12.16 08:20:33.625,1.60044,1.60093,1.09,1.14
2011.12.16 08:20:33.691,1.60048,1.60094,1.50,1.14
2011.12.16 08:20:33.901,1.60047,1.60101,2.18,1.14
2011.12.16 08:20:34.272,1.60048,1.60102,1.50,1.14
2011.12.16 08:20:34.369,1.60049,1.60102,1.50,1.14
2011.12.16 08:20:34.945,1.60057,1.60102,1.09,1.14
2011.12.16 08:20:35.010,1.60057,1.60108,1.09,2.26
2011.12.16 08:20:35.708,1.60056,1.60104,1.09,2.56
2011.12.16 08:20:36.129,1.60049,1.60104,1.50,2.52
2011.12.16 08:20:38.931,1.60048,1.60104,1.50,2.89
2011.12.16 08:20:39.062,1.60047,1.60102,2.18,1.13
2011.12.16 08:20:39.130,1.60047,1.60098,1.43,1.14
2011.12.16 08:20:39.654,1.60046,1.60097,1.09,2.18
2011.12.16 08:20:42.034,1.6004,1.60097,1.50,2.55
2011.12.16 08:20:42.444,1.60041,1.60097,1.50,2.94
2011.12.16 08:20:42.900,1.6004,1.60093,1.50,1.14
2011.12.16 08:20:43.445,1.60041,1.60093,1.50,1.14
2011.12.16 08:20:43.690,1.6004,1.60091,1.50,1.14
2011.12.16 08:20:44.638,1.60039,1.60093,2.18,1.50
2011.12.16 08:20:44.769,1.60033,1.60087,1.50,1.14
2011.12.16 08:20:44.952,1.60033,1.60082,1.50,1.43
2011.12.16 08:20:45.080,1.60025,1.60082,1.50,2.56
2011.12.16 08:20:47.379,1.60031,1.60086,1.50,1.14
2011.12.16 08:20:48.980,1.6003,1.60087,1.50,1.81
2011.12.16 08:20:51.013,1.6003,1.60087,1.50,2.56
2011.12.16 08:20:52.547,1.6003,1.60087,1.50,1.81
2011.12.16 08:20:52.668,1.60031,1.60087,1.50,1.81
2011.12.16 08:20:52.853,1.60028,1.60087,2.18,1.81
2011.12.16 08:20:53.601,1.60028,1.60087,2.18,1.81
2011.12.16 08:20:53.690,1.60033,1.60089,2.25,1.81
2011.12.16 08:20:54.511,1.60041,1.60089,1.50,1.43
2011.12.16 08:20:54.645,1.60041,1.60095,1.50,1.09
2011.12.16 08:20:54.844,1.60041,1.60098,1.50,2.15
2011.12.16 08:20:55.754,1.6004,1.60098,1.50,2.90
2011.12.16 08:20:56.062,1.60046,1.60102,2.18,1.10
2011.12.16 08:20:56.250,1.60046,1.60099,2.18,1.48
2011.12.16 08:20:56.800,1.6004,1.60095,1.50,1.09
2011.12.16 08:20:58.101,1.60041,1.60093,1.50,1.50
2011.12.16 08:20:58.352,1.60039,1.60084,1.43,1.14
2011.12.16 08:20:58.485,1.60033,1.60081,1.50,1.43
2011.12.16 08:20:58.745,1.60026,1.60081,1.50,2.56
2011.12.16 08:21:00.763,1.60031,1.60081,1.50,1.43
2011.12.16 08:21:00.892,1.60031,1.60087,1.50,2.56
2011.12.16 08:21:01.337,1.60036,1.60094,2.93,1.14
2011.12.16 08:21:01.642,1.60045,1.60098,2.18,1.14
2011.12.16 08:21:02.420,1.60052,1.60104,2.93,1.09
2011.12.16 08:21:02.555,1.60047,1.60103,2.93,1.09
2011.12.16 08:21:02.694,1.60049,1.60103,1.88,1.09
2011.12.16 08:21:03.121,1.60046,1.60104,1.50,1.48
2011.12.16 08:21:03.988,1.60045,1.60104,1.50,1.14
2011.12.16 08:21:04.843,1.60046,1.60104,1.50,1.14
2011.12.16 08:21:05.161,1.60043,1.60099,1.50,2.18
2011.12.16 08:21:05.624,1.60043,1.60099,1.50,1.43
2011.12.16 08:21:05.811,1.60051,1.60108,2.55,1.14
2011.12.16 08:21:05.884,1.60051,1.60105,2.55,1.14
2011.12.16 08:21:06.934,1.60052,1.60108,1.50,1.81
2011.12.16 08:21:07.246,1.60052,1.60108,1.50,1.81
2011.12.16 08:21:08.529,1.60059,1.60108,1.50,1.14
2011.12.16 08:21:08.587,1.60059,1.60113,1.50,1.48
2011.12.16 08:21:09.211,1.60058,1.60113,1.50,1.48
2011.12.16 08:21:09.763,1.60059,1.60108,1.50,1.14
2011.12.16 08:21:10.459,1.60058,1.60108,1.50,1.14
2011.12.16 08:21:10.651,1.60059,1.60113,1.50,1.48
2011.12.16 08:21:11.312,1.60058,1.60113,1.50,1.48
2011.12.16 08:21:11.377,1.60057,1.60109,2.18,1.14
2011.12.16 08:21:11.572,1.60052,1.60103,1.09,2.18
2011.12.16 08:21:11.646,1.60051,1.60101,1.09,1.14
2011.12.16 08:21:11.951,1.60043,1.60094,1.50,2.18
2011.12.16 08:21:12.399,1.60041,1.60094,1.50,2.56
2011.12.16 08:21:12.640,1.60044,1.60098,1.50,1.50
2011.12.16 08:21:12.714,1.60044,1.60098,1.50,1.13
2011.12.16 08:21:12.783,1.60041,1.60095,3.30,1.13
2011.12.16 08:21:12.853,1.60039,1.6009,1.09,2.18
2011.12.16 08:21:12.980,1.60039,1.6009,1.09,1.43
2011.12.16 08:21:13.430,1.60039,1.60094,1.84,2.56
2011.12.16 08:21:13.934,1.60039,1.60094,1.84,2.56
2011.12.16 08:21:14.247,1.60032,1.60079,2.93,1.14
2011.12.16 08:21:14.555,1.60039,1.60085,1.09,1.14
2011.12.16 08:21:14.624,1.60039,1.60093,1.84,1.50
2011.12.16 08:21:15.504,1.60039,1.60089,1.50,1.50
2011.12.16 08:21:15.577,1.60039,1.60094,1.50,1.14
2011.12.16 08:21:15.883,1.60038,1.60084,1.09,2.18
2011.12.16 08:21:16.013,1.60031,1.60079,1.50,1.14
2011.12.16 08:21:16.503,1.60027,1.60083,2.55,1.13
2011.12.16 08:21:16.631,1.60022,1.60076,1.50,1.14
2011.12.16 08:21:18.492,1.60022,1.60077,1.50,1.81
2011.12.16 08:21:19.689,1.60022,1.60068,1.50,2.18
2011.12.16 08:21:19.766,1.60021,1.60068,1.50,1.43
2011.12.16 08:21:20.074,1.60022,1.60068,1.50,1.43
2011.12.16 08:21:20.140,1.60022,1.60077,1.50,1.81
2011.12.16 08:21:23.202,1.60021,1.60074,1.50,1.14
2011.12.16 08:21:23.755,1.60021,1.60068,1.50,1.43
2011.12.16 08:21:24.334,1.60021,1.60068,1.50,1.43
2011.12.16 08:21:26.694,1.60014,1.60069,1.50,1.81
2011.12.16 08:21:26.824,1.60016,1.60073,1.50,2.52
2011.12.16 08:21:26.951,1.60016,1.60069,1.50,1.13
2011.12.16 08:21:27.021,1.60014,1.60063,1.50,1.81
2011.12.16 08:21:27.284,1.60007,1.6006,1.50,1.09
2011.12.16 08:21:27.356,1.60006,1.60059,1.50,1.14
2011.12.16 08:21:27.695,1.6001,1.60066,1.50,2.94
2011.12.16 08:21:28.264,1.60005,1.60063,1.87,1.14
2011.12.16 08:21:28.345,1.6001,1.60065,1.50,2.18
2011.12.16 08:21:28.420,1.6001,1.60063,1.50,1.13
2011.12.16 08:21:28.673,1.60002,1.6005,1.50,2.18
2011.12.16 08:21:28.801,1.59995,1.6005,1.50,2.18
2011.12.16 08:21:28.995,1.59991,1.60048,2.55,1.14
2011.12.16 08:21:29.301,1.59996,1.60053,1.50,1.51
2011.12.16 08:21:29.371,1.59993,1.60053,2.18,1.51
2011.12.16 08:21:29.501,1.59992,1.60048,1.88,1.14
2011.12.16 08:21:32.838,1.59997,1.60052,1.09,1.14
2011.12.16 08:21:33.164,1.6,1.60058,1.50,1.14
2011.12.16 08:21:34.248,1.59999,1.60058,1.50,1.14
2011.12.16 08:21:34.433,1.6,1.60051,1.50,1.14
2011.12.16 08:21:35.192,1.59994,1.60046,1.50,1.43
2011.12.16 08:21:35.260,1.59994,1.60046,1.50,2.18
2011.12.16 08:21:36.393,1.59989,1.60046,1.50,2.56
2011.12.16 08:21:36.641,1.59986,1.6004,1.50,1.14
2011.12.16 08:21:36.956,1.59979,1.60034,2.93,1.13
2011.12.16 08:21:37.021,1.59979,1.60031,2.93,1.13
2011.12.16 08:21:37.538,1.59972,1.60026,1.50,1.13
2011.12.16 08:21:37.782,1.59974,1.6003,1.50,1.48
2011.12.16 08:21:37.910,1.59973,1.60028,1.50,1.13
2011.12.16 08:21:37.980,1.59972,1.60026,1.50,1.13
2011.12.16 08:21:38.564,1.59964,1.6002,1.50,1.14
2011.12.16 08:21:42.123,1.59964,1.60018,1.50,1.13
2011.12.16 08:21:42.310,1.59955,1.60015,1.50,1.81
2011.12.16 08:21:42.380,1.59955,1.60013,1.50,1.14
2011.12.16 08:21:42.510,1.59955,1.60015,1.50,1.81
2011.12.16 08:21:43.054,1.59964,1.60015,1.50,1.81
2011.12.16 08:21:43.606,1.59963,1.60019,1.50,1.14
2011.12.16 08:21:44.573,1.59964,1.60019,1.50,1.14
2011.12.16 08:21:45.178,1.59963,1.60019,1.50,1.14
2011.12.16 08:21:46.409,1.59964,1.6002,1.50,1.14
2011.12.16 08:21:49.020,1.59964,1.60019,1.50,1.14
2011.12.16 08:21:51.579,1.59963,1.60019,1.50,1.14
2011.12.16 08:21:51.958,1.59953,1.60008,1.50,1.14
2011.12.16 08:21:52.718,1.59954,1.60008,1.50,1.14
2011.12.16 08:21:53.611,1.59953,1.60008,1.50,1.14
2011.12.16 08:21:54.284,1.59954,1.60008,1.50,1.14
2011.12.16 08:21:54.470,1.59954,1.60014,1.50,2.56
2011.12.16 08:21:55.124,1.59959,1.60008,1.50,1.14
2011.12.16 08:21:55.313,1.59956,1.60013,2.18,1.14
2011.12.16 08:21:55.927,1.59959,1.60014,1.88,1.14
2011.12.16 08:21:56.119,1.59961,1.60013,1.50,1.14
2011.12.16 08:21:56.370,1.59954,1.60014,1.50,1.14
2011.12.16 08:21:56.441,1.59952,1.60008,1.50,1.14
2011.12.16 08:21:56.690,1.59954,1.60014,1.50,1.14
2011.12.16 08:21:57.214,1.59952,1.60008,1.50,1.14
2011.12.16 08:21:57.750,1.59952,1.60008,1.50,1.14
2011.12.16 08:21:58.911,1.59952,1.60008,1.50,1.51
2011.12.16 08:21:59.193,1.59947,1.60004,1.50,1.14
2011.12.16 08:21:59.931,1.59948,1.59999,2.18,1.14
2011.12.16 08:22:00.945,1.59945,1.60004,1.13,1.14
2011.12.16 08:22:01.431,1.5995,1.60008,1.50,1.14
2011.12.16 08:22:02.467,1.5996,1.60008,1.13,1.14
2011.12.16 08:22:02.589,1.59965,1.60014,1.50,1.14
2011.12.16 08:22:03.091,1.59959,1.60014,1.50,1.14
2011.12.16 08:22:03.162,1.59959,1.60008,1.50,1.14
2011.12.16 08:22:03.355,1.59958,1.60014,1.50,1.14
2011.12.16 08:22:03.720,1.59956,1.60014,1.50,1.14
2011.12.16 08:22:04.296,1.59954,1.60014,1.50,1.14
2011.12.16 08:22:04.811,1.59953,1.60014,1.50,1.51
2011.12.16 08:22:05.494,1.59953,1.60014,1.50,1.51
2011.12.16 08:22:06.204,1.59952,1.60014,1.50,1.14
2011.12.16 08:22:06.270,1.59952,1.60008,1.50,1.14
2011.12.16 08:22:06.834,1.59954,1.60008,1.50,1.14
2011.12.16 08:22:07.093,1.59959,1.60014,2.18,1.14
2011.12.16 08:22:07.164,1.59961,1.60016,1.50,1.14
2011.12.16 08:22:08.484,1.5996,1.60017,1.50,1.51
2011.12.16 08:22:08.836,1.59956,1.60013,2.93,1.81
2011.12.16 08:22:09.111,1.59964,1.60018,1.50,1.14
2011.12.16 08:22:09.239,1.59963,1.60017,2.93,1.14
2011.12.16 08:22:10.755,1.59963,1.60018,2.93,1.14
2011.12.16 08:22:11.358,1.59962,1.60018,2.18,1.14
2011.12.16 08:22:11.660,1.59971,1.60024,1.50,1.14
2011.12.16 08:22:11.789,1.59968,1.60018,1.09,1.14
2011.12.16 08:22:11.979,1.59971,1.60023,2.18,1.14
2011.12.16 08:22:12.700,1.59971,1.60023,2.93,1.14
2011.12.16 08:22:13.693,1.59972,1.60023,1.50,1.14
2011.12.16 08:22:14.264,1.59971,1.60023,2.93,1.14
2011.12.16 08:22:15.284,1.59972,1.60023,1.50,1.14
2011.12.16 08:22:15.972,1.59971,1.60023,2.93,1.14
2011.12.16 08:22:17.841,1.59972,1.60023,1.50,1.14
2011.12.16 08:22:18.036,1.59972,1.60013,1.50,1.43
2011.12.16 08:22:18.164,1.59961,1.60013,2.59,2.56
2011.12.16 08:22:18.235,1.5996,1.60013,1.09,2.56
2011.12.16 08:22:18.301,1.59961,1.60013,1.50,2.56
2011.12.16 08:22:18.433,1.5996,1.60012,1.09,1.14
2011.12.16 08:22:18.761,1.5996,1.60013,1.09,2.56
2011.12.16 08:22:19.493,1.5997,1.60013,1.09,1.81
2011.12.16 08:22:19.569,1.5997,1.60023,1.09,1.14
2011.12.16 08:22:19.630,1.5997,1.60023,1.09,1.14
2011.12.16 08:22:20.163,1.59966,1.60019,1.50,1.43
2011.12.16 08:22:20.485,1.59979,1.60033,2.55,1.14
2011.12.16 08:22:20.675,1.59985,1.60033,1.50,1.14
2011.12.16 08:22:21.264,1.59981,1.60038,1.13,1.14
2011.12.16 08:22:21.761,1.59982,1.60034,1.50,1.14
2011.12.16 08:22:22.275,1.59981,1.60034,1.50,1.14
2011.12.16 08:22:23.221,1.59981,1.60029,1.50,1.14
2011.12.16 08:22:23.820,1.59976,1.60029,2.93,1.14
2011.12.16 08:22:24.253,1.59972,1.60028,1.50,1.14
2011.12.16 08:22:24.381,1.59976,1.60029,1.50,1.14
2011.12.16 08:22:24.707,1.59977,1.60028,1.50,1.14
2011.12.16 08:22:26.032,1.59976,1.60029,1.50,1.14
2011.12.16 08:22:26.120,1.59974,1.60028,2.18,1.14
2011.12.16 08:22:26.431,1.59981,1.60033,1.09,1.51
2011.12.16 08:22:26.622,1.59982,1.60033,2.18,1.51
2011.12.16 08:22:28.172,1.5998,1.60031,1.50,1.09
2011.12.16 08:22:28.739,1.59975,1.60031,2.18,1.09
2011.12.16 08:22:28.981,1.59973,1.60029,1.09,2.18
2011.12.16 08:22:29.293,1.59982,1.60034,1.09,1.14
2011.12.16 08:22:31.233,1.59975,1.60032,1.09,1.14
2011.12.16 08:22:31.512,1.59986,1.60034,1.09,1.81
2011.12.16 08:22:31.706,1.59986,1.60033,1.09,1.14
2011.12.16 08:22:32.262,1.59986,1.60033,1.09,1.14
2011.12.16 08:22:32.464,1.59986,1.60038,1.09,1.14
2011.12.16 08:22:32.653,1.59986,1.60033,1.09,1.14
2011.12.16 08:22:33.502,1.59987,1.60039,1.09,1.51
2011.12.16 08:22:34.481,1.59983,1.60034,2.18,1.14
2011.12.16 08:22:35.199,1.59981,1.60032,2.93,1.14
2011.12.16 08:22:37.054,1.59973,1.60028,2.18,1.13
2011.12.16 08:22:40.211,1.59973,1.60024,2.18,1.14
2011.12.16 08:22:40.520,1.59964,1.60017,1.05,1.84
2011.12.16 08:22:40.784,1.5997,1.6002,1.09,1.10
2011.12.16 08:22:41.355,1.5997,1.6002,1.09,1.10
2011.12.16 08:22:41.441,1.5997,1.60023,1.50,1.14
2011.12.16 08:22:42.301,1.59971,1.60023,1.50,1.14
2011.12.16 08:22:42.855,1.5997,1.60024,1.50,1.14
2011.12.16 08:22:43.869,1.59973,1.60023,1.13,1.14
2011.12.16 08:22:44.025,1.59994,1.60043,1.09,1.51
2011.12.16 08:22:45.222,1.59986,1.60043,2.18,1.51
2011.12.16 08:22:45.349,1.59986,1.60039,2.18,1.14
2011.12.16 08:22:46.362,1.59986,1.60039,2.93,1.14
2011.12.16 08:22:47.513,1.59986,1.60036,1.50,1.14
2011.12.16 08:22:48.002,1.59984,1.60035,1.50,2.18
2011.12.16 08:22:48.073,1.59981,1.60032,1.09,1.14
2011.12.16 08:22:51.838,1.59977,1.60034,2.25,1.51
2011.12.16 08:22:52.152,1.59985,1.60033,1.50,1.51
2011.12.16 08:22:52.753,1.59984,1.60035,1.84,1.14
2011.12.16 08:22:54.087,1.59984,1.60034,1.50,1.51
2011.12.16 08:22:54.736,1.59978,1.6003,2.93,1.51
2011.12.16 08:22:54.801,1.59978,1.60029,2.18,1.14
2011.12.16 08:22:54.990,1.59976,1.6003,2.18,1.14
2011.12.16 08:22:55.467,1.59974,1.60023,1.50,1.43
2011.12.16 08:22:55.532,1.59972,1.60023,1.50,2.18
2011.12.16 08:22:55.604,1.59967,1.60023,1.50,1.81
2011.12.16 08:22:55.813,1.59969,1.60024,2.18,1.14
2011.12.16 08:22:55.881,1.59969,1.60019,2.18,1.14
2011.12.16 08:22:56.723,1.59967,1.60017,1.50,1.13
2011.12.16 08:22:57.538,1.59962,1.60013,1.09,1.14
2011.12.16 08:22:58.497,1.59962,1.60018,1.09,1.51
2011.12.16 08:22:59.633,1.59966,1.60018,2.18,1.51
2011.12.16 08:23:01.047,1.59966,1.60018,2.18,1.51
2011.12.16 08:23:01.403,1.59966,1.60018,2.18,1.13
2011.12.16 08:23:01.534,1.59966,1.6002,2.18,1.14
2011.12.16 08:23:02.351,1.59974,1.60024,1.43,1.14
2011.12.16 08:23:02.652,1.5997,1.60022,1.50,1.14
2011.12.16 08:23:02.721,1.59967,1.60023,1.50,2.56
2011.12.16 08:23:03.032,1.59971,1.60021,1.50,2.18
2011.12.16 08:23:03.365,1.59964,1.60021,1.13,1.81
2011.12.16 08:23:04.004,1.59969,1.60018,1.50,1.14
2011.12.16 08:23:04.156,1.59967,1.60017,1.50,1.10
2011.12.16 08:23:05.799,1.59966,1.60017,2.93,1.10
2011.12.16 08:23:06.100,1.59967,1.60021,2.93,1.14
2011.12.16 08:23:06.252,1.59967,1.60018,2.93,1.51
2011.12.16 08:23:06.440,1.59967,1.60021,1.50,1.14
2011.12.16 08:23:06.700,1.59972,1.60018,1.50,1.51
2011.12.16 08:23:07.224,1.59966,1.60018,1.84,1.51
2011.12.16 08:23:07.410,1.59967,1.60022,1.50,1.14
2011.12.16 08:23:08.093,1.59967,1.60022,1.50,1.14
2011.12.16 08:23:11.312,1.59974,1.60025,1.50,1.10
2011.12.16 08:23:11.383,1.59976,1.60025,1.13,1.10
2011.12.16 08:23:12.551,1.59984,1.60025,1.13,1.10
2011.12.16 08:23:12.634,1.59988,1.60039,2.18,1.14
2011.12.16 08:23:13.519,1.5999,1.60039,1.50,1.14
2011.12.16 08:23:15.432,1.5999,1.60041,1.50,1.14
2011.12.16 08:23:16.154,1.59979,1.60039,1.50,1.51
2011.12.16 08:23:16.753,1.59978,1.60037,1.50,1.14
2011.12.16 08:23:17.071,1.59969,1.60031,2.18,2.19
2011.12.16 08:23:17.737,1.59974,1.60032,2.18,1.14
2011.12.16 08:23:17.808,1.59978,1.60033,1.50,1.89
2011.12.16 08:23:22.333,1.59979,1.60028,1.50,1.14
2011.12.16 08:23:22.401,1.59978,1.60034,1.50,1.14
2011.12.16 08:23:22.533,1.59978,1.60034,1.50,1.14
2011.12.16 08:23:24.299,1.59979,1.60034,1.50,1.14
2011.12.16 08:23:24.844,1.59978,1.60032,1.50,1.14
2011.12.16 08:23:26.640,1.59978,1.60034,1.50,1.14
2011.12.16 08:23:27.529,1.59974,1.60028,2.18,1.14
2011.12.16 08:23:28.311,1.59964,1.6002,1.50,1.14
2011.12.16 08:23:29.290,1.59972,1.60024,1.50,1.14
2011.12.16 08:23:30.463,1.59971,1.60029,1.50,1.51
2011.12.16 08:23:30.653,1.59972,1.60023,1.50,1.14
2011.12.16 08:23:31.384,1.59967,1.60028,1.50,1.14
2011.12.16 08:23:31.874,1.59967,1.60023,1.50,1.14
2011.12.16 08:23:32.034,1.59976,1.60033,1.13,1.51
2011.12.16 08:23:32.233,1.59981,1.60033,1.50,1.14
2011.12.16 08:23:32.560,1.59987,1.60035,1.50,1.14
2011.12.16 08:23:33.072,1.59981,1.60033,1.50,1.13
2011.12.16 08:23:33.144,1.59977,1.6003,1.50,2.18
2011.12.16 08:23:36.456,1.59973,1.60025,1.43,1.13
2011.12.16 08:23:36.823,1.59975,1.60023,1.09,1.81
2011.12.16 08:23:37.368,1.59972,1.60024,2.18,1.14
2011.12.16 08:23:37.551,1.59972,1.60021,2.18,1.14
2011.12.16 08:23:37.813,1.59965,1.60021,2.18,1.14
2011.12.16 08:23:38.562,1.59973,1.6002,1.43,1.14
2011.12.16 08:23:38.914,1.59969,1.60025,1.50,1.14
2011.12.16 08:23:39.682,1.59969,1.60029,1.50,1.14
2011.12.16 08:23:39.892,1.59968,1.60026,1.50,1.14
2011.12.16 08:23:39.971,1.59974,1.60029,2.18,1.14
2011.12.16 08:23:40.044,1.59974,1.60026,2.18,1.14
2011.12.16 08:23:40.660,1.59966,1.60024,1.50,1.14
2011.12.16 08:23:40.738,1.59967,1.60023,2.18,1.14
2011.12.16 08:23:41.893,1.59963,1.60018,2.18,1.14
2011.12.16 08:23:42.729,1.59967,1.60015,1.09,1.14
2011.12.16 08:23:42.817,1.59964,1.60011,1.50,1.43
2011.12.16 08:23:42.923,1.59964,1.60018,1.50,2.89
2011.12.16 08:23:43.084,1.59963,1.60014,1.84,1.43
2011.12.16 08:23:43.155,1.59963,1.60019,1.09,2.56
2011.12.16 08:23:43.531,1.59963,1.60019,1.09,2.94
2011.12.16 08:23:44.466,1.59963,1.6002,1.84,1.13
2011.12.16 08:23:47.350,1.59964,1.60027,1.50,2.19
2011.12.16 08:23:47.523,1.59975,1.60024,2.18,1.14
2011.12.16 08:23:47.674,1.59975,1.60024,2.18,1.14
2011.12.16 08:23:47.745,1.59975,1.60028,2.18,1.51
2011.12.16 08:23:49.329,1.59975,1.60033,2.18,1.48
2011.12.16 08:23:50.099,1.59975,1.60029,2.18,1.51
2011.12.16 08:23:50.338,1.59975,1.60033,2.18,2.23
2011.12.16 08:23:50.926,1.59975,1.60028,2.18,1.51
2011.12.16 08:23:51.212,1.59974,1.60033,2.93,3.31
2011.12.16 08:23:51.465,1.59977,1.60033,1.50,2.56
2011.12.16 08:23:51.532,1.59977,1.60033,1.50,1.81
2011.12.16 08:23:51.601,1.59982,1.60039,2.18,1.51
2011.12.16 08:23:52.279,1.59982,1.60034,2.18,1.14
2011.12.16 08:23:53.640,1.59976,1.60033,1.50,1.14
2011.12.16 08:23:55.490,1.59976,1.60031,1.50,1.14
2011.12.16 08:23:55.560,1.59976,1.60033,1.50,1.14
2011.12.16 08:23:55.630,1.59976,1.60031,1.50,1.14
2011.12.16 08:23:58.083,1.59976,1.60025,1.50,1.43
2011.12.16 08:23:58.210,1.59973,1.60025,1.50,2.18
2011.12.16 08:23:58.815,1.59971,1.60031,1.13,1.81
2011.12.16 08:23:58.885,1.59976,1.60032,1.50,1.43
2011.12.16 08:23:59.575,1.59976,1.60032,1.50,2.18
2011.12.16 08:23:59.651,1.59984,1.60033,1.43,1.14
2011.12.16 08:23:59.727,1.59984,1.60033,2.18,1.14
2011.12.16 08:23:59.973,1.59984,1.60035,2.55,1.14
2011.12.16 08:24:00.430,1.59982,1.60035,1.13,2.18
2011.12.16 08:24:00.497,1.59986,1.60038,1.50,1.50
2011.12.16 08:24:00.566,1.59988,1.60038,1.50,1.50
2011.12.16 08:24:01.246,1.59982,1.60035,1.50,2.18
2011.12.16 08:24:01.319,1.59982,1.60035,1.50,2.18
2011.12.16 08:24:01.903,1.59982,1.60035,1.50,1.43
2011.12.16 08:24:02.051,1.59983,1.60039,1.50,2.90
2011.12.16 08:24:02.232,1.59983,1.60039,1.50,2.90
2011.12.16 08:24:03.383,1.59987,1.60036,2.59,2.18
2011.12.16 08:24:03.967,1.59997,1.60053,2.18,2.23
2011.12.16 08:24:04.041,1.59994,1.6005,1.09,2.56
2011.12.16 08:24:04.120,1.59992,1.6005,1.84,2.56
2011.12.16 08:24:04.196,1.59992,1.6005,1.50,2.56
2011.12.16 08:24:06.772,1.59991,1.6005,1.50,1.14
2011.12.16 08:24:06.959,1.59992,1.60054,1.88,3.28
2011.12.16 08:24:07.023,1.59997,1.60054,1.50,3.28
2011.12.16 08:24:07.212,1.59998,1.60052,1.50,1.14
2011.12.16 08:24:08.033,1.59997,1.60053,1.50,1.14
2011.12.16 08:24:08.196,1.59997,1.60053,1.50,1.14
2011.12.16 08:24:09.354,1.59997,1.60053,1.50,1.14
2011.12.16 08:24:09.876,1.59997,1.60052,1.50,1.14
2011.12.16 08:24:10.184,1.59991,1.60046,1.88,1.14
2011.12.16 08:24:10.797,1.59995,1.60048,1.88,2.18
2011.12.16 08:24:11.331,1.59999,1.60052,1.50,1.14
2011.12.16 08:24:11.404,1.59994,1.60048,1.09,1.13
2011.12.16 08:24:11.530,1.59992,1.60044,1.09,1.14
2011.12.16 08:24:11.723,1.59988,1.60044,1.09,1.14
2011.12.16 08:24:11.936,1.59987,1.60043,1.12,1.48
2011.12.16 08:24:12.518,1.59979,1.60035,1.87,1.14
2011.12.16 08:24:19.702,1.59979,1.60039,1.50,1.14
2011.12.16 08:24:19.773,1.59986,1.60042,1.50,2.18
2011.12.16 08:24:19.841,1.59986,1.60042,1.50,1.43
2011.12.16 08:24:20.374,1.59987,1.60043,1.50,1.14
2011.12.16 08:24:20.623,1.59987,1.60043,1.50,1.14
2011.12.16 08:24:22.530,1.59992,1.60048,1.50,1.14
2011.12.16 08:24:22.840,1.59986,1.60044,1.50,1.14
2011.12.16 08:24:24.351,1.59986,1.60044,1.50,1.14
2011.12.16 08:24:25.143,1.59987,1.60044,1.50,1.14
2011.12.16 08:24:25.451,1.59986,1.60044,1.50,1.14
2011.12.16 08:24:27.727,1.59986,1.60044,1.50,1.14
2011.12.16 08:24:28.404,1.59986,1.60044,1.50,1.14
2011.12.16 08:24:29.217,1.59987,1.60044,1.50,1.14
2011.12.16 08:24:29.444,1.59986,1.60044,1.50,1.14
2011.12.16 08:24:29.909,1.59986,1.60044,1.50,1.14
2011.12.16 08:24:30.751,1.59988,1.60044,1.50,1.14
2011.12.16 08:24:31.988,1.59986,1.60044,1.87,1.14
2011.12.16 08:24:32.243,1.59989,1.60043,1.50,1.14
2011.12.16 08:24:32.313,1.59989,1.60049,1.50,2.94
2011.12.16 08:24:32.766,1.59989,1.60043,1.50,1.51
2011.12.16 08:24:32.834,1.59989,1.6004,1.50,1.43
2011.12.16 08:24:33.470,1.59988,1.60049,1.50,2.94
2011.12.16 08:24:33.552,1.59989,1.60049,1.50,2.94
2011.12.16 08:24:35.499,1.59987,1.60043,1.50,1.14
2011.12.16 08:24:36.118,1.59983,1.60039,1.50,1.14
2011.12.16 08:24:36.431,1.59982,1.60039,2.93,1.51
2011.12.16 08:24:36.505,1.59982,1.60035,2.93,1.13
2011.12.16 08:24:36.632,1.59982,1.60033,1.50,1.81
2011.12.16 08:24:36.703,1.59982,1.60031,1.50,1.14
2011.12.16 08:24:37.286,1.59982,1.6003,1.50,1.14
2011.12.16 08:24:37.838,1.59982,1.60031,1.50,1.14
2011.12.16 08:24:38.795,1.59975,1.60028,1.50,1.14
2011.12.16 08:24:39.441,1.59975,1.60025,1.50,1.14
2011.12.16 08:24:39.973,1.59974,1.60032,1.50,1.81
2011.12.16 08:24:40.104,1.59975,1.60028,1.50,1.14
2011.12.16 08:24:40.176,1.59974,1.60028,1.50,1.14
2011.12.16 08:24:40.365,1.59975,1.60033,1.50,1.51
2011.12.16 08:24:41.035,1.59974,1.60033,1.50,1.51
2011.12.16 08:24:42.440,1.59975,1.60033,1.50,1.51
2011.12.16 08:24:43.051,1.59974,1.60033,1.50,1.51
2011.12.16 08:24:43.423,1.59974,1.60028,1.50,1.14
2011.12.16 08:24:43.985,1.59975,1.60029,1.50,1.14
2011.12.16 08:24:44.572,1.59973,1.60029,1.50,1.14
2011.12.16 08:24:44.917,1.59973,1.60031,1.50,1.14
2011.12.16 08:24:45.190,1.59973,1.60034,1.50,1.51
2011.12.16 08:24:45.380,1.59973,1.60038,1.50,4.40
2011.12.16 08:24:45.721,1.59973,1.60028,1.50,1.14
2011.12.16 08:24:46.290,1.59974,1.60028,1.50,1.14
2011.12.16 08:24:46.740,1.59974,1.60034,1.50,1.51
2011.12.16 08:24:46.945,1.59971,1.60029,1.87,1.14
2011.12.16 08:24:47.015,1.59971,1.60029,1.87,1.51
2011.12.16 08:24:47.335,1.59964,1.60024,3.63,1.14
2011.12.16 08:24:47.643,1.59974,1.60029,2.18,1.51
2011.12.16 08:24:47.719,1.59974,1.60024,2.18,1.14
2011.12.16 08:24:50.941,1.59974,1.6003,2.18,1.14
2011.12.16 08:24:51.013,1.59974,1.60029,2.18,1.14
2011.12.16 08:24:51.084,1.59974,1.6003,2.18,1.89
2011.12.16 08:24:51.624,1.59983,1.6003,2.18,1.14
2011.12.16 08:24:51.865,1.59995,1.60043,2.18,1.14
2011.12.16 08:24:52.193,1.59995,1.60046,1.43,1.14
2011.12.16 08:24:52.384,1.59989,1.60046,1.50,1.14
2011.12.16 08:24:52.643,1.5999,1.60049,1.50,1.14
2011.12.16 08:24:52.908,1.59991,1.60049,1.50,1.14
2011.12.16 08:24:53.535,1.59995,1.60053,1.50,1.14
2011.12.16 08:24:53.666,1.59992,1.60048,1.50,1.14
2011.12.16 08:24:54.208,1.59995,1.60054,1.50,1.14
2011.12.16 08:24:54.465,1.59994,1.60046,2.93,1.14
2011.12.16 08:24:54.653,1.59989,1.60044,1.50,1.14
2011.12.16 08:24:55.605,1.59987,1.60044,1.43,1.14
2011.12.16 08:24:55.791,1.59987,1.60043,1.50,1.14
2011.12.16 08:24:57.001,1.59987,1.6004,1.50,1.13
2011.12.16 08:24:57.190,1.5998,1.60034,1.50,1.13
2011.12.16 08:24:57.692,1.5998,1.60029,1.50,1.14
2011.12.16 08:24:59.496,1.5998,1.60034,1.50,1.51
2011.12.16 08:24:59.751,1.5998,1.60034,1.50,1.14
2011.12.16 08:24:59.945,1.5998,1.60034,1.50,1.51
2011.12.16 08:25:00.010,1.5998,1.60034,1.50,1.51
2011.12.16 08:25:00.324,1.5998,1.60034,1.50,1.14
2011.12.16 08:25:01.793,1.5998,1.60035,1.50,1.81
2011.12.16 08:25:02.161,1.59978,1.60038,2.93,1.14
2011.12.16 08:25:02.709,1.59979,1.60035,1.50,1.51
2011.12.16 08:25:02.816,1.59978,1.60033,2.18,1.14
2011.12.16 08:25:03.590,1.59976,1.60033,2.18,1.14
2011.12.16 08:25:04.244,1.59976,1.60033,2.18,1.14
2011.12.16 08:25:04.554,1.59979,1.60038,2.18,2.56
2011.12.16 08:25:04.682,1.59979,1.60034,2.93,1.14
2011.12.16 08:25:04.810,1.59976,1.60034,2.18,1.14
2011.12.16 08:25:05.121,1.5998,1.60037,2.18,1.81
2011.12.16 08:25:06.525,1.59984,1.60033,2.18,1.13
2011.12.16 08:25:06.611,1.59977,1.60033,2.18,1.51
2011.12.16 08:25:07.163,1.59972,1.60029,2.18,1.14
2011.12.16 08:25:07.453,1.59972,1.60031,2.18,1.81
2011.12.16 08:25:07.817,1.59972,1.60029,2.93,2.15
2011.12.16 08:25:12.170,1.59972,1.60029,2.93,2.53
2011.12.16 08:25:12.236,1.5997,1.60028,1.50,2.90
2011.12.16 08:25:14.081,1.59974,1.60028,1.50,2.52
2011.12.16 08:25:14.587,1.59974,1.60028,1.50,1.77
2011.12.16 08:25:14.657,1.59974,1.60034,1.50,1.14
2011.12.16 08:25:18.377,1.59974,1.60034,1.50,1.14
2011.12.16 08:25:18.445,1.59975,1.60037,1.50,2.19
2011.12.16 08:25:18.632,1.5998,1.60037,2.18,1.81
2011.12.16 08:25:19.265,1.59979,1.60035,1.50,2.94
2011.12.16 08:25:19.332,1.59975,1.60031,1.50,1.81
2011.12.16 08:25:19.673,1.59974,1.60031,1.50,1.81
2011.12.16 08:25:20.975,1.59975,1.60031,1.50,1.81
2011.12.16 08:25:21.243,1.59976,1.60031,1.13,1.81
2011.12.16 08:25:21.313,1.59982,1.60038,1.50,1.14
2011.12.16 08:25:23.864,1.59981,1.60039,1.50,2.56
2011.12.16 08:25:24.225,1.59984,1.60038,1.50,2.56
2011.12.16 08:25:24.526,1.59984,1.60039,2.18,1.14
2011.12.16 08:25:24.725,1.59986,1.60034,1.50,1.09
2011.12.16 08:25:25.334,1.59976,1.60032,1.50,1.80
2011.12.16 08:25:25.423,1.59969,1.60032,1.87,2.53
2011.12.16 08:25:25.495,1.59968,1.60026,1.87,1.14
2011.12.16 08:25:25.624,1.59961,1.60019,1.50,1.14
2011.12.16 08:25:25.815,1.59959,1.60024,1.50,1.14
2011.12.16 08:25:25.945,1.59959,1.60024,1.50,1.14
2011.12.16 08:25:26.254,1.59969,1.60026,1.50,1.14
2011.12.16 08:25:26.441,1.59972,1.60026,1.50,1.14
2011.12.16 08:25:26.998,1.5996,1.60023,1.50,2.94
2011.12.16 08:25:27.442,1.59963,1.60023,1.50,2.56
2011.12.16 08:25:28.161,1.59964,1.60023,1.50,1.14
2011.12.16 08:25:28.293,1.59959,1.60024,1.50,2.94
2011.12.16 08:25:29.843,1.5996,1.60024,1.50,2.19
2011.12.16 08:25:30.153,1.59968,1.60029,1.13,2.56
2011.12.16 08:25:30.523,1.59969,1.60024,2.18,1.14
2011.12.16 08:25:31.830,1.59974,1.60034,1.50,1.14
2011.12.16 08:25:32.684,1.59974,1.60029,1.50,1.14
2011.12.16 08:25:32.756,1.59974,1.60024,1.50,1.14
2011.12.16 08:25:33.306,1.59974,1.60027,1.50,1.81
2011.12.16 08:25:33.372,1.59969,1.60024,1.13,1.14
2011.12.16 08:25:33.449,1.5997,1.60024,2.18,1.51
2011.12.16 08:25:33.753,1.59959,1.60019,1.50,1.14
2011.12.16 08:25:33.824,1.59963,1.60021,1.50,1.14
2011.12.16 08:25:34.671,1.59964,1.6002,1.50,1.14
2011.12.16 08:25:34.748,1.59963,1.60028,1.50,1.89
2011.12.16 08:25:34.812,1.59968,1.60028,1.50,1.89
2011.12.16 08:25:35.002,1.59968,1.60028,1.50,1.14
2011.12.16 08:25:35.880,1.59969,1.60028,1.50,1.14
2011.12.16 08:25:35.954,1.59969,1.60025,1.50,1.51
2011.12.16 08:25:37.010,1.59959,1.60023,1.50,1.51
2011.12.16 08:25:37.555,1.59958,1.60016,1.50,1.51
2011.12.16 08:25:37.841,1.59958,1.60023,1.50,1.51
2011.12.16 08:25:38.184,1.5996,1.60024,1.13,1.81
2011.12.16 08:25:38.251,1.59966,1.60024,1.50,1.81
2011.12.16 08:25:39.046,1.59967,1.60024,1.50,1.81
2011.12.16 08:25:39.187,1.59971,1.60034,1.50,3.31
2011.12.16 08:25:39.258,1.59971,1.60028,1.50,2.56
2011.12.16 08:25:39.380,1.59967,1.60024,1.50,1.14
2011.12.16 08:25:39.451,1.59967,1.60021,1.50,1.13
2011.12.16 08:25:39.584,1.59964,1.60019,1.50,1.14
2011.12.16 08:25:39.832,1.59965,1.60026,1.50,2.19
2011.12.16 08:25:40.391,1.59964,1.60028,1.50,1.51
2011.12.16 08:25:40.988,1.59964,1.60023,1.50,1.14
2011.12.16 08:25:41.127,1.59963,1.60021,1.12,1.14
2011.12.16 08:25:41.658,1.59964,1.6002,1.12,1.14
2011.12.16 08:25:41.907,1.59965,1.60023,1.50,1.14
2011.12.16 08:25:42.151,1.59968,1.60026,1.50,1.14
2011.12.16 08:25:47.012,1.59975,1.60034,1.50,1.14
2011.12.16 08:25:47.553,1.59976,1.60034,1.50,1.14
2011.12.16 08:25:47.780,1.59975,1.60034,1.50,1.14
2011.12.16 08:25:49.962,1.59976,1.60034,1.50,1.14
2011.12.16 08:25:50.223,1.59973,1.6003,1.12,1.13
2011.12.16 08:25:50.770,1.59974,1.60027,1.50,2.18
2011.12.16 08:25:50.968,1.59975,1.60034,1.50,1.14
2011.12.16 08:25:51.153,1.59972,1.60032,1.12,1.14
2011.12.16 08:25:51.939,1.59966,1.60023,1.50,1.14
2011.12.16 08:25:52.242,1.59966,1.60017,1.50,2.18
2011.12.16 08:25:52.432,1.59963,1.60014,1.50,1.14
2011.12.16 08:25:52.684,1.59963,1.60017,1.50,1.81
2011.12.16 08:25:52.758,1.59964,1.60017,1.50,1.43
2011.12.16 08:25:53.847,1.59959,1.60019,1.50,1.14
2011.12.16 08:25:54.402,1.5996,1.60019,1.50,1.14
2011.12.16 08:25:55.070,1.59959,1.60019,1.50,1.14
2011.12.16 08:25:55.283,1.59959,1.60023,1.50,1.10
2011.12.16 08:25:55.892,1.5996,1.60023,1.50,1.10
2011.12.16 08:25:58.051,1.59959,1.60024,1.50,2.94
2011.12.16 08:25:59.080,1.5996,1.60024,1.50,1.51
2011.12.16 08:26:00.243,1.59959,1.60024,1.50,1.51
2011.12.16 08:26:01.280,1.5996,1.60024,1.50,2.94
2011.12.16 08:26:02.646,1.59959,1.60024,1.50,2.94
2011.12.16 08:26:03.254,1.5996,1.60024,1.50,2.94
2011.12.16 08:26:03.570,1.59967,1.60028,1.50,1.14
2011.12.16 08:26:04.122,1.59966,1.60028,1.50,1.14
2011.12.16 08:26:04.611,1.59967,1.60028,1.50,1.51
2011.12.16 08:26:05.341,1.59966,1.60028,1.50,1.51
2011.12.16 08:26:05.455,1.59966,1.60029,1.50,1.14
2011.12.16 08:26:05.701,1.59968,1.60028,1.50,2.26
2011.12.16 08:26:05.837,1.59968,1.60028,1.50,1.14
2011.12.16 08:26:06.151,1.5997,1.60028,1.50,1.14
2011.12.16 08:26:06.343,1.59977,1.60028,1.50,1.14
2011.12.16 08:26:07.057,1.59977,1.60034,1.50,1.14
2011.12.16 08:26:07.253,1.59972,1.60038,2.93,2.53
2011.12.16 08:26:07.322,1.59972,1.60037,1.50,2.19
2011.12.16 08:26:07.833,1.59973,1.60035,1.50,2.19
2011.12.16 08:26:07.902,1.59973,1.60035,1.50,2.19
2011.12.16 08:26:08.095,1.59977,1.60038,1.50,1.48
2011.12.16 08:26:10.289,1.59978,1.60038,1.50,1.48
2011.12.16 08:26:11.495,1.59977,1.60038,1.50,1.48
2011.12.16 08:26:13.713,1.59978,1.60038,1.50,1.48
2011.12.16 08:26:13.993,1.59977,1.60038,1.50,1.10
2011.12.16 08:26:14.181,1.59972,1.60038,1.87,1.10
2011.12.16 08:26:14.495,1.59973,1.60034,3.30,1.14
2011.12.16 08:26:15.478,1.59982,1.60037,1.50,1.10
2011.12.16 08:26:15.605,1.59974,1.60037,1.50,1.10
2011.12.16 08:26:16.264,1.59975,1.60037,1.50,1.10
2011.12.16 08:26:17.630,1.59975,1.60034,1.50,1.48
2011.12.16 08:26:17.702,1.59975,1.60037,1.50,1.10
2011.12.16 08:26:23.645,1.59974,1.60039,1.50,1.51
2011.12.16 08:26:25.654,1.59975,1.60039,1.50,1.51
2011.12.16 08:26:27.097,1.59974,1.60039,1.50,1.51
2011.12.16 08:26:27.926,1.59975,1.60039,1.87,1.51
2011.12.16 08:26:28.851,1.59974,1.60039,1.87,1.51
2011.12.16 08:26:29.454,1.59975,1.60039,1.87,1.51
2011.12.16 08:26:30.632,1.59974,1.60039,1.87,1.51
2011.12.16 08:26:31.783,1.59975,1.60039,1.87,1.51
2011.12.16 08:26:32.320,1.59975,1.60034,1.87,1.14
2011.12.16 08:26:32.853,1.59975,1.60039,1.87,1.51
2011.12.16 08:26:33.361,1.59975,1.60034,1.87,1.14
2011.12.16 08:26:34.005,1.59974,1.60034,1.87,1.14
2011.12.16 08:26:34.423,1.59974,1.60032,1.87,1.14
2011.12.16 08:26:34.804,1.59974,1.60028,1.50,1.14
2011.12.16 08:26:35.479,1.59975,1.60028,1.50,1.14
2011.12.16 08:26:35.786,1.59967,1.60019,1.50,1.13
2011.12.16 08:26:36.322,1.59965,1.60019,1.50,1.43
2011.12.16 08:26:36.399,1.59965,1.60024,1.50,1.14
2011.12.16 08:26:36.463,1.59965,1.60021,1.50,1.14
2011.12.16 08:26:37.955,1.59965,1.60021,1.50,1.14
2011.12.16 08:26:38.687,1.59975,1.60022,1.43,1.14
2011.12.16 08:26:38.758,1.5997,1.60025,2.18,1.14
2011.12.16 08:26:38.943,1.5997,1.60024,2.93,1.14
2011.12.16 08:26:39.145,1.5997,1.60024,2.93,1.14
2011.12.16 08:26:39.391,1.59964,1.60023,1.50,1.14
2011.12.16 08:26:40.123,1.59964,1.60023,1.50,1.51
2011.12.16 08:26:40.203,1.59964,1.60021,1.50,1.13
2011.12.16 08:26:40.728,1.59962,1.60019,2.18,1.14
2011.12.16 08:26:41.042,1.5997,1.60028,2.18,1.48
2011.12.16 08:26:41.356,1.5997,1.60027,2.18,1.10
2011.12.16 08:26:42.180,1.59968,1.60025,2.18,2.19
2011.12.16 08:26:42.891,1.59968,1.60025,2.18,2.19
2011.12.16 08:26:43.139,1.59983,1.60039,2.18,1.14
2011.12.16 08:26:44.031,1.59983,1.60039,2.18,1.14
2011.12.16 08:26:44.102,1.59983,1.60035,2.18,1.14
2011.12.16 08:26:44.410,1.59983,1.60039,2.18,1.14
2011.12.16 08:26:45.960,1.59983,1.60035,2.18,1.14
2011.12.16 08:26:46.187,1.59983,1.60038,2.18,1.14
2011.12.16 08:26:46.312,1.59983,1.60034,2.18,1.14
2011.12.16 08:26:46.942,1.59982,1.6004,1.13,1.81
2011.12.16 08:26:47.047,1.59988,1.60039,2.18,1.14
2011.12.16 08:26:47.118,1.59988,1.60043,2.18,1.09
2011.12.16 08:26:47.244,1.59988,1.60044,2.18,1.09
2011.12.16 08:26:47.755,1.59988,1.60044,2.93,1.14
2011.12.16 08:26:48.334,1.59996,1.60044,1.13,1.14
2011.12.16 08:26:48.623,1.60002,1.60048,2.18,1.84
2011.12.16 08:26:49.686,1.60002,1.60052,2.18,1.14
2011.12.16 08:26:49.992,1.60002,1.60052,1.43,1.14
2011.12.16 08:26:51.635,1.60002,1.60052,1.43,1.14
2011.12.16 08:26:51.703,1.60002,1.6005,1.43,1.09
2011.12.16 08:26:51.832,1.59996,1.60048,1.50,2.18
2011.12.16 08:26:51.965,1.59991,1.60046,1.50,2.18
2011.12.16 08:26:52.034,1.59991,1.60046,1.50,2.18
2011.12.16 08:26:52.816,1.59986,1.60041,1.50,1.14
2011.12.16 08:26:52.890,1.59986,1.60038,2.93,1.14
2011.12.16 08:26:52.955,1.59986,1.60038,2.93,1.14
2011.12.16 08:26:55.086,1.5999,1.60037,1.50,1.43
2011.12.16 08:26:55.162,1.59986,1.60041,1.87,1.14
2011.12.16 08:26:57.895,1.59986,1.60047,3.30,1.14
2011.12.16 08:26:59.601,1.59985,1.60042,1.12,1.14
2011.12.16 08:27:00.635,1.59986,1.60042,1.50,1.14
2011.12.16 08:27:01.184,1.59984,1.60034,1.43,1.14
2011.12.16 08:27:01.770,1.59987,1.60032,1.43,1.09
2011.12.16 08:27:02.116,1.59979,1.60026,1.43,1.14
2011.12.16 08:27:02.639,1.59978,1.60027,1.43,1.14
2011.12.16 08:27:07.391,1.5998,1.60026,1.43,1.14
2011.12.16 08:27:08.463,1.5998,1.60027,1.43,1.14
2011.12.16 08:27:08.709,1.59971,1.60026,2.93,1.14
2011.12.16 08:27:09.431,1.59971,1.60026,1.50,1.14
2011.12.16 08:27:11.457,1.59969,1.6002,2.93,1.13
2011.12.16 08:27:12.097,1.59961,1.60016,1.50,1.14
2011.12.16 08:27:13.352,1.59961,1.60013,1.50,1.14
2011.12.16 08:27:14.185,1.59961,1.60016,1.50,2.19
2011.12.16 08:27:14.910,1.59964,1.60017,1.13,1.81
2011.12.16 08:27:14.992,1.59968,1.60025,1.50,1.50
2011.12.16 08:27:15.067,1.59968,1.60025,1.50,1.50
2011.12.16 08:27:18.231,1.59969,1.60026,1.50,1.81
2011.12.16 08:27:18.546,1.5997,1.60032,1.50,1.81
2011.12.16 08:27:18.611,1.59974,1.60033,2.93,2.56
2011.12.16 08:27:18.746,1.59973,1.6003,1.50,1.13
2011.12.16 08:27:19.277,1.5997,1.60028,1.50,1.14
2011.12.16 08:27:19.400,1.59969,1.60026,1.50,1.14
2011.12.16 08:27:20.676,1.59971,1.60029,1.50,1.14
2011.12.16 08:27:21.658,1.59981,1.60017,1.50,1.43
2011.12.16 08:27:21.732,1.59981,1.60034,1.50,1.51
2011.12.16 08:27:21.808,1.59984,1.60031,1.50,1.43
2011.12.16 08:27:22.117,1.59979,1.60033,1.13,2.56
2011.12.16 08:27:22.184,1.59981,1.60034,2.18,1.14
2011.12.16 08:27:23.507,1.5998,1.60034,1.50,1.14
2011.12.16 08:27:24.243,1.59979,1.6003,2.18,1.14
2011.12.16 08:27:24.554,1.59974,1.60036,1.88,1.81
2011.12.16 08:27:24.620,1.59978,1.60036,1.50,1.81
2011.12.16 08:27:24.691,1.59984,1.60031,1.43,1.13
2011.12.16 08:27:24.763,1.59977,1.60026,1.50,2.18
2011.12.16 08:27:24.831,1.5997,1.60026,1.50,2.56
2011.12.16 08:27:24.900,1.5997,1.60026,1.50,2.56
2011.12.16 08:27:25.472,1.59966,1.6002,1.50,1.51
2011.12.16 08:27:25.543,1.59961,1.60016,1.50,1.14
2011.12.16 08:27:26.181,1.59961,1.60016,1.50,1.14
2011.12.16 08:27:26.488,1.59962,1.60013,1.50,1.14
2011.12.16 08:27:26.557,1.59961,1.60016,1.50,2.56
2011.12.16 08:27:26.688,1.59962,1.60016,1.50,1.81
2011.12.16 08:27:26.877,1.59963,1.60021,1.50,1.14
2011.12.16 08:27:27.372,1.59963,1.60025,1.50,2.19
2011.12.16 08:27:27.910,1.59968,1.60028,1.50,1.14
2011.12.16 08:27:30.608,1.59968,1.60026,1.50,1.14
2011.12.16 08:27:31.030,1.59967,1.60024,1.50,1.14
2011.12.16 08:27:31.855,1.59966,1.60024,1.50,1.14
2011.12.16 08:27:32.737,1.59967,1.60024,1.50,1.14
2011.12.16 08:27:34.820,1.59967,1.60028,1.50,1.14
2011.12.16 08:27:35.068,1.59974,1.60028,1.13,1.14
2011.12.16 08:27:35.500,1.59974,1.60028,2.18,1.13
2011.12.16 08:27:35.689,1.59974,1.60029,1.50,1.14
2011.12.16 08:27:36.002,1.59972,1.60027,1.50,1.14
2011.12.16 08:27:36.268,1.59971,1.60028,1.50,1.14
2011.12.16 08:27:38.833,1.59972,1.60028,1.50,1.14
2011.12.16 08:27:39.238,1.59978,1.60034,1.50,1.50
2011.12.16 08:27:40.377,1.59977,1.60036,1.50,1.51
2011.12.16 08:27:40.456,1.59974,1.60033,1.87,1.14
2011.12.16 08:27:40.870,1.59974,1.60033,1.87,1.14
2011.12.16 08:27:41.078,1.59978,1.60036,1.50,1.14
2011.12.16 08:27:41.981,1.59976,1.60036,1.50,1.14
2011.12.16 08:27:42.343,1.59979,1.60029,1.50,1.43
2011.12.16 08:27:42.408,1.59979,1.60035,1.50,1.51
2011.12.16 08:27:42.480,1.59977,1.60035,1.50,1.51
2011.12.16 08:27:43.076,1.59974,1.60033,1.87,1.14
2011.12.16 08:27:43.379,1.59979,1.60035,1.50,1.14
2011.12.16 08:27:43.962,1.59977,1.60035,1.50,1.14
2011.12.16 08:27:44.028,1.59973,1.60033,1.87,1.14
2011.12.16 08:27:44.595,1.59974,1.60033,1.87,1.14
2011.12.16 08:27:45.989,1.59973,1.60033,1.87,1.14
2011.12.16 08:27:46.431,1.59974,1.60031,1.87,1.14
2011.12.16 08:27:46.741,1.59976,1.60025,1.50,2.18
2011.12.16 08:27:46.988,1.59969,1.60025,2.93,1.14
2011.12.16 08:27:49.861,1.59969,1.60026,2.18,1.81
2011.12.16 08:27:50.622,1.59985,1.60036,1.50,1.14
2011.12.16 08:27:50.696,1.59984,1.60039,2.93,1.14
2011.12.16 08:27:51.402,1.59985,1.60039,1.50,1.14
2011.12.16 08:27:51.719,1.59974,1.6003,1.50,1.81
2011.12.16 08:27:51.791,1.59974,1.6003,1.50,2.56
2011.12.16 08:27:51.931,1.59973,1.60029,1.50,1.14
2011.12.16 08:27:52.652,1.59972,1.60026,1.50,1.14
2011.12.16 08:27:53.470,1.59973,1.60029,1.50,1.14
2011.12.16 08:27:53.539,1.59973,1.6003,1.50,2.18
2011.12.16 08:27:54.453,1.59973,1.60032,2.93,1.81
2011.12.16 08:27:55.088,1.59982,1.60035,1.50,1.13
2011.12.16 08:27:55.174,1.59977,1.60031,1.09,1.81
2011.12.16 08:27:55.478,1.59979,1.60036,2.18,1.81
2011.12.16 08:27:55.612,1.59982,1.60035,1.50,1.14
2011.12.16 08:27:56.019,1.59982,1.60038,1.50,1.14
2011.12.16 08:27:56.958,1.59981,1.60038,1.50,1.14
2011.12.16 08:27:57.027,1.59979,1.60035,1.50,1.14
2011.12.16 08:27:57.900,1.59978,1.60038,1.50,1.14
2011.12.16 08:27:58.512,1.59978,1.60036,1.50,1.14
2011.12.16 08:28:02.265,1.5998,1.60035,1.50,1.14
2011.12.16 08:28:02.580,1.59977,1.60034,1.12,1.13
2011.12.16 08:28:02.652,1.59976,1.60028,1.50,1.14
2011.12.16 08:28:02.782,1.59976,1.60034,1.87,2.56
2011.12.16 08:28:03.730,1.59977,1.60033,1.87,1.14
2011.12.16 08:28:04.243,1.59977,1.60034,1.87,1.14
2011.12.16 08:28:05.109,1.59976,1.60035,4.05,1.81
2011.12.16 08:28:05.670,1.59976,1.60034,4.05,1.51
2011.12.16 08:28:05.740,1.59976,1.60034,3.68,1.51
2011.12.16 08:28:06.716,1.59977,1.60034,1.50,2.94
2011.12.16 08:28:07.804,1.59977,1.60034,1.50,2.19
2011.12.16 08:28:08.448,1.59976,1.60034,1.50,2.19
2011.12.16 08:28:08.522,1.59978,1.60034,1.50,1.43
2011.12.16 08:28:08.649,1.59978,1.60038,1.50,1.14
2011.12.16 08:28:09.405,1.59979,1.60038,1.50,1.14
2011.12.16 08:28:09.714,1.59979,1.60034,1.50,1.13
2011.12.16 08:28:09.911,1.59979,1.60034,1.50,1.43
2011.12.16 08:28:10.341,1.59987,1.60042,1.50,1.81
2011.12.16 08:28:10.723,1.59984,1.6004,3.30,1.13
2011.12.16 08:28:11.307,1.59984,1.60038,2.25,1.14
2011.12.16 08:28:11.841,1.59985,1.60038,1.50,1.14
2011.12.16 08:28:12.152,1.59985,1.60043,1.87,2.56
2011.12.16 08:28:13.919,1.59984,1.60043,1.87,2.56
2011.12.16 08:28:14.422,1.59985,1.60043,1.87,2.56
2011.12.16 08:28:16.061,1.59986,1.60043,1.13,1.81
2011.12.16 08:28:16.144,1.59993,1.60048,2.18,1.14
2011.12.16 08:28:16.215,1.59993,1.6005,2.93,1.81
2011.12.16 08:28:16.526,1.60005,1.6005,1.13,2.15
2011.12.16 08:28:16.832,1.60006,1.60059,2.18,1.51
2011.12.16 08:28:16.903,1.60004,1.60055,1.50,1.43
2011.12.16 08:28:17.815,1.60008,1.60062,1.50,2.15
2011.12.16 08:28:17.889,1.60007,1.60061,1.50,1.09
2011.12.16 08:28:18.616,1.60003,1.60059,1.50,1.14
2011.12.16 08:28:19.603,1.60003,1.60059,1.09,1.14
2011.12.16 08:28:19.692,1.60008,1.60064,2.93,1.14
2011.12.16 08:28:21.999,1.60008,1.60061,2.93,1.13
2011.12.16 08:28:22.378,1.60006,1.60058,1.50,1.14
2011.12.16 08:28:22.800,1.59998,1.60054,1.09,1.14
2011.12.16 08:28:23.449,1.59998,1.60059,1.09,2.90
2011.12.16 08:28:23.597,1.60001,1.60059,2.18,1.48
2011.12.16 08:28:24.129,1.59997,1.60054,1.50,1.14
2011.12.16 08:28:24.263,1.59997,1.60051,1.50,1.14
2011.12.16 08:28:24.391,1.59996,1.60051,1.50,1.14
2011.12.16 08:28:24.703,1.60005,1.60057,1.43,1.14
2011.12.16 08:28:24.951,1.60007,1.60064,1.50,1.09
2011.12.16 08:28:25.083,1.60007,1.60064,1.50,1.09
2011.12.16 08:28:25.845,1.60006,1.60058,1.50,1.14
2011.12.16 08:28:26.033,1.60006,1.60061,1.50,1.51
2011.12.16 08:28:26.459,1.60005,1.60067,1.12,1.51
2011.12.16 08:28:26.590,1.60005,1.60061,1.12,1.14
2011.12.16 08:28:26.659,1.60005,1.60061,1.12,1.14
2011.12.16 08:28:27.491,1.60002,1.60057,1.50,1.14
2011.12.16 08:28:27.761,1.60006,1.60056,1.50,1.14
2011.12.16 08:28:28.249,1.60006,1.60059,1.50,1.14
2011.12.16 08:28:28.318,1.60005,1.60062,2.93,1.14
2011.12.16 08:28:28.520,1.60005,1.60062,2.93,1.14
2011.12.16 08:28:28.949,1.60005,1.60062,2.93,1.14
2011.12.16 08:28:29.525,1.60006,1.60056,1.50,1.14
2011.12.16 08:28:30.432,1.60006,1.60058,1.50,1.14
2011.12.16 08:28:30.561,1.60005,1.60062,1.50,1.14
2011.12.16 08:28:31.269,1.60006,1.60063,2.18,1.14
2011.12.16 08:28:32.142,1.60009,1.60067,1.50,1.51
2011.12.16 08:28:32.274,1.6001,1.60065,1.50,1.14
2011.12.16 08:28:32.581,1.60017,1.60068,2.18,1.14
2011.12.16 08:28:32.832,1.60006,1.60061,2.18,1.14
2011.12.16 08:28:32.904,1.60006,1.60061,2.18,1.14
2011.12.16 08:28:33.209,1.60005,1.60063,2.18,1.14
2011.12.16 08:28:33.281,1.60005,1.60063,2.18,1.89
2011.12.16 08:28:35.138,1.60005,1.60062,2.18,1.14
2011.12.16 08:28:37.153,1.60017,1.60066,2.18,1.14
2011.12.16 08:28:37.464,1.60017,1.60066,1.43,1.14
2011.12.16 08:28:37.593,1.60006,1.60058,1.09,1.14
2011.12.16 08:28:38.784,1.60002,1.60057,1.50,1.14
2011.12.16 08:28:39.419,1.60002,1.60056,1.50,1.14
2011.12.16 08:28:39.733,1.60007,1.60061,1.09,1.81
2011.12.16 08:28:39.802,1.60007,1.60061,1.09,1.43
2011.12.16 08:28:40.436,1.60014,1.60062,1.43,1.50
2011.12.16 08:28:40.495,1.60002,1.60054,1.50,1.14
2011.12.16 08:28:40.682,1.60004,1.60054,2.18,1.09
2011.12.16 08:28:40.749,1.59998,1.6005,1.50,1.09
2011.12.16 08:28:41.002,1.59998,1.60053,1.50,1.14
2011.12.16 08:28:41.758,1.59998,1.60058,1.50,1.14
2011.12.16 08:28:42.419,1.60005,1.60058,1.50,1.14
2011.12.16 08:28:42.609,1.59998,1.60058,1.50,1.14
2011.12.16 08:28:42.741,1.60002,1.60054,2.18,1.14
2011.12.16 08:28:43.375,1.60004,1.60058,1.50,1.14
2011.12.16 08:28:43.502,1.60004,1.60059,1.50,1.14
2011.12.16 08:28:43.810,1.60008,1.60064,1.13,1.14
2011.12.16 08:28:43.878,1.60013,1.60066,1.50,1.14
2011.12.16 08:28:43.951,1.60011,1.60066,1.50,1.51
2011.12.16 08:28:44.641,1.60004,1.60063,1.50,1.14
2011.12.16 08:28:44.949,1.60009,1.60064,2.18,1.14
2011.12.16 08:28:45.142,1.60017,1.60068,2.18,1.14
2011.12.16 08:28:45.212,1.60017,1.60068,2.18,1.14
2011.12.16 08:28:45.767,1.60017,1.60068,2.18,1.14
2011.12.16 08:28:46.678,1.60017,1.60066,1.43,1.14
2011.12.16 08:28:46.818,1.60015,1.60067,1.50,1.14
2011.12.16 08:28:46.952,1.60012,1.60064,2.18,1.13
2011.12.16 08:28:47.117,1.60003,1.60064,1.87,1.13
2011.12.16 08:28:47.323,1.60002,1.60059,2.62,1.14
2011.12.16 08:28:47.508,1.60003,1.60064,1.87,1.14
2011.12.16 08:28:47.638,1.60007,1.60065,1.50,1.14
2011.12.16 08:28:47.710,1.60007,1.60064,1.50,1.13
2011.12.16 08:28:48.928,1.60003,1.60059,1.13,1.14
2011.12.16 08:28:49.580,1.60003,1.60056,1.50,1.14
2011.12.16 08:28:49.954,1.60002,1.60058,1.50,1.14
2011.12.16 08:28:50.258,1.60004,1.60062,1.50,1.51
2011.12.16 08:28:51.502,1.60001,1.60051,1.50,1.14
2011.12.16 08:28:51.838,1.60003,1.60056,1.50,1.14
2011.12.16 08:28:52.211,1.60001,1.60057,1.43,1.14
2011.12.16 08:28:52.520,1.6,1.60045,1.12,2.18
2011.12.16 08:28:52.651,1.60001,1.60049,2.18,1.85
2011.12.16 08:28:53.469,1.60001,1.60056,1.43,1.14
2011.12.16 08:28:53.599,1.59993,1.60048,2.18,1.14
2011.12.16 08:28:54.910,1.59997,1.60048,1.09,1.14
2011.12.16 08:28:54.976,1.6,1.60048,1.09,1.14
2011.12.16 08:28:55.172,1.6,1.60052,1.09,1.81
2011.12.16 08:28:55.362,1.6,1.60052,1.09,1.43
2011.12.16 08:28:55.813,1.60001,1.60056,2.18,1.14
2011.12.16 08:28:58.204,1.60001,1.60057,1.77,1.14
2011.12.16 08:28:58.388,1.5999,1.60041,1.50,1.14
2011.12.16 08:28:58.459,1.59994,1.60044,1.13,1.81
2011.12.16 08:28:58.680,1.6,1.60056,2.93,1.14
2011.12.16 08:29:00.794,1.6,1.60057,2.18,1.14
2011.12.16 08:29:02.534,1.59997,1.60053,1.12,2.55
2011.12.16 08:29:02.600,1.59996,1.60048,1.50,1.14
2011.12.16 08:29:03.163,1.59996,1.60049,1.50,1.14
2011.12.16 08:29:03.409,1.59996,1.60044,1.50,1.50
2011.12.16 08:29:03.728,1.59992,1.60039,1.43,1.14
2011.12.16 08:29:03.971,1.59993,1.60044,2.18,1.50
2011.12.16 08:29:23.456,1.59993,1.60049,2.18,1.48
2011.12.16 08:29:28.034,1.59984,1.60037,1.09,1.81
2011.12.16 08:29:28.279,1.59984,1.60033,1.09,1.14
2011.12.16 08:29:28.840,1.59981,1.60037,1.50,2.15
2011.12.16 08:29:28.910,1.5999,1.60037,1.09,1.81
2011.12.16 08:29:29.100,1.5999,1.60039,1.09,1.14
2011.12.16 08:29:29.849,1.5999,1.60039,1.09,1.14
2011.12.16 08:29:30.424,1.5999,1.60039,1.09,1.14
2011.12.16 08:29:30.991,1.5999,1.60043,1.09,1.14
2011.12.16 08:29:31.178,1.5999,1.60043,1.09,1.14
2011.12.16 08:29:31.431,1.5999,1.60049,1.09,1.10
2011.12.16 08:29:31.741,1.59992,1.60054,1.88,1.48
2011.12.16 08:29:32.404,1.59998,1.60054,1.50,1.48
2011.12.16 08:29:33.574,1.59998,1.60049,1.50,1.09
2011.12.16 08:29:33.749,1.59998,1.60054,1.50,1.48
2011.12.16 08:29:33.822,1.59997,1.60049,1.50,1.09
2011.12.16 08:29:34.638,1.59997,1.60054,1.50,1.48
2011.12.16 08:29:34.997,1.59998,1.60049,1.50,1.09
2011.12.16 08:29:36.891,1.59996,1.60049,1.50,1.09
2011.12.16 08:29:37.130,1.5999,1.60044,1.50,1.14
2011.12.16 08:29:37.440,1.59992,1.60048,1.13,1.48
2011.12.16 08:29:37.568,1.59997,1.60048,1.50,1.09
2011.12.16 08:29:45.498,1.59998,1.60054,1.50,1.48
2011.12.16 08:29:46.640,1.59998,1.60054,1.50,1.14
2011.12.16 08:29:49.998,1.59998,1.60058,1.50,1.48
2011.12.16 08:29:50.067,1.60003,1.60058,1.50,1.48
2011.12.16 08:29:50.942,1.60001,1.60056,1.50,1.14
2011.12.16 08:29:51.479,1.60001,1.60057,1.50,1.48
2011.12.16 08:29:52.133,1.60001,1.60056,1.50,1.14
2011.12.16 08:29:53.448,1.60001,1.60057,1.50,1.48
2011.12.16 08:29:54.294,1.60001,1.60056,1.50,1.14
2011.12.16 08:29:54.885,1.60001,1.60057,1.50,1.09
2011.12.16 08:29:55.818,1.60003,1.60057,1.48,1.09
2011.12.16 08:29:56.008,1.60008,1.60059,1.65,1.09
2011.12.16 08:29:56.138,1.60008,1.60061,1.65,1.14
2011.12.16 08:29:57.271,1.60004,1.60057,1.55,1.14
2011.12.16 08:29:58.464,1.59999,1.60057,1.52,1.14
2011.12.16 08:29:59.481,1.60001,1.60049,1.07,1.14
2011.12.16 08:29:59.550,1.60004,1.60053,1.29,1.14
2011.12.16 08:29:59.684,1.60002,1.60051,1.25,1.14
2011.12.16 08:29:59.754,1.60004,1.60053,1.16,1.14
2011.12.16 08:29:59.821,1.60004,1.60054,1.16,1.43
2011.12.16 08:29:59.894,1.60004,1.60059,1.16,1.14
2011.12.16 08:30:00.422,1.60004,1.60059,1.16,1.14
2011.12.16 08:30:00.729,1.60004,1.60058,1.16,1.14
2011.12.16 08:30:01.499,1.60003,1.60058,1.83,1.14
2011.12.16 08:30:01.725,1.60003,1.60059,1.83,1.14
2011.12.16 08:30:02.490,1.60003,1.60064,1.83,1.14
2011.12.16 08:30:03.219,1.60003,1.60059,1.08,1.14
2011.12.16 08:30:03.341,1.60003,1.60057,1.08,1.43
2011.12.16 08:30:04.063,1.60003,1.60057,1.08,1.43
2011.12.16 08:30:04.374,1.59987,1.60035,2.30,1.13
2011.12.16 08:30:04.873,1.59983,1.60035,1.08,2.52
2011.12.16 08:30:05.658,1.5998,1.60031,1.50,1.51
2011.12.16 08:30:06.418,1.5998,1.60035,1.50,2.18
2011.12.16 08:30:07.584,1.5998,1.60035,1.50,2.18
2011.12.16 08:30:07.802,1.5998,1.60035,1.50,2.18
2011.12.16 08:30:08.685,1.5998,1.60035,1.50,2.18
2011.12.16 08:30:10.384,1.59974,1.60035,2.18,2.18
2011.12.16 08:30:10.945,1.59979,1.60027,1.50,1.81
2011.12.16 08:30:11.741,1.5997,1.60024,1.50,2.15
2011.12.16 08:30:12.695,1.59969,1.60024,1.50,2.15
2011.12.16 08:30:13.519,1.59969,1.60026,1.50,1.14
2011.12.16 08:30:13.650,1.59969,1.60026,1.50,1.14
2011.12.16 08:30:13.958,1.5996,1.60018,1.50,1.14
2011.12.16 08:30:14.827,1.59958,1.60016,1.84,1.14
2011.12.16 08:30:16.052,1.59958,1.60013,1.50,2.94
2011.12.16 08:30:16.121,1.59957,1.60008,1.50,1.14
2011.12.16 08:30:16.190,1.59957,1.60013,1.50,2.94
2011.12.16 08:30:16.380,1.59957,1.60013,1.50,1.14
2011.12.16 08:30:16.510,1.59957,1.60012,1.50,1.13
2011.12.16 08:30:16.579,1.59958,1.60009,1.50,1.14
2011.12.16 08:30:16.983,1.59958,1.60014,1.50,2.56
2011.12.16 08:30:18.071,1.59957,1.60014,2.93,2.56
2011.12.16 08:30:18.382,1.5997,1.60014,1.09,1.81
2011.12.16 08:30:18.449,1.59973,1.60028,1.50,1.14
2011.12.16 08:30:18.942,1.59977,1.60035,1.13,1.81
2011.12.16 08:30:19.013,1.59982,1.60035,1.50,1.43
2011.12.16 08:30:19.077,1.59982,1.6004,1.50,1.14
2011.12.16 08:30:19.200,1.59981,1.60034,1.50,1.13
2011.12.16 08:30:19.779,1.59976,1.60029,1.50,1.14
2011.12.16 08:30:20.091,1.59976,1.60034,1.50,1.51
2011.12.16 08:30:20.623,1.59977,1.60035,3.68,1.14
2011.12.16 08:30:21.908,1.59978,1.60037,2.18,1.81
2011.12.16 08:30:22.037,1.59978,1.60035,2.55,1.14
2011.12.16 08:30:22.290,1.59982,1.6004,1.50,1.14
2011.12.16 08:30:22.690,1.59985,1.60043,1.50,1.48
2011.12.16 08:30:23.259,1.59987,1.60043,2.18,1.48
2011.12.16 08:30:23.382,1.59988,1.60045,1.50,1.48
2011.12.16 08:30:23.908,1.59988,1.60048,2.25,2.15
2011.12.16 08:30:24.217,1.59992,1.60045,1.50,1.09
2011.12.16 08:30:24.457,1.59988,1.60048,2.25,2.15
2011.12.16 08:30:25.048,1.59992,1.60049,1.50,1.09
2011.12.16 08:30:25.193,1.59992,1.60048,1.50,1.09
2011.12.16 08:30:25.437,1.59989,1.60049,2.18,1.85
2011.12.16 08:30:32.249,1.59993,1.60049,1.50,1.14
2011.12.16 08:30:32.943,1.59996,1.60053,2.55,1.14
2011.12.16 08:30:33.509,1.5999,1.60048,1.50,1.14
2011.12.16 08:30:33.877,1.59991,1.60047,1.50,1.14
2011.12.16 08:30:34.694,1.59993,1.60054,1.13,2.56
2011.12.16 08:30:35.059,1.59994,1.60048,2.18,1.14
2011.12.16 08:30:35.556,1.5999,1.60048,1.50,1.14
2011.12.16 08:30:36.362,1.5999,1.6004,1.50,1.43
2011.12.16 08:30:36.669,1.59984,1.60041,1.50,1.14
2011.12.16 08:30:37.021,1.59983,1.60038,1.50,2.19
2011.12.16 08:30:37.090,1.59983,1.60033,1.50,1.14
2011.12.16 08:30:38.402,1.59976,1.60033,1.50,1.14
2011.12.16 08:30:41.056,1.59975,1.60033,1.50,1.14
2011.12.16 08:30:42.979,1.59975,1.60038,1.50,2.19
2011.12.16 08:30:44.141,1.59975,1.60034,1.50,1.14
2011.12.16 08:30:45.378,1.59975,1.60034,1.50,1.14
2011.12.16 08:30:46.587,1.59974,1.60034,1.50,1.14
2011.12.16 08:30:47.101,1.59975,1.60034,1.50,1.14
2011.12.16 08:30:47.169,1.59975,1.60038,1.50,2.19
2011.12.16 08:30:47.299,1.59982,1.60038,1.13,1.81
2011.12.16 08:30:47.609,1.59986,1.60044,1.50,1.14
2011.12.16 08:30:47.681,1.59988,1.60044,1.50,1.14
2011.12.16 08:30:48.286,1.59988,1.60049,1.50,1.14
2011.12.16 08:30:48.422,1.59996,1.60053,1.50,1.14
2011.12.16 08:30:48.611,1.59993,1.60049,1.50,1.14
2011.12.16 08:30:48.741,1.59993,1.60054,1.88,1.14
2011.12.16 08:30:48.939,1.59999,1.60054,1.50,1.14
2011.12.16 08:30:49.554,1.59998,1.60054,1.50,1.14
2011.12.16 08:30:50.802,1.59999,1.60054,1.50,1.14
2011.12.16 08:30:52.377,1.59998,1.60054,1.50,1.14
2011.12.16 08:30:52.692,1.59996,1.60049,1.50,1.13
2011.12.16 08:30:53.282,1.59988,1.60045,1.50,1.14
2011.12.16 08:30:55.199,1.59988,1.60044,1.50,1.51
2011.12.16 08:30:55.268,1.59988,1.60042,1.50,1.13
2011.12.16 08:30:55.339,1.59986,1.60039,1.50,1.14
2011.12.16 08:30:55.708,1.59986,1.60043,1.50,2.94
2011.12.16 08:30:56.323,1.59986,1.60039,1.50,1.14
2011.12.16 08:30:58.145,1.59986,1.60037,1.50,1.14
2011.12.16 08:30:59.287,1.59986,1.60036,1.50,1.14
2011.12.16 08:31:00.554,1.59986,1.60037,1.50,1.14
2011.12.16 08:31:01.658,1.59986,1.60038,1.50,1.14
2011.12.16 08:31:02.189,1.59986,1.60042,2.93,1.14
2011.12.16 08:31:09.200,1.59986,1.60042,2.93,1.14
2011.12.16 08:31:09.453,1.59987,1.60039,1.50,1.14
2011.12.16 08:31:09.671,1.59987,1.60039,1.50,1.14
2011.12.16 08:31:10.308,1.59987,1.60044,2.93,1.14
2011.12.16 08:31:10.375,1.59988,1.60043,1.50,1.43
2011.12.16 08:31:11.134,1.59987,1.60045,2.93,1.14
2011.12.16 08:31:12.353,1.59993,1.6005,1.09,1.14
2011.12.16 08:31:12.485,1.59993,1.60049,1.09,1.14
2011.12.16 08:31:12.555,1.59993,1.60039,1.84,1.43
2011.12.16 08:31:12.624,1.59991,1.60039,1.09,1.43
2011.12.16 08:31:12.751,1.59988,1.60044,1.50,1.14
2011.12.16 08:31:12.821,1.59988,1.60048,1.50,1.48
2011.12.16 08:31:13.130,1.59986,1.60044,1.50,1.14
2011.12.16 08:31:13.560,1.5999,1.60046,1.50,1.09
2011.12.16 08:31:13.629,1.5999,1.60049,1.50,1.48
2011.12.16 08:31:14.294,1.59991,1.60046,1.50,1.09
2011.12.16 08:31:16.430,1.59991,1.60046,1.50,1.77
2011.12.16 08:31:17.569,1.59991,1.60046,1.50,1.09
2011.12.16 08:31:18.720,1.59991,1.60052,1.50,1.81
2011.12.16 08:31:18.851,1.59995,1.60052,1.50,1.81
2011.12.16 08:31:19.612,1.59996,1.60053,2.93,1.14
2011.12.16 08:31:20.912,1.59996,1.60053,2.93,1.14
2011.12.16 08:31:21.438,1.59996,1.60055,2.93,1.81
2011.12.16 08:31:21.568,1.59996,1.60051,1.50,1.43
2011.12.16 08:31:21.642,1.59996,1.60047,1.50,1.43
2011.12.16 08:31:21.709,1.59996,1.60047,1.50,1.43
2011.12.16 08:31:22.240,1.59995,1.60046,1.50,1.43
2011.12.16 08:31:22.733,1.59995,1.60045,1.50,1.43
2011.12.16 08:31:23.269,1.60006,1.60058,1.50,1.14
2011.12.16 08:31:23.754,1.60001,1.60053,1.50,2.18
2011.12.16 08:31:24.238,1.59994,1.60048,1.12,1.13
2011.12.16 08:31:24.906,1.59987,1.60041,1.50,1.14
2011.12.16 08:31:25.148,1.59987,1.60044,1.50,1.14
2011.12.16 08:31:26.698,1.59985,1.60044,1.50,1.14
2011.12.16 08:31:28.194,1.59987,1.60043,1.13,1.14
2011.12.16 08:31:28.275,1.6,1.60058,1.50,1.14
2011.12.16 08:31:31.234,1.60001,1.60057,1.88,1.14
2011.12.16 08:31:34.312,1.60005,1.60063,2.93,1.14
2011.12.16 08:31:36.381,1.60006,1.60064,1.50,1.14
2011.12.16 08:31:36.825,1.60006,1.60062,1.50,1.14
2011.12.16 08:31:38.156,1.60006,1.60054,1.50,1.14
2011.12.16 08:31:38.697,1.60005,1.60063,3.30,1.14
2011.12.16 08:31:39.708,1.60005,1.60063,3.30,1.14
2011.12.16 08:31:40.281,1.60005,1.60063,3.30,1.14
2011.12.16 08:31:40.989,1.60006,1.60054,1.88,1.14
2011.12.16 08:31:41.301,1.60007,1.60064,1.50,2.52
2011.12.16 08:31:41.372,1.60013,1.60064,1.50,1.09
2011.12.16 08:31:41.500,1.60011,1.60064,1.50,1.09
2011.12.16 08:31:41.570,1.60008,1.60064,1.50,1.09
2011.12.16 08:31:43.637,1.60011,1.60068,1.13,1.14
2011.12.16 08:31:43.702,1.60012,1.6007,1.50,1.14
2011.12.16 08:31:44.219,1.60012,1.60069,1.50,1.14
2011.12.16 08:31:44.728,1.60016,1.60074,1.50,1.14
2011.12.16 08:31:45.432,1.60016,1.60074,1.50,1.14
2011.12.16 08:31:46.947,1.60016,1.6007,1.50,1.14
2011.12.16 08:31:47.721,1.60017,1.60069,1.88,1.14
2011.12.16 08:31:47.968,1.60017,1.60074,1.50,2.56
2011.12.16 08:31:48.038,1.60017,1.60072,1.50,1.14
2011.12.16 08:32:00.408,1.60016,1.60072,1.50,2.18
2011.12.16 08:32:00.739,1.60016,1.60074,2.55,2.56
2011.12.16 08:32:01.648,1.60016,1.60074,2.55,2.18
2011.12.16 08:32:02.720,1.60016,1.60061,2.18,1.13
2011.12.16 08:32:02.909,1.60001,1.60051,1.50,1.43
2011.12.16 08:32:03.508,1.60001,1.60051,1.50,2.18
2011.12.16 08:32:03.940,1.59992,1.60049,2.93,1.14
2011.12.16 08:32:04.071,1.59998,1.60051,1.50,1.09
2011.12.16 08:32:04.202,1.59997,1.60051,1.50,1.09
2011.12.16 08:32:04.805,1.59992,1.60047,1.50,1.14
2011.12.16 08:32:04.887,1.59991,1.60049,1.50,1.14
2011.12.16 08:32:07.813,1.59987,1.6004,1.50,1.14
2011.12.16 08:32:08.182,1.59992,1.60044,1.50,1.51
2011.12.16 08:32:08.761,1.59991,1.60039,1.50,1.14
2011.12.16 08:32:08.831,1.59991,1.60045,1.50,1.14
2011.12.16 08:32:09.991,1.59991,1.60048,1.50,1.48
2011.12.16 08:32:10.118,1.59992,1.60048,1.50,1.09
2011.12.16 08:32:10.983,1.59995,1.60054,1.50,1.48
2011.12.16 08:32:12.127,1.59995,1.60054,1.50,1.14
2011.12.16 08:32:12.249,1.59995,1.60056,1.50,2.56
2011.12.16 08:32:12.440,1.59995,1.60053,1.50,1.14
2011.12.16 08:32:13.019,1.59996,1.60053,1.50,1.14
2011.12.16 08:32:15.492,1.59991,1.60049,1.50,1.14
2011.12.16 08:32:16.078,1.59991,1.60048,1.50,1.14
2011.12.16 08:32:17.274,1.5999,1.60048,1.50,1.14
2011.12.16 08:32:17.461,1.5999,1.60045,1.50,1.13
2011.12.16 08:32:18.026,1.5999,1.60047,1.13,1.81
2011.12.16 08:32:18.428,1.59995,1.60053,1.50,1.14
2011.12.16 08:32:19.279,1.59995,1.60059,1.50,1.51
2011.12.16 08:32:19.412,1.59996,1.60053,1.50,1.14
2011.12.16 08:32:19.782,1.59995,1.60056,1.50,1.81
2011.12.16 08:32:21.091,1.59995,1.60061,1.50,1.89
2011.12.16 08:32:21.179,1.59995,1.60054,1.50,1.14
2011.12.16 08:32:21.492,1.59995,1.60053,1.50,1.14
2011.12.16 08:32:21.801,1.59997,1.60053,1.50,1.14
2011.12.16 08:32:22.512,1.59998,1.60054,2.18,1.14
2011.12.16 08:32:22.642,1.59998,1.60055,2.93,1.14
2011.12.16 08:32:27.522,1.60002,1.60057,1.09,1.81
2011.12.16 08:32:27.783,1.60006,1.60057,1.50,1.43
2011.12.16 08:32:27.855,1.60006,1.60064,2.93,2.23
2011.12.16 08:32:28.042,1.60006,1.60061,1.50,2.52
2011.12.16 08:32:28.785,1.60006,1.60057,2.18,1.13
2011.12.16 08:32:28.856,1.59996,1.60052,1.12,1.14
2011.12.16 08:32:29.042,1.59997,1.60053,1.50,1.14
2011.12.16 08:32:29.899,1.59997,1.60053,1.50,1.14
2011.12.16 08:32:30.534,1.59997,1.60053,1.50,1.14
2011.12.16 08:32:31.460,1.59997,1.60053,1.50,1.14
2011.12.16 08:32:34.598,1.59997,1.60053,1.50,1.14
2011.12.16 08:32:35.530,1.59997,1.60058,1.50,1.14
2011.12.16 08:32:36.269,1.6,1.60058,1.50,1.14
2011.12.16 08:32:38.428,1.60001,1.60058,1.50,1.14
2011.12.16 08:32:38.930,1.60001,1.60057,1.50,1.14
2011.12.16 08:32:40.224,1.60001,1.60057,1.50,1.14
2011.12.16 08:32:40.681,1.60001,1.60059,1.50,1.14
2011.12.16 08:32:42.427,1.6,1.60059,1.50,1.14
2011.12.16 08:32:44.453,1.60004,1.60058,2.18,1.14
2011.12.16 08:32:44.782,1.60002,1.60053,1.50,1.14
2011.12.16 08:32:45.449,1.60001,1.60053,1.50,1.14
2011.12.16 08:32:46.186,1.60002,1.60053,1.50,1.14
2011.12.16 08:32:46.262,1.60004,1.6006,1.13,1.14
2011.12.16 08:32:46.722,1.60008,1.60065,2.18,1.14
2011.12.16 08:32:47.039,1.60008,1.60066,2.93,1.14
2011.12.16 08:32:47.958,1.60013,1.60066,1.43,1.14
2011.12.16 08:32:48.224,1.6002,1.60069,2.18,1.48
2011.12.16 08:32:48.532,1.60022,1.60067,1.43,1.09
2011.12.16 08:32:48.931,1.60014,1.60067,1.50,1.09
2011.12.16 08:32:49.576,1.60021,1.60067,1.43,1.09
2011.12.16 08:32:51.187,1.60021,1.60073,2.18,1.14
2011.12.16 08:32:51.313,1.60025,1.60073,1.43,1.14
2011.12.16 08:32:51.927,1.60017,1.60065,1.50,1.09
2011.12.16 08:32:52.430,1.60014,1.60065,2.18,1.09
2011.12.16 08:32:52.619,1.6001,1.60065,1.50,1.48
2011.12.16 08:32:52.761,1.60007,1.60057,1.09,1.14
2011.12.16 08:32:52.828,1.60006,1.60057,2.52,1.14
2011.12.16 08:32:53.974,1.6,1.60058,3.67,1.14
2011.12.16 08:32:54.514,1.60006,1.60062,1.50,1.14
2011.12.16 08:32:54.587,1.60006,1.60062,1.50,1.14
2011.12.16 08:32:54.788,1.60006,1.60062,1.50,1.14
2011.12.16 08:32:57.018,1.60006,1.60063,2.93,1.14
2011.12.16 08:32:57.209,1.60011,1.60067,1.50,1.51
2011.12.16 08:33:03.203,1.60006,1.60057,1.43,1.13
2011.12.16 08:33:03.388,1.59996,1.60049,1.50,2.18
2011.12.16 08:33:03.461,1.59995,1.60043,1.50,1.09
2011.12.16 08:33:03.770,1.59998,1.60053,1.09,1.48
2011.12.16 08:33:03.840,1.59998,1.60053,1.09,1.09
2011.12.16 08:33:04.492,1.59998,1.60054,1.09,1.09
2011.12.16 08:33:05.563,1.59998,1.60053,1.09,1.09
2011.12.16 08:33:06.664,1.59998,1.60053,1.84,1.09
2011.12.16 08:33:11.171,1.60002,1.60054,1.09,1.14
2011.12.16 08:33:13.159,1.60005,1.60054,1.09,1.14
2011.12.16 08:33:13.482,1.60005,1.60058,1.09,1.81
2011.12.16 08:33:13.551,1.60005,1.60059,1.09,1.14
2011.12.16 08:33:13.682,1.60004,1.60059,1.50,3.35
2011.12.16 08:33:13.752,1.60001,1.60052,1.50,1.09
2011.12.16 08:33:13.822,1.59996,1.6005,1.50,1.14
2011.12.16 08:33:14.437,1.59996,1.60049,1.84,1.51
2011.12.16 08:33:14.563,1.59996,1.60049,1.84,1.51
2011.12.16 08:33:14.752,1.59996,1.60054,1.84,1.14
2011.12.16 08:33:15.378,1.59995,1.60054,1.50,1.14
2011.12.16 08:33:16.313,1.59996,1.60054,1.50,1.14
2011.12.16 08:33:16.870,1.59995,1.60054,1.50,1.14
2011.12.16 08:33:17.096,1.59995,1.60053,1.50,1.14
2011.12.16 08:33:17.404,1.59995,1.60053,1.50,1.14
2011.12.16 08:33:18.133,1.59994,1.60053,2.18,1.14
2011.12.16 08:33:18.210,1.59998,1.60054,1.50,1.14
2011.12.16 08:33:18.281,1.59996,1.60053,1.09,1.81
2011.12.16 08:33:18.933,1.59994,1.60053,1.50,2.15
2011.12.16 08:33:19.158,1.59993,1.6005,1.50,1.14
2011.12.16 08:33:22.099,1.6,1.60053,1.09,2.56
2011.12.16 08:33:22.348,1.6,1.60055,1.09,1.14
2011.12.16 08:33:22.477,1.60001,1.60056,1.50,1.81
2011.12.16 08:33:23.110,1.60004,1.60058,2.93,1.48
2011.12.16 08:33:25.163,1.60004,1.60062,2.18,2.15
2011.12.16 08:33:25.441,1.60004,1.60058,2.93,1.09
2011.12.16 08:33:25.570,1.60001,1.60058,1.50,1.48
2011.12.16 08:33:26.406,1.6,1.60055,1.09,1.14
2011.12.16 08:33:26.530,1.6,1.60058,1.09,1.48
2011.12.16 08:33:26.670,1.6,1.60055,1.09,1.14
2011.12.16 08:33:27.168,1.6,1.60058,1.84,1.48
2011.12.16 08:33:27.420,1.60003,1.60058,3.30,1.09
2011.12.16 08:33:27.620,1.60004,1.60059,2.18,1.09
2011.12.16 08:33:27.688,1.60006,1.60059,1.50,1.09
2011.12.16 08:33:28.442,1.60004,1.60058,1.50,1.09
2011.12.16 08:33:28.713,1.6,1.60054,1.50,1.14
2011.12.16 08:33:29.158,1.6,1.60058,1.50,1.14
2011.12.16 08:33:29.482,1.6,1.60054,1.50,1.14
2011.12.16 08:33:30.155,1.59999,1.60058,1.50,1.14
2011.12.16 08:33:30.493,1.60002,1.60062,1.50,1.81
2011.12.16 08:33:30.621,1.60003,1.60063,2.93,2.56
2011.12.16 08:33:30.932,1.60004,1.60059,1.50,1.14
2011.12.16 08:33:31.242,1.60004,1.60061,1.13,1.81
2011.12.16 08:33:31.314,1.60008,1.60064,2.93,1.14
2011.12.16 08:33:31.878,1.60016,1.60073,2.18,1.48
2011.12.16 08:33:31.954,1.60016,1.60073,2.93,1.48
2011.12.16 08:33:32.611,1.60017,1.60071,1.50,1.09
2011.12.16 08:33:33.769,1.60016,1.60073,2.93,1.48
2011.12.16 08:33:34.784,1.60016,1.60071,2.93,1.09
2011.12.16 08:33:34.931,1.60016,1.60074,2.93,1.14
2011.12.16 08:33:35.462,1.60017,1.60074,1.50,1.14
2011.12.16 08:33:35.842,1.60017,1.60072,1.50,1.14
2011.12.16 08:33:36.785,1.60017,1.60072,1.50,1.14
2011.12.16 08:33:37.100,1.60024,1.60074,2.18,1.14
2011.12.16 08:33:37.941,1.60016,1.60073,2.93,1.14
2011.12.16 08:33:38.660,1.60017,1.60073,1.50,1.14
2011.12.16 08:33:40.422,1.60017,1.60072,1.50,1.14
2011.12.16 08:33:44.413,1.60019,1.60079,1.50,1.14
2011.12.16 08:33:44.543,1.60014,1.60073,1.50,1.14
2011.12.16 08:33:44.854,1.60018,1.60083,1.13,1.48
2011.12.16 08:33:44.979,1.60023,1.60079,1.50,1.14
2011.12.16 08:33:45.739,1.60023,1.6008,1.09,1.14
2011.12.16 08:33:45.806,1.60023,1.60084,1.09,1.14
2011.12.16 08:33:46.369,1.60023,1.60085,1.09,1.14
2011.12.16 08:33:46.489,1.60023,1.60085,1.09,1.14
2011.12.16 08:33:46.801,1.60021,1.60088,1.50,1.14
2011.12.16 08:33:47.109,1.6002,1.60085,2.93,1.14
2011.12.16 08:33:48.975,1.6003,1.60093,1.50,1.14
2011.12.16 08:33:49.234,1.60032,1.60094,2.18,1.14
2011.12.16 08:33:49.783,1.60027,1.6009,1.50,2.18
2011.12.16 08:33:50.270,1.6002,1.60083,2.18,1.14
2011.12.16 08:33:50.480,1.60021,1.60083,2.18,1.14
2011.12.16 08:33:50.737,1.60023,1.60082,2.18,1.14
2011.12.16 08:33:50.863,1.60023,1.60083,2.18,1.14
2011.12.16 08:33:50.934,1.60023,1.60083,2.18,1.14
2011.12.16 08:33:51.568,1.60028,1.60083,1.50,2.52
2011.12.16 08:33:52.101,1.60028,1.60083,1.50,1.77
2011.12.16 08:33:53.458,1.60028,1.60091,1.50,1.14
2011.12.16 08:33:57.449,1.60024,1.60082,2.18,1.09
2011.12.16 08:33:58.920,1.60023,1.60078,1.50,1.43
2011.12.16 08:33:59.931,1.60023,1.60079,1.50,1.14
2011.12.16 08:34:02.487,1.60023,1.60079,1.50,1.14
2011.12.16 08:34:03.450,1.60022,1.60079,1.50,1.14
2011.12.16 08:34:06.347,1.60023,1.60079,1.50,1.14
2011.12.16 08:34:07.743,1.60022,1.60079,1.50,1.14
2011.12.16 08:34:22.821,1.60024,1.60079,1.50,1.14
2011.12.16 08:34:24.424,1.60024,1.60076,1.50,1.14
2011.12.16 08:34:24.571,1.60024,1.60078,1.50,1.14
2011.12.16 08:34:24.699,1.60024,1.60076,1.50,1.14
2011.12.16 08:34:25.463,1.60024,1.60078,1.50,1.14
2011.12.16 08:34:25.588,1.60026,1.60083,2.18,1.14
2011.12.16 08:34:25.719,1.60026,1.60083,2.18,1.14
2011.12.16 08:34:28.339,1.60031,1.60088,1.50,1.14
2011.12.16 08:34:29.300,1.6003,1.60088,1.87,1.14
2011.12.16 08:34:29.989,1.60031,1.60088,1.87,1.14
2011.12.16 08:34:30.329,1.6003,1.60088,1.87,1.14
2011.12.16 08:34:33.931,1.60031,1.60085,1.50,1.81
2011.12.16 08:34:34.227,1.60031,1.60084,1.50,1.14
2011.12.16 08:34:34.763,1.6003,1.60084,1.50,2.56
2011.12.16 08:34:35.602,1.6003,1.60084,1.50,1.81
2011.12.16 08:34:41.008,1.60027,1.60086,2.93,1.81
2011.12.16 08:34:41.459,1.60027,1.60083,2.93,1.51
2011.12.16 08:34:41.650,1.60027,1.60083,2.18,1.51
2011.12.16 08:34:41.953,1.60027,1.6008,1.50,1.81
2011.12.16 08:34:42.079,1.60029,1.6008,1.50,1.43
2011.12.16 08:34:42.152,1.60029,1.60087,2.93,1.81
2011.12.16 08:34:42.220,1.60029,1.60087,2.93,1.81
2011.12.16 08:34:42.290,1.60035,1.60093,2.18,2.56
2011.12.16 08:34:42.362,1.60043,1.60093,1.09,2.56
2011.12.16 08:34:42.432,1.60043,1.60093,1.09,1.81
2011.12.16 08:34:43.025,1.60041,1.60092,2.18,1.14
2011.12.16 08:34:43.148,1.60041,1.60098,2.93,1.48
2011.12.16 08:34:43.580,1.60041,1.60094,2.93,1.09
2011.12.16 08:34:43.968,1.60041,1.60099,2.93,1.14
2011.12.16 08:34:44.279,1.60041,1.60098,2.18,1.14
2011.12.16 08:34:45.950,1.60041,1.60099,2.93,1.14
2011.12.16 08:34:47.490,1.60041,1.60097,2.93,1.14
2011.12.16 08:34:48.129,1.60037,1.60093,1.50,1.14
2011.12.16 08:34:48.647,1.60036,1.60093,1.50,1.14
2011.12.16 08:34:49.410,1.60039,1.60092,2.18,1.51
2011.12.16 08:34:49.488,1.60041,1.60092,1.50,1.13
2011.12.16 08:34:49.609,1.60034,1.60089,1.50,1.14
2011.12.16 08:34:50.270,1.60035,1.60089,1.50,1.14
2011.12.16 08:34:50.600,1.60036,1.60098,1.50,1.51
2011.12.16 08:34:51.158,1.60035,1.60098,1.50,1.51
2011.12.16 08:34:51.903,1.60036,1.60093,1.50,1.14
2011.12.16 08:34:52.215,1.60035,1.60092,1.50,1.13
2011.12.16 08:34:52.521,1.60034,1.60088,1.50,1.14
2011.12.16 08:34:52.980,1.60035,1.60088,1.50,1.14
2011.12.16 08:34:53.172,1.60034,1.60088,1.50,1.14
2011.12.16 08:34:53.876,1.60024,1.60079,1.09,1.14
2011.12.16 08:34:54.359,1.60025,1.60083,1.50,1.51
2011.12.16 08:34:54.429,1.60024,1.60078,1.09,1.14
2011.12.16 08:34:55.034,1.60026,1.60084,1.50,1.51
2011.12.16 08:34:55.926,1.60025,1.60084,1.50,1.51
2011.12.16 08:34:57.259,1.60026,1.60083,1.50,2.19
2011.12.16 08:35:00.053,1.60025,1.60084,1.50,1.51
2011.12.16 08:35:00.879,1.60021,1.60079,1.50,1.14
2011.12.16 08:35:00.950,1.60021,1.60079,1.50,1.14
2011.12.16 08:35:01.762,1.60021,1.60084,1.50,1.51
2011.12.16 08:35:02.162,1.60021,1.60078,1.50,1.14
2011.12.16 08:35:03.498,1.60024,1.60078,2.18,1.14
2011.12.16 08:35:04.079,1.60025,1.60083,1.50,1.14
2011.12.16 08:35:06.380,1.60025,1.60083,1.50,1.14
2011.12.16 08:35:06.712,1.60025,1.60084,1.50,1.14
2011.12.16 08:35:07.961,1.60026,1.60083,2.18,1.14
2011.12.16 08:35:08.151,1.60026,1.60082,2.93,1.14
2011.12.16 08:35:08.709,1.60037,1.60084,1.43,1.14
2011.12.16 08:35:09.252,1.6003,1.60084,1.50,1.14
2011.12.16 08:35:09.992,1.60031,1.60088,2.18,1.14
2011.12.16 08:35:10.602,1.60039,1.60093,1.50,1.14
2011.12.16 08:35:12.000,1.60041,1.60096,2.52,1.14
2011.12.16 08:35:12.070,1.60042,1.60096,1.09,1.14
2011.12.16 08:35:12.747,1.60042,1.60099,1.09,1.14
2011.12.16 08:35:14.076,1.60042,1.60099,1.09,1.14
2011.12.16 08:35:14.199,1.60042,1.60096,2.52,1.14
2011.12.16 08:35:15.789,1.60042,1.60096,2.18,1.14
2011.12.16 08:35:16.112,1.60042,1.60096,2.18,1.14
2011.12.16 08:35:17.725,1.60042,1.60099,2.18,1.48
2011.12.16 08:35:17.923,1.60049,1.60095,1.43,1.14
2011.12.16 08:35:18.112,1.60047,1.60095,1.43,1.14
2011.12.16 08:35:18.182,1.60047,1.60095,1.43,1.14
2011.12.16 08:35:18.667,1.60047,1.60095,1.43,1.14
2011.12.16 08:35:18.734,1.60037,1.60095,1.12,1.14
2011.12.16 08:35:19.730,1.60036,1.60096,2.55,1.51
2011.12.16 08:35:19.918,1.60034,1.6009,1.43,1.14
2011.12.16 08:35:21.507,1.60037,1.60092,1.50,1.13
2011.12.16 08:35:21.691,1.60032,1.60088,1.09,1.14
2011.12.16 08:35:23.191,1.60032,1.60087,1.09,1.14
2011.12.16 08:35:25.772,1.60032,1.60087,1.09,1.14
2011.12.16 08:35:28.194,1.60032,1.60087,1.09,1.14
2011.12.16 08:35:28.988,1.60031,1.60087,1.50,1.48
2011.12.16 08:35:34.561,1.60031,1.60087,1.50,1.09
2011.12.16 08:35:34.691,1.60031,1.60087,1.50,1.09
2011.12.16 08:35:34.943,1.60034,1.60083,1.43,1.14
2011.12.16 08:35:35.477,1.60034,1.60087,2.93,1.09
2011.12.16 08:35:38.538,1.60034,1.60088,2.18,1.09
2011.12.16 08:35:38.932,1.60034,1.60094,2.93,2.90
2011.12.16 08:35:39.155,1.60044,1.60094,1.09,2.56
2011.12.16 08:35:39.282,1.60044,1.60098,1.09,1.14
2011.12.16 08:35:39.710,1.6005,1.60102,1.43,1.13
2011.12.16 08:35:39.778,1.60047,1.60101,1.50,2.18
2011.12.16 08:35:40.876,1.60044,1.60098,1.09,1.14
2011.12.16 08:35:46.002,1.60042,1.60099,2.18,1.14
2011.12.16 08:35:46.374,1.6004,1.601,1.50,1.81
2011.12.16 08:35:46.802,1.6004,1.60099,1.50,1.14
2011.12.16 08:35:47.622,1.60039,1.60099,1.50,1.14
2011.12.16 08:35:48.909,1.60038,1.60099,1.50,1.14
2011.12.16 08:35:49.044,1.60035,1.60098,1.09,2.19
2011.12.16 08:35:49.112,1.60035,1.6009,1.09,1.14
2011.12.16 08:35:50.914,1.60042,1.6009,1.13,1.14
2011.12.16 08:35:51.045,1.60043,1.60098,1.13,1.81
2011.12.16 08:35:51.235,1.60049,1.60104,1.50,1.14
2011.12.16 08:35:52.131,1.60048,1.60104,1.50,1.14
2011.12.16 08:35:52.423,1.60048,1.60102,1.50,1.14
2011.12.16 08:35:52.826,1.60048,1.60104,1.50,1.14
2011.12.16 08:35:53.848,1.60048,1.60102,1.50,1.14
2011.12.16 08:35:53.917,1.60047,1.60104,1.50,2.56
2011.12.16 08:35:54.219,1.60048,1.601,1.50,1.14
2011.12.16 08:35:56.252,1.60048,1.60103,1.50,1.14
2011.12.16 08:35:56.326,1.60049,1.60105,1.50,1.48
2011.12.16 08:35:56.392,1.60048,1.60105,1.50,1.09
2011.12.16 08:35:56.882,1.60049,1.60105,1.50,1.48
2011.12.16 08:35:57.371,1.60049,1.60108,1.50,1.48
2011.12.16 08:35:57.739,1.60054,1.60114,2.93,1.14
2011.12.16 08:35:57.931,1.60057,1.6011,1.50,1.14
2011.12.16 08:35:58.181,1.60054,1.60108,1.50,1.09
2011.12.16 08:35:58.726,1.60048,1.60108,1.50,1.48
2011.12.16 08:35:59.741,1.60049,1.60113,1.88,2.56
2011.12.16 08:35:59.811,1.60054,1.60113,2.93,1.14
2011.12.16 08:36:00.359,1.60054,1.60113,2.18,1.14
2011.12.16 08:36:00.913,1.60054,1.60114,2.18,1.51
2011.12.16 08:36:00.987,1.60066,1.60114,2.18,1.51
2011.12.16 08:36:01.186,1.60059,1.6011,2.18,1.14
2011.12.16 08:36:01.253,1.60052,1.60109,1.87,1.51
2011.12.16 08:36:01.381,1.60052,1.60109,1.50,1.51
2011.12.16 08:36:01.692,1.60043,1.60102,2.18,2.56
2011.12.16 08:36:02.451,1.60043,1.60099,2.18,1.51
2011.12.16 08:36:03.564,1.60039,1.60099,1.50,1.51
2011.12.16 08:36:03.853,1.60039,1.60094,1.50,1.14
2011.12.16 08:36:04.434,1.60039,1.60099,1.50,1.51
2011.12.16 08:36:04.784,1.60043,1.60103,1.50,1.14
2011.12.16 08:36:05.322,1.60044,1.60103,1.50,1.14
2011.12.16 08:36:08.052,1.60043,1.60103,1.50,1.14
2011.12.16 08:36:09.155,1.60044,1.60103,1.50,1.14
2011.12.16 08:36:09.919,1.60044,1.60109,1.50,2.94
2011.12.16 08:36:10.733,1.60043,1.60109,1.50,2.94
2011.12.16 08:36:10.953,1.60044,1.60103,1.50,1.14
2011.12.16 08:36:11.889,1.60045,1.60109,1.13,2.56
2011.12.16 08:36:11.966,1.60043,1.60104,1.50,1.14
2011.12.16 08:36:12.040,1.60052,1.60103,1.50,1.14
2011.12.16 08:36:15.631,1.60043,1.60104,1.50,1.14
2011.12.16 08:36:16.176,1.60044,1.60104,1.50,1.14
2011.12.16 08:36:21.191,1.60044,1.60099,1.50,1.43
2011.12.16 08:36:21.266,1.60043,1.60099,1.50,2.18
2011.12.16 08:36:21.393,1.60042,1.60099,2.18,1.14
2011.12.16 08:36:22.615,1.60047,1.60103,2.93,1.14
2011.12.16 08:36:22.684,1.60047,1.60102,2.93,1.14
2011.12.16 08:36:23.133,1.60047,1.60104,2.18,1.14
2011.12.16 08:36:23.470,1.60047,1.60103,1.43,1.14
2011.12.16 08:36:23.598,1.60041,1.6009,1.50,2.18
2011.12.16 08:36:23.729,1.60041,1.60098,1.50,1.14
2011.12.16 08:36:23.800,1.60042,1.60098,1.50,1.14
2011.12.16 08:36:24.932,1.60042,1.60097,1.50,1.14
2011.12.16 08:36:27.458,1.60042,1.60097,1.50,1.14
2011.12.16 08:36:34.513,1.60039,1.60094,1.50,1.14
2011.12.16 08:36:35.011,1.60039,1.60089,1.50,1.13
2011.12.16 08:36:35.332,1.60043,1.60098,2.18,1.14
2011.12.16 08:36:35.401,1.60043,1.60099,2.93,1.09
2011.12.16 08:36:35.474,1.60043,1.60099,2.18,1.09
2011.12.16 08:36:35.980,1.60043,1.60101,1.50,1.14
2011.12.16 08:36:36.943,1.6004,1.60094,2.18,1.09
2011.12.16 08:36:37.380,1.60038,1.60095,1.50,1.10
2011.12.16 08:36:37.628,1.60039,1.60095,3.30,1.10
2011.12.16 08:36:37.759,1.60039,1.60094,2.18,1.48
2011.12.16 08:36:38.283,1.60039,1.60094,1.50,1.48
2011.12.16 08:36:39.520,1.6004,1.60098,1.50,1.14
2011.12.16 08:36:39.651,1.60039,1.60094,1.50,1.14
2011.12.16 08:36:40.901,1.60039,1.60094,1.50,1.51
2011.12.16 08:36:40.970,1.60039,1.6009,1.50,1.13
2011.12.16 08:36:41.039,1.60039,1.60088,1.50,1.14
2011.12.16 08:36:42.713,1.60038,1.60088,1.50,1.14
2011.12.16 08:36:43.410,1.60038,1.60089,1.09,1.43
2011.12.16 08:36:43.485,1.60038,1.60094,1.09,1.14
2011.12.16 08:36:44.041,1.60037,1.60099,2.18,1.14
2011.12.16 08:36:44.112,1.6004,1.60099,1.50,1.14
2011.12.16 08:36:44.708,1.60041,1.60099,1.50,1.14
2011.12.16 08:36:45.707,1.6004,1.60099,1.50,1.14
2011.12.16 08:36:47.529,1.60041,1.60099,1.50,1.14
2011.12.16 08:36:49.097,1.6004,1.60099,1.50,1.14
2011.12.16 08:36:50.463,1.60041,1.60099,1.50,1.14
2011.12.16 08:36:50.665,1.60046,1.60099,1.50,1.81
2011.12.16 08:36:50.974,1.60046,1.60098,2.93,1.14
2011.12.16 08:36:51.101,1.60048,1.60104,1.50,1.13
2011.12.16 08:36:51.409,1.60046,1.60104,1.50,1.51
2011.12.16 08:36:52.336,1.60045,1.60104,1.50,1.51
2011.12.16 08:36:52.948,1.60046,1.60104,1.50,1.51
2011.12.16 08:36:53.731,1.60046,1.60099,1.50,1.14
2011.12.16 08:36:58.268,1.60041,1.60099,1.50,1.14
2011.12.16 08:37:01.960,1.60046,1.60096,1.50,1.13
2011.12.16 08:37:02.269,1.60042,1.60098,1.50,1.48
2011.12.16 08:37:03.340,1.60041,1.60098,1.50,1.48
2011.12.16 08:37:03.591,1.60046,1.60103,2.93,1.14
2011.12.16 08:37:03.721,1.60046,1.60102,2.93,1.13
2011.12.16 08:37:03.990,1.60043,1.60099,1.09,1.14
2011.12.16 08:37:04.557,1.60043,1.60099,1.09,1.14
2011.12.16 08:37:06.632,1.60041,1.60099,1.50,1.14
2011.12.16 08:37:10.439,1.60041,1.60097,1.50,1.14
2011.12.16 08:37:10.754,1.6004,1.60098,1.50,1.14
2011.12.16 08:37:12.468,1.60037,1.60098,2.18,1.51
2011.12.16 08:37:12.527,1.60037,1.60093,2.18,1.14
2011.12.16 08:37:13.961,1.60037,1.60093,2.93,1.14
2011.12.16 08:37:14.321,1.60041,1.60096,1.50,1.43
2011.12.16 08:37:14.708,1.6004,1.60098,1.50,1.14
2011.12.16 08:37:16.022,1.6004,1.60098,1.50,1.51
2011.12.16 08:37:16.091,1.6004,1.60093,1.50,1.14
2011.12.16 08:37:16.908,1.60039,1.60093,1.50,1.14
2011.12.16 08:37:17.508,1.6004,1.60093,1.50,1.14
2011.12.16 08:37:18.133,1.60039,1.60093,1.50,1.14
2011.12.16 08:37:18.861,1.60057,1.60104,1.09,1.81
2011.12.16 08:37:18.997,1.60059,1.60112,1.50,1.43
2011.12.16 08:37:19.124,1.60057,1.60112,1.09,1.81
2011.12.16 08:37:19.430,1.60063,1.60114,1.09,1.14
2011.12.16 08:37:19.560,1.60063,1.60114,1.09,1.14
2011.12.16 08:37:19.690,1.60063,1.60118,1.09,1.14
2011.12.16 08:37:19.880,1.60067,1.60123,2.93,1.14
2011.12.16 08:37:20.552,1.60063,1.60123,1.09,1.14
2011.12.16 08:37:20.624,1.60067,1.60123,2.93,1.14
2011.12.16 08:37:21.460,1.60067,1.60123,2.18,1.51
2011.12.16 08:37:21.893,1.60063,1.60118,1.09,1.14
2011.12.16 08:37:21.962,1.60063,1.60119,1.84,1.14
2011.12.16 08:37:22.768,1.60063,1.60118,1.84,1.14
2011.12.16 08:37:23.211,1.60063,1.60117,1.50,1.81
2011.12.16 08:37:23.280,1.60071,1.60117,1.50,1.43
2011.12.16 08:37:23.410,1.60071,1.60129,1.87,1.14
2011.12.16 08:37:23.480,1.60071,1.60129,1.87,1.14
2011.12.16 08:37:23.791,1.60071,1.60121,1.50,1.43
2011.12.16 08:37:23.859,1.60071,1.60129,1.87,1.14
2011.12.16 08:37:28.402,1.60071,1.60124,1.50,1.51
2011.12.16 08:37:28.471,1.60067,1.60123,2.18,1.13
2011.12.16 08:37:30.682,1.60062,1.60116,1.13,1.13
2011.12.16 08:37:30.749,1.60056,1.60111,1.50,1.14
2011.12.16 08:37:30.881,1.6006,1.60113,1.50,1.14
2011.12.16 08:37:32.960,1.60057,1.60111,1.50,1.14
2011.12.16 08:37:33.474,1.60057,1.6011,1.50,1.14
2011.12.16 08:37:34.578,1.60055,1.60111,1.50,1.14
2011.12.16 08:37:35.924,1.60056,1.60114,1.50,1.14
2011.12.16 08:37:36.192,1.60056,1.6011,1.50,1.14
2011.12.16 08:37:36.632,1.60056,1.60113,1.50,1.14
2011.12.16 08:37:37.189,1.60055,1.60113,1.50,1.14
2011.12.16 08:37:38.090,1.60056,1.60113,1.50,1.14
2011.12.16 08:37:38.723,1.60058,1.60122,1.13,1.81
2011.12.16 08:37:39.535,1.60058,1.60114,1.50,1.14
2011.12.16 08:37:39.990,1.6006,1.60119,1.50,1.14
2011.12.16 08:37:40.192,1.60059,1.60119,1.50,1.14
2011.12.16 08:37:40.750,1.6006,1.60119,1.50,1.14
2011.12.16 08:37:41.383,1.60059,1.60119,1.50,1.14
2011.12.16 08:37:41.965,1.6006,1.60119,1.50,1.14
2011.12.16 08:37:46.032,1.60059,1.60119,2.62,1.14
2011.12.16 08:37:47.929,1.6006,1.60119,1.87,1.14
2011.12.16 08:37:53.762,1.6006,1.60123,1.87,1.51
2011.12.16 08:37:54.270,1.60059,1.60123,1.87,1.51
2011.12.16 08:37:54.580,1.60067,1.60128,2.18,2.19
2011.12.16 08:37:54.651,1.60067,1.60128,2.93,2.19
2011.12.16 08:37:54.751,1.60067,1.60123,2.93,1.14
2011.12.16 08:37:56.198,1.60067,1.60123,2.93,1.14
2011.12.16 08:37:56.533,1.60071,1.60126,1.50,1.13
2011.12.16 08:37:56.727,1.60071,1.60123,1.50,1.50
2011.12.16 08:37:56.975,1.60056,1.60114,1.50,1.14
2011.12.16 08:37:57.524,1.60057,1.60103,1.50,1.13
2011.12.16 08:37:57.779,1.60044,1.60099,1.50,1.14
2011.12.16 08:37:57.940,1.60044,1.60103,1.50,1.51
2011.12.16 08:37:58.478,1.60045,1.60103,1.50,1.51
2011.12.16 08:37:59.450,1.60045,1.60105,1.50,2.19
2011.12.16 08:38:00.349,1.60044,1.60105,1.50,2.19
2011.12.16 08:38:01.239,1.60045,1.60105,1.50,2.19
2011.12.16 08:38:03.683,1.60044,1.60104,1.50,1.51
2011.12.16 08:38:04.634,1.60046,1.60104,1.50,1.51
2011.12.16 08:38:04.700,1.60046,1.60105,1.50,2.19
2011.12.16 08:38:04.895,1.60045,1.60104,1.50,1.51
2011.12.16 08:38:07.054,1.60045,1.60105,1.50,2.19
2011.12.16 08:38:07.181,1.60045,1.60103,1.50,1.51
2011.12.16 08:38:07.990,1.60046,1.60112,1.50,2.19
2011.12.16 08:38:08.068,1.60046,1.60106,1.50,2.19
2011.12.16 08:38:08.368,1.60046,1.60106,1.50,2.19
2011.12.16 08:38:08.873,1.60045,1.60106,1.50,2.19
2011.12.16 08:38:09.122,1.60061,1.60115,2.18,1.14
2011.12.16 08:38:09.369,1.60067,1.60119,1.50,1.81
2011.12.16 08:38:11.952,1.60068,1.6012,1.50,1.81
2011.12.16 08:38:12.080,1.60068,1.6012,1.50,1.81
2011.12.16 08:38:12.302,1.60068,1.6012,1.50,1.81
2011.12.16 08:38:12.968,1.60068,1.6012,1.50,1.81
2011.12.16 08:38:13.056,1.60068,1.6012,1.50,1.81
2011.12.16 08:38:13.126,1.60068,1.60127,2.93,2.19
2011.12.16 08:38:13.250,1.60068,1.60127,2.18,1.81
2011.12.16 08:38:14.750,1.60071,1.60127,1.50,1.81
2011.12.16 08:38:14.883,1.60071,1.60127,1.50,1.81
2011.12.16 08:38:15.650,1.60071,1.60124,1.50,1.14
2011.12.16 08:38:15.877,1.60071,1.60124,1.50,1.51
2011.12.16 08:38:16.182,1.60061,1.6012,1.50,1.81
2011.12.16 08:38:16.492,1.6006,1.60112,1.50,1.81
2011.12.16 08:38:16.623,1.6006,1.60118,1.50,1.14
2011.12.16 08:38:16.755,1.6006,1.6012,1.50,1.81
2011.12.16 08:38:16.824,1.60064,1.6012,1.50,1.43
2011.12.16 08:38:17.398,1.6007,1.60129,2.93,1.48
2011.12.16 08:38:17.642,1.6007,1.60124,2.18,1.48
2011.12.16 08:38:17.891,1.6007,1.60124,1.13,1.48
2011.12.16 08:38:18.200,1.60075,1.60129,1.50,1.47
2011.12.16 08:38:18.273,1.60075,1.60123,1.50,1.09
2011.12.16 08:38:18.340,1.60069,1.60123,1.50,1.48
2011.12.16 08:38:18.472,1.60067,1.60118,1.50,1.13
2011.12.16 08:38:18.661,1.60069,1.60116,1.50,1.10
2011.12.16 08:38:19.254,1.6006,1.60114,1.50,1.51
2011.12.16 08:38:19.730,1.60059,1.60118,1.50,1.81
2011.12.16 08:38:20.468,1.6006,1.60118,1.50,1.81
2011.12.16 08:38:21.652,1.60059,1.60118,1.50,1.81
2011.12.16 08:38:22.051,1.60059,1.60114,1.50,1.14
2011.12.16 08:38:22.680,1.6006,1.60114,1.50,1.14
2011.12.16 08:38:24.388,1.60059,1.60114,1.50,1.14
2011.12.16 08:38:25.021,1.60064,1.60114,1.50,1.14
2011.12.16 08:38:25.153,1.60063,1.60118,1.50,1.81
2011.12.16 08:38:25.405,1.60069,1.60114,1.43,1.14
2011.12.16 08:38:25.892,1.60069,1.60114,2.18,1.13
2011.12.16 08:38:26.038,1.60064,1.60108,1.12,1.13
2011.12.16 08:38:26.108,1.60058,1.60108,1.50,1.51
2011.12.16 08:38:26.530,1.60054,1.60108,1.50,1.14
2011.12.16 08:38:26.748,1.60054,1.60108,1.50,1.51
2011.12.16 08:38:27.250,1.60056,1.60111,1.50,2.18
2011.12.16 08:38:27.322,1.60058,1.60114,2.18,1.14
2011.12.16 08:38:27.630,1.60063,1.60118,1.50,1.50
2011.12.16 08:38:28.155,1.60064,1.60122,1.50,1.81
2011.12.16 08:38:28.483,1.60064,1.60121,1.88,1.81
2011.12.16 08:38:28.836,1.60081,1.60131,2.18,1.14
2011.12.16 08:38:28.903,1.60081,1.60124,2.18,1.09
2011.12.16 08:38:28.976,1.60079,1.60119,1.43,1.13
2011.12.16 08:38:29.182,1.60072,1.60119,1.50,1.13
2011.12.16 08:38:29.723,1.60064,1.60118,2.25,1.14
2011.12.16 08:38:29.840,1.60064,1.60114,1.50,1.14
2011.12.16 08:38:30.211,1.60063,1.60122,1.50,1.81
2011.12.16 08:38:30.403,1.60063,1.60122,2.93,1.81
2011.12.16 08:38:30.594,1.60064,1.60128,1.50,1.51
2011.12.16 08:38:30.903,1.60072,1.60128,1.50,1.14
2011.12.16 08:38:31.497,1.60072,1.60133,1.50,1.14
2011.12.16 08:38:31.622,1.60077,1.60134,2.18,1.14
2011.12.16 08:38:33.171,1.60077,1.60133,2.93,1.14
2011.12.16 08:38:33.269,1.60077,1.60129,2.18,1.14
2011.12.16 08:38:33.400,1.60069,1.60123,1.50,2.94
2011.12.16 08:38:34.121,1.60064,1.60118,1.50,1.14
2011.12.16 08:38:34.193,1.60064,1.60116,1.50,1.43
2011.12.16 08:38:34.262,1.60063,1.60119,2.93,1.14
2011.12.16 08:38:34.332,1.60063,1.60122,2.93,1.81
2011.12.16 08:38:34.399,1.60064,1.60122,1.50,1.81
2011.12.16 08:38:34.997,1.60064,1.60123,1.50,2.19
2011.12.16 08:38:35.958,1.60064,1.60123,1.50,2.56
2011.12.16 08:38:36.151,1.60071,1.60124,1.13,1.14
2011.12.16 08:38:36.283,1.60077,1.60133,1.50,1.14
2011.12.16 08:38:36.590,1.60076,1.60138,1.50,1.48
2011.12.16 08:38:37.149,1.60077,1.60138,1.50,1.14
2011.12.16 08:38:37.717,1.60076,1.60138,1.50,1.14
2011.12.16 08:38:38.218,1.60077,1.60138,2.93,1.14
2011.12.16 08:38:39.498,1.60077,1.60142,2.93,1.81
2011.12.16 08:38:39.619,1.60084,1.60142,2.18,1.81
2011.12.16 08:38:39.689,1.60085,1.60149,2.18,1.51
2011.12.16 08:38:39.817,1.60087,1.60149,1.50,1.51
2011.12.16 08:38:40.791,1.60088,1.60149,1.50,1.51
2011.12.16 08:38:41.320,1.60087,1.60149,1.50,1.51
2011.12.16 08:38:41.713,1.60088,1.60144,1.13,1.14
2011.12.16 08:38:42.232,1.60092,1.60146,1.50,1.81
2011.12.16 08:38:42.360,1.60094,1.60153,2.18,2.15
2011.12.16 08:38:43.300,1.60094,1.60154,2.18,2.94
2011.12.16 08:38:44.962,1.60094,1.60154,2.18,2.19
2011.12.16 08:38:45.650,1.60101,1.60158,2.18,1.14
2011.12.16 08:38:46.079,1.60097,1.60154,1.50,1.81
2011.12.16 08:38:46.212,1.60097,1.60154,1.50,2.56
2011.12.16 08:38:47.727,1.6011,1.60154,1.09,1.81
2011.12.16 08:38:47.852,1.6011,1.60167,1.09,1.81
2011.12.16 08:38:47.980,1.60114,1.60173,2.18,2.15
2011.12.16 08:38:48.051,1.60114,1.60171,2.18,1.14
2011.12.16 08:38:48.123,1.6011,1.60166,2.93,2.18
2011.12.16 08:38:48.430,1.60111,1.60158,1.50,1.14
2011.12.16 08:38:48.581,1.60111,1.60163,1.50,1.81
2011.12.16 08:38:48.953,1.6011,1.60163,1.50,1.81
2011.12.16 08:38:49.021,1.60111,1.60163,1.87,1.43
2011.12.16 08:38:49.091,1.60112,1.60169,2.18,1.14
2011.12.16 08:38:49.282,1.60112,1.60171,2.18,1.81
2011.12.16 08:38:49.859,1.60119,1.60173,2.18,1.14
2011.12.16 08:38:50.507,1.60119,1.60174,2.18,1.14
2011.12.16 08:38:50.571,1.60119,1.60174,2.93,1.14
2011.12.16 08:38:50.638,1.60119,1.60178,2.93,1.48
2011.12.16 08:38:51.232,1.60119,1.60178,2.18,1.48
2011.12.16 08:38:51.897,1.60119,1.60173,2.18,1.14
2011.12.16 08:38:52.232,1.60119,1.60173,1.43,1.14
2011.12.16 08:38:52.482,1.60111,1.60159,1.50,1.14
2011.12.16 08:38:52.918,1.60107,1.60159,1.50,1.13
2011.12.16 08:38:53.053,1.60102,1.60154,1.50,1.14
2011.12.16 08:38:54.460,1.60108,1.60163,2.25,1.81
2011.12.16 08:38:54.773,1.60109,1.60167,2.18,1.81
2011.12.16 08:38:54.903,1.60114,1.60174,1.50,2.56
2011.12.16 08:38:55.229,1.60113,1.6017,2.93,1.14
2011.12.16 08:38:55.452,1.60113,1.6017,2.93,1.14
2011.12.16 08:38:55.945,1.60113,1.6017,2.93,1.14
2011.12.16 08:38:58.303,1.60113,1.6017,2.93,1.14
2011.12.16 08:38:59.056,1.60114,1.6017,2.18,1.51
2011.12.16 08:38:59.127,1.60113,1.6017,1.50,2.94
2011.12.16 08:38:59.196,1.60113,1.60161,1.50,1.43
2011.12.16 08:38:59.563,1.6011,1.60165,2.18,1.14
2011.12.16 08:38:59.676,1.6011,1.60165,2.18,1.14
2011.12.16 08:38:59.925,1.6011,1.60165,2.18,1.14
2011.12.16 08:38:59.992,1.60109,1.6016,1.50,1.43
2011.12.16 08:39:00.682,1.6011,1.6016,1.50,1.43
2011.12.16 08:39:00.951,1.60125,1.60174,2.18,1.14
2011.12.16 08:39:01.081,1.60125,1.60179,2.18,1.14
2011.12.16 08:39:01.462,1.60125,1.60181,2.18,1.14
2011.12.16 08:39:01.711,1.60124,1.6018,2.93,1.14
2011.12.16 08:39:02.249,1.60125,1.60179,2.18,1.14
2011.12.16 08:39:02.852,1.60125,1.60179,2.18,1.14
2011.12.16 08:39:03.205,1.60123,1.60179,2.93,1.14
2011.12.16 08:39:04.710,1.60125,1.60181,2.18,1.14
2011.12.16 08:39:07.330,1.60125,1.60178,2.18,1.14
2011.12.16 08:39:07.481,1.60125,1.60174,1.43,1.14
2011.12.16 08:39:07.553,1.60117,1.60172,2.18,1.14
2011.12.16 08:39:07.802,1.60115,1.60166,1.50,2.18
2011.12.16 08:39:08.120,1.60111,1.60166,1.50,1.81
2011.12.16 08:39:08.193,1.60111,1.60165,1.50,1.14
2011.12.16 08:39:12.661,1.60111,1.60165,1.50,1.81
2011.12.16 08:39:12.924,1.60111,1.60165,1.50,2.56
2011.12.16 08:39:14.830,1.60111,1.60165,1.50,1.81
2011.12.16 08:39:14.960,1.6011,1.60165,2.18,2.56
2011.12.16 08:39:17.714,1.6011,1.60164,2.18,1.84
2011.12.16 08:39:17.783,1.6011,1.60154,1.43,1.13
2011.12.16 08:39:17.912,1.601,1.60149,1.50,2.56
2011.12.16 08:39:22.500,1.60097,1.60149,1.50,1.43
2011.12.16 08:39:22.571,1.60099,1.60155,2.18,2.56
2011.12.16 08:39:22.740,1.60099,1.60154,2.18,1.14
2011.12.16 08:39:28.025,1.60096,1.60149,1.09,1.43
2011.12.16 08:39:28.693,1.60096,1.60149,1.09,1.81
2011.12.16 08:39:28.767,1.60101,1.60155,2.18,1.14
2011.12.16 08:39:29.053,1.60099,1.60147,1.50,1.43
2011.12.16 08:39:29.121,1.601,1.60147,1.50,1.43
2011.12.16 08:39:29.190,1.601,1.60147,1.50,1.43
2011.12.16 08:39:29.262,1.601,1.60155,1.50,1.14
2011.12.16 08:39:29.700,1.60099,1.60148,1.50,1.43
2011.12.16 08:39:31.886,1.60094,1.6015,1.84,1.81
2011.12.16 08:39:32.069,1.601,1.6015,1.50,1.43
2011.12.16 08:39:32.139,1.60101,1.60158,2.18,2.19
2011.12.16 08:39:32.710,1.60101,1.60153,2.18,1.14
2011.12.16 08:39:32.777,1.60097,1.60155,1.50,1.14
2011.12.16 08:39:33.901,1.60093,1.6015,3.27,2.56
2011.12.16 08:39:34.214,1.60093,1.60134,1.09,1.43
2011.12.16 08:39:35.432,1.60093,1.60148,2.52,1.48
2011.12.16 08:39:35.576,1.60093,1.60144,2.93,1.50
2011.12.16 08:39:35.644,1.60093,1.60143,2.18,1.14
2011.12.16 08:39:37.515,1.60092,1.60134,1.50,1.43
2011.12.16 08:39:37.580,1.60094,1.60148,2.18,1.50
2011.12.16 08:39:37.949,1.60098,1.60152,1.50,1.81
2011.12.16 08:39:38.024,1.60098,1.60149,1.50,1.14
2011.12.16 08:39:39.519,1.60093,1.6015,2.93,1.81
2011.12.16 08:39:40.362,1.60098,1.60151,1.09,1.81
2011.12.16 08:39:45.682,1.60098,1.60155,1.09,1.14
2011.12.16 08:39:46.862,1.60098,1.60156,1.09,1.81
2011.12.16 08:39:47.170,1.60103,1.60154,1.50,1.14
2011.12.16 08:39:52.434,1.60098,1.60152,1.84,1.43
2011.12.16 08:39:53.096,1.60098,1.6015,1.09,1.43
2011.12.16 08:39:53.421,1.60098,1.60152,1.09,1.43
2011.12.16 08:39:53.536,1.60098,1.6015,1.09,1.43
2011.12.16 08:39:53.753,1.60098,1.60153,1.09,2.18
2011.12.16 08:39:53.966,1.60098,1.60151,1.09,1.43
2011.12.16 08:39:54.514,1.60098,1.60153,1.84,2.18
2011.12.16 08:39:58.825,1.60098,1.60153,1.09,2.18
2011.12.16 08:39:59.411,1.60098,1.60148,1.09,1.43
2011.12.16 08:40:00.649,1.60098,1.6015,1.09,2.18
2011.12.16 08:40:07.622,1.60098,1.60151,1.84,1.43
2011.12.16 08:40:07.813,1.60105,1.60159,1.50,1.14
2011.12.16 08:40:07.881,1.60105,1.60158,1.50,1.14
2011.12.16 08:40:09.951,1.60106,1.60159,1.50,2.56
2011.12.16 08:40:10.393,1.60106,1.60159,1.50,2.90
2011.12.16 08:40:10.462,1.60106,1.60155,1.50,1.09
2011.12.16 08:40:10.709,1.60102,1.60155,2.93,1.09
2011.12.16 08:40:10.779,1.60102,1.60154,2.18,1.14
2011.12.16 08:40:11.144,1.60098,1.60146,1.09,1.43
2011.12.16 08:40:14.011,1.60101,1.60154,1.13,1.14
2011.12.16 08:40:14.143,1.60106,1.60152,1.50,1.43
2011.12.16 08:40:14.453,1.60106,1.60153,1.50,1.43
2011.12.16 08:40:15.130,1.60102,1.60144,1.50,1.43
2011.12.16 08:40:15.205,1.60095,1.60144,1.50,2.18
2011.12.16 08:40:15.389,1.60087,1.60143,1.50,1.81
2011.12.16 08:40:15.695,1.60084,1.60134,1.50,1.81
2011.12.16 08:40:15.942,1.6008,1.60136,1.50,1.51
2011.12.16 08:40:16.130,1.60078,1.60133,1.50,2.56
2011.12.16 08:40:17.473,1.60082,1.60133,1.09,1.81
2011.12.16 08:40:17.781,1.60082,1.60138,1.09,1.14
2011.12.16 08:40:17.975,1.60085,1.60137,1.50,1.43
2011.12.16 08:40:18.264,1.60082,1.60137,1.09,2.19
2011.12.16 08:40:18.332,1.60082,1.60133,1.09,1.14
2011.12.16 08:40:18.883,1.60087,1.60138,2.18,1.14
2011.12.16 08:40:18.956,1.60087,1.6014,2.93,1.09
2011.12.16 08:40:19.083,1.60088,1.60144,1.50,1.48
2011.12.16 08:40:19.214,1.60088,1.6014,1.50,1.09
2011.12.16 08:40:19.577,1.60082,1.60137,1.09,1.81
2011.12.16 08:40:19.880,1.60088,1.6014,1.50,1.09
2011.12.16 08:40:20.977,1.60087,1.6014,1.50,1.09
2011.12.16 08:40:24.094,1.60088,1.60141,1.50,1.14
2011.12.16 08:40:25.893,1.60087,1.60141,2.93,1.14
2011.12.16 08:40:26.522,1.60087,1.60137,2.18,1.14
2011.12.16 08:40:27.001,1.6008,1.60131,2.21,1.43
2011.12.16 08:40:27.372,1.6008,1.60135,3.63,2.18
2011.12.16 08:40:27.439,1.6008,1.60127,1.46,2.18
2011.12.16 08:40:28.147,1.60076,1.60128,2.93,1.14
2011.12.16 08:40:28.217,1.60076,1.60129,2.18,1.09
2011.12.16 08:40:28.459,1.60076,1.60129,2.18,1.09
2011.12.16 08:40:28.653,1.60076,1.60127,1.50,1.81
2011.12.16 08:40:28.841,1.60076,1.60129,2.93,1.09
2011.12.16 08:40:28.972,1.60082,1.60131,1.09,1.81
2011.12.16 08:40:29.103,1.60082,1.60135,1.09,2.18
2011.12.16 08:40:29.289,1.60082,1.60135,1.09,2.18
2011.12.16 08:40:29.600,1.60082,1.60135,1.09,2.18
2011.12.16 08:40:31.130,1.60085,1.60139,2.18,2.90
2011.12.16 08:40:31.640,1.60086,1.60139,2.18,1.48
2011.12.16 08:40:32.728,1.60086,1.60142,2.18,2.15
2011.12.16 08:40:33.313,1.60098,1.60153,2.18,2.23
2011.12.16 08:40:33.858,1.601,1.60153,1.50,2.23
2011.12.16 08:40:34.650,1.60101,1.60153,1.50,2.23
2011.12.16 08:40:35.524,1.60101,1.60153,1.50,1.84
2011.12.16 08:40:37.001,1.60101,1.60155,1.50,2.18
2011.12.16 08:40:43.964,1.601,1.60148,1.50,1.43
2011.12.16 08:40:44.090,1.60099,1.60152,1.09,1.81
2011.12.16 08:40:44.338,1.60099,1.6015,1.09,2.18
2011.12.16 08:40:44.700,1.60096,1.6015,1.84,2.56
2011.12.16 08:40:44.770,1.60096,1.60146,1.50,1.14
2011.12.16 08:40:46.164,1.60096,1.60144,1.50,1.43
2011.12.16 08:40:46.385,1.60096,1.60144,1.50,2.18
2011.12.16 08:40:46.513,1.60095,1.60144,1.50,1.43
2011.12.16 08:40:46.823,1.60096,1.60142,1.50,1.77
2011.12.16 08:40:47.133,1.60102,1.60157,1.09,1.81
2011.12.16 08:40:47.206,1.60102,1.60157,1.09,1.81
2011.12.16 08:40:47.271,1.60102,1.60157,1.09,1.81
2011.12.16 08:40:48.066,1.60103,1.60159,1.50,1.14
2011.12.16 08:40:48.599,1.60102,1.60158,1.84,1.81
2011.12.16 08:40:49.121,1.60103,1.60157,1.50,1.81
2011.12.16 08:40:51.641,1.60104,1.60159,1.09,1.14
2011.12.16 08:40:52.955,1.60111,1.60168,1.50,1.14
2011.12.16 08:40:53.210,1.60116,1.60164,1.09,1.14
2011.12.16 08:40:53.519,1.60117,1.60169,1.09,2.56
2011.12.16 08:40:53.730,1.60116,1.60164,1.09,1.14
2011.12.16 08:40:54.613,1.60116,1.60164,1.09,1.14
2011.12.16 08:40:55.132,1.60116,1.60164,1.09,1.14
2011.12.16 08:40:57.821,1.60116,1.60164,1.09,1.14
2011.12.16 08:40:57.897,1.60116,1.60164,1.09,1.14
2011.12.16 08:40:58.025,1.60112,1.60162,1.09,1.14
2011.12.16 08:40:58.214,1.60111,1.60162,1.50,1.14
2011.12.16 08:40:58.403,1.60112,1.60168,1.50,2.52
2011.12.16 08:40:58.471,1.60116,1.60168,1.50,1.09
2011.12.16 08:41:02.228,1.60113,1.60169,1.09,2.18
2011.12.16 08:41:02.737,1.60113,1.60169,1.09,2.18
2011.12.16 08:41:03.445,1.60112,1.60164,1.50,2.18
2011.12.16 08:41:03.710,1.60106,1.6016,1.50,1.13
2011.12.16 08:41:06.561,1.601,1.60154,1.50,1.14
2011.12.16 08:41:07.001,1.601,1.60154,1.50,1.14
2011.12.16 08:41:10.909,1.60098,1.60154,1.12,1.14
2011.12.16 08:41:11.425,1.60096,1.60149,1.50,2.18
2011.12.16 08:41:11.672,1.601,1.60154,1.50,1.14
2011.12.16 08:41:12.441,1.60102,1.6016,1.50,1.14
2011.12.16 08:41:14.743,1.60107,1.6016,1.50,1.14
2011.12.16 08:41:15.348,1.60107,1.60158,1.50,1.14
2011.12.16 08:41:15.428,1.60114,1.60169,1.50,1.14
2011.12.16 08:41:15.740,1.60113,1.6017,1.50,1.51
2011.12.16 08:41:16.391,1.60108,1.60164,1.87,1.14
2011.12.16 08:41:17.512,1.60107,1.60165,1.87,1.14
2011.12.16 08:41:17.838,1.60113,1.6017,1.50,1.14
2011.12.16 08:41:17.959,1.60113,1.6017,1.50,1.51
2011.12.16 08:41:18.151,1.60107,1.60168,2.25,1.14
2011.12.16 08:41:18.356,1.60113,1.6017,1.50,1.14
2011.12.16 08:41:20.461,1.60113,1.6017,1.50,1.14
2011.12.16 08:41:25.383,1.60114,1.60163,1.50,1.13
2011.12.16 08:41:25.690,1.60099,1.60155,1.84,2.56
2011.12.16 08:41:25.759,1.60106,1.60155,1.50,1.43
2011.12.16 08:41:25.829,1.60106,1.60157,1.50,1.14
2011.12.16 08:41:27.902,1.60098,1.60148,1.50,1.84
2011.12.16 08:41:27.973,1.60098,1.60144,1.50,1.09
2011.12.16 08:41:28.164,1.60092,1.6014,1.13,1.43
2011.12.16 08:41:28.292,1.60101,1.60149,1.09,1.14
2011.12.16 08:41:29.479,1.60103,1.60154,1.09,1.14
2011.12.16 08:41:29.882,1.60102,1.60148,1.09,1.14
2011.12.16 08:41:30.210,1.60103,1.60154,1.09,2.56
2011.12.16 08:41:30.825,1.60098,1.60154,1.50,1.14
2011.12.16 08:41:30.950,1.60101,1.60155,1.13,1.81
2011.12.16 08:41:31.139,1.60105,1.60158,2.25,1.14
2011.12.16 08:41:31.271,1.60105,1.60163,2.25,2.56
2011.12.16 08:41:31.489,1.60105,1.60158,2.25,1.14
2011.12.16 08:41:32.055,1.60106,1.60163,1.50,1.81
2011.12.16 08:41:32.243,1.60115,1.60163,1.09,1.43
2011.12.16 08:41:32.370,1.60115,1.60169,1.09,1.14
2011.12.16 08:41:32.440,1.60115,1.60169,1.09,1.14
2011.12.16 08:41:34.192,1.60116,1.60169,1.50,1.14
2011.12.16 08:41:34.874,1.60115,1.60165,1.50,1.14
2011.12.16 08:41:35.201,1.60115,1.60166,1.50,1.43
2011.12.16 08:41:35.618,1.60116,1.60167,1.50,1.14
2011.12.16 08:41:35.683,1.60116,1.60169,1.50,2.56
2011.12.16 08:41:36.941,1.60115,1.60168,1.50,1.81
2011.12.16 08:41:37.229,1.60118,1.60176,1.50,2.56
2011.12.16 08:41:37.950,1.60119,1.60175,1.50,1.14
2011.12.16 08:41:39.704,1.60117,1.60172,2.93,1.13
2011.12.16 08:41:40.250,1.60116,1.60167,1.50,1.14
2011.12.16 08:41:41.849,1.60115,1.60173,1.87,1.48
2011.12.16 08:41:41.980,1.60115,1.60174,2.25,1.48
2011.12.16 08:41:42.420,1.6012,1.60178,1.50,2.56
2011.12.16 08:41:44.637,1.60125,1.60177,1.84,1.14
2011.12.16 08:41:44.765,1.60126,1.60177,1.09,1.14
2011.12.16 08:41:44.835,1.60121,1.60176,2.52,1.14
2011.12.16 08:41:44.905,1.60122,1.60176,2.18,1.14
2011.12.16 08:41:45.284,1.60117,1.60165,3.07,1.09
2011.12.16 08:41:45.356,1.60115,1.60165,1.13,1.09
2011.12.16 08:41:45.422,1.60113,1.60165,1.05,1.09
2011.12.16 08:41:45.925,1.60109,1.60149,2.18,1.13
2011.12.16 08:41:46.005,1.60101,1.60151,1.50,1.14
2011.12.16 08:41:46.077,1.60101,1.60151,1.50,1.14
2011.12.16 08:41:46.203,1.60094,1.60153,2.52,1.14
2011.12.16 08:41:46.393,1.60094,1.60153,1.84,1.14
2011.12.16 08:41:46.900,1.60093,1.60153,1.50,1.51
2011.12.16 08:41:46.972,1.60093,1.60149,1.50,1.14
2011.12.16 08:41:47.294,1.60102,1.6015,1.50,1.43
2011.12.16 08:41:47.812,1.60102,1.6016,1.50,1.14
2011.12.16 08:41:48.403,1.60106,1.60164,2.18,1.14
2011.12.16 08:41:48.592,1.6011,1.60168,1.50,1.14
2011.12.16 08:41:48.940,1.60111,1.60167,1.50,1.14
2011.12.16 08:41:49.250,1.60106,1.6016,1.50,2.56
2011.12.16 08:41:49.934,1.60109,1.60159,1.50,1.14
2011.12.16 08:41:50.445,1.60102,1.60164,1.88,2.56
2011.12.16 08:41:50.513,1.60107,1.60164,1.50,1.14
2011.12.16 08:41:50.812,1.60108,1.60162,2.18,1.14
2011.12.16 08:41:50.944,1.60108,1.60163,2.93,1.14
2011.12.16 08:41:51.197,1.60108,1.60161,2.93,1.14
2011.12.16 08:41:51.794,1.60108,1.60164,2.18,1.14
2011.12.16 08:41:52.179,1.60103,1.60159,1.50,1.14
2011.12.16 08:41:53.263,1.60108,1.60164,2.18,1.14
2011.12.16 08:41:53.763,1.60108,1.60164,2.93,1.14
2011.12.16 08:41:53.833,1.60103,1.60159,1.87,1.14
2011.12.16 08:41:55.944,1.60102,1.6016,1.87,1.14
2011.12.16 08:41:56.201,1.60103,1.60159,1.87,1.14
2011.12.16 08:41:56.414,1.60102,1.6016,1.87,1.14
2011.12.16 08:41:57.423,1.60102,1.6016,1.87,1.14
2011.12.16 08:41:57.494,1.60102,1.60163,2.25,1.14
2011.12.16 08:41:57.622,1.60108,1.60164,2.18,1.14
2011.12.16 08:41:57.756,1.60108,1.60164,2.93,1.14
2011.12.16 08:41:57.822,1.60107,1.60165,1.50,1.14
2011.12.16 08:41:57.957,1.60111,1.60164,1.50,1.14
2011.12.16 08:41:58.274,1.60103,1.60159,1.87,1.14
2011.12.16 08:42:02.372,1.60103,1.60161,1.87,1.81
2011.12.16 08:42:02.565,1.60112,1.60165,2.18,1.14
2011.12.16 08:42:02.831,1.60108,1.60164,1.50,1.51
2011.12.16 08:42:03.373,1.60104,1.60156,1.43,1.13
2011.12.16 08:42:03.455,1.60094,1.60145,2.25,2.18
2011.12.16 08:42:03.954,1.60088,1.60145,1.50,1.81
2011.12.16 08:42:04.394,1.60088,1.60148,1.50,1.14
2011.12.16 08:42:04.704,1.60087,1.60144,1.50,1.51
2011.12.16 08:42:05.241,1.60087,1.60143,1.50,2.94
2011.12.16 08:42:05.317,1.60076,1.60143,1.50,2.94
2011.12.16 08:42:05.560,1.60082,1.60143,1.50,2.56
2011.12.16 08:42:05.750,1.60082,1.60144,1.50,1.14
2011.12.16 08:42:05.821,1.60082,1.60143,1.50,1.14
2011.12.16 08:42:05.902,1.60085,1.60143,1.50,1.14
2011.12.16 08:42:06.089,1.60089,1.60149,1.50,1.14
2011.12.16 08:42:06.242,1.60089,1.60147,1.50,1.14
2011.12.16 08:42:06.579,1.60085,1.60143,1.50,1.14
2011.12.16 08:42:07.313,1.60085,1.60139,1.50,1.14
2011.12.16 08:42:07.383,1.60085,1.60144,1.50,2.94
2011.12.16 08:42:07.946,1.60085,1.60143,1.50,1.51
2011.12.16 08:42:08.070,1.60078,1.60143,2.18,1.51
2011.12.16 08:42:08.385,1.60075,1.60125,1.50,1.81
2011.12.16 08:42:08.456,1.60075,1.60125,1.50,1.81
2011.12.16 08:42:08.583,1.60069,1.60124,2.18,1.81
2011.12.16 08:42:08.772,1.60065,1.60114,1.50,1.13
2011.12.16 08:42:08.844,1.60063,1.60114,1.50,1.14
2011.12.16 08:42:09.340,1.60055,1.60109,1.09,1.14
2011.12.16 08:42:09.415,1.60057,1.60103,1.09,2.93
2011.12.16 08:42:09.482,1.60048,1.60103,1.50,3.31
2011.12.16 08:42:09.671,1.60048,1.60099,1.50,1.09
2011.12.16 08:42:09.802,1.60046,1.60097,1.50,1.09
2011.12.16 08:42:09.930,1.60039,1.60099,1.50,1.09
2011.12.16 08:42:10.245,1.60034,1.60094,2.18,1.14
2011.12.16 08:42:10.552,1.6003,1.60089,1.50,2.18
2011.12.16 08:42:11.203,1.6004,1.60095,2.52,1.81
2011.12.16 08:42:11.513,1.60041,1.60095,1.50,1.81
2011.12.16 08:42:11.580,1.60041,1.60095,1.50,1.43
2011.12.16 08:42:12.658,1.6004,1.60095,2.52,1.43
2011.12.16 08:42:13.390,1.6004,1.60095,2.52,1.43
2011.12.16 08:42:13.528,1.60044,1.60099,2.18,1.48
2011.12.16 08:42:14.168,1.60038,1.60097,1.50,1.14
2011.12.16 08:42:14.300,1.60034,1.60093,1.50,1.14
2011.12.16 08:42:14.663,1.60038,1.60095,1.50,1.14
2011.12.16 08:42:14.731,1.60038,1.60095,1.50,1.14
2011.12.16 08:42:14.802,1.60034,1.60094,1.50,1.14
2011.12.16 08:42:15.366,1.60035,1.60094,1.50,1.14
2011.12.16 08:42:15.669,1.60038,1.60095,1.50,1.14
2011.12.16 08:42:19.025,1.60038,1.60098,1.50,1.14
2011.12.16 08:42:19.611,1.60039,1.60098,1.50,1.14
2011.12.16 08:42:19.980,1.60039,1.60094,1.88,1.14
2011.12.16 08:42:20.172,1.60039,1.60094,1.13,1.14
2011.12.16 08:42:20.790,1.60032,1.60085,1.50,1.14
2011.12.16 08:42:21.189,1.60035,1.60089,1.50,1.51
2011.12.16 08:42:24.812,1.6003,1.60089,1.50,1.51
2011.12.16 08:42:25.657,1.60031,1.60089,1.50,1.51
2011.12.16 08:42:26.281,1.6003,1.60089,1.50,1.51
2011.12.16 08:42:26.620,1.60034,1.60089,1.50,1.14
2011.12.16 08:42:27.030,1.60034,1.6009,1.50,1.81
2011.12.16 08:42:28.269,1.60033,1.60094,1.50,2.90
2011.12.16 08:42:28.852,1.60033,1.60092,1.50,1.14
2011.12.16 08:42:28.925,1.60033,1.60094,1.50,2.56
2011.12.16 08:42:28.992,1.60031,1.60088,1.50,1.14
2011.12.16 08:42:29.304,1.60031,1.60083,1.50,1.14
2011.12.16 08:42:29.432,1.6003,1.60085,1.84,1.14
2011.12.16 08:42:31.092,1.6003,1.6008,1.50,1.14
2011.12.16 08:42:39.796,1.6003,1.60084,2.18,1.48
2011.12.16 08:42:40.050,1.60031,1.60084,2.18,1.48
2011.12.16 08:42:40.730,1.60029,1.60083,2.18,1.09
2011.12.16 08:42:40.800,1.60029,1.60084,2.18,1.48
2011.12.16 08:42:41.260,1.60029,1.60089,2.18,1.14
2011.12.16 08:42:42.074,1.60039,1.60088,1.50,1.14
2011.12.16 08:42:42.170,1.60034,1.60086,1.50,1.43
2011.12.16 08:42:42.247,1.6003,1.60088,1.50,1.14
2011.12.16 08:42:42.430,1.60034,1.60089,1.50,1.14
2011.12.16 08:42:45.241,1.60033,1.60083,1.88,1.43
2011.12.16 08:42:45.373,1.60033,1.60083,1.13,1.81
2011.12.16 08:42:46.042,1.60046,1.60094,1.09,1.14
2011.12.16 08:42:46.138,1.60061,1.60107,1.09,1.14
2011.12.16 08:42:46.207,1.60061,1.60107,1.09,1.14
2011.12.16 08:42:46.276,1.60062,1.60112,1.50,1.85
2011.12.16 08:42:46.344,1.60061,1.60112,1.84,1.85
2011.12.16 08:42:47.051,1.60061,1.60111,1.50,1.13
2011.12.16 08:42:47.122,1.60061,1.60113,1.50,1.51
2011.12.16 08:42:47.900,1.60061,1.60119,1.50,1.14
2011.12.16 08:42:47.971,1.60061,1.60119,1.50,1.14
2011.12.16 08:42:48.245,1.60061,1.60119,1.50,1.14
2011.12.16 08:42:48.428,1.60061,1.60119,1.50,1.14
2011.12.16 08:42:49.135,1.60061,1.60119,1.50,1.14
2011.12.16 08:42:49.663,1.60062,1.60115,1.50,2.18
2011.12.16 08:42:50.626,1.60059,1.60115,1.50,1.81
2011.12.16 08:42:51.783,1.6006,1.60115,1.50,1.81
2011.12.16 08:42:51.985,1.6006,1.60113,1.50,1.14
2011.12.16 08:42:53.758,1.60057,1.60098,1.50,2.18
2011.12.16 08:42:53.828,1.60051,1.60098,1.50,2.18
2011.12.16 08:42:53.983,1.60051,1.60098,1.50,1.43
2011.12.16 08:42:54.170,1.60051,1.60103,1.50,1.14
2011.12.16 08:42:54.241,1.6005,1.60106,1.50,2.56
2011.12.16 08:42:55.701,1.60052,1.60106,1.09,1.81
2011.12.16 08:42:56.905,1.60047,1.60097,1.50,1.14
2011.12.16 08:42:57.821,1.6004,1.60094,2.18,1.14
2011.12.16 08:42:58.130,1.6005,1.60091,1.13,1.81
2011.12.16 08:42:58.199,1.60058,1.60109,2.18,1.48
2011.12.16 08:42:59.640,1.6005,1.60105,2.18,2.15
2011.12.16 08:42:59.818,1.60047,1.60101,1.50,1.81
2011.12.16 08:43:05.302,1.60045,1.60102,1.09,2.15
2011.12.16 08:43:05.863,1.60045,1.601,1.09,1.14
2011.12.16 08:43:06.270,1.60045,1.60098,1.09,1.14
2011.12.16 08:43:06.804,1.60045,1.60098,1.09,1.14
2011.12.16 08:43:06.932,1.60045,1.60094,1.09,1.14
2011.12.16 08:43:07.002,1.60042,1.60101,1.50,1.81
2011.12.16 08:43:07.130,1.60044,1.60099,2.18,1.14
2011.12.16 08:43:07.199,1.60044,1.60101,2.18,2.56
2011.12.16 08:43:08.352,1.60044,1.60101,2.18,1.81
2011.12.16 08:43:08.573,1.60044,1.601,2.93,1.14
2011.12.16 08:43:09.428,1.60044,1.60098,1.50,1.13
2011.12.16 08:43:09.498,1.60042,1.60094,1.50,2.56
2011.12.16 08:43:12.518,1.60042,1.60094,1.50,1.81
2011.12.16 08:43:12.584,1.60042,1.60093,1.50,1.14
2011.12.16 08:43:14.094,1.60041,1.60093,1.50,1.14
2011.12.16 08:43:18.246,1.60037,1.60093,1.09,1.14
2011.12.16 08:43:18.553,1.60037,1.60088,1.50,1.13
2011.12.16 08:43:18.623,1.60032,1.60082,1.50,1.14
2011.12.16 08:43:19.788,1.60028,1.60083,1.50,1.48
2011.12.16 08:43:19.904,1.60028,1.60085,2.18,2.15
2011.12.16 08:43:19.977,1.6003,1.60085,1.13,1.81
2011.12.16 08:43:20.101,1.60036,1.60093,2.93,2.90
2011.12.16 08:43:20.228,1.60036,1.60089,2.93,1.14
2011.12.16 08:43:22.489,1.60045,1.60093,2.18,1.14
2011.12.16 08:43:22.558,1.60038,1.60092,2.93,1.43
2011.12.16 08:43:22.696,1.60043,1.60092,1.50,1.43
2011.12.16 08:43:22.762,1.60043,1.60094,1.50,1.50
2011.12.16 08:43:22.955,1.60041,1.60093,1.50,2.18
2011.12.16 08:43:23.262,1.60043,1.60099,1.13,2.15
2011.12.16 08:43:24.350,1.60049,1.60095,1.50,1.09
2011.12.16 08:43:24.723,1.60044,1.60095,2.18,1.84
2011.12.16 08:43:24.914,1.6004,1.60095,1.09,1.48
2011.12.16 08:43:26.161,1.6004,1.60099,1.09,1.48
2011.12.16 08:43:26.232,1.60038,1.60099,1.50,1.14
2011.12.16 08:43:26.420,1.60039,1.60094,1.50,1.14
2011.12.16 08:43:27.360,1.60039,1.60099,1.50,1.14
2011.12.16 08:43:29.751,1.60034,1.6009,1.50,1.14
2011.12.16 08:43:31.855,1.60034,1.60093,1.50,1.14
2011.12.16 08:43:31.924,1.60034,1.6009,1.50,1.14
2011.12.16 08:43:33.403,1.60034,1.60093,1.50,1.14
2011.12.16 08:43:33.620,1.60034,1.6009,1.50,1.14
2011.12.16 08:43:35.004,1.60048,1.60102,2.18,1.14
2011.12.16 08:43:35.255,1.6005,1.60106,1.50,1.89
2011.12.16 08:43:35.388,1.6005,1.60107,1.50,1.81
2011.12.16 08:43:35.889,1.60059,1.60109,2.93,1.50
2011.12.16 08:43:36.370,1.6006,1.60113,1.13,1.89
2011.12.16 08:43:36.453,1.60058,1.60113,1.50,3.31
2011.12.16 08:43:36.858,1.6006,1.60116,1.50,2.90
2011.12.16 08:43:37.569,1.60059,1.60116,2.93,3.27
2011.12.16 08:43:37.949,1.60059,1.60115,1.50,2.18
2011.12.16 08:43:39.852,1.60059,1.60117,1.50,2.15
2011.12.16 08:43:40.352,1.60059,1.60116,1.50,1.09
2011.12.16 08:43:41.393,1.60059,1.60116,1.50,1.09
2011.12.16 08:43:41.769,1.60059,1.60116,1.50,1.09
2011.12.16 08:43:43.376,1.60059,1.60116,1.50,1.09
2011.12.16 08:43:45.864,1.60057,1.60119,1.50,3.28
2011.12.16 08:43:45.936,1.60058,1.60114,1.50,1.14
2011.12.16 08:43:46.602,1.60057,1.60114,1.50,1.14
2011.12.16 08:43:46.912,1.60057,1.60111,1.50,1.13
2011.12.16 08:43:47.239,1.60057,1.60108,1.50,1.14
2011.12.16 08:43:47.850,1.60056,1.60108,1.50,1.14
2011.12.16 08:43:48.472,1.60057,1.60108,1.50,1.14
2011.12.16 08:43:49.001,1.60056,1.60108,1.50,1.14
2011.12.16 08:43:50.145,1.60056,1.60108,1.50,1.48
2011.12.16 08:43:50.449,1.60051,1.60108,2.18,2.15
2011.12.16 08:43:50.571,1.60053,1.60108,1.50,2.15
2011.12.16 08:43:51.088,1.60053,1.60106,1.50,1.09
2011.12.16 08:43:51.354,1.60047,1.60107,1.87,2.15
2011.12.16 08:43:51.599,1.60052,1.60107,1.50,1.43
2011.12.16 08:43:51.668,1.60052,1.60109,1.50,2.56
2011.12.16 08:43:52.503,1.60053,1.60109,1.50,2.56
2011.12.16 08:43:53.188,1.60059,1.60116,2.93,2.18
2011.12.16 08:43:53.523,1.60057,1.60113,1.50,1.14
2011.12.16 08:43:53.831,1.60056,1.60116,1.50,1.81
2011.12.16 08:43:53.911,1.60056,1.60113,1.50,1.14
2011.12.16 08:43:54.044,1.60057,1.60113,1.50,1.51
2011.12.16 08:43:55.098,1.60057,1.60116,1.50,1.14
2011.12.16 08:43:55.753,1.60058,1.60115,1.50,1.81
2011.12.16 08:43:55.822,1.60057,1.60114,1.50,1.14
2011.12.16 08:43:55.952,1.60058,1.60114,1.50,1.81
2011.12.16 08:43:56.300,1.60062,1.60116,1.50,1.43
2011.12.16 08:43:57.325,1.60063,1.60114,1.50,1.43
2011.12.16 08:43:57.878,1.60058,1.60114,1.50,1.81
2011.12.16 08:43:58.281,1.60062,1.60114,1.50,1.43
2011.12.16 08:43:58.412,1.60062,1.60119,2.55,1.81
2011.12.16 08:43:58.599,1.60067,1.60114,1.50,1.43
2011.12.16 08:43:58.910,1.60068,1.60125,1.50,2.15
2011.12.16 08:43:59.750,1.60067,1.60125,1.50,1.81
2011.12.16 08:44:00.431,1.60067,1.60124,1.50,1.14
2011.12.16 08:44:00.696,1.60068,1.60124,1.50,1.14
2011.12.16 08:44:02.211,1.60067,1.60125,1.50,1.81
2011.12.16 08:44:02.340,1.60072,1.60128,1.50,1.14
2011.12.16 08:44:02.471,1.60072,1.60127,1.50,1.14
2011.12.16 08:44:05.324,1.60067,1.60124,2.93,1.43
2011.12.16 08:44:06.187,1.60067,1.60124,2.18,1.81
2011.12.16 08:44:07.931,1.6007,1.60125,1.50,1.14
2011.12.16 08:44:09.619,1.60064,1.60119,2.93,1.09
2011.12.16 08:44:11.814,1.60064,1.60119,2.18,1.09
2011.12.16 08:44:11.881,1.60062,1.60113,1.09,1.14
2011.12.16 08:44:12.394,1.60058,1.60113,1.50,1.14
2011.12.16 08:44:12.585,1.60058,1.60109,1.50,1.43
2011.12.16 08:44:13.058,1.60058,1.60109,1.50,1.81
2011.12.16 08:44:13.123,1.60062,1.60116,1.09,2.56
2011.12.16 08:44:13.250,1.60068,1.60118,2.18,1.14
2011.12.16 08:44:13.379,1.60068,1.60119,2.18,1.14
2011.12.16 08:44:13.693,1.60068,1.60115,1.43,1.13
2011.12.16 08:44:14.287,1.60063,1.60119,1.50,2.56
2011.12.16 08:44:14.831,1.60061,1.60119,1.50,1.14
2011.12.16 08:44:15.139,1.60068,1.60119,1.50,1.14
2011.12.16 08:44:15.454,1.60068,1.60124,1.88,1.14
2011.12.16 08:44:15.522,1.60068,1.60125,1.13,1.14
2011.12.16 08:44:16.107,1.60071,1.60115,1.50,1.43
2011.12.16 08:44:16.180,1.60063,1.60114,1.50,1.14
2011.12.16 08:44:16.438,1.60063,1.60115,1.50,1.81
2011.12.16 08:44:18.097,1.60064,1.60115,1.50,1.81
2011.12.16 08:44:18.593,1.60063,1.6012,1.50,1.14
2011.12.16 08:44:18.955,1.60063,1.6012,1.50,1.14
2011.12.16 08:44:19.346,1.60063,1.6012,1.50,1.14
2011.12.16 08:44:19.414,1.60063,1.6012,1.50,1.14
2011.12.16 08:44:22.025,1.60063,1.60117,1.50,1.14
2011.12.16 08:44:22.333,1.60064,1.60122,1.50,1.14
2011.12.16 08:44:22.968,1.60064,1.60122,1.50,1.14
2011.12.16 08:44:31.023,1.60064,1.6012,1.12,1.13
2011.12.16 08:44:31.213,1.60058,1.60113,1.50,1.14
2011.12.16 08:44:33.652,1.60057,1.60114,1.50,1.14
2011.12.16 08:44:37.736,1.60058,1.60119,1.50,2.56
2011.12.16 08:44:40.305,1.60057,1.60119,1.50,2.56
2011.12.16 08:44:41.211,1.60058,1.60119,1.50,2.56
2011.12.16 08:44:42.026,1.60058,1.60118,1.50,1.14
2011.12.16 08:44:42.095,1.60064,1.60118,1.50,1.14
2011.12.16 08:44:43.951,1.60065,1.60116,1.50,1.14
2011.12.16 08:44:44.211,1.60064,1.60116,1.50,1.43
2011.12.16 08:44:45.085,1.60064,1.60117,1.50,1.14
2011.12.16 08:44:50.848,1.6006,1.60114,1.50,1.09
2011.12.16 08:44:50.912,1.6006,1.6011,1.50,1.09
2011.12.16 08:44:54.230,1.60059,1.60113,1.50,1.48
2011.12.16 08:44:54.796,1.60065,1.60119,1.50,1.09
2011.12.16 08:44:54.864,1.60065,1.60119,1.50,1.09
2011.12.16 08:44:55.179,1.60065,1.60122,2.18,2.15
2011.12.16 08:44:55.483,1.60076,1.60129,1.50,1.50
2011.12.16 08:44:56.023,1.60081,1.60134,2.18,1.48
2011.12.16 08:44:56.801,1.60083,1.60134,1.50,1.48
2011.12.16 08:44:56.876,1.60084,1.60134,1.50,1.09
2011.12.16 08:44:56.943,1.60084,1.60138,1.50,1.09
2011.12.16 08:44:57.013,1.6009,1.60139,2.18,1.14
2011.12.16 08:44:58.134,1.6009,1.60138,2.18,1.09
2011.12.16 08:44:58.340,1.60087,1.60135,1.50,1.09
2011.12.16 08:44:58.406,1.6008,1.60135,2.18,1.09
2011.12.16 08:45:00.230,1.60076,1.60126,1.09,1.14
2011.12.16 08:45:00.481,1.60071,1.60126,2.18,1.14
2011.12.16 08:45:00.852,1.6007,1.6012,1.50,1.14
2011.12.16 08:45:01.282,1.60071,1.60125,1.50,1.14
2011.12.16 08:45:01.855,1.60076,1.60126,1.43,1.14
2011.12.16 08:45:01.928,1.60076,1.60126,2.18,1.14
2011.12.16 08:45:02.286,1.60076,1.60128,2.18,1.14
2011.12.16 08:45:02.413,1.60073,1.60126,1.50,2.56
2011.12.16 08:45:03.342,1.60069,1.60121,1.09,1.14
2011.12.16 08:45:03.895,1.60069,1.60121,1.09,1.14
2011.12.16 08:45:03.969,1.60075,1.60125,1.50,1.14
2011.12.16 08:45:06.412,1.60074,1.60133,1.50,1.48
2011.12.16 08:45:06.978,1.6008,1.60129,2.18,1.09
2011.12.16 08:45:07.281,1.6008,1.60129,1.50,1.09
2011.12.16 08:45:09.245,1.6008,1.60129,1.50,1.09
2011.12.16 08:45:22.190,1.6008,1.60135,1.84,1.14
2011.12.16 08:45:22.494,1.60087,1.6013,1.43,1.09
2011.12.16 08:45:22.565,1.60076,1.6013,2.93,1.09
2011.12.16 08:45:22.635,1.60076,1.6013,2.18,1.09
2011.12.16 08:45:22.702,1.60079,1.6013,2.93,1.09
2011.12.16 08:45:23.838,1.60079,1.6013,2.18,1.09
2011.12.16 08:45:24.120,1.60075,1.6013,1.50,1.09
2011.12.16 08:45:24.891,1.60075,1.6013,1.50,1.09
2011.12.16 08:45:24.967,1.6008,1.6013,2.93,1.09
2011.12.16 08:45:25.270,1.6008,1.6013,1.50,1.09
2011.12.16 08:45:25.461,1.60079,1.60132,1.09,1.14
2011.12.16 08:45:27.002,1.60079,1.60136,3.27,1.14
2011.12.16 08:45:31.894,1.60079,1.60132,1.84,1.43
2011.12.16 08:45:32.390,1.60079,1.60132,1.84,2.18
2011.12.16 08:45:32.755,1.6008,1.60136,2.93,1.14
2011.12.16 08:45:33.131,1.6008,1.60137,2.93,1.81
2011.12.16 08:45:33.383,1.60087,1.60138,2.18,1.09
2011.12.16 08:45:34.152,1.60089,1.60141,1.09,1.81
2011.12.16 08:45:34.281,1.60089,1.60141,1.84,1.43
2011.12.16 08:45:34.350,1.6009,1.60146,1.50,2.90
2011.12.16 08:45:37.464,1.6009,1.60146,1.50,2.90
2011.12.16 08:45:42.859,1.6009,1.60148,1.50,2.15
2011.12.16 08:45:42.924,1.6009,1.60148,1.50,2.15
2011.12.16 08:45:43.547,1.6009,1.60145,1.50,1.43
2011.12.16 08:45:46.102,1.60091,1.60143,1.50,1.43
2011.12.16 08:45:46.512,1.60091,1.60145,1.50,1.43
2011.12.16 08:45:47.347,1.60091,1.60146,1.50,1.48
2011.12.16 08:45:50.194,1.60091,1.60146,1.50,1.48
2011.12.16 08:45:51.903,1.60091,1.60131,1.50,1.84
2011.12.16 08:45:52.271,1.60084,1.60132,1.09,1.43
2011.12.16 08:45:52.343,1.60084,1.60143,1.84,1.48
2011.12.16 08:45:52.413,1.60084,1.60139,1.84,1.09
2011.12.16 08:45:54.549,1.60097,1.60141,1.09,1.14
2011.12.16 08:45:54.853,1.60099,1.60153,1.09,1.81
2011.12.16 08:45:55.350,1.60092,1.60137,1.50,2.18
2011.12.16 08:45:55.430,1.60086,1.60142,1.50,1.14
2011.12.16 08:45:56.602,1.60087,1.60143,1.50,1.14
2011.12.16 08:45:56.672,1.60087,1.60141,1.50,1.14
2011.12.16 08:45:58.003,1.60087,1.60143,1.50,1.14
2011.12.16 08:45:59.878,1.60087,1.60146,1.50,2.53
2011.12.16 08:46:00.011,1.6009,1.60146,1.50,1.81
2011.12.16 08:46:00.584,1.60089,1.60147,2.93,1.14
2011.12.16 08:46:01.196,1.6009,1.60146,1.50,1.14
2011.12.16 08:46:01.433,1.6009,1.60146,1.50,1.14
2011.12.16 08:46:06.200,1.6009,1.60146,1.50,1.14
2011.12.16 08:46:06.632,1.6009,1.60146,1.50,1.14
2011.12.16 08:46:09.945,1.60089,1.60147,2.93,1.14
2011.12.16 08:46:10.413,1.60096,1.60147,2.59,1.14
2011.12.16 08:46:10.484,1.60102,1.60148,1.09,1.14
2011.12.16 08:46:10.677,1.601,1.60142,2.18,1.13
2011.12.16 08:46:10.804,1.601,1.60142,2.18,1.13
2011.12.16 08:46:10.872,1.60096,1.60137,1.50,1.43
2011.12.16 08:46:11.005,1.6009,1.60137,1.09,1.43
2011.12.16 08:46:11.195,1.60091,1.60147,2.18,2.56
2011.12.16 08:46:11.729,1.6009,1.60134,1.09,1.43
2011.12.16 08:46:11.799,1.60087,1.60139,1.50,1.09
2011.12.16 08:46:11.962,1.60087,1.60139,2.25,1.09
2011.12.16 08:46:12.223,1.60087,1.60139,1.50,1.47
2011.12.16 08:46:12.713,1.60087,1.60134,2.25,1.81
2011.12.16 08:46:12.902,1.60087,1.60142,1.50,1.48
2011.12.16 08:46:15.445,1.60092,1.60143,1.09,2.56
2011.12.16 08:46:16.101,1.60092,1.60151,3.27,1.81
2011.12.16 08:46:16.160,1.60083,1.60139,1.50,1.14
2011.12.16 08:46:16.951,1.60083,1.60139,1.50,1.14
2011.12.16 08:46:17.894,1.60083,1.60139,1.50,1.14
2011.12.16 08:46:18.500,1.60086,1.6014,1.50,2.18
2011.12.16 08:46:18.573,1.60084,1.60138,1.50,1.14
2011.12.16 08:46:19.672,1.60084,1.60138,1.50,1.14
2011.12.16 08:46:19.985,1.60083,1.60133,1.50,1.81
2011.12.16 08:46:20.172,1.60083,1.60137,2.93,1.14
2011.12.16 08:46:24.082,1.60084,1.60139,1.50,1.14
2011.12.16 08:46:24.616,1.60084,1.60141,1.50,2.19
2011.12.16 08:46:24.743,1.6008,1.60139,1.87,1.14
2011.12.16 08:46:24.875,1.60088,1.60141,1.50,2.56
2011.12.16 08:46:25.145,1.6009,1.60143,2.93,1.09
2011.12.16 08:46:25.958,1.6009,1.60147,2.18,2.56
2011.12.16 08:46:26.414,1.6009,1.60147,2.18,1.81
2011.12.16 08:46:26.961,1.60095,1.60149,1.50,1.48
2011.12.16 08:46:27.375,1.6009,1.60146,1.43,1.50
2011.12.16 08:46:27.987,1.60088,1.60139,1.09,2.18
2011.12.16 08:46:28.050,1.60087,1.60139,1.50,2.56
2011.12.16 08:46:28.116,1.60087,1.60139,1.50,2.56
2011.12.16 08:46:28.182,1.60086,1.60139,1.50,2.56
2011.12.16 08:46:28.531,1.60087,1.60139,1.50,2.56
2011.12.16 08:46:28.726,1.60087,1.60138,1.50,1.14
2011.12.16 08:46:30.033,1.60088,1.60138,1.50,1.14
2011.12.16 08:46:30.106,1.60087,1.60138,1.50,1.14
2011.12.16 08:46:30.170,1.60088,1.60139,1.50,2.56
2011.12.16 08:46:31.235,1.60087,1.60138,1.50,1.14
2011.12.16 08:46:31.738,1.60087,1.60134,1.12,1.13
2011.12.16 08:46:32.300,1.60079,1.60129,1.50,1.14
2011.12.16 08:46:33.844,1.6008,1.60129,1.50,1.14
2011.12.16 08:46:39.550,1.60077,1.60129,1.50,1.14
2011.12.16 08:46:39.923,1.60077,1.60134,1.50,2.94
2011.12.16 08:46:41.909,1.60077,1.60129,1.50,1.14
2011.12.16 08:46:42.212,1.60077,1.60133,1.50,1.14
2011.12.16 08:46:43.282,1.60078,1.60133,1.50,1.14
2011.12.16 08:46:43.945,1.6008,1.60139,1.50,1.14
2011.12.16 08:46:44.494,1.60079,1.60139,1.50,1.14
2011.12.16 08:46:44.806,1.60079,1.60136,1.50,1.13
2011.12.16 08:46:45.202,1.6008,1.60132,1.50,1.81
2011.12.16 08:46:45.271,1.6008,1.60131,1.50,1.14
2011.12.16 08:46:45.908,1.60079,1.60132,1.50,1.81
2011.12.16 08:46:46.034,1.60079,1.60137,3.30,1.14
2011.12.16 08:46:46.243,1.6008,1.60138,1.87,1.14
2011.12.16 08:46:46.491,1.60079,1.60132,1.87,1.43
2011.12.16 08:46:47.093,1.6008,1.60132,1.50,1.81
2011.12.16 08:46:47.840,1.60079,1.60132,1.50,1.81
2011.12.16 08:46:47.908,1.60079,1.60132,1.50,2.56
2011.12.16 08:46:48.442,1.60079,1.60132,1.50,1.81
2011.12.16 08:46:48.636,1.6008,1.60136,1.87,1.14
2011.12.16 08:46:48.982,1.60079,1.60134,1.50,1.14
2011.12.16 08:46:49.300,1.6008,1.60131,1.50,1.14
2011.12.16 08:46:50.249,1.60079,1.60137,3.30,1.14
2011.12.16 08:46:50.801,1.60085,1.60138,1.50,1.13
2011.12.16 08:46:50.994,1.60085,1.60134,1.50,1.43
2011.12.16 08:46:51.122,1.60085,1.60141,2.93,1.14
2011.12.16 08:46:51.373,1.6008,1.60135,1.50,1.81
2011.12.16 08:46:51.440,1.6008,1.60134,1.50,1.14
2011.12.16 08:46:52.088,1.60079,1.60134,1.50,1.51
2011.12.16 08:46:52.335,1.60083,1.60138,1.50,1.14
2011.12.16 08:46:52.524,1.60079,1.60134,1.50,1.14
2011.12.16 08:46:53.892,1.6008,1.60135,1.50,1.81
2011.12.16 08:46:54.192,1.60085,1.60127,1.50,1.43
2011.12.16 08:46:54.268,1.60085,1.60135,1.50,2.18
2011.12.16 08:46:54.457,1.60084,1.60133,1.50,1.43
2011.12.16 08:46:54.762,1.60085,1.60133,1.50,1.43
2011.12.16 08:46:55.696,1.60079,1.60137,1.50,1.14
2011.12.16 08:46:55.886,1.6008,1.60136,1.50,1.14
2011.12.16 08:46:56.233,1.60079,1.6013,1.50,1.43
2011.12.16 08:46:56.303,1.60079,1.60137,1.50,2.56
2011.12.16 08:46:56.434,1.6008,1.60136,1.50,1.81
2011.12.16 08:46:57.466,1.60079,1.60142,1.50,2.19
2011.12.16 08:46:58.042,1.60079,1.60139,1.50,1.14
2011.12.16 08:46:58.647,1.60083,1.60139,1.50,1.14
2011.12.16 08:46:58.772,1.60085,1.60141,1.50,1.81
2011.12.16 08:46:58.993,1.60084,1.60141,2.93,1.14
2011.12.16 08:46:59.062,1.60083,1.60138,1.50,1.14
2011.12.16 08:46:59.443,1.60097,1.60142,1.09,1.81
2011.12.16 08:46:59.693,1.60102,1.60157,2.18,2.19
2011.12.16 08:46:59.761,1.60102,1.60154,2.18,1.14
2011.12.16 08:46:59.953,1.60097,1.60152,1.09,1.14
2011.12.16 08:47:00.081,1.60097,1.60144,1.09,1.43
2011.12.16 08:47:00.657,1.60096,1.60149,1.50,1.14
2011.12.16 08:47:01.200,1.60097,1.60149,1.50,1.14
2011.12.16 08:47:01.513,1.60097,1.60146,1.50,1.14
2011.12.16 08:47:01.672,1.60096,1.60138,1.50,1.43
2011.12.16 08:47:01.801,1.60096,1.60146,1.50,2.18
2011.12.16 08:47:01.871,1.60096,1.60146,1.50,1.43
2011.12.16 08:47:02.642,1.60097,1.60148,1.50,1.14
2011.12.16 08:47:02.804,1.60096,1.60146,1.50,1.14
2011.12.16 08:47:02.994,1.60096,1.60145,1.50,2.18
2011.12.16 08:47:03.581,1.60096,1.60149,1.50,1.14
2011.12.16 08:47:04.453,1.60097,1.60146,1.50,1.14
2011.12.16 08:47:04.547,1.60097,1.60139,1.50,1.43
2011.12.16 08:47:04.832,1.60097,1.60146,1.50,1.14
2011.12.16 08:47:04.961,1.60091,1.60145,1.50,1.43
2011.12.16 08:47:05.270,1.60091,1.60146,1.50,1.14
2011.12.16 08:47:06.175,1.60091,1.60146,1.50,1.14
2011.12.16 08:47:06.774,1.6009,1.60147,1.50,2.56
2011.12.16 08:47:07.432,1.60091,1.60146,1.50,1.14
2011.12.16 08:47:08.712,1.60091,1.60138,1.50,1.43
2011.12.16 08:47:08.973,1.60091,1.60138,1.50,2.18
2011.12.16 08:47:09.621,1.6009,1.60138,1.12,2.18
2011.12.16 08:47:09.871,1.60087,1.6013,1.09,1.43
2011.12.16 08:47:10.490,1.60082,1.60124,1.87,2.18
2011.12.16 08:47:10.796,1.60074,1.60132,1.50,1.14
2011.12.16 08:47:11.469,1.60075,1.60131,1.50,1.14
2011.12.16 08:47:12.102,1.60079,1.60132,2.18,1.14
2011.12.16 08:47:23.694,1.6008,1.60134,1.50,2.18
2011.12.16 08:47:24.000,1.6008,1.60136,2.93,1.14
2011.12.16 08:47:25.172,1.6008,1.60134,2.93,1.14
2011.12.16 08:47:25.954,1.6008,1.60134,2.18,1.14
2011.12.16 08:47:26.221,1.6008,1.60134,2.18,1.14
2011.12.16 08:47:27.814,1.6008,1.60133,1.50,1.14
2011.12.16 08:47:28.280,1.60079,1.60134,2.93,1.14
2011.12.16 08:47:29.494,1.6008,1.60133,1.50,1.14
2011.12.16 08:47:29.682,1.6008,1.60132,1.50,1.09
2011.12.16 08:47:31.461,1.60072,1.60124,1.09,2.56
2011.12.16 08:47:31.591,1.60072,1.60116,1.09,1.43
2011.12.16 08:47:34.911,1.60072,1.60124,1.84,1.14
2011.12.16 08:47:34.981,1.60072,1.60125,1.84,1.81
2011.12.16 08:47:35.192,1.60072,1.60124,1.50,1.14
2011.12.16 08:47:35.852,1.60069,1.60124,1.50,1.14
2011.12.16 08:47:36.761,1.60074,1.60132,1.50,1.14
2011.12.16 08:47:38.271,1.60074,1.60132,1.50,1.14
2011.12.16 08:47:38.981,1.60075,1.60124,1.50,1.43
2011.12.16 08:47:39.163,1.60074,1.60132,1.50,1.14
2011.12.16 08:47:44.493,1.60074,1.60132,1.50,1.14
2011.12.16 08:47:45.694,1.60074,1.60127,1.50,1.43
2011.12.16 08:47:46.687,1.60075,1.6013,1.50,1.14
2011.12.16 08:47:47.407,1.60075,1.6013,1.50,1.14
2011.12.16 08:47:47.739,1.60075,1.6013,1.50,1.14
2011.12.16 08:47:48.664,1.60069,1.60129,1.50,3.28
2011.12.16 08:47:48.911,1.60075,1.60129,1.50,1.47
2011.12.16 08:47:48.985,1.60075,1.60136,1.88,1.81
2011.12.16 08:47:49.117,1.60079,1.60133,1.88,1.14
2011.12.16 08:47:49.184,1.6008,1.60138,1.50,1.14
2011.12.16 08:47:49.373,1.60084,1.6014,1.50,1.14
2011.12.16 08:47:50.444,1.60081,1.60134,1.50,1.13
2011.12.16 08:47:50.573,1.6008,1.60131,2.93,1.09
2011.12.16 08:47:50.644,1.60078,1.60129,1.12,2.18
2011.12.16 08:47:50.982,1.60071,1.60129,1.50,2.56
2011.12.16 08:47:51.053,1.60071,1.60129,1.50,2.56
2011.12.16 08:47:51.426,1.60071,1.60121,1.50,2.18
2011.12.16 08:47:52.075,1.6007,1.60117,1.50,1.43
2011.12.16 08:47:52.262,1.6007,1.60117,1.50,2.18
2011.12.16 08:47:53.128,1.60062,1.60108,1.50,1.43
2011.12.16 08:47:53.704,1.60061,1.60108,1.50,1.43
2011.12.16 08:47:54.192,1.60061,1.60109,1.50,2.18
2011.12.16 08:47:54.850,1.60062,1.60109,1.50,2.18
2011.12.16 08:47:55.164,1.60059,1.60101,1.13,1.43
2011.12.16 08:47:55.234,1.60061,1.60114,2.18,1.14
2011.12.16 08:47:55.364,1.60063,1.60115,1.50,1.09
2011.12.16 08:47:55.493,1.60063,1.60115,1.50,1.47
2011.12.16 08:47:55.803,1.60053,1.60114,1.87,1.14
2011.12.16 08:47:55.933,1.60054,1.60113,1.50,1.14
2011.12.16 08:47:56.065,1.60059,1.60115,1.50,1.48
2011.12.16 08:47:57.215,1.60059,1.60115,1.50,1.14
2011.12.16 08:47:57.703,1.60063,1.60124,1.87,1.14
2011.12.16 08:47:57.894,1.60075,1.60125,1.50,1.14
2011.12.16 08:47:59.266,1.60075,1.60129,1.50,1.14
2011.12.16 08:47:59.395,1.60072,1.60125,1.50,1.14
2011.12.16 08:47:59.587,1.60067,1.60123,1.50,1.14
2011.12.16 08:48:00.727,1.60066,1.60124,1.50,1.14
2011.12.16 08:48:02.621,1.60071,1.60125,1.50,1.14
2011.12.16 08:48:02.688,1.60075,1.60131,1.50,1.48
2011.12.16 08:48:02.765,1.60073,1.60131,1.12,2.90
2011.12.16 08:48:02.897,1.60072,1.60114,1.43,1.14
2011.12.16 08:48:03.262,1.60064,1.60119,2.93,1.47
2011.12.16 08:48:03.575,1.60063,1.60118,1.50,1.48
2011.12.16 08:48:04.181,1.60062,1.60119,1.50,1.14
2011.12.16 08:48:04.485,1.60064,1.60124,1.13,2.56
2011.12.16 08:48:04.555,1.6007,1.60124,1.50,2.56
2011.12.16 08:48:05.874,1.6007,1.60124,1.50,1.14
2011.12.16 08:48:05.949,1.60064,1.60119,1.13,1.14
2011.12.16 08:48:08.275,1.60061,1.60108,1.87,1.13
2011.12.16 08:48:08.358,1.6006,1.60108,1.50,1.13
2011.12.16 08:48:08.714,1.60051,1.60108,1.50,1.51
2011.12.16 08:48:08.784,1.60052,1.60108,1.50,1.14
2011.12.16 08:48:09.093,1.60051,1.60102,1.50,1.81
2011.12.16 08:48:09.402,1.6006,1.60115,2.18,1.14
2011.12.16 08:48:09.473,1.6006,1.60115,2.18,1.14
2011.12.16 08:48:10.736,1.6006,1.60115,2.18,1.14
2011.12.16 08:48:11.057,1.6006,1.60117,2.18,1.81
2011.12.16 08:48:11.900,1.6006,1.60117,2.18,1.81
2011.12.16 08:48:12.224,1.60066,1.60117,1.09,1.81
2011.12.16 08:48:13.122,1.60066,1.60115,1.09,1.81
2011.12.16 08:48:13.837,1.60066,1.60115,1.09,1.81
2011.12.16 08:48:14.400,1.60066,1.60115,1.09,1.81
2011.12.16 08:48:15.150,1.60066,1.60115,1.09,1.81
2011.12.16 08:48:17.960,1.60066,1.60115,1.09,2.56
2011.12.16 08:48:18.301,1.60066,1.60115,1.09,1.43
2011.12.16 08:48:20.010,1.60066,1.60118,1.09,2.56
2011.12.16 08:48:22.761,1.60066,1.60115,1.09,1.43
2011.12.16 08:48:23.902,1.60066,1.60117,1.09,1.81
2011.12.16 08:48:25.246,1.60066,1.60117,1.09,1.81
2011.12.16 08:48:25.321,1.60066,1.60119,1.84,2.18
2011.12.16 08:48:25.398,1.60066,1.60119,1.84,2.18
2011.12.16 08:48:25.763,1.60068,1.60119,1.13,1.43
2011.12.16 08:48:25.954,1.60075,1.60125,1.50,1.09
2011.12.16 08:48:26.024,1.60075,1.6012,1.50,1.43
2011.12.16 08:48:26.581,1.60068,1.60118,1.50,1.81
2011.12.16 08:48:26.653,1.60068,1.60118,1.50,1.81
2011.12.16 08:48:27.171,1.60068,1.60115,1.50,1.43
2011.12.16 08:48:27.246,1.60061,1.60115,1.50,1.81
2011.12.16 08:48:27.433,1.6006,1.60113,1.50,1.14
2011.12.16 08:48:27.743,1.60061,1.60115,1.50,1.81
2011.12.16 08:48:27.815,1.60061,1.60115,1.50,1.43
2011.12.16 08:48:27.943,1.60063,1.60118,2.18,1.14
2011.12.16 08:48:28.592,1.60067,1.6012,1.50,1.43
2011.12.16 08:48:29.292,1.60075,1.60123,1.50,1.81
2011.12.16 08:48:29.664,1.60069,1.60123,1.50,2.90
2011.12.16 08:48:29.797,1.60074,1.60118,1.50,1.09
2011.12.16 08:48:29.928,1.60074,1.60118,1.50,1.47
2011.12.16 08:48:30.240,1.60062,1.60118,2.93,1.48
2011.12.16 08:48:30.845,1.60062,1.60118,2.93,1.48
2011.12.16 08:48:31.165,1.60085,1.60134,1.09,1.14
2011.12.16 08:48:31.534,1.60078,1.60133,2.18,1.81
2011.12.16 08:48:32.480,1.60075,1.60123,1.13,1.43
2011.12.16 08:48:32.559,1.60069,1.60123,1.50,2.90
2011.12.16 08:48:32.678,1.60069,1.6012,1.50,1.14
2011.12.16 08:48:32.803,1.60064,1.60118,2.18,1.14
2011.12.16 08:48:33.407,1.60057,1.60115,2.52,1.81
2011.12.16 08:48:33.689,1.60057,1.60115,3.63,1.81
2011.12.16 08:48:34.597,1.60057,1.60113,3.63,1.14
2011.12.16 08:48:34.668,1.60061,1.60119,1.50,1.14
2011.12.16 08:48:35.234,1.60062,1.60119,1.50,1.14
2011.12.16 08:48:35.838,1.60061,1.60119,1.50,1.14
2011.12.16 08:48:37.528,1.60061,1.60119,1.87,1.14
2011.12.16 08:48:37.692,1.60061,1.60119,1.87,1.14
2011.12.16 08:48:38.683,1.60061,1.60119,1.87,1.14
2011.12.16 08:48:39.233,1.60061,1.60119,1.87,1.14
2011.12.16 08:48:39.675,1.60061,1.60119,1.87,1.14
2011.12.16 08:48:41.501,1.60061,1.60119,1.87,1.14
2011.12.16 08:48:41.813,1.60067,1.60123,2.93,1.14
2011.12.16 08:48:43.694,1.60067,1.60123,2.93,1.14
2011.12.16 08:48:43.858,1.60067,1.60123,2.93,1.14
2011.12.16 08:48:44.036,1.60067,1.60123,2.93,1.14
2011.12.16 08:48:44.346,1.60067,1.60119,2.18,1.14
2011.12.16 08:48:44.533,1.60065,1.60118,2.18,1.14
2011.12.16 08:48:45.450,1.60064,1.6012,2.93,1.14
2011.12.16 08:48:46.305,1.60064,1.60115,1.50,2.52
2011.12.16 08:48:47.111,1.60062,1.60113,1.50,1.14
2011.12.16 08:48:47.822,1.60058,1.60113,1.50,1.14
2011.12.16 08:48:49.302,1.60059,1.60113,1.50,1.14
2011.12.16 08:48:49.449,1.60065,1.6012,2.18,1.14
2011.12.16 08:48:50.438,1.60065,1.6012,2.18,1.14
2011.12.16 08:48:52.115,1.60065,1.60115,2.18,1.09
2011.12.16 08:48:52.464,1.60065,1.60119,2.18,1.09
2011.12.16 08:48:52.804,1.60065,1.6012,2.52,1.14
2011.12.16 08:48:52.932,1.60065,1.60122,2.52,2.15
2011.12.16 08:48:53.243,1.60069,1.60121,1.50,1.14
2011.12.16 08:48:54.601,1.60064,1.60118,2.93,1.09
2011.12.16 08:48:56.455,1.60064,1.60116,1.50,1.77
2011.12.16 08:48:57.093,1.60059,1.60116,1.50,2.15
2011.12.16 08:48:57.441,1.60064,1.6012,2.93,1.14
2011.12.16 08:48:59.114,1.60063,1.6012,2.93,1.43
2011.12.16 08:48:59.810,1.60066,1.6012,1.09,1.43
2011.12.16 08:48:59.887,1.60066,1.60122,1.09,1.81
2011.12.16 08:48:59.959,1.60063,1.60116,1.09,2.15
2011.12.16 08:49:00.203,1.60071,1.60123,1.09,1.48
2011.12.16 08:49:00.335,1.60071,1.60123,1.09,1.48
2011.12.16 08:49:00.583,1.60071,1.60124,1.09,2.90
2011.12.16 08:49:02.198,1.60073,1.60123,2.18,1.14
2011.12.16 08:49:02.333,1.60071,1.60119,1.50,1.09
2011.12.16 08:49:02.404,1.60065,1.60118,2.18,1.09
2011.12.16 08:49:02.535,1.60059,1.60116,1.50,1.81
2011.12.16 08:49:02.863,1.60065,1.60118,2.18,1.09
2011.12.16 08:49:03.053,1.60072,1.60123,2.18,1.14
2011.12.16 08:49:03.324,1.60072,1.60129,2.93,1.48
2011.12.16 08:49:04.791,1.60072,1.60129,2.18,1.48
2011.12.16 08:49:05.916,1.60072,1.60129,2.93,1.48
2011.12.16 08:49:07.863,1.60072,1.60121,1.50,1.14
2011.12.16 08:49:07.994,1.60072,1.60124,1.50,1.14
2011.12.16 08:49:08.424,1.6007,1.60121,1.50,2.19
2011.12.16 08:49:08.582,1.6007,1.60115,1.50,1.43
2011.12.16 08:49:08.892,1.60064,1.60115,1.50,1.81
2011.12.16 08:49:10.254,1.60057,1.60115,1.50,1.81
2011.12.16 08:49:11.540,1.60056,1.60115,2.93,1.81
2011.12.16 08:49:12.059,1.60057,1.60115,2.93,1.81
2011.12.16 08:49:12.361,1.60073,1.60128,2.18,1.14
2011.12.16 08:49:12.431,1.60073,1.60128,2.18,1.14
2011.12.16 08:49:13.365,1.60073,1.60126,2.18,1.14
2011.12.16 08:49:16.713,1.60073,1.60126,2.18,1.13
2011.12.16 08:49:17.021,1.60065,1.60119,2.93,1.09
2011.12.16 08:49:17.323,1.60065,1.60118,2.18,1.85
2011.12.16 08:49:20.627,1.60058,1.60116,1.84,1.81
2011.12.16 08:49:22.236,1.60058,1.60116,1.84,1.81
2011.12.16 08:49:22.626,1.60058,1.60116,1.09,1.81
2011.12.16 08:49:23.310,1.60058,1.60116,1.84,1.81
2011.12.16 08:49:25.743,1.60058,1.60113,1.50,1.14
2011.12.16 08:49:25.813,1.60058,1.60116,1.50,1.81
2011.12.16 08:49:26.062,1.60063,1.60118,2.18,1.81
2011.12.16 08:49:26.900,1.60067,1.60118,1.50,2.18
2011.12.16 08:49:27.915,1.6006,1.60114,2.18,1.13
2011.12.16 08:49:28.163,1.60058,1.60108,1.50,1.14
2011.12.16 08:49:28.732,1.60058,1.60109,1.50,1.81
2011.12.16 08:49:28.922,1.60057,1.60113,1.50,1.14
2011.12.16 08:49:29.993,1.60056,1.60113,1.50,1.14
2011.12.16 08:49:30.743,1.60057,1.60113,1.50,1.14
2011.12.16 08:49:37.093,1.60056,1.60113,1.50,1.14
2011.12.16 08:49:37.878,1.60056,1.60108,1.50,1.14
2011.12.16 08:49:38.407,1.60055,1.60108,1.50,1.14
2011.12.16 08:49:39.292,1.60055,1.6011,1.50,1.81
2011.12.16 08:49:39.841,1.60051,1.60109,2.93,1.14
2011.12.16 08:49:40.409,1.60052,1.60107,2.18,1.81
2011.12.16 08:49:40.714,1.6005,1.60109,2.18,1.14
2011.12.16 08:49:40.785,1.60053,1.60111,1.50,2.56
2011.12.16 08:49:42.163,1.60053,1.60111,1.50,1.81
2011.12.16 08:49:42.717,1.60054,1.60111,1.50,1.81
2011.12.16 08:49:42.935,1.60054,1.6011,1.50,1.14
2011.12.16 08:49:43.268,1.60054,1.60104,1.50,1.43
2011.12.16 08:49:43.337,1.60054,1.6011,1.50,1.14
2011.12.16 08:49:44.748,1.60054,1.60113,1.88,1.81
2011.12.16 08:49:45.184,1.6006,1.6011,1.09,1.14
2011.12.16 08:49:45.253,1.6006,1.60114,2.52,1.14
2011.12.16 08:49:46.150,1.6006,1.60114,2.52,1.14
2011.12.16 08:49:46.855,1.6006,1.60114,2.52,1.14
2011.12.16 08:49:47.409,1.6006,1.60117,2.52,1.81
2011.12.16 08:49:47.533,1.6006,1.60117,2.52,1.81
2011.12.16 08:49:47.686,1.6006,1.60117,2.52,1.81
2011.12.16 08:49:47.873,1.60075,1.60128,2.93,1.14
2011.12.16 08:49:56.473,1.60075,1.60128,2.93,1.13
2011.12.16 08:49:58.607,1.60072,1.60125,1.09,1.81
2011.12.16 08:49:59.402,1.60072,1.60125,1.09,1.81
2011.12.16 08:49:59.963,1.60072,1.60125,1.09,1.81
2011.12.16 08:50:00.216,1.60072,1.60123,1.09,1.14
2011.12.16 08:50:01.833,1.60071,1.60129,1.50,1.14
2011.12.16 08:50:03.174,1.60072,1.60129,1.50,1.14
2011.12.16 08:50:04.096,1.60071,1.60129,1.50,1.14
2011.12.16 08:50:04.671,1.60072,1.60129,1.50,1.14
2011.12.16 08:50:05.558,1.60071,1.60129,1.50,1.14
2011.12.16 08:50:06.650,1.60072,1.60129,1.50,1.14
2011.12.16 08:50:08.419,1.60071,1.60129,1.50,1.14
2011.12.16 08:50:08.482,1.60071,1.60134,1.50,2.94
2011.12.16 08:50:09.208,1.60078,1.60134,2.18,1.14
2011.12.16 08:50:09.674,1.60078,1.60129,2.18,1.14
2011.12.16 08:50:11.069,1.60069,1.60128,2.93,2.56
2011.12.16 08:50:11.372,1.60085,1.60139,2.18,1.85
2011.12.16 08:50:11.444,1.60085,1.60139,2.18,1.85
2011.12.16 08:50:11.515,1.60085,1.60133,2.18,1.14
2011.12.16 08:50:11.584,1.60085,1.60134,2.18,1.14
2011.12.16 08:50:12.602,1.6009,1.60138,1.09,1.14
2011.12.16 08:50:12.737,1.60086,1.60134,2.18,1.09
2011.12.16 08:50:13.222,1.60079,1.60134,1.47,1.48
2011.12.16 08:50:13.742,1.60085,1.60136,2.93,1.14
2011.12.16 08:50:14.427,1.60086,1.60139,1.09,1.14
2011.12.16 08:50:14.658,1.60092,1.60137,1.43,1.14
2011.12.16 08:50:14.903,1.60092,1.60139,2.18,1.14
2011.12.16 08:50:15.428,1.60089,1.60143,1.50,1.50
2011.12.16 08:50:15.676,1.60088,1.60144,2.18,1.14
2011.12.16 08:50:15.997,1.60087,1.60135,1.50,1.43
2011.12.16 08:50:16.125,1.60088,1.60135,1.50,1.43
2011.12.16 08:50:16.254,1.60088,1.60144,2.93,1.14
2011.12.16 08:50:16.960,1.60088,1.60139,2.93,1.09
2011.12.16 08:50:17.308,1.60088,1.60139,2.18,1.14
2011.12.16 08:50:17.556,1.60088,1.60144,1.50,1.14
2011.12.16 08:50:18.398,1.60087,1.60144,2.93,1.14
2011.12.16 08:50:19.834,1.60087,1.60144,2.93,1.14
2011.12.16 08:50:20.409,1.60087,1.60139,2.93,1.09
2011.12.16 08:50:25.255,1.60085,1.60136,2.18,1.48
2011.12.16 08:50:26.071,1.6008,1.60138,1.13,2.15
2011.12.16 08:50:29.023,1.6008,1.60136,2.18,1.47
2011.12.16 08:50:30.336,1.60079,1.60138,2.52,2.15
2011.12.16 08:50:30.402,1.6008,1.60138,1.50,2.15
2011.12.16 08:50:30.911,1.60084,1.60138,1.09,2.56
2011.12.16 08:50:32.017,1.60084,1.60138,1.09,2.56
2011.12.16 08:50:33.212,1.60084,1.60138,1.09,2.56
2011.12.16 08:50:33.719,1.60084,1.60138,1.09,2.56
2011.12.16 08:50:34.136,1.6008,1.60137,1.50,2.23
2011.12.16 08:50:35.393,1.60084,1.60133,2.18,1.09
2011.12.16 08:50:36.433,1.60085,1.60136,2.18,1.14
2011.12.16 08:50:36.967,1.60085,1.60139,2.18,1.14
2011.12.16 08:50:37.040,1.60094,1.60139,2.18,1.14
2011.12.16 08:50:37.253,1.60094,1.60139,1.43,1.51
2011.12.16 08:50:37.326,1.60085,1.60139,2.18,1.51
2011.12.16 08:50:37.913,1.60085,1.60139,2.18,1.51
2011.12.16 08:50:38.167,1.60085,1.60134,2.18,1.14
2011.12.16 08:50:38.997,1.60076,1.60134,1.87,1.14
2011.12.16 08:50:40.442,1.60076,1.60134,3.30,1.14
2011.12.16 08:50:40.757,1.60077,1.60133,1.87,1.14
2011.12.16 08:50:41.377,1.6008,1.60138,2.18,1.14
2011.12.16 08:50:41.449,1.60081,1.60139,3.30,1.14
2011.12.16 08:50:41.694,1.60088,1.60144,2.93,1.14
2011.12.16 08:50:41.823,1.60091,1.60144,2.18,1.14
2011.12.16 08:50:42.364,1.60085,1.60142,2.93,1.81
2011.12.16 08:50:42.491,1.60085,1.60141,2.93,1.09
2011.12.16 08:50:43.261,1.60085,1.60141,2.93,1.09
2011.12.16 08:50:44.454,1.60085,1.60142,2.93,2.15
2011.12.16 08:50:45.570,1.60085,1.60142,2.93,2.15
2011.12.16 08:50:45.638,1.60092,1.60142,1.09,1.81
2011.12.16 08:50:47.317,1.60092,1.60142,1.09,1.81
2011.12.16 08:50:47.973,1.60092,1.60142,1.09,1.81
2011.12.16 08:50:48.161,1.60085,1.60141,2.93,1.48
2011.12.16 08:50:49.675,1.60085,1.60142,2.93,2.15
2011.12.16 08:50:49.884,1.60085,1.60141,2.93,1.48
2011.12.16 08:50:50.867,1.60085,1.60141,2.93,1.48
2011.12.16 08:50:52.487,1.60085,1.60141,2.93,1.48
2011.12.16 08:50:58.487,1.60085,1.60142,2.18,2.15
2011.12.16 08:51:00.958,1.60085,1.60137,1.50,1.43
2011.12.16 08:51:01.767,1.60084,1.60143,2.18,2.15
2011.12.16 08:51:01.835,1.60084,1.60139,2.18,1.14
2011.12.16 08:51:01.903,1.60085,1.60141,1.50,1.48
2011.12.16 08:51:03.248,1.60085,1.60143,1.50,2.15
2011.12.16 08:51:03.520,1.60085,1.60141,1.50,1.48
2011.12.16 08:51:03.836,1.60085,1.60142,2.93,2.15
2011.12.16 08:51:03.903,1.60085,1.6014,2.93,1.14
2011.12.16 08:51:04.003,1.60085,1.60138,2.18,1.14
2011.12.16 08:51:04.758,1.60083,1.60136,1.50,1.81
2011.12.16 08:51:04.831,1.60086,1.60141,2.18,1.48
2011.12.16 08:51:05.843,1.60084,1.60141,2.93,1.48
2011.12.16 08:51:06.629,1.60084,1.60143,2.18,2.15
2011.12.16 08:51:06.700,1.60084,1.60135,1.50,2.18
2011.12.16 08:51:07.144,1.60085,1.6014,2.93,1.14
2011.12.16 08:51:07.335,1.60085,1.60134,1.50,1.43
2011.12.16 08:51:07.904,1.60081,1.60134,1.09,1.81
2011.12.16 08:51:08.124,1.60078,1.60134,1.50,2.56
2011.12.16 08:51:08.781,1.60079,1.60134,1.50,2.56
2011.12.16 08:51:08.854,1.60079,1.60134,1.50,1.81
2011.12.16 08:51:09.662,1.60079,1.60134,1.50,2.56
2011.12.16 08:51:10.183,1.60078,1.60134,1.50,2.56
2011.12.16 08:51:10.253,1.60078,1.60133,1.50,1.13
2011.12.16 08:51:10.443,1.60069,1.60126,3.27,1.81
2011.12.16 08:51:11.818,1.60078,1.60134,2.18,1.81
2011.12.16 08:51:12.166,1.60078,1.60133,2.18,1.14
2011.12.16 08:51:12.961,1.60077,1.60131,1.50,1.14
2011.12.16 08:51:13.152,1.60077,1.60124,2.18,1.51
2011.12.16 08:51:13.403,1.60071,1.60126,1.09,2.15
2011.12.16 08:51:14.048,1.60071,1.60126,1.09,2.15
2011.12.16 08:51:14.176,1.60071,1.60125,1.09,1.14
2011.12.16 08:51:14.954,1.60071,1.60126,1.09,2.15
2011.12.16 08:51:15.825,1.60071,1.60126,1.09,2.15
2011.12.16 08:51:16.414,1.60071,1.60126,1.09,2.90
2011.12.16 08:51:16.603,1.60071,1.60126,1.09,2.15
2011.12.16 08:51:17.096,1.60078,1.60126,2.18,1.48
2011.12.16 08:51:17.404,1.60083,1.60129,2.18,1.09
2011.12.16 08:51:18.103,1.60081,1.60132,2.18,2.23
2011.12.16 08:51:18.249,1.60094,1.60139,2.18,1.14
2011.12.16 08:51:18.375,1.60091,1.60142,1.50,1.81
2011.12.16 08:51:18.442,1.60091,1.60139,1.50,1.14
2011.12.16 08:51:20.657,1.60093,1.60148,2.18,1.14
2011.12.16 08:51:21.204,1.60093,1.60148,2.18,1.14
2011.12.16 08:51:21.773,1.60093,1.60148,2.93,1.51
2011.12.16 08:51:23.350,1.60093,1.60148,2.93,1.51
2011.12.16 08:51:24.396,1.60093,1.60148,2.93,1.14
2011.12.16 08:51:27.840,1.60093,1.60146,2.93,1.14
2011.12.16 08:51:28.024,1.60093,1.60146,2.18,1.14
2011.12.16 08:51:28.348,1.60093,1.60149,2.93,1.14
2011.12.16 08:51:28.664,1.60093,1.60146,2.93,1.14
2011.12.16 08:51:30.625,1.60093,1.60148,2.93,1.14
2011.12.16 08:51:34.814,1.60093,1.60149,2.18,1.14
2011.12.16 08:51:35.184,1.60094,1.6015,1.13,1.81
2011.12.16 08:51:35.722,1.60101,1.60158,2.18,3.69
2011.12.16 08:51:35.972,1.60101,1.60154,2.18,1.14
2011.12.16 08:51:36.222,1.60105,1.60158,1.09,2.19
2011.12.16 08:51:36.613,1.60105,1.60154,1.09,1.14
2011.12.16 08:51:37.321,1.60101,1.60154,2.18,1.48
2011.12.16 08:51:37.722,1.60101,1.60148,2.18,1.14
2011.12.16 08:51:38.185,1.60101,1.60153,2.18,1.48
2011.12.16 08:51:38.503,1.60101,1.60142,1.43,1.09
2011.12.16 08:51:38.692,1.6009,1.60142,2.18,1.48
2011.12.16 08:51:40.019,1.6009,1.60143,2.18,1.48
2011.12.16 08:51:40.157,1.601,1.60148,2.18,1.14
2011.12.16 08:51:40.287,1.60092,1.60143,2.18,1.47
2011.12.16 08:51:40.357,1.60092,1.60143,1.43,1.09
2011.12.16 08:51:40.917,1.60087,1.60138,1.50,1.14
2011.12.16 08:51:40.987,1.60086,1.60138,1.50,1.14
2011.12.16 08:51:41.115,1.60086,1.60139,1.50,1.14
2011.12.16 08:51:41.764,1.60092,1.60139,2.18,1.14
2011.12.16 08:51:41.842,1.60087,1.60141,1.50,1.14
2011.12.16 08:51:42.183,1.6009,1.6014,2.18,1.14
2011.12.16 08:51:44.623,1.60091,1.60143,2.18,1.48
2011.12.16 08:51:44.863,1.60091,1.60143,2.18,1.48
2011.12.16 08:51:45.461,1.60095,1.60143,2.18,1.48
2011.12.16 08:51:46.057,1.60094,1.60146,2.18,1.10
2011.12.16 08:51:46.621,1.60094,1.60143,2.18,1.48
2011.12.16 08:51:46.754,1.60094,1.60141,2.18,1.14
2011.12.16 08:51:47.245,1.60091,1.60141,2.18,1.14
2011.12.16 08:51:47.564,1.60093,1.60133,1.43,1.09
2011.12.16 08:51:47.694,1.60083,1.60133,1.87,1.09
2011.12.16 08:51:48.004,1.60082,1.60126,1.50,1.43
2011.12.16 08:51:48.254,1.60072,1.60123,1.50,1.09
2011.12.16 08:51:48.842,1.60068,1.6012,1.12,2.18
2011.12.16 08:51:48.914,1.60071,1.60119,1.50,1.14
2011.12.16 08:51:48.981,1.60067,1.60118,1.50,1.14
2011.12.16 08:51:49.415,1.60071,1.60119,1.50,1.14
2011.12.16 08:51:49.724,1.60064,1.60117,1.50,1.14
2011.12.16 08:51:50.032,1.60063,1.60111,1.50,2.18
2011.12.16 08:51:51.094,1.60061,1.60112,1.50,2.56
2011.12.16 08:51:51.170,1.60055,1.6011,1.50,1.14
2011.12.16 08:51:51.534,1.60054,1.60111,2.93,2.18
2011.12.16 08:51:55.254,1.60058,1.60111,1.50,2.18
2011.12.16 08:51:55.744,1.60058,1.60115,1.50,1.14
2011.12.16 08:52:00.272,1.60064,1.60111,1.50,2.14
2011.12.16 08:52:00.596,1.60051,1.6009,1.50,1.43
2011.12.16 08:52:00.684,1.60045,1.6009,1.50,1.43
2011.12.16 08:52:00.993,1.60046,1.60099,1.09,2.56
2011.12.16 08:52:01.066,1.60046,1.60099,1.09,2.56
2011.12.16 08:52:01.415,1.60046,1.60099,1.09,1.81
2011.12.16 08:52:01.968,1.6005,1.60105,2.93,2.15
2011.12.16 08:52:02.214,1.60058,1.60114,1.09,2.19
2011.12.16 08:52:02.643,1.60058,1.60114,1.09,1.81
2011.12.16 08:52:03.014,1.60057,1.60113,2.18,1.14
2011.12.16 08:52:03.315,1.60057,1.60112,2.93,1.14
2011.12.16 08:52:03.632,1.60057,1.60113,2.18,1.14
2011.12.16 08:52:04.275,1.6006,1.60114,2.18,1.14
2011.12.16 08:52:04.584,1.60076,1.60124,2.18,1.51
2011.12.16 08:52:04.782,1.60076,1.60125,2.18,1.14
2011.12.16 08:52:04.913,1.60069,1.60124,2.93,2.59
2011.12.16 08:52:04.984,1.60069,1.60119,2.93,1.09
2011.12.16 08:52:05.525,1.60064,1.60118,1.50,1.14
2011.12.16 08:52:06.695,1.60063,1.60119,1.50,2.90
2011.12.16 08:52:07.772,1.60062,1.60118,1.50,1.14
2011.12.16 08:52:08.745,1.60063,1.60118,1.50,1.14
2011.12.16 08:52:08.840,1.60054,1.60112,2.93,1.14
2011.12.16 08:52:08.907,1.60054,1.60105,1.50,2.18
2011.12.16 08:52:09.438,1.60052,1.60104,1.50,1.14
2011.12.16 08:52:09.963,1.60052,1.60103,1.50,1.14
2011.12.16 08:52:10.283,1.60055,1.60105,1.13,1.81
2011.12.16 08:52:10.810,1.60066,1.60104,1.09,1.81
2011.12.16 08:52:10.884,1.60066,1.60115,1.09,1.14
2011.12.16 08:52:11.704,1.60057,1.6011,1.09,1.09
2011.12.16 08:52:11.868,1.60057,1.6011,1.09,1.09
2011.12.16 08:52:12.676,1.60053,1.60104,1.09,2.56
2011.12.16 08:52:12.924,1.60052,1.60103,1.50,1.14
2011.12.16 08:52:14.221,1.60052,1.60104,1.50,2.56
2011.12.16 08:52:14.618,1.60053,1.60104,1.50,2.56
2011.12.16 08:52:15.411,1.60052,1.60099,1.50,2.18
2011.12.16 08:52:15.494,1.60049,1.60097,1.50,1.43
2011.12.16 08:52:16.957,1.60057,1.60099,1.43,1.14
2011.12.16 08:52:17.265,1.60065,1.601,1.43,1.09
2011.12.16 08:52:17.879,1.60049,1.60097,1.50,1.43
2011.12.16 08:52:18.184,1.60048,1.60097,1.84,1.43
2011.12.16 08:52:18.253,1.6005,1.60101,2.18,1.48
2011.12.16 08:52:18.384,1.6005,1.60101,2.18,1.14
2011.12.16 08:52:18.451,1.6005,1.60105,2.93,1.81
2011.12.16 08:52:19.508,1.6005,1.60105,2.18,2.18
2011.12.16 08:52:20.150,1.6005,1.60105,2.18,1.43
2011.12.16 08:52:20.402,1.6005,1.60105,2.18,2.18
2011.12.16 08:52:23.098,1.6005,1.60105,2.93,2.56
2011.12.16 08:52:24.438,1.6005,1.60105,2.93,2.56
2011.12.16 08:52:24.785,1.6005,1.60105,2.93,2.56
2011.12.16 08:52:29.416,1.6005,1.60099,2.18,1.09
2011.12.16 08:52:29.961,1.6005,1.60097,2.93,1.09
2011.12.16 08:52:33.002,1.60046,1.601,1.09,1.14
2011.12.16 08:52:34.674,1.60046,1.60102,1.09,1.81
2011.12.16 08:52:35.374,1.60046,1.60102,1.09,1.81
2011.12.16 08:52:37.353,1.60046,1.60102,1.09,1.81
2011.12.16 08:52:37.873,1.60049,1.60104,2.18,1.14
2011.12.16 08:52:38.372,1.60049,1.60106,2.18,2.15
2011.12.16 08:52:38.446,1.60046,1.60102,1.09,1.81
2011.12.16 08:52:38.586,1.60046,1.60102,1.09,1.81
2011.12.16 08:52:39.313,1.60046,1.60102,2.52,1.81
2011.12.16 08:52:39.833,1.60046,1.60101,1.09,1.81
2011.12.16 08:52:42.369,1.60046,1.60101,1.09,1.81
2011.12.16 08:52:42.435,1.60046,1.60101,1.09,1.81
2011.12.16 08:52:42.503,1.60046,1.60101,1.09,1.81
2011.12.16 08:52:43.072,1.60051,1.6011,2.18,2.15
2011.12.16 08:52:43.198,1.60051,1.6011,2.93,2.15
2011.12.16 08:52:43.386,1.60052,1.6011,1.50,2.15
2011.12.16 08:52:43.457,1.60056,1.6011,1.09,1.81
2011.12.16 08:52:43.524,1.6006,1.6011,1.50,1.43
2011.12.16 08:52:43.601,1.60059,1.60118,2.93,2.15
2011.12.16 08:52:43.795,1.6006,1.60117,2.93,2.15
2011.12.16 08:52:43.866,1.6006,1.60117,2.93,2.15
2011.12.16 08:52:43.993,1.60059,1.60109,1.50,1.43
2011.12.16 08:52:45.071,1.60056,1.60109,1.09,1.81
2011.12.16 08:52:46.516,1.60055,1.60109,1.50,1.81
2011.12.16 08:52:46.654,1.60055,1.60109,1.50,1.81
2011.12.16 08:52:47.557,1.60055,1.60109,1.50,2.56
2011.12.16 08:52:48.006,1.60055,1.60109,1.50,1.81
2011.12.16 08:52:48.866,1.60056,1.6011,1.50,1.81
2011.12.16 08:52:50.015,1.60056,1.6011,1.50,1.81
2011.12.16 08:52:50.840,1.60056,1.6011,1.50,1.81
2011.12.16 08:52:52.191,1.60056,1.60109,1.50,1.14
2011.12.16 08:52:53.040,1.60056,1.6011,1.50,1.81
2011.12.16 08:52:53.674,1.60066,1.6011,1.13,1.81
2011.12.16 08:52:53.924,1.60074,1.60125,1.50,1.43
2011.12.16 08:52:54.174,1.60069,1.60124,1.50,1.43
2011.12.16 08:52:54.486,1.60077,1.60134,2.18,1.81
2011.12.16 08:52:54.553,1.60078,1.60134,1.50,1.81
2011.12.16 08:52:54.685,1.60077,1.6013,2.93,1.13
2011.12.16 08:52:54.818,1.60074,1.60128,1.50,1.14
2011.12.16 08:52:55.001,1.60072,1.60129,1.50,1.43
2011.12.16 08:52:55.652,1.60073,1.60131,1.50,1.81
2011.12.16 08:52:55.783,1.60083,1.60139,1.50,1.81
2011.12.16 08:52:55.914,1.60083,1.60139,1.50,1.14
2011.12.16 08:52:56.226,1.60084,1.60139,1.09,1.81
2011.12.16 08:52:56.412,1.60088,1.60144,2.93,1.14
2011.12.16 08:52:56.485,1.60088,1.60139,1.50,1.13
2011.12.16 08:52:56.555,1.60079,1.60139,1.50,1.51
2011.12.16 08:52:56.883,1.60083,1.60141,1.50,1.81
2011.12.16 08:52:57.165,1.60082,1.6014,2.93,1.14
2011.12.16 08:52:57.411,1.60078,1.60139,1.50,2.56
2011.12.16 08:52:57.720,1.60078,1.60139,1.88,1.81
2011.12.16 08:52:58.162,1.60078,1.60135,1.88,1.14
2011.12.16 08:52:58.236,1.60072,1.60123,1.50,1.43
2011.12.16 08:52:58.422,1.6007,1.60123,1.50,2.18
2011.12.16 08:52:58.798,1.6007,1.60119,1.50,1.43
2011.12.16 08:52:59.283,1.60062,1.60119,2.93,1.81
2011.12.16 08:52:59.791,1.60063,1.60121,2.93,1.81
2011.12.16 08:53:00.330,1.60063,1.60121,2.18,1.81
2011.12.16 08:53:00.454,1.60063,1.60121,2.18,1.81
2011.12.16 08:53:03.522,1.60063,1.60119,2.18,1.14
2011.12.16 08:53:04.366,1.60063,1.60121,2.93,1.81
2011.12.16 08:53:04.671,1.60069,1.60124,1.50,1.14
2011.12.16 08:53:05.173,1.60069,1.60126,1.50,1.81
2011.12.16 08:53:05.622,1.60072,1.60126,1.50,1.43
2011.12.16 08:53:05.683,1.60076,1.60133,1.50,1.14
2011.12.16 08:53:06.353,1.60077,1.60133,1.50,1.14
2011.12.16 08:53:06.543,1.60082,1.60139,1.50,1.51
2011.12.16 08:53:06.814,1.60082,1.60143,2.93,3.31
2011.12.16 08:53:07.294,1.60082,1.60139,2.18,1.14
2011.12.16 08:53:07.490,1.60083,1.60144,2.18,1.14
2011.12.16 08:53:07.556,1.60086,1.60144,1.50,1.14
2011.12.16 08:53:08.106,1.60082,1.60139,2.18,1.14
2011.12.16 08:53:08.633,1.60082,1.60139,2.93,1.14
2011.12.16 08:53:10.700,1.60082,1.60139,2.18,1.14
2011.12.16 08:53:10.765,1.60082,1.60143,2.18,2.19
2011.12.16 08:53:11.523,1.60082,1.60143,2.93,1.81
2011.12.16 08:53:11.892,1.60083,1.60143,1.50,1.81
2011.12.16 08:53:13.366,1.60082,1.60143,2.93,1.81
2011.12.16 08:53:13.434,1.60082,1.60137,1.50,1.43
2011.12.16 08:53:13.626,1.60081,1.60137,3.30,1.43
2011.12.16 08:53:14.365,1.60086,1.60133,1.50,1.43
2011.12.16 08:53:14.449,1.6009,1.60145,1.84,1.81
2011.12.16 08:53:14.519,1.60094,1.60149,2.18,1.48
2011.12.16 08:53:14.642,1.60094,1.60149,2.18,1.48
2011.12.16 08:53:14.715,1.60094,1.60152,2.18,2.15
2011.12.16 08:53:14.785,1.60094,1.60149,1.50,1.48
2011.12.16 08:53:14.917,1.60101,1.60149,1.09,1.14
2011.12.16 08:53:15.415,1.601,1.60155,2.93,1.50
2011.12.16 08:53:16.255,1.60101,1.60154,1.50,1.43
2011.12.16 08:53:16.591,1.60101,1.60152,1.50,1.43
2011.12.16 08:53:17.015,1.60109,1.60159,1.09,1.14
2011.12.16 08:53:17.147,1.60109,1.60161,1.09,2.18
2011.12.16 08:53:17.341,1.6011,1.60163,1.09,1.14
2011.12.16 08:53:18.853,1.6011,1.60163,1.09,1.14
2011.12.16 08:53:19.162,1.60114,1.60169,2.93,1.14
2011.12.16 08:53:19.473,1.60114,1.60164,2.18,1.14
2011.12.16 08:53:20.403,1.6011,1.60164,1.09,1.14
2011.12.16 08:53:22.491,1.6011,1.60164,1.09,1.14
2011.12.16 08:53:24.242,1.6011,1.60166,1.09,1.14
2011.12.16 08:53:26.465,1.60118,1.60162,1.43,1.13
2011.12.16 08:53:26.575,1.60115,1.60161,1.50,1.43
2011.12.16 08:53:26.823,1.60108,1.60165,2.18,1.14
2011.12.16 08:53:26.955,1.60108,1.60165,2.18,1.51
2011.12.16 08:53:27.543,1.60106,1.60163,1.50,1.14
2011.12.16 08:53:28.308,1.60107,1.60163,1.50,1.14
2011.12.16 08:53:28.832,1.60106,1.60163,1.50,1.14
2011.12.16 08:53:30.712,1.60107,1.60164,1.88,1.14
2011.12.16 08:53:30.793,1.60108,1.60164,1.13,1.14
2011.12.16 08:53:30.926,1.60113,1.60168,1.50,1.14
2011.12.16 08:53:31.237,1.60107,1.60164,1.50,1.14
2011.12.16 08:53:31.572,1.60113,1.60174,2.18,1.14
2011.12.16 08:53:31.644,1.60113,1.60174,2.18,1.14
2011.12.16 08:53:32.329,1.60118,1.60179,2.18,3.31
2011.12.16 08:53:32.451,1.60118,1.60174,2.93,1.14
2011.12.16 08:53:32.984,1.60115,1.60171,2.18,1.81
2011.12.16 08:53:34.234,1.60115,1.60171,2.18,1.81
2011.12.16 08:53:34.728,1.60119,1.60178,2.18,2.56
2011.12.16 08:53:34.857,1.60119,1.60175,2.18,1.14
2011.12.16 08:53:35.136,1.60119,1.60178,2.18,1.81
2011.12.16 08:53:35.563,1.60119,1.60175,2.18,1.14
2011.12.16 08:53:36.165,1.60119,1.60178,2.18,1.81
2011.12.16 08:53:36.566,1.60119,1.60175,2.18,1.14
2011.12.16 08:53:37.734,1.60119,1.60175,2.18,1.51
2011.12.16 08:53:37.924,1.60119,1.60174,2.18,1.14
2011.12.16 08:53:38.054,1.60119,1.60175,2.18,1.14
2011.12.16 08:53:38.196,1.60119,1.60175,2.18,1.51
2011.12.16 08:53:38.503,1.60114,1.60172,2.93,1.81
2011.12.16 08:53:38.668,1.60119,1.60174,2.18,1.14
2011.12.16 08:53:41.435,1.60119,1.60175,2.18,1.14
2011.12.16 08:53:41.745,1.60118,1.60173,2.18,1.14
2011.12.16 08:53:41.873,1.60118,1.60175,2.18,1.14
2011.12.16 08:53:42.004,1.60118,1.60174,2.18,1.13
2011.12.16 08:53:44.156,1.60114,1.60172,2.18,1.81
2011.12.16 08:53:44.664,1.60114,1.60172,2.18,1.81
2011.12.16 08:53:45.168,1.60113,1.60168,1.50,2.18
2011.12.16 08:53:45.236,1.60111,1.60163,1.50,1.14
2011.12.16 08:53:45.852,1.6011,1.60163,1.50,1.14
2011.12.16 08:53:46.414,1.60111,1.60163,1.50,1.14
2011.12.16 08:53:46.727,1.60111,1.60168,1.50,2.56
2011.12.16 08:53:46.914,1.60111,1.60164,2.93,1.14
2011.12.16 08:53:47.433,1.6011,1.60165,1.50,1.14
2011.12.16 08:53:47.973,1.60105,1.60162,1.50,1.14
2011.12.16 08:53:48.281,1.60105,1.60164,1.50,1.14
2011.12.16 08:53:49.038,1.60112,1.60169,1.50,1.14
2011.12.16 08:53:49.958,1.60113,1.60169,1.50,1.14
2011.12.16 08:53:50.738,1.60112,1.60169,1.50,1.14
2011.12.16 08:53:51.464,1.60113,1.60169,1.50,1.14
2011.12.16 08:53:53.732,1.60112,1.6017,1.50,1.14
2011.12.16 08:53:56.607,1.60112,1.6017,1.50,1.14
2011.12.16 08:53:56.945,1.60108,1.60162,1.13,1.81
2011.12.16 08:53:57.014,1.60112,1.60162,1.50,1.43
2011.12.16 08:53:57.463,1.6011,1.60161,2.18,1.14
2011.12.16 08:53:58.562,1.60105,1.60161,1.50,1.47
2011.12.16 08:53:59.078,1.60104,1.60158,1.50,1.14
2011.12.16 08:53:59.146,1.60106,1.60161,1.50,1.48
2011.12.16 08:53:59.271,1.60111,1.60169,1.09,1.14
2011.12.16 08:53:59.414,1.60112,1.60169,1.50,1.14
2011.12.16 08:53:59.865,1.60112,1.60166,1.50,1.14
2011.12.16 08:54:00.453,1.60108,1.60163,1.13,1.81
2011.12.16 08:54:00.521,1.60113,1.60163,1.50,1.43
2011.12.16 08:54:00.652,1.60112,1.60166,1.50,1.14
2011.12.16 08:54:00.892,1.60113,1.60165,1.50,1.14
2011.12.16 08:54:01.266,1.60112,1.60166,1.50,1.14
2011.12.16 08:54:04.445,1.60106,1.60161,1.84,1.14
2011.12.16 08:54:05.317,1.60106,1.60162,1.09,1.14
2011.12.16 08:54:05.674,1.60106,1.60161,1.84,1.14
2011.12.16 08:54:06.216,1.60106,1.60161,1.84,1.14
2011.12.16 08:54:07.005,1.60106,1.60156,1.09,1.14
2011.12.16 08:54:07.353,1.60106,1.60162,1.09,1.14
2011.12.16 08:54:09.934,1.60106,1.60163,1.09,1.14
2011.12.16 08:54:10.005,1.60106,1.60161,1.09,1.14
2011.12.16 08:54:10.274,1.60106,1.60154,1.09,1.14
2011.12.16 08:54:10.612,1.60106,1.60161,1.09,1.14
2011.12.16 08:54:11.264,1.60108,1.60158,2.18,1.14
2011.12.16 08:54:11.591,1.60117,1.60169,2.18,1.14
2011.12.16 08:54:12.166,1.60117,1.60169,2.55,1.14
2011.12.16 08:54:12.315,1.60125,1.60179,2.18,1.48
2011.12.16 08:54:12.385,1.60125,1.60173,2.18,1.14
2011.12.16 08:54:12.957,1.60116,1.6017,2.52,1.13
2011.12.16 08:54:13.280,1.60123,1.60171,1.09,1.81
2011.12.16 08:54:13.649,1.60123,1.60174,1.09,1.14
2011.12.16 08:54:13.955,1.60123,1.60182,1.09,1.81
2011.12.16 08:54:14.529,1.60129,1.60184,2.18,1.14
2011.12.16 08:54:14.897,1.60125,1.60182,2.18,2.19
2011.12.16 08:54:15.145,1.60125,1.60179,2.18,1.14
2011.12.16 08:54:15.925,1.60125,1.60178,2.18,1.14
2011.12.16 08:54:16.474,1.60125,1.60178,2.18,1.14
2011.12.16 08:54:16.904,1.60125,1.60177,2.18,1.14
2011.12.16 08:54:17.873,1.60125,1.60179,2.18,1.14
2011.12.16 08:54:18.637,1.60121,1.60176,1.50,1.13
2011.12.16 08:54:18.722,1.60121,1.60173,1.50,1.51
2011.12.16 08:54:19.063,1.60117,1.60167,1.50,1.14
2011.12.16 08:54:19.605,1.60117,1.60166,1.50,1.14
2011.12.16 08:54:19.947,1.60122,1.60174,1.50,1.51
2011.12.16 08:54:20.018,1.60122,1.60168,1.50,1.14
2011.12.16 08:54:20.084,1.60121,1.60175,1.50,1.14
2011.12.16 08:54:20.647,1.60121,1.60179,1.50,1.14
2011.12.16 08:54:20.720,1.60121,1.60184,1.87,1.51
2011.12.16 08:54:20.962,1.6013,1.60184,1.50,1.51
2011.12.16 08:54:21.033,1.6013,1.60184,1.50,1.14
2011.12.16 08:54:21.522,1.6013,1.60188,1.50,1.14
2011.12.16 08:54:21.657,1.60135,1.6019,1.13,1.14
2011.12.16 08:54:21.725,1.60135,1.6019,1.13,1.14
2011.12.16 08:54:22.427,1.6014,1.6019,1.12,1.13
2011.12.16 08:54:22.501,1.60136,1.60184,1.50,1.14
2011.12.16 08:54:22.966,1.60131,1.60183,1.50,1.14
2011.12.16 08:54:23.706,1.60131,1.60182,1.50,1.14
2011.12.16 08:54:23.905,1.60137,1.60183,1.50,1.14
2011.12.16 08:54:24.890,1.60137,1.60183,1.50,1.14
2011.12.16 08:54:25.587,1.60137,1.60183,1.50,1.14
2011.12.16 08:54:25.675,1.60132,1.60182,1.50,1.14
2011.12.16 08:54:27.541,1.60132,1.60183,1.50,1.14
2011.12.16 08:54:28.823,1.60132,1.60182,1.50,1.14
2011.12.16 08:54:31.133,1.60135,1.60188,2.18,1.14
2011.12.16 08:54:32.914,1.60134,1.60183,1.50,1.51
2011.12.16 08:54:33.102,1.60134,1.60188,2.93,1.14
2011.12.16 08:54:33.247,1.60141,1.60189,1.09,1.14
2011.12.16 08:54:33.853,1.60141,1.60189,1.09,1.14
2011.12.16 08:54:34.494,1.60137,1.60187,1.09,1.14
2011.12.16 08:54:34.606,1.60141,1.60188,1.09,1.14
2011.12.16 08:54:36.284,1.60134,1.60188,2.93,1.14
2011.12.16 08:54:36.941,1.60134,1.60189,2.93,1.14
2011.12.16 08:54:37.255,1.60135,1.60189,1.50,1.14
2011.12.16 08:54:37.392,1.60135,1.60189,1.87,1.14
2011.12.16 08:54:37.584,1.60142,1.60199,1.09,2.56
2011.12.16 08:54:37.653,1.60142,1.60199,1.84,1.14
2011.12.16 08:54:37.842,1.60144,1.60199,1.50,1.14
2011.12.16 08:54:37.914,1.60144,1.60203,1.50,1.51
2011.12.16 08:54:38.043,1.6015,1.60205,1.50,1.14
2011.12.16 08:54:38.599,1.6015,1.60205,1.50,1.14
2011.12.16 08:54:38.725,1.6015,1.602,1.50,1.13
2011.12.16 08:54:38.794,1.60147,1.602,1.50,1.13
2011.12.16 08:54:38.865,1.60147,1.60197,1.50,1.14
2011.12.16 08:54:41.620,1.60147,1.60203,1.50,1.14
2011.12.16 08:54:41.809,1.60149,1.60204,1.50,1.14
2011.12.16 08:54:42.968,1.60148,1.60208,1.50,1.14
2011.12.16 08:54:43.434,1.60149,1.60204,1.50,1.14
2011.12.16 08:54:43.562,1.60146,1.60203,2.93,1.14
2011.12.16 08:54:43.876,1.60151,1.60209,2.18,1.14
2011.12.16 08:54:44.625,1.60158,1.60208,2.18,1.14
2011.12.16 08:54:44.702,1.6015,1.60208,1.50,1.14
2011.12.16 08:54:45.132,1.60159,1.60214,1.50,2.55
2011.12.16 08:54:45.206,1.60159,1.60212,1.50,1.09
2011.12.16 08:54:45.455,1.60157,1.60209,1.50,1.14
2011.12.16 08:54:45.527,1.60157,1.60214,1.50,2.19
2011.12.16 08:54:45.595,1.60163,1.60218,2.18,1.89
2011.12.16 08:54:46.179,1.60163,1.60209,1.43,1.14
2011.12.16 08:54:46.264,1.60161,1.60207,1.43,1.13
2011.12.16 08:54:46.397,1.60151,1.60205,1.50,2.18
2011.12.16 08:54:46.527,1.60157,1.60205,2.18,1.13
2011.12.16 08:54:46.658,1.60152,1.60209,2.18,1.51
2011.12.16 08:54:46.788,1.60155,1.60205,1.50,1.13
2011.12.16 08:54:46.857,1.60155,1.60204,1.50,1.14
2011.12.16 08:54:46.986,1.60155,1.60204,1.50,1.14
2011.12.16 08:54:47.647,1.60157,1.60208,2.18,1.14
2011.12.16 08:54:47.787,1.60156,1.60208,1.50,2.18
2011.12.16 08:54:48.506,1.6015,1.60208,2.55,2.56
2011.12.16 08:54:48.574,1.60157,1.6021,2.18,1.14
2011.12.16 08:54:48.716,1.6016,1.60214,1.09,1.14
2011.12.16 08:54:48.784,1.60165,1.6021,1.43,1.14
2011.12.16 08:54:49.751,1.60165,1.60222,2.18,1.14
2011.12.16 08:54:49.823,1.60165,1.60221,2.93,1.14
2011.12.16 08:54:51.414,1.60165,1.60223,2.93,1.14
2011.12.16 08:54:52.057,1.60165,1.60223,2.18,1.48
2011.12.16 08:54:52.352,1.60159,1.60215,1.87,2.55
2011.12.16 08:54:52.740,1.60159,1.60214,1.50,1.14
2011.12.16 08:54:53.053,1.60164,1.60215,1.09,1.81
2011.12.16 08:54:54.104,1.60164,1.60218,1.09,1.14
2011.12.16 08:54:54.488,1.60164,1.60221,1.09,1.81
2011.12.16 08:54:54.660,1.60171,1.60226,2.18,1.10
2011.12.16 08:54:54.782,1.60171,1.60223,2.18,1.48
2011.12.16 08:54:54.972,1.60167,1.6022,1.50,1.13
2011.12.16 08:54:55.367,1.60164,1.60219,1.09,1.14
2011.12.16 08:54:57.915,1.60164,1.60222,1.09,1.81
2011.12.16 08:54:58.182,1.60171,1.60218,2.18,1.14
2011.12.16 08:54:58.252,1.60171,1.60221,2.18,1.14
2011.12.16 08:54:58.508,1.60171,1.6022,2.18,1.13
2011.12.16 08:54:59.052,1.60164,1.60218,1.09,1.14
2011.12.16 08:54:59.131,1.60155,1.6021,1.50,1.14
2011.12.16 08:54:59.564,1.60163,1.6021,1.43,1.14
2011.12.16 08:54:59.698,1.60156,1.6021,1.50,1.14
2011.12.16 08:55:00.007,1.60162,1.60209,1.50,1.51
2011.12.16 08:55:00.626,1.60162,1.60217,1.09,1.14
2011.12.16 08:55:00.706,1.60163,1.60215,1.50,1.14
2011.12.16 08:55:00.943,1.60157,1.60208,1.50,1.80
2011.12.16 08:55:01.254,1.60157,1.60208,1.50,1.43
2011.12.16 08:55:01.323,1.60157,1.60219,1.50,1.51
2011.12.16 08:55:02.005,1.60158,1.60219,1.50,1.51
2011.12.16 08:55:02.602,1.60157,1.60219,1.50,1.51
2011.12.16 08:55:02.683,1.60158,1.60213,1.50,1.14
2011.12.16 08:55:02.756,1.60158,1.60213,1.50,1.14
2011.12.16 08:55:03.183,1.60157,1.60214,1.50,1.14
2011.12.16 08:55:03.734,1.60157,1.60214,1.50,1.14
2011.12.16 08:55:04.960,1.60158,1.60218,1.50,1.51
2011.12.16 08:55:05.499,1.60171,1.60218,1.43,1.14
2011.12.16 08:55:05.565,1.60171,1.60218,1.43,1.14
2011.12.16 08:55:05.632,1.60163,1.60218,1.50,1.14
2011.12.16 08:55:05.762,1.60163,1.60219,1.50,1.14
2011.12.16 08:55:06.456,1.60168,1.60221,2.18,1.14
2011.12.16 08:55:06.825,1.60166,1.60219,2.18,1.51
2011.12.16 08:55:07.469,1.60159,1.60221,2.18,1.14
2011.12.16 08:55:07.767,1.60163,1.60207,2.18,1.14
2011.12.16 08:55:07.838,1.60163,1.60207,1.43,1.14
2011.12.16 08:55:07.907,1.60163,1.60207,2.18,1.14
2011.12.16 08:55:08.033,1.60155,1.6021,2.18,2.19
2011.12.16 08:55:08.284,1.60154,1.60218,2.93,1.14
2011.12.16 08:55:08.478,1.60161,1.60213,2.18,1.14
2011.12.16 08:55:09.110,1.60169,1.60213,2.18,1.14
2011.12.16 08:55:09.179,1.60169,1.60221,2.18,1.14
2011.12.16 08:55:09.730,1.60169,1.60221,2.18,1.14
2011.12.16 08:55:11.252,1.60168,1.60219,2.18,1.51
2011.12.16 08:55:11.505,1.60168,1.60214,2.18,1.89
2011.12.16 08:55:12.125,1.60161,1.60214,2.18,1.89
2011.12.16 08:55:12.190,1.60169,1.60214,1.43,1.14
2011.12.16 08:55:13.344,1.60169,1.60214,1.43,1.14
2011.12.16 08:55:13.536,1.60169,1.60218,2.18,1.51
2011.12.16 08:55:14.035,1.60169,1.60222,2.18,1.14
2011.12.16 08:55:14.577,1.60169,1.60222,2.18,1.14
2011.12.16 08:55:14.652,1.60168,1.60223,2.18,1.51
2011.12.16 08:55:15.639,1.60168,1.60223,2.18,1.51
2011.12.16 08:55:15.976,1.60169,1.60219,2.18,1.14
2011.12.16 08:55:16.163,1.60161,1.60214,2.18,1.51
2011.12.16 08:55:16.235,1.60163,1.60218,1.50,2.56
2011.12.16 08:55:16.303,1.60169,1.60218,1.43,1.14
2011.12.16 08:55:16.864,1.60161,1.60214,2.18,1.51
2011.12.16 08:55:17.745,1.6016,1.60214,2.18,1.51
2011.12.16 08:55:18.275,1.60168,1.60219,2.18,1.14
2011.12.16 08:55:18.770,1.60168,1.60219,2.18,1.14
2011.12.16 08:55:18.831,1.60168,1.60223,2.18,1.14
2011.12.16 08:55:18.900,1.60168,1.60223,2.18,1.14
2011.12.16 08:55:19.836,1.60168,1.60223,2.18,1.14
2011.12.16 08:55:19.906,1.60168,1.60223,2.18,1.14
2011.12.16 08:55:21.406,1.60169,1.60223,2.18,1.14
2011.12.16 08:55:21.662,1.60176,1.60229,2.93,1.13
2011.12.16 08:55:21.916,1.60175,1.60233,1.13,1.14
2011.12.16 08:55:22.045,1.60178,1.60233,2.18,1.14
2011.12.16 08:55:22.293,1.60178,1.60229,2.18,1.14
2011.12.16 08:55:23.384,1.6018,1.60234,1.50,1.14
2011.12.16 08:55:23.788,1.6018,1.60232,1.50,1.14
2011.12.16 08:55:23.853,1.6018,1.60233,1.50,1.14
2011.12.16 08:55:24.227,1.6018,1.60232,1.50,1.14
2011.12.16 08:55:24.296,1.60181,1.60234,1.50,1.14
2011.12.16 08:55:24.776,1.6018,1.60232,1.50,1.14
2011.12.16 08:55:26.205,1.60181,1.60233,1.50,1.14
2011.12.16 08:55:27.751,1.60181,1.60231,1.50,1.14
2011.12.16 08:55:28.378,1.60177,1.60231,2.18,1.14
2011.12.16 08:55:28.871,1.60176,1.60231,1.50,1.14
2011.12.16 08:55:30.421,1.60175,1.6023,1.50,1.14
2011.12.16 08:55:30.734,1.60168,1.60219,2.18,1.14
2011.12.16 08:55:31.568,1.60169,1.60227,2.93,1.14
2011.12.16 08:55:34.949,1.60167,1.60223,1.50,1.14
2011.12.16 08:55:35.283,1.60169,1.60227,1.50,1.14
2011.12.16 08:55:37.569,1.6017,1.60226,1.50,1.14
2011.12.16 08:55:39.272,1.60169,1.60225,1.50,1.13
2011.12.16 08:55:39.932,1.60168,1.60219,1.50,1.14
2011.12.16 08:55:40.311,1.60162,1.60219,1.87,1.51
2011.12.16 08:55:42.198,1.60159,1.60212,1.50,2.18
2011.12.16 08:55:42.385,1.60159,1.60219,1.50,2.90
2011.12.16 08:55:42.575,1.60159,1.60219,2.25,2.90
2011.12.16 08:55:43.110,1.60164,1.60218,1.09,1.14
2011.12.16 08:55:43.237,1.60159,1.60217,1.50,1.14
2011.12.16 08:55:45.725,1.60159,1.60218,1.50,1.14
2011.12.16 08:55:45.923,1.60165,1.60216,1.50,1.14
2011.12.16 08:55:46.868,1.60159,1.60218,1.50,2.56
2011.12.16 08:55:47.433,1.6016,1.60218,1.50,1.14
2011.12.16 08:55:47.909,1.6016,1.60216,2.93,1.14
2011.12.16 08:55:48.544,1.6016,1.60216,1.50,1.14
2011.12.16 08:55:49.631,1.6016,1.60219,1.50,1.14
2011.12.16 08:55:50.822,1.60159,1.60219,1.50,1.14
2011.12.16 08:55:51.454,1.6016,1.60216,1.50,1.14
2011.12.16 08:55:55.034,1.6016,1.60219,1.50,1.14
2011.12.16 08:55:55.188,1.6016,1.60216,1.50,1.14
2011.12.16 08:55:56.736,1.6016,1.60216,1.50,1.14
2011.12.16 08:56:02.779,1.6016,1.60219,1.50,1.14
2011.12.16 08:56:03.352,1.60159,1.60219,1.50,1.14
2011.12.16 08:56:03.445,1.60159,1.60217,1.50,1.14
2011.12.16 08:56:04.022,1.60159,1.60218,1.50,1.14
2011.12.16 08:56:04.215,1.60159,1.60217,1.50,1.14
2011.12.16 08:56:04.462,1.60159,1.60218,1.50,1.14
2011.12.16 08:56:04.716,1.6016,1.60216,1.50,1.14
2011.12.16 08:56:04.902,1.6016,1.60218,1.50,1.14
2011.12.16 08:56:05.717,1.60159,1.60218,1.50,1.14
2011.12.16 08:56:05.982,1.60159,1.60216,1.50,1.13
2011.12.16 08:56:06.182,1.60158,1.60213,1.50,1.14
2011.12.16 08:56:06.971,1.60165,1.60219,2.18,1.14
2011.12.16 08:56:07.275,1.60165,1.60223,2.18,2.56
2011.12.16 08:56:07.405,1.60165,1.60223,2.52,2.56
2011.12.16 08:56:07.717,1.60172,1.60227,2.18,1.10
2011.12.16 08:56:08.695,1.60165,1.60223,2.52,2.56
2011.12.16 08:56:09.583,1.60165,1.60223,2.52,2.56
2011.12.16 08:56:09.933,1.60165,1.60218,2.52,1.14
2011.12.16 08:56:10.453,1.60166,1.60223,2.18,1.81
2011.12.16 08:56:10.892,1.60167,1.60225,2.93,1.14
2011.12.16 08:56:19.546,1.60169,1.60229,1.50,1.85
2011.12.16 08:56:20.526,1.60168,1.60225,1.50,1.14
2011.12.16 08:56:25.983,1.60168,1.60225,1.50,1.14
2011.12.16 08:56:27.765,1.60169,1.60224,1.50,1.14
2011.12.16 08:56:28.014,1.60169,1.60224,1.50,1.14
2011.12.16 08:56:28.265,1.60173,1.60225,1.43,1.14
2011.12.16 08:56:28.782,1.60172,1.60214,1.50,1.13
2011.12.16 08:56:29.320,1.60164,1.60218,2.18,1.14
2011.12.16 08:56:29.444,1.60164,1.60217,2.18,1.14
2011.12.16 08:56:29.826,1.60159,1.60218,1.50,1.14
2011.12.16 08:56:30.192,1.60165,1.60221,2.18,1.14
2011.12.16 08:56:31.597,1.6016,1.60218,1.50,1.81
2011.12.16 08:56:32.158,1.60166,1.6022,2.18,1.14
2011.12.16 08:56:32.226,1.60166,1.60221,2.18,1.14
2011.12.16 08:56:32.648,1.60164,1.60221,1.50,2.56
2011.12.16 08:56:34.438,1.60165,1.6022,2.93,1.14
2011.12.16 08:56:37.579,1.6016,1.60216,1.50,1.14
2011.12.16 08:56:38.795,1.60159,1.60217,1.50,1.14
2011.12.16 08:56:39.920,1.60159,1.60217,1.50,1.14
2011.12.16 08:56:40.925,1.6016,1.60216,1.50,1.14
2011.12.16 08:56:42.294,1.6016,1.60216,1.50,1.14
2011.12.16 08:56:42.493,1.6016,1.60216,1.50,1.14
2011.12.16 08:56:45.004,1.60158,1.60216,1.12,1.14
2011.12.16 08:56:46.225,1.60157,1.60216,1.50,1.14
2011.12.16 08:56:47.057,1.60153,1.60209,1.50,1.14
2011.12.16 08:56:48.351,1.60154,1.60207,1.09,1.50
2011.12.16 08:56:50.014,1.60153,1.60207,1.09,2.93
2011.12.16 08:56:52.703,1.60151,1.60208,1.50,2.90
2011.12.16 08:56:53.913,1.60152,1.60204,1.50,2.18
2011.12.16 08:56:59.434,1.60151,1.60206,1.50,1.13
2011.12.16 08:56:59.623,1.60148,1.602,1.50,2.56
2011.12.16 08:57:01.429,1.60148,1.60208,2.55,1.48
2011.12.16 08:57:01.673,1.60147,1.60201,1.50,1.14
2011.12.16 08:57:01.743,1.60147,1.60201,1.50,1.14
2011.12.16 08:57:02.369,1.60148,1.60203,1.50,1.14
2011.12.16 08:57:02.557,1.60151,1.60205,2.18,1.14
2011.12.16 08:57:02.993,1.60152,1.60209,1.50,1.14
2011.12.16 08:57:03.606,1.60147,1.60203,1.87,1.14
2011.12.16 08:57:04.425,1.60147,1.60204,1.50,1.14
2011.12.16 08:57:04.683,1.60147,1.60201,2.18,1.14
2011.12.16 08:57:04.819,1.60151,1.60201,1.50,1.14
2011.12.16 08:57:05.435,1.60151,1.60204,1.50,2.56
2011.12.16 08:57:05.747,1.60155,1.60209,2.18,1.14
2011.12.16 08:57:06.684,1.60155,1.60209,2.93,1.14
2011.12.16 08:57:07.262,1.60154,1.6021,1.50,1.14
2011.12.16 08:57:07.447,1.60155,1.60208,1.50,1.14
2011.12.16 08:57:07.572,1.60155,1.60211,1.50,1.81
2011.12.16 08:57:07.938,1.60155,1.60209,2.18,1.14
2011.12.16 08:57:08.315,1.60156,1.60214,2.18,1.14
2011.12.16 08:57:09.488,1.60156,1.60212,2.18,1.14
2011.12.16 08:57:09.556,1.60156,1.60201,1.43,1.14
2011.12.16 08:57:09.626,1.60144,1.60201,3.27,1.14
2011.12.16 08:57:09.699,1.60144,1.60203,3.27,1.14
2011.12.16 08:57:10.003,1.60147,1.60204,1.50,1.81
2011.12.16 08:57:10.079,1.60147,1.60204,1.50,2.56
2011.12.16 08:57:10.770,1.60155,1.60211,1.50,1.14
2011.12.16 08:57:10.839,1.60155,1.60212,1.50,1.14
2011.12.16 08:57:11.329,1.6016,1.60213,1.50,1.14
2011.12.16 08:57:11.397,1.60161,1.60213,2.18,1.14
2011.12.16 08:57:11.464,1.60161,1.60214,2.18,1.14
2011.12.16 08:57:11.775,1.60164,1.60214,1.50,1.14
2011.12.16 08:57:12.441,1.60157,1.60213,1.50,1.14
2011.12.16 08:57:12.694,1.60156,1.60213,2.18,1.14
2011.12.16 08:57:13.196,1.60156,1.60213,2.18,1.51
2011.12.16 08:57:13.265,1.60156,1.60212,2.18,1.51
2011.12.16 08:57:13.336,1.60154,1.60204,1.50,1.43
2011.12.16 08:57:13.468,1.60149,1.60204,1.87,2.18
2011.12.16 08:57:13.843,1.6014,1.60199,1.50,1.14
2011.12.16 08:57:14.162,1.60145,1.60203,1.50,1.14
2011.12.16 08:57:14.684,1.60145,1.60201,2.18,1.51
2011.12.16 08:57:14.932,1.60141,1.60199,1.50,1.14
2011.12.16 08:57:15.465,1.60144,1.60203,2.18,1.14
2011.12.16 08:57:15.614,1.60145,1.60203,1.50,1.14
2011.12.16 08:57:16.355,1.60144,1.60203,2.93,1.14
2011.12.16 08:57:17.280,1.60152,1.60208,2.93,1.14
2011.12.16 08:57:17.642,1.60155,1.60213,1.09,2.56
2011.12.16 08:57:17.774,1.6016,1.60213,1.50,1.80
2011.12.16 08:57:17.962,1.6016,1.60218,2.18,1.48
2011.12.16 08:57:19.195,1.6016,1.60218,2.93,1.48
2011.12.16 08:57:19.263,1.6016,1.60214,1.50,1.14
2011.12.16 08:57:19.836,1.60159,1.60215,2.93,2.56
2011.12.16 08:57:20.174,1.6016,1.60214,1.50,1.14
2011.12.16 08:57:20.309,1.60161,1.60216,1.50,1.51
2011.12.16 08:57:20.499,1.60161,1.60217,1.50,1.14
2011.12.16 08:57:20.567,1.60165,1.60216,2.93,1.14
2011.12.16 08:57:20.638,1.60161,1.60212,1.50,1.13
2011.12.16 08:57:20.893,1.60157,1.60208,1.09,1.81
2011.12.16 08:57:21.485,1.60155,1.60204,1.50,1.13
2011.12.16 08:57:22.212,1.60147,1.60204,1.09,1.51
2011.12.16 08:57:22.541,1.6015,1.60205,1.50,2.15
2011.12.16 08:57:25.884,1.6015,1.60208,1.50,1.14
2011.12.16 08:57:27.067,1.60149,1.60208,1.50,1.14
2011.12.16 08:57:27.260,1.60152,1.60213,2.18,1.51
2011.12.16 08:57:27.960,1.60159,1.60203,2.18,1.10
2011.12.16 08:57:28.031,1.60142,1.60187,1.50,1.13
2011.12.16 08:57:28.100,1.60142,1.60189,1.50,1.47
2011.12.16 08:57:28.687,1.60131,1.60189,2.18,1.48
2011.12.16 08:57:29.024,1.60138,1.60199,2.18,1.89
2011.12.16 08:57:29.600,1.60138,1.60199,2.18,1.89
2011.12.16 08:57:30.562,1.60138,1.60199,2.18,1.89
2011.12.16 08:57:31.109,1.60138,1.60199,2.18,1.89
2011.12.16 08:57:32.008,1.60142,1.60199,2.18,3.31
2011.12.16 08:57:33.017,1.60142,1.60199,2.18,1.43
2011.12.16 08:57:33.209,1.60145,1.60203,2.18,2.15
2011.12.16 08:57:33.476,1.6015,1.60204,2.18,1.14
2011.12.16 08:57:33.725,1.60141,1.60208,2.93,1.81
2011.12.16 08:57:34.242,1.6015,1.60209,2.18,1.14
2011.12.16 08:57:34.643,1.6015,1.60201,2.18,1.14
2011.12.16 08:57:34.897,1.60143,1.60201,2.18,1.14
2011.12.16 08:57:35.024,1.60143,1.60201,1.43,1.14
2011.12.16 08:57:35.628,1.60129,1.6019,1.50,1.14
2011.12.16 08:57:42.125,1.60129,1.60193,1.50,1.81
2011.12.16 08:57:46.262,1.60134,1.60198,2.18,1.14
2011.12.16 08:57:46.392,1.60134,1.60193,2.18,1.14
2011.12.16 08:57:47.973,1.60134,1.60199,2.18,1.14
2011.12.16 08:57:48.481,1.60142,1.60199,2.18,1.14
2011.12.16 08:57:49.042,1.60142,1.60199,2.18,1.14
2011.12.16 08:57:49.183,1.60142,1.60193,2.18,1.14
2011.12.16 08:57:49.696,1.60134,1.60193,2.18,1.14
2011.12.16 08:57:49.947,1.60134,1.60198,2.18,2.98
2011.12.16 08:57:50.194,1.60134,1.60197,1.47,1.81
2011.12.16 08:57:51.188,1.60132,1.60188,2.18,1.14
2011.12.16 08:57:51.259,1.60131,1.60182,1.50,1.43
2011.12.16 08:57:51.326,1.60131,1.60182,1.50,1.43
2011.12.16 08:57:51.516,1.60131,1.60186,1.50,1.43
2011.12.16 08:57:51.645,1.6013,1.60186,2.18,1.81
2011.12.16 08:57:51.953,1.60129,1.60188,2.18,1.51
2011.12.16 08:57:52.029,1.60128,1.60185,1.87,1.13
2011.12.16 08:57:52.094,1.60124,1.60183,1.87,1.14
2011.12.16 08:57:52.402,1.6013,1.60188,2.18,1.14
2011.12.16 08:57:52.935,1.60133,1.60188,1.50,1.14
2011.12.16 08:57:53.365,1.60134,1.60193,1.50,1.51
2011.12.16 08:57:53.915,1.60133,1.60189,1.50,1.14
2011.12.16 08:57:53.985,1.60133,1.60194,1.50,1.51
2011.12.16 08:57:54.425,1.60133,1.60189,1.50,1.13
2011.12.16 08:57:54.556,1.60129,1.60189,1.50,1.51
2011.12.16 08:57:54.927,1.60128,1.60184,1.50,1.14
2011.12.16 08:57:55.410,1.60129,1.60183,2.18,1.14
2011.12.16 08:57:55.479,1.60129,1.60181,2.18,1.13
2011.12.16 08:57:55.542,1.60129,1.60178,2.18,1.14
2011.12.16 08:57:56.025,1.60129,1.60183,1.50,2.94
2011.12.16 08:57:56.096,1.60128,1.60183,1.87,1.13
2011.12.16 08:57:56.169,1.60128,1.60186,1.87,1.14
2011.12.16 08:57:56.238,1.60132,1.60186,2.18,1.14
2011.12.16 08:57:57.204,1.60126,1.6018,2.93,1.13
2011.12.16 08:57:57.279,1.60126,1.60178,2.18,1.14
2011.12.16 08:57:57.462,1.60121,1.60174,1.50,1.14
2011.12.16 08:58:00.255,1.60121,1.60179,1.50,2.56
2011.12.16 08:58:02.732,1.60123,1.60179,1.50,1.81
2011.12.16 08:58:03.042,1.6013,1.60189,2.18,2.56
2011.12.16 08:58:03.592,1.6013,1.60189,2.18,2.56
2011.12.16 08:58:03.668,1.60124,1.60179,1.50,1.14
2011.12.16 08:58:03.852,1.60121,1.60178,1.50,1.81
2011.12.16 08:58:04.405,1.60122,1.60178,1.50,1.81
2011.12.16 08:58:04.643,1.60125,1.60183,2.93,1.81
2011.12.16 08:58:04.783,1.60126,1.60183,2.18,1.51
2011.12.16 08:58:04.914,1.60125,1.60187,2.18,1.14
2011.12.16 08:58:05.046,1.60128,1.60185,1.50,1.14
2011.12.16 08:58:05.657,1.60129,1.60189,1.50,1.89
2011.12.16 08:58:06.162,1.60128,1.60189,1.50,1.89
2011.12.16 08:58:06.904,1.60128,1.60184,1.50,1.14
2011.12.16 08:58:06.974,1.60128,1.60179,1.50,1.84
2011.12.16 08:58:07.163,1.60121,1.60177,1.50,1.10
2011.12.16 08:58:07.233,1.60122,1.60174,1.50,1.48
2011.12.16 08:58:07.603,1.60115,1.60175,1.50,1.10
2011.12.16 08:58:08.121,1.60113,1.60175,2.25,1.10
2011.12.16 08:58:09.203,1.60114,1.60175,1.50,1.10
2011.12.16 08:58:10.079,1.60113,1.60175,2.25,1.10
2011.12.16 08:58:11.405,1.60114,1.60175,1.50,1.10
2011.12.16 08:58:12.414,1.60114,1.60173,1.50,1.48
2011.12.16 08:58:12.556,1.60114,1.6017,1.50,1.14
2011.12.16 08:58:12.687,1.6012,1.60178,1.09,2.19
2011.12.16 08:58:13.289,1.6012,1.60178,1.09,1.81
2011.12.16 08:58:13.363,1.60123,1.60171,1.50,1.43
2011.12.16 08:58:13.498,1.60123,1.60179,1.50,1.13
2011.12.16 08:58:13.562,1.60122,1.60179,1.50,1.51
2011.12.16 08:58:14.075,1.60121,1.60179,1.50,1.51
2011.12.16 08:58:14.688,1.60121,1.6018,1.50,2.19
2011.12.16 08:58:14.758,1.60121,1.60173,1.50,1.14
2011.12.16 08:58:15.318,1.60121,1.60177,1.50,1.10
2011.12.16 08:58:15.569,1.60134,1.60178,2.18,1.48
2011.12.16 08:58:15.699,1.60134,1.60175,1.43,1.14
2011.12.16 08:58:15.766,1.60126,1.60168,1.50,2.18
2011.12.16 08:58:15.899,1.60127,1.60169,1.50,2.55
2011.12.16 08:58:16.203,1.60114,1.60169,1.09,2.15
2011.12.16 08:58:16.770,1.60116,1.60173,2.18,1.48
2011.12.16 08:58:16.838,1.60114,1.60168,1.09,2.90
2011.12.16 08:58:17.476,1.60114,1.60168,1.09,2.90
2011.12.16 08:58:18.205,1.60109,1.60168,2.18,2.56
2011.12.16 08:58:18.824,1.60109,1.60168,2.18,2.56
2011.12.16 08:58:19.997,1.60109,1.60168,2.18,2.56
2011.12.16 08:58:20.665,1.60109,1.60168,2.18,1.81
2011.12.16 08:58:21.178,1.60109,1.60168,2.18,1.81
2011.12.16 08:58:22.042,1.60109,1.60168,2.18,1.81
2011.12.16 08:58:23.216,1.60109,1.60168,2.18,1.81
2011.12.16 08:58:23.746,1.60109,1.60168,2.18,1.81
2011.12.16 08:58:24.698,1.60109,1.60162,2.18,1.84
2011.12.16 08:58:25.286,1.60114,1.60162,2.18,1.84
2011.12.16 08:58:26.656,1.60114,1.60165,1.09,1.14
2011.12.16 08:58:26.844,1.60119,1.60167,2.18,1.09
2011.12.16 08:58:27.619,1.60119,1.60167,2.18,1.09
2011.12.16 08:58:28.162,1.60119,1.60167,2.18,1.48
2011.12.16 08:58:28.906,1.60119,1.60165,2.18,1.09
2011.12.16 08:58:29.034,1.60119,1.60154,1.43,1.13
2011.12.16 08:58:29.163,1.6011,1.60154,1.50,2.55
2011.12.16 08:58:29.234,1.601,1.60154,1.09,1.81
2011.12.16 08:58:29.363,1.60112,1.60166,2.18,1.10
2011.12.16 08:58:30.167,1.60112,1.60168,2.18,1.10
2011.12.16 08:58:31.035,1.60116,1.60169,1.50,2.94
2011.12.16 08:58:31.479,1.60115,1.60168,1.50,2.18
2011.12.16 08:58:31.664,1.60115,1.60168,1.50,1.43
2011.12.16 08:58:31.795,1.60117,1.60174,2.18,1.14
2011.12.16 08:58:32.459,1.60119,1.60176,2.18,2.23
2011.12.16 08:58:32.531,1.60119,1.6017,2.18,1.48
2011.12.16 08:58:32.669,1.60123,1.60173,1.09,1.51
2011.12.16 08:58:32.917,1.60123,1.60174,1.09,1.14
2011.12.16 08:58:32.990,1.60121,1.60168,2.18,1.09
2011.12.16 08:58:33.059,1.60128,1.60168,1.43,1.09
2011.12.16 08:58:33.307,1.60118,1.60179,2.18,3.28
2011.12.16 08:58:34.113,1.60118,1.60179,2.93,3.28
2011.12.16 08:58:35.068,1.60118,1.60179,2.18,3.28
2011.12.16 08:58:35.138,1.60118,1.60179,2.93,3.28
2011.12.16 08:58:35.382,1.60118,1.60174,2.93,1.14
2011.12.16 08:58:36.193,1.60118,1.60178,2.18,1.14
2011.12.16 08:58:37.836,1.60118,1.60178,2.93,1.14
2011.12.16 08:58:37.903,1.60118,1.60174,2.93,1.14
2011.12.16 08:58:39.195,1.60118,1.60178,2.18,1.14
2011.12.16 08:58:39.726,1.60118,1.60178,2.93,1.14
2011.12.16 08:58:39.993,1.60118,1.60174,2.93,1.14
2011.12.16 08:58:43.135,1.60118,1.60179,2.18,3.28
2011.12.16 08:58:43.265,1.60118,1.60174,2.93,1.14
2011.12.16 08:58:45.585,1.60121,1.60178,2.18,2.56
2011.12.16 08:58:45.717,1.6012,1.60174,2.18,1.14
2011.12.16 08:58:45.786,1.60115,1.60171,2.18,1.81
2011.12.16 08:58:46.520,1.60117,1.60173,2.18,2.56
2011.12.16 08:58:47.372,1.60117,1.60173,2.18,2.56
2011.12.16 08:58:47.925,1.60117,1.60173,2.18,2.56
2011.12.16 08:58:48.236,1.60117,1.60173,2.18,1.81
2011.12.16 08:58:48.310,1.60121,1.60171,1.50,1.43
2011.12.16 08:58:48.382,1.60121,1.60171,1.50,1.43
2011.12.16 08:58:48.952,1.60123,1.6018,2.18,1.10
2011.12.16 08:58:49.189,1.60129,1.60183,2.18,1.14
2011.12.16 08:58:49.317,1.60129,1.60187,2.18,1.51
2011.12.16 08:58:49.388,1.60129,1.6018,2.18,1.14
2011.12.16 08:58:49.777,1.60124,1.60172,2.18,1.14
2011.12.16 08:58:50.470,1.60114,1.60166,1.50,1.81
2011.12.16 08:58:50.973,1.60112,1.60166,1.50,1.81
2011.12.16 08:58:51.853,1.60111,1.60166,1.50,1.81
2011.12.16 08:58:52.044,1.60112,1.60166,1.50,1.81
2011.12.16 08:58:52.668,1.60129,1.60173,2.18,1.14
2011.12.16 08:58:52.743,1.60131,1.60181,2.18,1.14
2011.12.16 08:58:53.279,1.60131,1.60183,2.18,1.10
2011.12.16 08:58:53.836,1.60131,1.60183,2.18,1.10
2011.12.16 08:58:54.283,1.60126,1.60178,2.18,1.14
2011.12.16 08:58:55.135,1.60123,1.60179,2.93,1.14
2011.12.16 08:58:57.727,1.60124,1.60183,1.50,2.15
2011.12.16 08:58:57.796,1.60124,1.60179,1.50,1.14
2011.12.16 08:58:58.209,1.60124,1.60183,1.50,2.15
2011.12.16 08:58:58.463,1.60123,1.60179,2.93,1.14
2011.12.16 08:59:02.324,1.60123,1.60183,2.93,2.90
2011.12.16 08:59:02.544,1.60123,1.60179,2.93,1.14
2011.12.16 08:59:02.924,1.60123,1.60183,2.93,2.15
2011.12.16 08:59:03.638,1.60124,1.60183,1.50,2.15
2011.12.16 08:59:04.523,1.60124,1.60179,1.50,1.14
2011.12.16 08:59:04.977,1.60124,1.60183,1.50,2.15
2011.12.16 08:59:05.161,1.60123,1.60183,2.93,1.81
2011.12.16 08:59:08.988,1.60123,1.6018,2.93,1.14
2011.12.16 08:59:09.568,1.60123,1.60178,2.93,1.50
2011.12.16 08:59:09.640,1.60118,1.60173,2.18,2.19
2011.12.16 08:59:09.710,1.60118,1.60168,2.18,1.14
2011.12.16 08:59:09.780,1.60119,1.60162,1.43,1.13
2011.12.16 08:59:09.964,1.60109,1.60158,1.50,1.14
2011.12.16 08:59:10.499,1.6011,1.60158,1.50,1.14
2011.12.16 08:59:10.562,1.6011,1.60156,1.50,1.14
2011.12.16 08:59:13.382,1.60101,1.60156,1.50,1.84
2011.12.16 08:59:13.457,1.60101,1.60149,1.50,1.09
2011.12.16 08:59:14.082,1.60093,1.60149,1.87,1.48
2011.12.16 08:59:15.311,1.60094,1.60149,1.50,1.48
2011.12.16 08:59:15.372,1.60094,1.60152,1.50,2.15
2011.12.16 08:59:16.098,1.60099,1.60154,2.18,2.18
2011.12.16 08:59:21.445,1.60099,1.60156,2.18,1.81
2011.12.16 08:59:21.882,1.60106,1.60161,2.93,1.14
2011.12.16 08:59:22.389,1.60106,1.60165,2.93,1.81
2011.12.16 08:59:22.922,1.60106,1.60165,2.93,1.81
2011.12.16 08:59:22.990,1.60106,1.60165,2.93,1.81
2011.12.16 08:59:23.207,1.60106,1.60164,2.18,1.14
2011.12.16 08:59:24.137,1.60106,1.60162,2.18,1.14
2011.12.16 08:59:24.245,1.60106,1.60164,2.18,1.14
2011.12.16 08:59:24.472,1.60106,1.60162,2.18,1.14
2011.12.16 08:59:24.576,1.60106,1.60164,2.18,1.14
2011.12.16 08:59:25.347,1.60112,1.60162,1.09,1.81
2011.12.16 08:59:25.848,1.60112,1.60162,1.09,1.81
2011.12.16 08:59:26.295,1.60112,1.60162,1.09,1.81
2011.12.16 08:59:27.757,1.60112,1.60162,1.09,1.81
2011.12.16 08:59:28.004,1.60128,1.60169,1.09,1.43
2011.12.16 08:59:28.074,1.60128,1.60178,1.09,2.90
2011.12.16 08:59:28.483,1.60128,1.60178,1.09,2.15
2011.12.16 08:59:28.552,1.60129,1.60178,1.50,1.77
2011.12.16 08:59:29.198,1.60129,1.60183,2.18,1.09
2011.12.16 08:59:30.604,1.60113,1.60168,1.50,1.09
2011.12.16 08:59:30.928,1.60114,1.60169,2.18,1.10
2011.12.16 08:59:31.175,1.60114,1.60169,2.18,1.85
2011.12.16 08:59:31.245,1.60114,1.60164,2.18,1.14
2011.12.16 08:59:32.124,1.60114,1.60169,2.18,1.14
2011.12.16 08:59:32.617,1.60113,1.60164,2.18,1.14
2011.12.16 08:59:33.217,1.60113,1.60171,2.18,2.19
2011.12.16 08:59:33.288,1.60113,1.60164,2.18,1.14
2011.12.16 08:59:33.606,1.60112,1.60169,2.18,1.14
2011.12.16 08:59:33.914,1.60113,1.60165,2.93,1.14
2011.12.16 08:59:34.367,1.60112,1.60169,2.18,1.51
2011.12.16 08:59:35.020,1.60113,1.60169,2.18,1.14
2011.12.16 08:59:35.202,1.60114,1.60169,2.18,1.14
2011.12.16 08:59:36.576,1.60114,1.60169,2.18,1.14
2011.12.16 08:59:39.306,1.60112,1.60165,1.50,2.18
2011.12.16 08:59:39.495,1.60107,1.60159,1.50,1.13
2011.12.16 08:59:39.600,1.60107,1.60157,1.50,1.43
2011.12.16 08:59:39.916,1.60102,1.6016,1.50,1.14
2011.12.16 08:59:40.724,1.60103,1.60164,1.50,1.48
2011.12.16 08:59:40.851,1.6011,1.60168,1.50,1.14
2011.12.16 08:59:41.214,1.60107,1.60159,2.18,1.14
2011.12.16 08:59:45.649,1.60102,1.60164,1.50,1.14
2011.12.16 08:59:45.723,1.60114,1.60169,2.18,1.14
2011.12.16 08:59:45.854,1.60118,1.60173,1.50,1.14
2011.12.16 08:59:45.924,1.60118,1.60173,1.50,1.14
2011.12.16 08:59:46.714,1.60119,1.60172,1.50,1.14
2011.12.16 08:59:47.022,1.60116,1.60168,2.18,1.14
2011.12.16 08:59:55.919,1.60122,1.60173,1.09,1.14
2011.12.16 08:59:56.223,1.60121,1.60173,2.18,1.48
2011.12.16 08:59:56.771,1.60121,1.60173,2.18,1.48
2011.12.16 08:59:58.770,1.60121,1.60173,2.18,1.85
2011.12.16 08:59:59.125,1.60111,1.60169,2.93,1.48
2011.12.16 08:59:59.296,1.60111,1.60168,1.50,1.48
2011.12.16 08:59:59.449,1.60112,1.60166,1.50,1.09
2011.12.16 08:59:59.757,1.60112,1.60164,1.50,1.14
