2015.04.21 22:00:00.287,1.83216,1.83332,0.75,1.50
2015.04.21 22:00:00.592,1.83222,1.83332,0.75,0.75
2015.04.21 22:00:00.894,1.83229,1.83332,0.37,0.75
2015.04.21 22:00:00.944,1.83222,1.83327,0.75,0.75
2015.04.21 22:00:01.095,1.83223,1.83332,0.75,0.75
2015.04.21 22:00:01.196,1.83223,1.83327,0.75,0.75
2015.04.21 22:00:01.297,1.83223,1.83332,1.50,0.75
2015.04.21 22:00:01.562,1.83225,1.83332,1.50,0.75
2015.04.21 22:00:01.905,1.83229,1.83332,0.75,0.75
2015.04.21 22:00:02.207,1.83228,1.83337,0.75,0.75
2015.04.21 22:00:02.609,1.83229,1.83335,1.50,1.50
2015.04.21 22:00:02.961,1.83229,1.83331,0.75,0.75
2015.04.21 22:00:04.149,1.8323,1.83331,0.75,0.75
2015.04.21 22:00:04.895,1.83223,1.83331,0.75,0.75
2015.04.21 22:00:04.945,1.83221,1.83325,0.75,0.75
2015.04.21 22:00:05.453,1.8322,1.83326,0.75,0.75
2015.04.21 22:00:05.955,1.83219,1.83326,0.75,0.75
2015.04.21 22:00:06.262,1.83224,1.83327,0.75,0.75
2015.04.21 22:00:06.788,1.83225,1.83326,0.75,0.75
2015.04.21 22:00:07.099,1.83229,1.83326,0.75,0.75
2015.04.21 22:00:07.624,1.83228,1.83326,1.50,0.75
2015.04.21 22:00:07.950,1.8323,1.83327,0.75,0.75
2015.04.21 22:00:08.873,1.8323,1.83332,0.75,1.50
2015.04.21 22:00:09.075,1.83232,1.83332,0.75,0.75
2015.04.21 22:00:09.528,1.83225,1.83328,0.75,0.37
2015.04.21 22:00:09.988,1.83217,1.83325,0.37,0.75
2015.04.21 22:00:10.089,1.83213,1.83325,0.75,0.75
2015.04.21 22:00:10.391,1.83213,1.83322,3.00,0.75
2015.04.21 22:00:10.700,1.83212,1.83313,2.25,0.37
2015.04.21 22:00:11.002,1.83217,1.83313,0.75,0.37
2015.04.21 22:00:11.611,1.83221,1.83312,0.75,0.37
2015.04.21 22:00:11.712,1.83225,1.83318,0.75,0.37
2015.04.21 22:00:12.411,1.83225,1.83317,0.75,0.37
2015.04.21 22:00:13.024,1.83231,1.83317,0.75,0.37
2015.04.21 22:00:13.597,1.8323,1.83318,0.75,0.37
2015.04.21 22:00:14.232,1.83229,1.83318,0.75,0.37
2015.04.21 22:00:15.012,1.83228,1.83318,0.75,0.37
2015.04.21 22:00:15.440,1.83229,1.83313,0.75,0.37
2015.04.21 22:00:15.796,1.83227,1.83313,0.75,0.37
2015.04.21 22:00:15.896,1.83227,1.83323,0.75,0.37
2015.04.21 22:00:15.947,1.83227,1.83328,0.75,1.12
2015.04.21 22:00:15.998,1.8323,1.83328,0.75,1.12
2015.04.21 22:00:17.852,1.83242,1.83328,0.75,0.37
2015.04.21 22:00:18.361,1.83242,1.83327,0.75,0.37
2015.04.21 22:00:18.877,1.83242,1.83328,0.75,0.37
2015.04.21 22:00:19.368,1.83243,1.83313,0.75,0.75
2015.04.21 22:00:19.914,1.83243,1.83312,1.50,0.75
2015.04.21 22:00:20.423,1.83242,1.83313,1.50,0.75
2015.04.21 22:00:21.705,1.83242,1.83327,0.75,0.75
2015.04.21 22:00:21.755,1.83242,1.83324,0.75,0.75
2015.04.21 22:00:22.064,1.83242,1.83322,0.75,0.75
2015.04.21 22:00:22.383,1.83243,1.83312,0.75,0.75
2015.04.21 22:00:22.535,1.83241,1.83327,0.75,0.75
2015.04.21 22:00:22.635,1.83242,1.83324,0.75,0.75
2015.04.21 22:00:22.736,1.83238,1.83324,0.75,0.75
2015.04.21 22:00:22.938,1.83241,1.83323,0.75,0.75
2015.04.21 22:00:23.240,1.83239,1.83327,0.75,1.87
2015.04.21 22:00:23.788,1.83239,1.83326,0.75,0.75
2015.04.21 22:00:23.858,1.83239,1.83313,0.75,0.75
2015.04.21 22:00:24.941,1.83239,1.83312,0.75,0.75
2015.04.21 22:00:25.455,1.83238,1.83326,0.75,0.75
2015.04.21 22:00:25.505,1.83238,1.83321,0.75,0.75
2015.04.21 22:00:25.943,1.83238,1.83313,0.75,0.75
2015.04.21 22:00:28.234,1.83239,1.83313,0.75,0.75
2015.04.21 22:00:28.799,1.83238,1.83312,0.75,0.75
2015.04.21 22:00:28.850,1.83235,1.83311,0.75,0.75
2015.04.21 22:00:28.951,1.83231,1.83306,0.75,0.75
2015.04.21 22:00:29.001,1.83225,1.83306,0.75,0.75
2015.04.21 22:00:29.052,1.83221,1.83306,0.75,0.75
2015.04.21 22:00:29.152,1.83213,1.83311,0.75,0.75
2015.04.21 22:00:29.405,1.83213,1.83313,0.75,0.75
2015.04.21 22:00:29.907,1.83213,1.83312,0.75,0.75
2015.04.21 22:00:30.415,1.83213,1.83315,0.75,0.75
2015.04.21 22:00:30.954,1.83213,1.83316,0.75,0.75
2015.04.21 22:00:31.059,1.83214,1.83313,0.75,0.75
2015.04.21 22:00:31.622,1.83213,1.83313,0.75,0.75
2015.04.21 22:00:32.150,1.83214,1.83313,0.75,1.50
2015.04.21 22:00:32.661,1.83213,1.83312,0.75,0.75
2015.04.21 22:00:33.225,1.83213,1.83313,0.75,1.50
2015.04.21 22:00:33.844,1.83214,1.83313,0.75,0.75
2015.04.21 22:00:34.476,1.83213,1.83313,0.75,1.12
2015.04.21 22:00:34.979,1.83213,1.83314,0.75,0.75
2015.04.21 22:00:35.545,1.83214,1.83313,0.75,0.75
2015.04.21 22:00:36.071,1.83213,1.83313,0.75,0.75
2015.04.21 22:00:36.482,1.83213,1.83308,0.75,0.75
2015.04.21 22:00:37.013,1.83213,1.83313,0.75,0.75
2015.04.21 22:00:37.559,1.83213,1.83314,0.75,0.75
2015.04.21 22:00:37.610,1.83213,1.83308,0.75,0.75
2015.04.21 22:00:37.806,1.83213,1.83314,0.75,1.50
2015.04.21 22:00:38.361,1.83214,1.83313,0.75,0.75
2015.04.21 22:00:38.412,1.83214,1.83308,0.75,0.75
2015.04.21 22:00:38.942,1.83214,1.83307,0.75,0.75
2015.04.21 22:00:39.603,1.83213,1.83307,0.75,0.75
2015.04.21 22:00:40.163,1.83213,1.83308,0.75,0.75
2015.04.21 22:00:40.423,1.83213,1.83312,0.75,0.75
2015.04.21 22:00:40.942,1.83213,1.83313,0.75,0.75
2015.04.21 22:00:41.444,1.83213,1.83307,0.75,0.75
2015.04.21 22:00:41.977,1.83213,1.83308,0.75,0.75
2015.04.21 22:00:42.577,1.83214,1.83308,0.75,0.75
2015.04.21 22:00:43.177,1.83213,1.83308,1.50,0.75
2015.04.21 22:00:44.126,1.83213,1.83307,0.75,0.75
2015.04.21 22:00:44.633,1.83213,1.83308,0.75,0.75
2015.04.21 22:00:45.367,1.83213,1.83307,0.75,0.75
2015.04.21 22:00:45.884,1.83213,1.83308,0.75,0.75
2015.04.21 22:00:45.935,1.83213,1.83314,0.75,0.75
2015.04.21 22:00:46.186,1.83213,1.83317,0.75,0.37
2015.04.21 22:00:46.237,1.83213,1.83308,0.75,0.37
2015.04.21 22:00:46.585,1.83214,1.83302,0.75,0.75
2015.04.21 22:00:46.837,1.83213,1.83307,0.75,0.37
2015.04.21 22:00:47.238,1.83213,1.83313,0.75,0.37
2015.04.21 22:00:47.384,1.83213,1.83298,0.75,0.75
2015.04.21 22:00:47.907,1.83213,1.83297,0.75,0.75
2015.04.21 22:00:48.584,1.83213,1.83308,0.75,0.37
2015.04.21 22:00:48.990,1.83213,1.83313,0.75,1.12
2015.04.21 22:00:49.344,1.83213,1.83303,0.75,0.75
2015.04.21 22:00:49.395,1.83208,1.83303,0.75,0.75
2015.04.21 22:00:49.998,1.83206,1.83303,0.75,0.75
2015.04.21 22:00:50.510,1.83207,1.83303,0.75,0.75
2015.04.21 22:00:51.053,1.83206,1.83303,0.75,0.75
2015.04.21 22:00:51.601,1.83207,1.83302,0.75,0.75
2015.04.21 22:00:51.652,1.83207,1.83308,0.75,0.37
2015.04.21 22:00:51.853,1.83207,1.83314,0.75,0.75
2015.04.21 22:00:52.197,1.83206,1.83308,0.75,0.75
2015.04.21 22:00:52.894,1.83206,1.83318,0.75,0.37
2015.04.21 22:00:52.995,1.83206,1.83313,0.75,0.37
2015.04.21 22:00:53.529,1.83207,1.83312,0.75,0.75
2015.04.21 22:00:53.831,1.83207,1.83308,0.75,0.75
2015.04.21 22:00:55.363,1.83207,1.83307,0.75,1.12
2015.04.21 22:00:55.954,1.83206,1.83308,0.75,1.12
2015.04.21 22:00:56.498,1.83206,1.83303,0.75,0.37
2015.04.21 22:00:57.589,1.83207,1.83303,0.37,0.75
2015.04.21 22:00:58.623,1.83208,1.83303,0.75,0.75
2015.04.21 22:00:58.674,1.83208,1.83314,0.75,0.75
2015.04.21 22:00:58.926,1.83206,1.83314,0.75,0.75
2015.04.21 22:00:59.190,1.83206,1.83308,1.50,0.75
2015.04.21 22:00:59.676,1.83206,1.83314,1.50,0.75
2015.04.21 22:01:00.180,1.83207,1.83303,1.50,0.75
2015.04.21 22:01:00.382,1.83206,1.83316,0.75,0.75
2015.04.21 22:01:00.482,1.83206,1.83308,0.75,0.37
2015.04.21 22:01:01.183,1.83206,1.83313,0.75,1.12
2015.04.21 22:01:01.382,1.83206,1.83302,0.75,0.75
2015.04.21 22:01:01.715,1.83206,1.83313,0.75,1.12
2015.04.21 22:01:01.839,1.83206,1.83311,0.75,0.75
2015.04.21 22:01:02.219,1.83206,1.83308,0.75,0.75
2015.04.21 22:01:02.720,1.83206,1.83307,0.75,0.75
2015.04.21 22:01:03.253,1.83207,1.83308,0.75,0.75
2015.04.21 22:01:03.814,1.83206,1.83308,0.75,0.75
2015.04.21 22:01:04.335,1.83206,1.83307,0.75,0.75
2015.04.21 22:01:04.939,1.83207,1.83307,0.75,0.75
2015.04.21 22:01:05.482,1.83206,1.83308,0.75,0.75
2015.04.21 22:01:06.497,1.83206,1.83307,0.75,1.12
2015.04.21 22:01:07.161,1.83207,1.83307,0.75,1.12
2015.04.21 22:01:07.747,1.83207,1.83308,0.75,0.37
2015.04.21 22:01:08.332,1.83206,1.83303,0.75,0.75
2015.04.21 22:01:08.858,1.83207,1.83303,0.75,1.12
2015.04.21 22:01:09.489,1.83206,1.83303,0.75,1.12
2015.04.21 22:01:10.032,1.83207,1.83303,0.75,1.12
2015.04.21 22:01:10.087,1.83204,1.83303,0.75,1.12
2015.04.21 22:01:10.239,1.83204,1.83298,0.75,0.37
2015.04.21 22:01:10.764,1.83202,1.83298,0.37,0.37
2015.04.21 22:01:10.865,1.83197,1.83297,0.75,0.37
2015.04.21 22:01:10.917,1.83197,1.83293,0.75,0.37
2015.04.21 22:01:11.503,1.83199,1.83293,0.75,0.37
2015.04.21 22:01:11.554,1.83199,1.83297,0.75,0.37
2015.04.21 22:01:11.604,1.83204,1.83297,0.75,1.12
2015.04.21 22:01:11.705,1.83197,1.83299,0.75,0.75
2015.04.21 22:01:11.806,1.83198,1.83294,0.75,0.75
2015.04.21 22:01:12.436,1.83198,1.83303,0.75,1.12
2015.04.21 22:01:12.486,1.83202,1.83302,0.75,0.37
2015.04.21 22:01:12.790,1.83197,1.83287,0.75,0.37
2015.04.21 22:01:13.446,1.83198,1.83288,0.75,0.37
2015.04.21 22:01:13.598,1.83192,1.83288,1.87,0.37
2015.04.21 22:01:14.002,1.83192,1.833,1.50,0.75
2015.04.21 22:01:14.425,1.83192,1.83302,1.50,0.75
2015.04.21 22:01:14.475,1.83202,1.83298,0.75,0.75
2015.04.21 22:01:14.576,1.83192,1.83297,0.75,1.50
2015.04.21 22:01:14.677,1.8319,1.83292,1.50,0.75
2015.04.21 22:01:14.780,1.8319,1.83295,0.75,0.75
2015.04.21 22:01:14.853,1.8319,1.83298,0.75,2.62
2015.04.21 22:01:15.466,1.83191,1.83297,0.75,0.37
2015.04.21 22:01:15.567,1.83191,1.833,0.75,0.75
2015.04.21 22:01:16.067,1.83191,1.83297,0.75,0.75
2015.04.21 22:01:16.686,1.83191,1.83298,0.75,0.75
2015.04.21 22:01:18.524,1.83202,1.83298,0.75,0.75
2015.04.21 22:01:18.575,1.83202,1.83303,0.75,0.37
2015.04.21 22:01:18.625,1.83197,1.83291,1.50,1.50
2015.04.21 22:01:18.726,1.83196,1.83299,1.50,2.25
2015.04.21 22:01:18.827,1.83189,1.83299,2.25,2.25
2015.04.21 22:01:19.079,1.83189,1.83301,1.50,0.75
2015.04.21 22:01:19.377,1.83189,1.83292,1.50,0.75
2015.04.21 22:01:19.878,1.83189,1.83293,1.50,0.75
2015.04.21 22:01:19.979,1.83189,1.83302,1.50,1.50
2015.04.21 22:01:20.480,1.83189,1.83297,1.50,0.75
2015.04.21 22:01:20.982,1.83189,1.83298,1.50,0.75
2015.04.21 22:01:21.809,1.83189,1.83297,1.50,0.75
2015.04.21 22:01:22.565,1.83189,1.83298,1.50,0.75
2015.04.21 22:01:23.289,1.83189,1.83297,1.50,0.75
2015.04.21 22:01:23.923,1.83189,1.83298,1.50,0.75
2015.04.21 22:01:25.696,1.83189,1.83297,1.50,0.75
2015.04.21 22:01:26.233,1.83189,1.83298,1.50,0.75
2015.04.21 22:01:26.583,1.832,1.83305,0.75,0.75
2015.04.21 22:01:27.000,1.83199,1.83298,0.75,0.75
2015.04.21 22:01:27.251,1.83187,1.83288,1.50,0.75
2015.04.21 22:01:27.352,1.83186,1.83293,2.25,0.75
2015.04.21 22:01:27.912,1.83187,1.83283,0.75,0.75
2015.04.21 22:01:28.555,1.83186,1.83283,0.75,0.75
2015.04.21 22:01:29.109,1.83187,1.83283,0.75,0.75
2015.04.21 22:01:29.941,1.83186,1.8329,0.75,0.75
2015.04.21 22:01:30.420,1.83187,1.83272,0.75,0.75
2015.04.21 22:01:30.962,1.83186,1.83273,0.75,0.75
2015.04.21 22:01:31.766,1.83187,1.83273,0.75,0.75
2015.04.21 22:01:32.418,1.83186,1.83273,0.75,0.75
2015.04.21 22:01:32.946,1.83187,1.83273,0.75,0.75
2015.04.21 22:01:33.230,1.83176,1.83283,0.75,0.75
2015.04.21 22:01:33.331,1.83175,1.83285,0.75,3.00
2015.04.21 22:01:33.382,1.83172,1.83285,1.12,2.25
2015.04.21 22:01:33.583,1.83175,1.83285,0.75,0.75
2015.04.21 22:01:33.941,1.83171,1.83285,2.25,0.75
2015.04.21 22:01:34.170,1.83178,1.83284,0.75,0.75
2015.04.21 22:01:34.472,1.8318,1.83277,0.37,0.37
2015.04.21 22:01:34.523,1.83172,1.83277,1.50,0.37
2015.04.21 22:01:35.040,1.83172,1.83278,0.75,1.12
2015.04.21 22:01:35.429,1.83171,1.83268,1.12,0.75
2015.04.21 22:01:36.532,1.83171,1.83278,1.12,0.75
2015.04.21 22:01:36.933,1.83172,1.83267,0.75,0.75
2015.04.21 22:01:37.937,1.83172,1.83268,0.75,0.75
2015.04.21 22:01:38.337,1.83171,1.83278,1.12,0.75
2015.04.21 22:01:38.388,1.83173,1.83279,0.75,0.75
2015.04.21 22:01:38.489,1.83172,1.83283,0.75,0.37
2015.04.21 22:01:38.741,1.83174,1.83285,0.37,0.75
2015.04.21 22:01:39.072,1.83174,1.83273,0.37,0.75
2015.04.21 22:01:39.952,1.83174,1.83272,0.37,0.75
2015.04.21 22:01:40.545,1.83174,1.83285,0.37,0.75
2015.04.21 22:01:41.065,1.83174,1.83272,0.37,0.75
2015.04.21 22:01:41.289,1.83181,1.83285,0.37,0.75
2015.04.21 22:01:41.491,1.83186,1.83293,1.50,0.37
2015.04.21 22:01:41.974,1.83186,1.83297,1.50,0.75
2015.04.21 22:01:42.359,1.83186,1.83299,0.75,0.75
2015.04.21 22:01:43.291,1.83186,1.83298,0.75,0.37
2015.04.21 22:01:43.806,1.83185,1.83298,2.25,1.12
2015.04.21 22:01:43.907,1.83186,1.8329,0.75,0.75
2015.04.21 22:01:44.413,1.83185,1.83289,0.75,0.75
2015.04.21 22:01:45.059,1.83185,1.83283,0.75,0.75
2015.04.21 22:01:45.605,1.83186,1.83283,0.75,0.75
2015.04.21 22:01:46.267,1.83185,1.83283,0.75,0.75
2015.04.21 22:01:46.367,1.83185,1.83287,0.75,0.37
2015.04.21 22:01:46.865,1.83185,1.83282,0.75,0.75
2015.04.21 22:01:46.973,1.83185,1.83288,0.75,0.37
2015.04.21 22:01:47.255,1.8318,1.83287,0.75,1.12
2015.04.21 22:01:47.356,1.83174,1.83286,2.25,0.75
2015.04.21 22:01:47.674,1.83173,1.83273,2.25,0.75
2015.04.21 22:01:48.464,1.83174,1.83273,0.75,0.75
2015.04.21 22:01:48.990,1.83173,1.83272,2.25,0.75
2015.04.21 22:01:49.546,1.83174,1.83273,0.75,0.75
2015.04.21 22:01:50.053,1.83173,1.83273,0.75,0.75
2015.04.21 22:01:50.614,1.83173,1.83272,0.75,0.75
2015.04.21 22:01:51.172,1.83174,1.83273,0.75,0.75
2015.04.21 22:01:51.715,1.83173,1.83273,0.75,0.75
2015.04.21 22:01:52.333,1.83173,1.83272,0.75,0.75
2015.04.21 22:01:53.287,1.83173,1.83273,0.75,0.75
2015.04.21 22:01:56.426,1.83174,1.83272,0.75,0.75
2015.04.21 22:01:56.954,1.83173,1.83272,0.75,0.75
2015.04.21 22:01:57.633,1.83173,1.83262,0.75,0.75
2015.04.21 22:01:58.157,1.83173,1.83257,0.75,0.75
2015.04.21 22:01:58.691,1.83174,1.83257,0.75,0.75
2015.04.21 22:01:59.350,1.83173,1.83257,0.75,0.75
2015.04.21 22:01:59.912,1.83174,1.83257,0.75,0.75
2015.04.21 22:02:00.574,1.83174,1.83251,0.75,0.75
2015.04.21 22:02:00.912,1.83174,1.83242,0.75,0.75
2015.04.21 22:02:01.356,1.83176,1.83242,0.75,0.75
2015.04.21 22:02:01.567,1.83176,1.83246,0.75,0.75
2015.04.21 22:02:02.008,1.83179,1.83246,0.75,0.75
2015.04.21 22:02:02.552,1.83179,1.83267,0.75,0.75
2015.04.21 22:02:02.652,1.83173,1.83272,0.75,0.75
2015.04.21 22:02:03.306,1.83173,1.83273,0.75,0.75
2015.04.21 22:02:03.360,1.83175,1.83272,0.75,0.75
2015.04.21 22:02:04.175,1.83175,1.83273,0.75,0.75
2015.04.21 22:02:04.464,1.83187,1.83288,1.12,0.75
2015.04.21 22:02:04.515,1.83187,1.83292,0.37,1.50
2015.04.21 22:02:04.615,1.83187,1.83298,0.37,0.37
2015.04.21 22:02:05.135,1.83186,1.83297,0.75,1.12
2015.04.21 22:02:05.186,1.83186,1.83293,0.75,0.75
2015.04.21 22:02:05.693,1.83187,1.83293,0.75,0.75
2015.04.21 22:02:06.438,1.83186,1.83293,0.75,0.75
2015.04.21 22:02:06.940,1.83187,1.83293,0.75,0.75
2015.04.21 22:02:07.442,1.83186,1.83293,0.75,0.75
2015.04.21 22:02:07.959,1.83186,1.83292,0.75,0.75
2015.04.21 22:02:08.795,1.83186,1.83293,0.75,0.75
2015.04.21 22:02:09.372,1.83187,1.83293,0.75,0.75
2015.04.21 22:02:09.898,1.83188,1.83292,0.37,1.12
2015.04.21 22:02:10.179,1.83186,1.83292,0.75,0.75
2015.04.21 22:02:10.822,1.83186,1.83293,0.75,0.75
2015.04.21 22:02:11.479,1.83187,1.83293,0.75,0.75
2015.04.21 22:02:12.153,1.83186,1.83293,0.75,0.75
2015.04.21 22:02:12.658,1.83187,1.83293,0.75,0.75
2015.04.21 22:02:13.415,1.83188,1.83292,0.37,0.75
2015.04.21 22:02:14.209,1.83187,1.83293,1.12,1.12
2015.04.21 22:02:15.751,1.83192,1.83293,0.37,1.12
2015.04.21 22:02:16.377,1.83193,1.83292,0.37,1.12
2015.04.21 22:02:16.970,1.83192,1.83293,0.37,1.12
2015.04.21 22:02:18.570,1.83193,1.83292,0.37,1.12
2015.04.21 22:02:19.077,1.83192,1.83293,0.37,1.12
2015.04.21 22:02:20.188,1.83192,1.83288,0.37,0.37
2015.04.21 22:02:20.742,1.83193,1.83287,0.37,0.37
2015.04.21 22:02:22.296,1.83192,1.83288,0.37,0.37
2015.04.21 22:02:23.400,1.83193,1.83287,0.37,0.37
2015.04.21 22:02:23.951,1.83192,1.83288,0.37,0.37
2015.04.21 22:02:24.374,1.83198,1.83292,0.37,1.12
2015.04.21 22:02:24.508,1.83186,1.83293,0.75,0.75
2015.04.21 22:02:24.609,1.83184,1.83293,1.50,0.75
2015.04.21 22:02:25.137,1.83185,1.83293,0.75,0.75
2015.04.21 22:02:25.796,1.83184,1.83293,2.25,0.75
2015.04.21 22:02:26.107,1.83187,1.83293,0.37,0.75
2015.04.21 22:02:27.232,1.83185,1.83292,1.50,0.75
2015.04.21 22:02:27.781,1.83184,1.83293,0.75,0.75
2015.04.21 22:02:28.290,1.83185,1.83293,0.75,0.75
2015.04.21 22:02:29.112,1.83184,1.83293,0.75,0.75
2015.04.21 22:02:29.883,1.83185,1.83293,0.75,0.75
2015.04.21 22:02:30.426,1.83185,1.83292,0.75,0.75
2015.04.21 22:02:30.965,1.83184,1.83292,0.75,0.75
2015.04.21 22:02:31.479,1.83185,1.83292,0.75,0.75
2015.04.21 22:02:31.593,1.83185,1.83287,0.75,0.75
2015.04.21 22:02:32.243,1.83185,1.83283,0.75,0.75
2015.04.21 22:02:32.783,1.83184,1.83282,0.75,0.75
2015.04.21 22:02:34.022,1.83185,1.83282,0.75,0.75
2015.04.21 22:02:35.691,1.83184,1.83282,0.75,0.75
2015.04.21 22:02:39.834,1.83185,1.83282,0.75,0.75
2015.04.21 22:02:40.351,1.83184,1.83281,0.75,0.75
2015.04.21 22:02:40.882,1.83185,1.83281,0.75,0.75
2015.04.21 22:02:41.429,1.83184,1.83281,0.75,0.75
2015.04.21 22:02:42.822,1.83185,1.83281,0.75,0.75
2015.04.21 22:02:43.368,1.83185,1.83282,0.75,1.50
2015.04.21 22:02:43.948,1.83184,1.83282,0.75,0.75
2015.04.21 22:02:45.070,1.83178,1.83282,2.25,0.75
2015.04.21 22:02:45.341,1.83178,1.83262,2.25,0.75
2015.04.21 22:02:45.680,1.8318,1.83262,0.75,0.75
2015.04.21 22:02:45.942,1.83178,1.83262,0.75,0.75
2015.04.21 22:02:46.637,1.83179,1.83262,0.75,0.75
2015.04.21 22:02:47.398,1.83178,1.83262,0.75,0.75
2015.04.21 22:02:48.051,1.83178,1.83257,0.75,0.75
2015.04.21 22:02:48.577,1.83177,1.83256,0.75,0.75
2015.04.21 22:02:49.109,1.83178,1.83257,0.75,0.75
2015.04.21 22:02:51.613,1.83182,1.83257,0.75,0.75
2015.04.21 22:02:56.540,1.83183,1.83257,0.75,0.75
2015.04.21 22:02:57.662,1.83183,1.83252,0.37,0.75
2015.04.21 22:02:58.591,1.83182,1.83252,0.37,0.75
2015.04.21 22:02:58.986,1.83188,1.83252,0.37,0.75
2015.04.21 22:02:59.416,1.83179,1.83252,0.75,0.75
2015.04.21 22:02:59.957,1.83179,1.83251,0.75,0.75
2015.04.21 22:03:01.935,1.83177,1.83251,0.75,0.75
2015.04.21 22:03:02.905,1.83178,1.83251,0.75,0.75
2015.04.21 22:03:03.561,1.83178,1.83246,0.75,0.75
2015.04.21 22:03:03.863,1.83177,1.83241,0.75,0.75
2015.04.21 22:03:05.466,1.83176,1.83241,0.75,0.75
2015.04.21 22:03:06.351,1.83175,1.83237,0.75,0.75
2015.04.21 22:03:06.668,1.83178,1.83242,0.75,0.75
2015.04.21 22:03:06.870,1.83179,1.83247,0.75,0.75
2015.04.21 22:03:07.555,1.83181,1.83247,0.75,0.75
2015.04.21 22:03:07.742,1.83179,1.83247,0.75,0.75
2015.04.21 22:03:08.862,1.83175,1.83247,0.75,0.75
2015.04.21 22:03:09.063,1.83179,1.83247,0.75,0.75
2015.04.21 22:03:11.837,1.83179,1.83252,0.75,0.75
2015.04.21 22:03:11.888,1.83175,1.83252,1.50,0.75
2015.04.21 22:03:12.228,1.83178,1.83252,0.37,0.75
2015.04.21 22:03:12.823,1.83178,1.83251,0.37,0.75
2015.04.21 22:03:13.352,1.83179,1.83252,0.75,0.75
2015.04.21 22:03:13.689,1.83182,1.83252,0.37,0.75
2015.04.21 22:03:14.783,1.83182,1.83251,0.37,0.75
2015.04.21 22:03:15.857,1.83175,1.83251,1.50,0.75
2015.04.21 22:03:17.223,1.83175,1.83252,0.75,0.75
2015.04.21 22:03:17.475,1.83169,1.83252,0.75,0.75
2015.04.21 22:03:17.676,1.83162,1.83246,0.37,0.75
2015.04.21 22:03:17.908,1.83159,1.83246,2.25,0.75
2015.04.21 22:03:18.999,1.83163,1.83246,0.37,0.75
2015.04.21 22:03:19.549,1.83162,1.83246,0.37,0.75
2015.04.21 22:03:20.065,1.83163,1.83246,0.37,0.75
2015.04.21 22:03:20.879,1.83162,1.83246,0.37,0.75
2015.04.21 22:03:21.402,1.83162,1.83247,0.37,0.75
2015.04.21 22:03:22.149,1.83163,1.83247,0.37,0.75
2015.04.21 22:03:22.792,1.83162,1.83247,0.37,0.75
2015.04.21 22:03:23.907,1.83163,1.83247,0.37,0.75
2015.04.21 22:03:24.590,1.83162,1.83247,0.37,0.75
2015.04.21 22:03:25.110,1.83163,1.83247,0.37,0.75
2015.04.21 22:03:25.611,1.83162,1.83247,0.37,0.75
2015.04.21 22:03:27.150,1.83162,1.83253,0.37,0.75
2015.04.21 22:03:27.251,1.83159,1.83267,0.75,0.75
2015.04.21 22:03:27.653,1.83159,1.83258,0.75,0.75
2015.04.21 22:03:28.827,1.8316,1.83258,0.75,0.75
2015.04.21 22:03:29.373,1.83159,1.83258,0.75,0.75
2015.04.21 22:03:29.991,1.8316,1.83258,0.75,0.75
2015.04.21 22:03:30.228,1.83159,1.83269,0.75,0.75
2015.04.21 22:03:30.653,1.83167,1.83253,0.37,0.75
2015.04.21 22:03:30.969,1.83167,1.83269,0.37,0.75
2015.04.21 22:03:31.436,1.8316,1.83268,0.37,1.50
2015.04.21 22:03:31.777,1.83159,1.83253,0.75,0.75
2015.04.21 22:03:32.154,1.83159,1.83268,0.75,1.50
2015.04.21 22:03:32.661,1.83159,1.83269,0.75,0.75
2015.04.21 22:03:32.966,1.83167,1.83268,0.37,0.75
2015.04.21 22:03:33.474,1.83168,1.83269,0.37,0.75
2015.04.21 22:03:33.525,1.83168,1.83271,0.37,0.75
2015.04.21 22:03:33.627,1.83168,1.83273,0.37,2.25
2015.04.21 22:03:33.678,1.83159,1.83272,0.75,0.37
2015.04.21 22:03:34.158,1.83159,1.83258,0.75,0.75
2015.04.21 22:03:34.464,1.83159,1.83272,0.75,0.75
2015.04.21 22:03:34.716,1.83159,1.83267,0.75,1.50
2015.04.21 22:03:35.181,1.8316,1.83258,0.75,0.75
2015.04.21 22:03:35.719,1.83159,1.83258,0.75,0.75
2015.04.21 22:03:36.269,1.8316,1.83257,0.75,0.75
2015.04.21 22:03:36.319,1.83159,1.83268,0.75,1.50
2015.04.21 22:03:36.420,1.83159,1.83273,0.75,1.12
2015.04.21 22:03:36.974,1.83159,1.83272,0.75,0.75
2015.04.21 22:03:37.427,1.83156,1.8327,0.75,0.75
2015.04.21 22:03:37.876,1.83157,1.83268,0.75,0.75
2015.04.21 22:03:38.428,1.83158,1.83268,0.75,0.75
2015.04.21 22:03:38.983,1.83159,1.83268,0.75,0.75
2015.04.21 22:03:39.399,1.83158,1.8327,0.75,0.75
2015.04.21 22:03:39.615,1.83156,1.8327,0.75,0.75
2015.04.21 22:03:40.082,1.83156,1.83263,0.75,0.75
2015.04.21 22:03:40.585,1.83157,1.83263,0.75,0.75
2015.04.21 22:03:41.120,1.83156,1.83263,0.75,0.75
2015.04.21 22:03:41.185,1.83156,1.8327,0.75,0.75
2015.04.21 22:03:41.501,1.83157,1.83268,0.75,0.37
2015.04.21 22:03:42.004,1.83156,1.83268,1.50,0.37
2015.04.21 22:03:42.306,1.83158,1.83267,0.75,0.37
2015.04.21 22:03:42.657,1.8316,1.83267,0.75,0.37
2015.04.21 22:03:43.091,1.8316,1.83263,0.75,0.75
2015.04.21 22:03:43.392,1.8316,1.8327,0.75,0.75
2015.04.21 22:03:43.442,1.83164,1.8327,0.75,0.75
2015.04.21 22:03:44.194,1.83164,1.83263,0.75,0.75
2015.04.21 22:03:44.647,1.83167,1.83263,0.75,0.75
2015.04.21 22:03:45.029,1.83168,1.83269,0.75,0.75
2015.04.21 22:03:45.356,1.83166,1.8327,0.75,0.75
2015.04.21 22:03:45.658,1.83168,1.8327,0.75,0.75
2015.04.21 22:03:46.211,1.83169,1.8327,0.37,0.75
2015.04.21 22:03:46.754,1.8317,1.83269,0.75,0.75
2015.04.21 22:03:47.313,1.83169,1.83269,0.75,0.75
2015.04.21 22:03:47.624,1.83171,1.8327,0.75,0.75
2015.04.21 22:03:48.060,1.83173,1.8327,0.75,0.75
2015.04.21 22:03:48.463,1.83171,1.8327,0.75,0.75
2015.04.21 22:03:49.155,1.83169,1.8327,0.75,0.75
2015.04.21 22:03:49.579,1.83169,1.83267,0.75,0.75
2015.04.21 22:03:49.881,1.83169,1.8327,0.75,0.75
2015.04.21 22:03:50.536,1.83169,1.83269,0.75,0.75
2015.04.21 22:03:51.272,1.83169,1.8327,0.75,0.75
2015.04.21 22:03:51.640,1.83172,1.8327,0.75,0.75
2015.04.21 22:03:52.209,1.83172,1.83269,0.75,0.75
2015.04.21 22:03:52.851,1.83172,1.8327,0.75,0.75
2015.04.21 22:03:53.160,1.83175,1.8327,0.75,0.75
2015.04.21 22:03:53.669,1.83175,1.83269,0.75,0.75
2015.04.21 22:03:54.244,1.83175,1.83268,0.75,0.75
2015.04.21 22:03:54.830,1.83175,1.83267,0.75,0.75
2015.04.21 22:03:55.524,1.83175,1.83268,0.75,0.75
2015.04.21 22:03:55.826,1.83178,1.8327,0.75,0.75
2015.04.21 22:03:56.629,1.83178,1.83268,0.75,0.75
2015.04.21 22:03:57.130,1.83179,1.83267,0.75,0.75
2015.04.21 22:03:57.671,1.83171,1.83267,0.75,0.75
2015.04.21 22:03:57.780,1.83168,1.83268,0.75,0.75
2015.04.21 22:03:58.033,1.83165,1.83273,0.75,0.75
2015.04.21 22:03:58.184,1.83163,1.83272,0.75,0.75
2015.04.21 22:03:58.717,1.83164,1.83272,0.75,0.75
2015.04.21 22:03:58.858,1.8316,1.83272,0.75,0.75
2015.04.21 22:03:59.561,1.8316,1.83271,0.75,0.75
2015.04.21 22:03:59.993,1.83163,1.8327,0.75,0.75
2015.04.21 22:04:02.006,1.83162,1.83273,0.75,1.50
2015.04.21 22:04:02.536,1.83163,1.83272,0.75,1.50
2015.04.21 22:04:03.256,1.83163,1.83271,1.00,1.00
2015.04.21 22:04:04.011,1.83161,1.83272,1.00,1.50
2015.04.21 22:04:05.195,1.83162,1.83272,1.00,1.87
2015.04.21 22:04:05.374,1.8316,1.83272,1.00,1.87
2015.04.21 22:04:05.707,1.83161,1.8327,1.00,1.00
2015.04.21 22:04:05.998,1.83159,1.83271,1.00,1.00
2015.04.21 22:04:06.529,1.8316,1.83271,1.00,1.00
2015.04.21 22:04:06.928,1.8316,1.83267,1.50,1.00
2015.04.21 22:04:07.030,1.8316,1.83271,1.50,1.00
2015.04.21 22:04:07.387,1.83159,1.83269,1.00,1.00
2015.04.21 22:04:07.489,1.83159,1.83271,1.00,1.50
2015.04.21 22:04:07.882,1.83159,1.83268,1.00,1.00
2015.04.21 22:04:08.451,1.8316,1.83268,1.00,1.00
2015.04.21 22:04:08.908,1.83162,1.83268,1.00,1.50
2015.04.21 22:04:09.103,1.8316,1.83268,1.50,1.00
2015.04.21 22:04:09.204,1.8316,1.8327,1.00,1.00
2015.04.21 22:04:09.724,1.83161,1.83271,1.00,3.00
2015.04.21 22:04:11.096,1.83165,1.8327,1.00,1.50
2015.04.21 22:04:12.138,1.83165,1.83263,1.00,1.00
2015.04.21 22:04:13.093,1.83161,1.83263,1.00,1.00
2015.04.21 22:04:13.194,1.83161,1.83271,1.00,2.25
2015.04.21 22:04:13.245,1.83161,1.83269,1.00,1.00
2015.04.21 22:04:13.496,1.83161,1.83271,1.00,2.25
2015.04.21 22:04:13.995,1.83161,1.83262,1.00,1.00
2015.04.21 22:04:14.534,1.83162,1.83262,1.00,1.00
2015.04.21 22:04:14.985,1.83164,1.83262,1.00,1.00
2015.04.21 22:04:15.500,1.83164,1.83263,1.00,1.00
2015.04.21 22:04:15.852,1.83162,1.83263,1.00,1.00
2015.04.21 22:04:16.379,1.83162,1.83262,1.00,1.00
2015.04.21 22:04:16.430,1.83162,1.8327,1.00,1.00
2015.04.21 22:04:17.123,1.83162,1.83271,1.00,2.25
2015.04.21 22:04:17.223,1.83162,1.83262,1.00,1.00
2015.04.21 22:04:17.783,1.83162,1.83263,1.00,1.00
2015.04.21 22:04:18.449,1.83161,1.83264,1.00,1.00
2015.04.21 22:04:19.028,1.83161,1.83263,1.00,1.00
2015.04.21 22:04:19.412,1.83163,1.83263,1.00,1.00
2015.04.21 22:04:19.613,1.83161,1.83263,1.00,1.00
2015.04.21 22:04:20.243,1.83161,1.83265,1.00,1.00
2015.04.21 22:04:20.429,1.83163,1.83265,1.00,1.00
2015.04.21 22:04:20.630,1.83161,1.83265,1.00,1.00
2015.04.21 22:04:21.131,1.83161,1.83264,1.00,1.00
2015.04.21 22:04:21.542,1.83163,1.83263,1.00,1.00
2015.04.21 22:04:21.648,1.83163,1.83265,1.00,1.00
2015.04.21 22:04:21.749,1.83161,1.83265,1.00,1.00
2015.04.21 22:04:22.348,1.83161,1.83263,1.00,1.00
2015.04.21 22:04:23.370,1.83161,1.83262,1.00,1.00
2015.04.21 22:04:23.978,1.83161,1.83263,1.00,1.00
2015.04.21 22:04:24.482,1.83161,1.83262,1.00,1.00
2015.04.21 22:04:24.820,1.83164,1.83263,1.00,1.00
2015.04.21 22:04:25.776,1.83162,1.83263,1.00,1.00
2015.04.21 22:04:26.287,1.83162,1.83262,1.00,1.00
2015.04.21 22:04:26.710,1.83162,1.83265,1.00,1.00
2015.04.21 22:04:27.036,1.83159,1.83264,1.00,1.00
2015.04.21 22:04:27.348,1.83159,1.83262,1.00,1.00
2015.04.21 22:04:28.066,1.83159,1.83263,1.00,1.12
2015.04.21 22:04:28.414,1.83162,1.83263,1.00,1.12
2015.04.21 22:04:28.656,1.83159,1.83263,1.00,1.12
2015.04.21 22:04:29.359,1.83159,1.83262,1.00,1.12
2015.04.21 22:04:30.064,1.8316,1.83262,1.00,1.12
2015.04.21 22:04:30.666,1.8316,1.83263,1.00,1.12
2015.04.21 22:04:30.948,1.83163,1.83265,1.00,1.37
2015.04.21 22:04:31.150,1.8316,1.83265,1.00,1.37
2015.04.21 22:04:31.370,1.83156,1.83247,1.37,1.00
2015.04.21 22:04:31.671,1.83157,1.83241,1.00,1.00
2015.04.21 22:04:31.852,1.83155,1.83241,1.00,1.00
2015.04.21 22:04:31.903,1.83155,1.83236,1.00,1.00
2015.04.21 22:04:32.423,1.83156,1.83237,1.00,1.00
2015.04.21 22:04:32.929,1.83159,1.83237,1.00,1.00
2015.04.21 22:04:33.476,1.83161,1.83237,1.00,1.00
2015.04.21 22:04:33.827,1.83161,1.83231,1.00,1.00
2015.04.21 22:04:34.428,1.8316,1.83231,1.00,1.00
2015.04.21 22:04:35.882,1.83161,1.83232,1.00,1.00
2015.04.21 22:04:37.387,1.83162,1.83232,1.00,1.00
2015.04.21 22:04:38.089,1.83164,1.83232,1.00,1.00
2015.04.21 22:04:38.300,1.83162,1.83232,1.00,1.00
2015.04.21 22:04:38.641,1.83162,1.83227,1.00,1.00
2015.04.21 22:04:39.142,1.83162,1.83226,1.12,1.00
2015.04.21 22:04:39.644,1.83163,1.83227,1.00,1.00
2015.04.21 22:04:42.111,1.83164,1.83227,1.00,1.00
2015.04.21 22:04:42.162,1.83164,1.83232,1.00,1.00
2015.04.21 22:04:42.363,1.83164,1.83237,1.00,1.00
2015.04.21 22:04:42.816,1.83167,1.83237,1.00,1.00
2015.04.21 22:04:43.218,1.83163,1.83236,1.00,1.00
2015.04.21 22:04:43.369,1.83163,1.83232,1.00,1.00
2015.04.21 22:04:43.880,1.83164,1.83232,1.00,1.00
2015.04.21 22:04:44.099,1.83164,1.83249,1.00,1.00
2015.04.21 22:04:44.150,1.83156,1.83257,1.00,1.37
2015.04.21 22:04:44.305,1.83154,1.83257,1.00,1.00
2015.04.21 22:04:44.356,1.83154,1.83261,1.00,1.00
2015.04.21 22:04:44.457,1.83156,1.83261,1.00,1.00
2015.04.21 22:04:45.061,1.83155,1.8326,1.00,1.00
2015.04.21 22:04:46.241,1.83159,1.8326,1.00,1.00
2015.04.21 22:04:46.476,1.83156,1.8326,1.00,1.00
2015.04.21 22:04:46.824,1.83158,1.8326,1.00,1.00
2015.04.21 22:04:47.351,1.83157,1.83261,1.00,1.00
2015.04.21 22:04:48.127,1.83156,1.83261,1.00,1.00
2015.04.21 22:04:48.439,1.83155,1.8326,1.37,1.37
2015.04.21 22:04:48.741,1.83155,1.83261,1.00,1.00
2015.04.21 22:04:48.792,1.83155,1.83261,1.37,1.00
2015.04.21 22:04:48.955,1.83158,1.83261,1.00,1.50
2015.04.21 22:04:49.234,1.83158,1.83248,1.00,1.00
2015.04.21 22:04:49.589,1.83156,1.83248,1.00,1.00
2015.04.21 22:04:49.847,1.83158,1.83248,1.00,1.00
2015.04.21 22:04:50.348,1.83157,1.83248,1.00,1.00
2015.04.21 22:04:50.900,1.83156,1.83247,1.00,1.00
2015.04.21 22:04:51.847,1.83156,1.83248,1.00,1.00
2015.04.21 22:04:52.482,1.83156,1.83248,1.37,1.00
2015.04.21 22:04:53.119,1.83156,1.83248,1.00,1.00
2015.04.21 22:04:53.908,1.83156,1.83248,1.37,1.00
2015.04.21 22:04:54.463,1.83156,1.83247,1.37,1.00
2015.04.21 22:04:55.124,1.83159,1.83248,1.00,1.00
2015.04.21 22:04:55.921,1.83159,1.83247,1.00,1.00
2015.04.21 22:04:56.717,1.83159,1.83248,1.00,1.00
2015.04.21 22:04:58.080,1.83161,1.83248,1.00,1.00
2015.04.21 22:04:58.626,1.8316,1.83248,1.00,1.00
2015.04.21 22:04:59.229,1.83159,1.83248,1.00,1.00
2015.04.21 22:05:00.275,1.83159,1.83247,1.00,1.00
2015.04.21 22:05:00.912,1.83159,1.83248,1.00,1.00
2015.04.21 22:05:01.843,1.83159,1.83247,1.00,1.00
2015.04.21 22:05:02.567,1.83159,1.83248,1.00,1.00
2015.04.21 22:05:02.718,1.8316,1.8325,1.50,1.00
2015.04.21 22:05:02.886,1.8316,1.8325,1.87,1.00
2015.04.21 22:05:03.348,1.8316,1.83247,1.87,1.00
2015.04.21 22:05:03.862,1.8316,1.83248,1.37,1.00
2015.04.21 22:05:04.692,1.83169,1.83248,1.00,1.00
2015.04.21 22:05:05.311,1.83168,1.83248,1.00,1.00
2015.04.21 22:05:05.964,1.83168,1.83247,1.00,1.00
2015.04.21 22:05:06.367,1.83168,1.8325,1.00,1.00
2015.04.21 22:05:06.872,1.83169,1.83249,1.00,1.00
2015.04.21 22:05:07.387,1.83169,1.83247,1.00,1.00
2015.04.21 22:05:07.719,1.83168,1.8325,1.00,1.00
2015.04.21 22:05:08.446,1.83168,1.83248,1.00,1.00
2015.04.21 22:05:08.936,1.83168,1.8325,1.00,1.00
2015.04.21 22:05:09.239,1.83165,1.8325,1.00,1.50
2015.04.21 22:05:09.390,1.83165,1.83248,1.00,1.00
2015.04.21 22:05:09.696,1.83165,1.8325,1.37,1.50
2015.04.21 22:05:10.247,1.83166,1.83249,1.37,1.50
2015.04.21 22:05:10.624,1.83165,1.83247,1.37,1.00
2015.04.21 22:05:11.175,1.83166,1.83248,1.37,1.00
2015.04.21 22:05:11.710,1.83165,1.83247,1.37,1.00
2015.04.21 22:05:11.761,1.83165,1.8325,1.37,1.50
2015.04.21 22:05:12.462,1.83165,1.83248,1.37,1.00
2015.04.21 22:05:12.628,1.83165,1.83248,1.00,1.00
2015.04.21 22:05:12.914,1.83167,1.8325,1.00,1.50
2015.04.21 22:05:13.328,1.8317,1.83249,1.00,1.00
2015.04.21 22:05:13.658,1.83169,1.83247,1.00,1.00
2015.04.21 22:05:14.130,1.83169,1.8325,1.00,1.00
2015.04.21 22:05:14.650,1.83169,1.83248,1.00,1.00
2015.04.21 22:05:14.952,1.83167,1.83249,1.00,1.00
2015.04.21 22:05:15.528,1.83168,1.8325,1.00,1.00
2015.04.21 22:05:15.579,1.8317,1.8325,1.00,1.00
2015.04.21 22:05:15.779,1.83168,1.8325,1.00,1.00
2015.04.21 22:05:16.369,1.83169,1.83249,1.00,1.00
2015.04.21 22:05:16.631,1.83168,1.83242,1.00,1.00
2015.04.21 22:05:17.150,1.83168,1.83247,1.00,1.00
2015.04.21 22:05:17.292,1.83166,1.83247,1.00,1.00
2015.04.21 22:05:17.835,1.83167,1.83247,1.00,1.00
2015.04.21 22:05:18.352,1.83168,1.83247,1.00,1.00
2015.04.21 22:05:18.988,1.83167,1.83247,1.00,1.00
2015.04.21 22:05:19.390,1.83164,1.83247,1.00,1.00
2015.04.21 22:05:19.790,1.83166,1.83247,1.00,1.00
2015.04.21 22:05:20.364,1.83167,1.83247,1.00,1.50
2015.04.21 22:05:20.925,1.83166,1.83247,1.00,1.00
2015.04.21 22:05:21.405,1.83164,1.83246,1.00,1.00
2015.04.21 22:05:21.695,1.83166,1.83246,1.00,1.00
2015.04.21 22:05:22.041,1.83166,1.83237,1.00,1.00
2015.04.21 22:05:22.192,1.83161,1.83236,1.00,1.00
2015.04.21 22:05:22.398,1.83161,1.83232,1.00,1.00
2015.04.21 22:05:22.849,1.83164,1.83232,1.00,1.00
2015.04.21 22:05:23.539,1.83163,1.83232,1.00,1.00
2015.04.21 22:05:23.850,1.83165,1.83237,1.37,1.00
2015.04.21 22:05:23.951,1.83161,1.83237,1.00,1.00
2015.04.21 22:05:24.001,1.83165,1.83237,1.00,1.00
2015.04.21 22:05:24.154,1.83165,1.83242,1.00,1.50
2015.04.21 22:05:24.361,1.83165,1.83236,1.00,1.00
2015.04.21 22:05:24.512,1.83161,1.83236,1.00,1.00
2015.04.21 22:05:24.799,1.83163,1.83232,1.00,1.00
2015.04.21 22:05:25.108,1.83163,1.83232,1.37,1.00
2015.04.21 22:05:25.158,1.83162,1.83236,1.00,1.00
2015.04.21 22:05:25.309,1.83165,1.83236,1.00,1.00
2015.04.21 22:05:25.360,1.83165,1.83242,1.00,1.00
2015.04.21 22:05:25.599,1.83164,1.83237,1.50,1.00
2015.04.21 22:05:25.751,1.83162,1.83237,1.00,1.00
2015.04.21 22:05:27.351,1.83163,1.83237,1.00,1.00
2015.04.21 22:05:28.358,1.83169,1.83236,1.00,1.00
2015.04.21 22:05:28.672,1.83163,1.83241,1.00,1.00
2015.04.21 22:05:28.832,1.83165,1.83241,1.00,1.00
2015.04.21 22:05:28.933,1.83165,1.83243,1.00,1.00
2015.04.21 22:05:29.034,1.83167,1.83243,1.00,1.00
2015.04.21 22:05:29.336,1.83164,1.83237,1.00,1.00
2015.04.21 22:05:29.507,1.83161,1.83237,1.00,1.00
2015.04.21 22:05:29.613,1.83159,1.83237,1.00,1.00
2015.04.21 22:05:29.664,1.83159,1.83243,1.00,1.00
2015.04.21 22:05:29.715,1.83159,1.83249,1.00,1.00
2015.04.21 22:05:29.932,1.83166,1.83249,1.00,1.00
2015.04.21 22:05:31.015,1.83161,1.83248,1.00,1.00
2015.04.21 22:05:31.416,1.83168,1.83248,1.00,1.00
2015.04.21 22:05:32.160,1.83169,1.83252,1.00,1.00
2015.04.21 22:05:32.261,1.83168,1.83258,1.00,1.00
2015.04.21 22:05:32.362,1.83176,1.83266,1.00,1.00
2015.04.21 22:05:32.958,1.83179,1.83262,1.00,1.00
2015.04.21 22:05:33.221,1.83179,1.83264,1.00,1.00
2015.04.21 22:05:33.819,1.8318,1.83263,1.00,1.00
2015.04.21 22:05:33.923,1.83177,1.83265,1.00,1.00
2015.04.21 22:05:34.425,1.83177,1.83261,1.00,1.00
2015.04.21 22:05:35.270,1.83178,1.8326,1.00,1.00
2015.04.21 22:05:35.471,1.8318,1.83264,1.00,1.00
2015.04.21 22:05:35.572,1.8318,1.83266,1.00,1.50
2015.04.21 22:05:35.773,1.83181,1.83263,1.00,1.00
2015.04.21 22:05:35.874,1.83176,1.83259,1.00,1.00
2015.04.21 22:05:35.975,1.83176,1.83266,1.00,1.00
2015.04.21 22:05:36.331,1.83177,1.83257,1.00,1.00
2015.04.21 22:05:36.532,1.83176,1.83266,1.00,1.00
2015.04.21 22:05:37.835,1.83177,1.83265,1.00,1.00
2015.04.21 22:05:37.936,1.83177,1.83263,1.00,1.00
2015.04.21 22:05:38.339,1.83179,1.83262,1.00,1.00
2015.04.21 22:05:38.740,1.83177,1.83261,1.50,1.00
2015.04.21 22:05:38.941,1.83176,1.83259,1.00,1.00
2015.04.21 22:05:39.243,1.83176,1.83257,1.00,1.00
2015.04.21 22:05:39.344,1.83176,1.83259,1.00,1.00
2015.04.21 22:05:39.641,1.83176,1.83266,1.00,1.00
2015.04.21 22:05:40.242,1.83176,1.83261,1.50,1.00
2015.04.21 22:05:41.180,1.83178,1.83263,1.00,1.00
2015.04.21 22:05:43.350,1.83179,1.83262,1.00,1.00
2015.04.21 22:05:43.852,1.83178,1.83261,1.00,1.00
2015.04.21 22:05:44.154,1.83176,1.8326,1.50,1.50
2015.04.21 22:05:44.580,1.83179,1.83264,1.00,1.00
2015.04.21 22:05:44.756,1.83181,1.83265,1.00,1.50
2015.04.21 22:05:46.601,1.83177,1.83265,1.00,2.25
2015.04.21 22:05:47.129,1.83176,1.83265,1.00,1.50
2015.04.21 22:05:47.585,1.83177,1.8326,1.50,1.00
2015.04.21 22:05:48.079,1.83181,1.83262,1.00,1.00
2015.04.21 22:05:48.629,1.8318,1.83262,1.00,1.00
2015.04.21 22:05:48.881,1.83178,1.83262,1.00,1.00
2015.04.21 22:05:49.173,1.83176,1.83259,1.00,1.00
2015.04.21 22:05:49.274,1.83177,1.83261,1.00,1.50
2015.04.21 22:05:50.176,1.83178,1.8326,1.00,1.00
2015.04.21 22:05:50.691,1.83177,1.83261,1.00,1.50
2015.04.21 22:05:51.283,1.83178,1.8326,1.00,1.00
2015.04.21 22:05:51.887,1.83177,1.83261,1.00,1.00
2015.04.21 22:05:52.214,1.8318,1.83262,1.00,1.50
2015.04.21 22:05:52.539,1.83191,1.83262,1.00,1.00
2015.04.21 22:05:52.891,1.83192,1.83262,1.37,1.00
2015.04.21 22:05:53.197,1.83192,1.83262,1.00,1.00
2015.04.21 22:05:53.298,1.8319,1.83262,1.00,1.00
2015.04.21 22:05:53.499,1.8319,1.83262,1.37,1.00
2015.04.21 22:05:53.901,1.83195,1.83262,1.00,1.00
2015.04.21 22:05:54.002,1.83191,1.83262,1.37,1.00
2015.04.21 22:05:54.203,1.83194,1.83262,1.00,1.00
2015.04.21 22:05:54.506,1.83194,1.83262,1.37,1.00
2015.04.21 22:05:54.557,1.83194,1.83262,1.12,1.00
2015.04.21 22:05:57.689,1.83191,1.83262,1.00,1.00
2015.04.21 22:05:57.991,1.8319,1.83267,1.37,1.00
2015.04.21 22:05:58.093,1.83192,1.83262,1.37,1.00
2015.04.21 22:05:59.101,1.83191,1.83267,1.87,1.00
2015.04.21 22:05:59.809,1.83195,1.83267,1.00,1.00
2015.04.21 22:06:01.829,1.83194,1.83266,1.37,1.00
2015.04.21 22:06:02.379,1.83195,1.83267,1.12,1.00
2015.04.21 22:06:02.630,1.83191,1.83273,1.37,1.00
2015.04.21 22:06:02.731,1.83193,1.83275,1.00,1.00
2015.04.21 22:06:03.323,1.83192,1.83276,1.00,1.00
2015.04.21 22:06:03.826,1.83193,1.83275,1.00,1.00
2015.04.21 22:06:04.328,1.83192,1.83276,1.00,1.00
2015.04.21 22:06:04.927,1.83192,1.83271,1.00,1.00
2015.04.21 22:06:05.428,1.83192,1.83272,1.00,1.00
2015.04.21 22:06:05.630,1.83189,1.83271,1.00,1.00
2015.04.21 22:06:05.731,1.83185,1.83269,1.00,1.00
2015.04.21 22:06:05.832,1.83188,1.83268,1.00,1.00
2015.04.21 22:06:05.939,1.83184,1.83269,1.00,1.00
2015.04.21 22:06:06.468,1.83185,1.83268,1.00,1.00
2015.04.21 22:06:07.033,1.83184,1.83269,1.00,1.00
2015.04.21 22:06:07.778,1.83185,1.83268,1.00,1.50
2015.04.21 22:06:07.879,1.83187,1.83268,1.00,1.50
2015.04.21 22:06:08.508,1.83186,1.83269,1.00,1.50
2015.04.21 22:06:09.039,1.83182,1.83267,1.00,1.00
2015.04.21 22:06:09.988,1.83184,1.83267,1.00,1.00
2015.04.21 22:06:11.089,1.83184,1.83268,1.00,1.00
2015.04.21 22:06:11.849,1.83183,1.83268,1.00,1.00
2015.04.21 22:06:12.428,1.83184,1.83267,1.00,1.00
2015.04.21 22:06:13.098,1.83183,1.83268,1.00,1.00
2015.04.21 22:06:13.499,1.83187,1.83268,1.00,1.00
2015.04.21 22:06:13.600,1.83192,1.83276,1.00,1.00
2015.04.21 22:06:14.220,1.83193,1.83275,1.00,1.00
2015.04.21 22:06:14.388,1.83188,1.83277,1.00,1.50
2015.04.21 22:06:15.162,1.83191,1.83275,1.00,1.00
2015.04.21 22:06:15.272,1.83188,1.83277,1.00,1.50
2015.04.21 22:06:15.582,1.83192,1.83277,1.00,2.25
2015.04.21 22:06:17.004,1.83193,1.83276,1.00,1.50
2015.04.21 22:06:17.510,1.83194,1.83277,1.00,2.25
2015.04.21 22:06:17.813,1.83191,1.83267,1.00,1.00
2015.04.21 22:06:17.914,1.83188,1.83267,1.00,1.00
2015.04.21 22:06:18.111,1.83189,1.83262,1.00,1.00
2015.04.21 22:06:18.510,1.83191,1.83261,1.00,1.00
2015.04.21 22:06:18.610,1.83188,1.83261,1.00,1.00
2015.04.21 22:06:18.711,1.83186,1.83269,1.00,1.00
2015.04.21 22:06:18.812,1.83179,1.83269,1.00,1.50
2015.04.21 22:06:18.913,1.83179,1.83266,1.00,1.00
2015.04.21 22:06:19.285,1.8318,1.83262,1.00,1.00
2015.04.21 22:06:19.831,1.83179,1.83262,1.00,1.00
2015.04.21 22:06:20.351,1.83179,1.83261,1.00,1.00
2015.04.21 22:06:20.655,1.83179,1.83266,1.00,1.50
2015.04.21 22:06:20.881,1.83179,1.83261,1.00,1.00
2015.04.21 22:06:21.766,1.8318,1.83261,1.00,1.00
2015.04.21 22:06:21.971,1.8318,1.83264,1.00,1.00
2015.04.21 22:06:22.091,1.83182,1.83266,1.00,1.50
2015.04.21 22:06:22.529,1.83179,1.83266,1.00,1.00
2015.04.21 22:06:22.629,1.8318,1.83262,1.00,1.00
2015.04.21 22:06:22.881,1.83179,1.83266,1.00,1.00
2015.04.21 22:06:23.133,1.83171,1.83259,1.00,1.00
2015.04.21 22:06:23.234,1.83178,1.83259,1.00,1.00
2015.04.21 22:06:23.335,1.83173,1.83258,1.00,1.00
2015.04.21 22:06:23.486,1.83173,1.83256,1.00,1.00
2015.04.21 22:06:24.498,1.83174,1.83255,1.00,1.00
2015.04.21 22:06:25.000,1.83173,1.83256,1.00,1.00
2015.04.21 22:06:25.501,1.83172,1.83256,1.00,1.00
2015.04.21 22:06:27.005,1.83173,1.83255,1.00,1.00
2015.04.21 22:06:27.508,1.83172,1.83256,1.00,1.00
2015.04.21 22:06:27.810,1.83171,1.83253,1.50,1.00
2015.04.21 22:06:28.148,1.8317,1.83256,1.50,1.00
2015.04.21 22:06:28.198,1.83172,1.83256,1.00,1.00
2015.04.21 22:06:29.886,1.83172,1.83257,1.00,2.25
2015.04.21 22:06:30.232,1.83173,1.83254,1.00,1.00
2015.04.21 22:06:30.433,1.8317,1.83254,1.50,1.00
2015.04.21 22:06:31.017,1.83171,1.83253,1.50,1.00
2015.04.21 22:06:31.238,1.83172,1.83256,1.00,1.00
2015.04.21 22:06:31.908,1.8317,1.83256,1.50,1.00
2015.04.21 22:06:32.243,1.83173,1.83255,1.00,1.00
2015.04.21 22:06:32.445,1.83172,1.83257,1.00,2.25
2015.04.21 22:06:32.646,1.83173,1.83254,1.00,1.00
2015.04.21 22:06:32.747,1.8317,1.83255,1.50,1.00
2015.04.21 22:06:33.250,1.83171,1.83254,1.50,1.00
2015.04.21 22:06:33.776,1.8317,1.83255,1.50,1.00
2015.04.21 22:06:33.876,1.83171,1.83259,1.00,1.00
2015.04.21 22:06:34.027,1.83172,1.83257,1.00,1.00
2015.04.21 22:06:34.570,1.83172,1.83255,1.00,1.00
2015.04.21 22:06:34.872,1.83175,1.83256,1.00,1.00
2015.04.21 22:06:34.973,1.83173,1.83256,1.00,1.00
2015.04.21 22:06:35.749,1.83172,1.83255,1.00,1.00
2015.04.21 22:06:35.950,1.83172,1.83258,1.00,1.00
2015.04.21 22:06:36.137,1.83172,1.83255,1.00,1.00
2015.04.21 22:06:36.944,1.83171,1.83255,1.00,1.00
2015.04.21 22:06:37.246,1.83171,1.83252,1.00,1.00
2015.04.21 22:06:37.347,1.83172,1.83255,1.00,1.00
2015.04.21 22:06:37.548,1.8317,1.83254,1.00,1.00
2015.04.21 22:06:37.951,1.83172,1.83253,1.00,1.00
2015.04.21 22:06:38.568,1.83171,1.83253,1.00,1.00
2015.04.21 22:06:39.160,1.8317,1.83254,1.00,1.00
2015.04.21 22:06:39.706,1.8317,1.83255,1.50,1.00
2015.04.21 22:06:40.116,1.83172,1.83255,1.00,1.00
2015.04.21 22:06:40.486,1.83172,1.83257,1.00,1.00
2015.04.21 22:06:41.124,1.83173,1.83256,1.00,1.00
2015.04.21 22:06:41.276,1.83173,1.83254,1.00,1.00
2015.04.21 22:06:41.377,1.83172,1.83257,1.00,1.00
2015.04.21 22:06:41.720,1.83173,1.83254,1.00,1.00
2015.04.21 22:06:41.979,1.83171,1.83255,1.00,1.00
2015.04.21 22:06:42.784,1.83172,1.83254,1.00,1.00
2015.04.21 22:06:43.401,1.83171,1.83257,1.00,1.00
2015.04.21 22:06:43.994,1.83172,1.83257,1.00,1.00
2015.04.21 22:06:44.338,1.83173,1.83254,1.00,1.00
2015.04.21 22:06:44.598,1.83172,1.83257,1.00,1.00
2015.04.21 22:06:44.902,1.83173,1.83255,1.00,1.00
2015.04.21 22:06:45.504,1.8317,1.83256,1.50,1.00
2015.04.21 22:06:45.605,1.83172,1.83256,1.00,1.00
2015.04.21 22:06:45.706,1.8317,1.83256,1.50,1.00
2015.04.21 22:06:45.807,1.83172,1.83256,1.00,1.00
2015.04.21 22:06:45.958,1.8317,1.83256,1.50,1.00
2015.04.21 22:06:46.009,1.83172,1.83256,1.00,1.00
2015.04.21 22:06:46.648,1.83173,1.83255,1.00,1.00
2015.04.21 22:06:46.758,1.83172,1.83258,1.00,1.00
2015.04.21 22:06:46.965,1.83172,1.83256,1.00,1.00
2015.04.21 22:06:48.971,1.83173,1.83255,1.00,1.00
2015.04.21 22:06:49.609,1.83172,1.83256,1.00,1.00
2015.04.21 22:06:50.267,1.83173,1.83255,1.00,1.00
2015.04.21 22:06:50.770,1.83172,1.83256,1.00,1.00
2015.04.21 22:06:50.972,1.83171,1.83258,1.00,1.00
2015.04.21 22:06:51.139,1.83172,1.83256,1.00,1.00
2015.04.21 22:06:51.687,1.83173,1.83255,1.00,1.00
2015.04.21 22:06:52.080,1.83172,1.83258,1.00,1.00
2015.04.21 22:06:52.291,1.8317,1.83259,1.00,1.00
2015.04.21 22:06:52.958,1.83171,1.83258,1.00,1.00
2015.04.21 22:06:53.188,1.8317,1.83256,1.50,1.00
2015.04.21 22:06:53.289,1.8317,1.83259,1.00,1.00
2015.04.21 22:06:54.303,1.83173,1.83257,1.00,1.00
2015.04.21 22:06:55.091,1.8317,1.83255,1.50,1.00
2015.04.21 22:06:55.692,1.8317,1.8325,1.00,1.00
2015.04.21 22:06:55.793,1.83162,1.83245,1.50,1.00
2015.04.21 22:06:55.894,1.8317,1.83249,1.00,1.00
2015.04.21 22:06:55.995,1.83163,1.83248,1.00,1.00
2015.04.21 22:06:56.261,1.83161,1.8325,1.00,1.00
2015.04.21 22:06:56.768,1.83167,1.8325,1.00,1.50
2015.04.21 22:06:57.268,1.83169,1.8325,1.00,1.00
2015.04.21 22:06:57.798,1.83167,1.8325,1.00,1.00
2015.04.21 22:06:58.297,1.83169,1.8325,1.00,1.00
2015.04.21 22:06:58.398,1.83164,1.83249,1.00,1.00
2015.04.21 22:06:58.530,1.83162,1.83246,1.00,1.00
2015.04.21 22:06:58.861,1.83161,1.83243,1.00,1.00
2015.04.21 22:06:59.067,1.83161,1.83246,1.50,1.00
2015.04.21 22:06:59.304,1.83162,1.83249,1.00,1.00
2015.04.21 22:06:59.788,1.83167,1.83249,1.00,1.50
2015.04.21 22:07:00.006,1.83161,1.8325,1.00,1.00
2015.04.21 22:07:00.208,1.83166,1.8325,1.00,1.50
2015.04.21 22:07:00.567,1.83164,1.83248,1.00,1.00
2015.04.21 22:07:01.077,1.83165,1.83247,1.00,1.00
2015.04.21 22:07:01.611,1.83164,1.83248,1.00,1.00
2015.04.21 22:07:01.962,1.83166,1.8325,1.00,1.00
2015.04.21 22:07:02.815,1.83164,1.83248,1.00,1.00
2015.04.21 22:07:03.144,1.83166,1.8325,1.00,1.50
2015.04.21 22:07:03.667,1.83167,1.83249,1.00,1.50
2015.04.21 22:07:04.120,1.8317,1.8325,1.00,1.00
2015.04.21 22:07:04.221,1.83162,1.83249,1.00,1.00
2015.04.21 22:07:04.321,1.8317,1.8325,1.00,1.00
2015.04.21 22:07:04.422,1.83166,1.8325,1.00,1.00
2015.04.21 22:07:04.523,1.83162,1.83249,1.00,1.00
2015.04.21 22:07:04.825,1.8317,1.8325,1.00,1.00
2015.04.21 22:07:05.026,1.83171,1.83252,1.00,1.00
2015.04.21 22:07:05.228,1.83169,1.83258,1.00,1.00
2015.04.21 22:07:05.328,1.83178,1.83257,1.00,1.00
2015.04.21 22:07:05.429,1.83175,1.83258,1.00,1.00
2015.04.21 22:07:05.664,1.83169,1.83258,1.00,1.00
2015.04.21 22:07:05.815,1.83176,1.83257,1.00,1.00
2015.04.21 22:07:06.427,1.83174,1.83258,1.00,1.00
2015.04.21 22:07:07.108,1.83175,1.83257,1.00,1.00
2015.04.21 22:07:07.208,1.83177,1.83258,1.00,1.00
2015.04.21 22:07:07.309,1.83175,1.83258,1.00,1.00
2015.04.21 22:07:07.812,1.83177,1.83258,1.00,1.00
2015.04.21 22:07:08.032,1.8317,1.83257,1.00,1.00
2015.04.21 22:07:08.197,1.8318,1.83258,1.00,1.00
2015.04.21 22:07:08.390,1.83178,1.83258,1.00,1.00
2015.04.21 22:07:09.235,1.83169,1.83258,1.00,1.00
2015.04.21 22:07:10.028,1.8317,1.83257,1.00,1.00
2015.04.21 22:07:10.128,1.8318,1.83258,1.00,1.00
2015.04.21 22:07:11.722,1.83181,1.83257,1.00,1.00
2015.04.21 22:07:12.258,1.8318,1.83258,1.00,1.00
2015.04.21 22:07:13.247,1.83178,1.83258,1.00,1.00
2015.04.21 22:07:13.468,1.8318,1.83258,1.00,1.00
2015.04.21 22:07:13.568,1.83176,1.83257,1.00,1.00
2015.04.21 22:07:13.770,1.83173,1.83256,1.00,1.00
2015.04.21 22:07:13.871,1.83176,1.83258,1.00,1.00
2015.04.21 22:07:14.289,1.83169,1.83258,1.00,1.00
2015.04.21 22:07:14.398,1.83174,1.83258,1.00,1.00
2015.04.21 22:07:14.702,1.83177,1.83257,1.00,1.00
2015.04.21 22:07:15.155,1.8317,1.83257,1.00,1.00
2015.04.21 22:07:15.781,1.83174,1.83258,1.00,1.00
2015.04.21 22:07:16.663,1.83175,1.83257,1.00,1.00
2015.04.21 22:07:16.966,1.83177,1.83258,1.00,1.00
2015.04.21 22:07:17.519,1.83178,1.83257,1.00,1.00
2015.04.21 22:07:18.021,1.83177,1.83258,1.00,1.00
2015.04.21 22:07:19.055,1.83177,1.83252,1.00,1.00
2015.04.21 22:07:19.213,1.83172,1.83249,1.00,1.00
2015.04.21 22:07:19.313,1.83168,1.83247,1.00,1.00
2015.04.21 22:07:19.414,1.83175,1.83248,1.00,1.00
2015.04.21 22:07:19.515,1.83169,1.83257,1.00,1.00
2015.04.21 22:07:19.817,1.83176,1.83256,1.00,1.00
2015.04.21 22:07:19.918,1.83169,1.83257,1.00,1.50
2015.04.21 22:07:20.300,1.8317,1.83255,1.00,1.00
2015.04.21 22:07:20.612,1.83174,1.83257,1.00,1.00
2015.04.21 22:07:21.115,1.83174,1.83256,1.00,1.00
2015.04.21 22:07:21.216,1.83172,1.83257,1.00,1.50
2015.04.21 22:07:21.317,1.83175,1.83256,1.00,1.00
2015.04.21 22:07:21.719,1.83176,1.83258,1.00,1.00
2015.04.21 22:07:22.286,1.83177,1.83256,1.00,1.00
2015.04.21 22:07:22.988,1.83176,1.83256,1.00,1.00
2015.04.21 22:07:23.294,1.83167,1.83242,1.00,1.00
2015.04.21 22:07:23.447,1.8317,1.83247,1.00,1.00
2015.04.21 22:07:23.809,1.83168,1.83246,1.00,1.00
2015.04.21 22:07:24.110,1.8316,1.83246,1.00,1.00
2015.04.21 22:07:24.312,1.83166,1.83247,1.00,1.00
2015.04.21 22:07:24.614,1.8316,1.83242,1.00,1.00
2015.04.21 22:07:24.815,1.83161,1.83246,1.00,1.00
2015.04.21 22:07:25.338,1.8316,1.83242,1.00,1.00
2015.04.21 22:07:25.539,1.8316,1.83247,1.00,1.00
2015.04.21 22:07:26.120,1.8316,1.83242,1.00,1.00
2015.04.21 22:07:26.549,1.83161,1.83246,1.00,1.00
2015.04.21 22:07:26.600,1.83167,1.83246,1.00,1.00
2015.04.21 22:07:26.700,1.8316,1.83241,1.00,1.00
2015.04.21 22:07:27.088,1.8316,1.83237,1.00,1.00
2015.04.21 22:07:27.295,1.83153,1.83237,1.00,1.00
2015.04.21 22:07:27.346,1.83153,1.83241,1.00,1.00
2015.04.21 22:07:27.507,1.83162,1.83242,1.00,1.00
2015.04.21 22:07:27.617,1.83165,1.83247,1.00,1.00
2015.04.21 22:07:27.668,1.83165,1.83241,1.00,1.00
2015.04.21 22:07:27.718,1.83161,1.83241,1.00,1.00
2015.04.21 22:07:27.834,1.83165,1.83241,1.00,1.00
2015.04.21 22:07:27.885,1.83165,1.83247,1.00,1.00
2015.04.21 22:07:28.036,1.83168,1.83247,1.00,1.00
2015.04.21 22:07:28.557,1.83168,1.83246,1.00,1.00
2015.04.21 22:07:28.934,1.8317,1.83246,1.00,1.00
2015.04.21 22:07:29.108,1.83168,1.83247,1.00,1.00
2015.04.21 22:07:29.638,1.83168,1.83246,1.00,1.00
2015.04.21 22:07:29.953,1.83169,1.83242,1.00,1.00
2015.04.21 22:07:30.003,1.83166,1.83242,1.00,1.00
2015.04.21 22:07:30.406,1.83166,1.83247,1.00,1.00
2015.04.21 22:07:30.507,1.83171,1.83247,1.00,1.00
2015.04.21 22:07:30.708,1.8316,1.83247,1.00,1.00
2015.04.21 22:07:31.807,1.8316,1.83242,1.00,1.00
2015.04.21 22:07:31.960,1.8316,1.83247,1.00,1.00
2015.04.21 22:07:32.010,1.83168,1.83247,1.00,1.00
2015.04.21 22:07:32.312,1.8316,1.83247,1.00,1.00
2015.04.21 22:07:32.622,1.8317,1.83247,1.00,1.00
2015.04.21 22:07:33.212,1.83169,1.83247,1.00,1.00
2015.04.21 22:07:34.014,1.83161,1.83247,1.00,1.00
2015.04.21 22:07:34.353,1.83169,1.83247,1.00,1.00
2015.04.21 22:07:34.458,1.8316,1.83246,1.00,1.00
2015.04.21 22:07:34.616,1.83169,1.83247,1.00,1.00
2015.04.21 22:07:35.107,1.8317,1.83242,1.00,1.00
2015.04.21 22:07:35.337,1.83169,1.83246,1.00,1.00
2015.04.21 22:07:35.859,1.8317,1.83246,1.00,1.00
2015.04.21 22:07:36.249,1.8317,1.83241,1.00,1.00
2015.04.21 22:07:36.353,1.83161,1.83247,1.00,1.00
2015.04.21 22:07:36.579,1.8316,1.8325,1.00,1.00
2015.04.21 22:07:36.749,1.83168,1.8325,1.00,1.00
2015.04.21 22:07:37.311,1.83169,1.83249,1.00,1.00
2015.04.21 22:07:37.826,1.83168,1.8325,1.00,1.00
2015.04.21 22:07:38.027,1.8316,1.8325,1.00,1.00
2015.04.21 22:07:38.128,1.83168,1.83258,1.00,1.00
2015.04.21 22:07:39.667,1.83169,1.83257,1.00,1.00
2015.04.21 22:07:39.983,1.83176,1.83257,1.00,1.00
2015.04.21 22:07:40.333,1.83168,1.83258,1.00,1.00
2015.04.21 22:07:41.074,1.8317,1.83254,1.00,1.00
2015.04.21 22:07:41.175,1.83168,1.83254,1.50,1.00
2015.04.21 22:07:41.437,1.83172,1.83253,1.00,1.00
2015.04.21 22:07:41.538,1.83168,1.83258,1.00,1.00
2015.04.21 22:07:41.689,1.83169,1.83253,1.00,1.00
2015.04.21 22:07:42.390,1.83169,1.83254,1.00,1.00
2015.04.21 22:07:42.941,1.83169,1.83253,1.00,1.00
2015.04.21 22:07:43.443,1.83169,1.83252,1.00,1.00
2015.04.21 22:07:43.945,1.83171,1.83253,1.00,1.00
2015.04.21 22:07:43.996,1.83171,1.83255,1.00,1.00
2015.04.21 22:07:44.097,1.83168,1.83258,1.00,1.00
2015.04.21 22:07:44.447,1.83171,1.83255,1.00,1.00
2015.04.21 22:07:45.052,1.83172,1.83254,1.00,1.00
2015.04.21 22:07:45.602,1.83171,1.83255,1.00,1.00
2015.04.21 22:07:46.431,1.8317,1.83255,1.00,1.00
2015.04.21 22:07:47.558,1.83171,1.83254,1.00,1.00
2015.04.21 22:07:48.080,1.8317,1.83255,1.00,1.00
2015.04.21 22:07:48.461,1.8317,1.83244,1.00,1.00
2015.04.21 22:07:48.566,1.83156,1.83243,1.00,1.00
2015.04.21 22:07:48.767,1.83161,1.83244,1.00,1.00
2015.04.21 22:07:48.868,1.83155,1.83239,1.50,1.00
2015.04.21 22:07:49.372,1.83156,1.83238,1.50,1.00
2015.04.21 22:07:49.473,1.83156,1.83242,1.00,1.00
2015.04.21 22:07:49.574,1.83163,1.83242,1.00,1.00
2015.04.21 22:07:49.780,1.83155,1.83242,1.00,1.00
2015.04.21 22:07:49.968,1.83169,1.83242,1.00,1.00
2015.04.21 22:07:50.170,1.83155,1.83242,1.00,1.00
2015.04.21 22:07:50.678,1.8317,1.83242,1.00,1.50
2015.04.21 22:07:50.871,1.83155,1.83242,1.00,1.00
2015.04.21 22:07:51.381,1.83156,1.83242,1.00,1.00
2015.04.21 22:07:51.624,1.83156,1.83237,1.00,1.00
2015.04.21 22:07:52.077,1.83156,1.83241,1.00,1.00
2015.04.21 22:07:52.487,1.83167,1.83243,1.00,1.00
2015.04.21 22:07:52.997,1.83167,1.83242,1.00,1.50
2015.04.21 22:07:53.399,1.83155,1.83236,1.00,1.00
2015.04.21 22:07:53.500,1.83167,1.83236,1.00,1.00
2015.04.21 22:07:53.806,1.83167,1.83242,1.00,1.50
2015.04.21 22:07:54.366,1.83167,1.83244,1.00,1.00
2015.04.21 22:07:54.482,1.83156,1.83243,1.00,1.00
2015.04.21 22:07:54.796,1.83155,1.83236,1.00,1.00
2015.04.21 22:07:55.153,1.83155,1.83241,1.00,1.00
2015.04.21 22:07:55.397,1.83166,1.83241,1.00,1.00
2015.04.21 22:07:55.687,1.83155,1.83236,1.00,1.00
2015.04.21 22:07:55.788,1.83156,1.83241,1.00,1.00
2015.04.21 22:07:55.888,1.8317,1.83242,1.00,1.50
2015.04.21 22:07:56.241,1.8317,1.83237,1.00,1.00
2015.04.21 22:07:56.291,1.83155,1.83237,1.00,1.00
2015.04.21 22:07:56.342,1.83155,1.83241,1.00,1.00
2015.04.21 22:07:56.392,1.83166,1.83241,1.00,1.00
2015.04.21 22:07:56.717,1.83168,1.83242,1.00,1.50
2015.04.21 22:07:57.041,1.8317,1.83241,1.00,1.00
2015.04.21 22:07:57.092,1.83168,1.83241,1.00,1.50
2015.04.21 22:07:57.193,1.83171,1.83241,1.00,1.00
2015.04.21 22:07:57.695,1.83167,1.83241,1.00,1.00
2015.04.21 22:07:57.897,1.83155,1.83241,1.50,1.00
2015.04.21 22:07:58.098,1.83155,1.83237,1.00,1.00
2015.04.21 22:07:58.418,1.83166,1.83237,1.00,1.00
2015.04.21 22:07:58.727,1.83155,1.83237,1.00,1.00
2015.04.21 22:07:59.247,1.83155,1.83236,1.00,1.00
2015.04.21 22:07:59.975,1.83155,1.83237,1.00,1.00
2015.04.21 22:08:00.515,1.83156,1.83237,1.50,1.00
2015.04.21 22:08:00.630,1.83156,1.83241,1.50,1.00
2015.04.21 22:08:00.681,1.83156,1.83238,1.00,1.00
2015.04.21 22:08:00.988,1.83168,1.83236,1.00,1.00
2015.04.21 22:08:01.189,1.83168,1.83239,1.00,1.00
2015.04.21 22:08:01.465,1.83168,1.83241,1.00,1.00
2015.04.21 22:08:02.038,1.8317,1.83241,1.00,1.00
2015.04.21 22:08:02.239,1.83168,1.83241,1.00,1.50
2015.04.21 22:08:03.310,1.83168,1.83242,1.00,1.50
2015.04.21 22:08:04.111,1.8317,1.83242,1.00,1.50
2015.04.21 22:08:04.813,1.83169,1.83242,1.00,1.00
2015.04.21 22:08:05.139,1.83172,1.83242,1.00,2.25
2015.04.21 22:08:06.257,1.83171,1.83242,1.00,1.00
2015.04.21 22:08:06.919,1.83172,1.83242,1.00,1.00
2015.04.21 22:08:08.531,1.83174,1.83242,1.00,1.00
2015.04.21 22:08:08.632,1.83172,1.83242,1.00,1.00
2015.04.21 22:08:08.733,1.83175,1.83242,1.00,1.00
2015.04.21 22:08:08.834,1.83172,1.83242,1.00,1.00
2015.04.21 22:08:08.935,1.83174,1.83241,1.00,1.00
2015.04.21 22:08:09.036,1.83161,1.83241,1.00,1.00
2015.04.21 22:08:09.571,1.83162,1.83242,1.00,1.00
2015.04.21 22:08:10.211,1.83161,1.83242,1.00,1.00
2015.04.21 22:08:10.776,1.83162,1.83242,1.00,1.00
2015.04.21 22:08:11.027,1.83162,1.83246,1.00,1.00
2015.04.21 22:08:11.078,1.83171,1.83246,1.00,1.00
2015.04.21 22:08:11.480,1.83162,1.83245,1.00,1.00
2015.04.21 22:08:11.581,1.83162,1.83242,1.00,1.00
2015.04.21 22:08:12.055,1.83172,1.83241,1.00,1.00
2015.04.21 22:08:12.156,1.83161,1.83242,1.00,1.00
2015.04.21 22:08:12.458,1.83173,1.83242,1.00,1.00
2015.04.21 22:08:13.157,1.83172,1.83242,1.00,1.00
2015.04.21 22:08:14.010,1.83172,1.83241,1.00,1.00
2015.04.21 22:08:14.463,1.83176,1.83241,1.00,1.00
2015.04.21 22:08:15.362,1.83175,1.83241,1.00,1.50
2015.04.21 22:08:15.908,1.83176,1.83241,1.00,1.00
2015.04.21 22:08:16.423,1.83175,1.83242,1.00,1.00
2015.04.21 22:08:16.574,1.83162,1.83242,1.00,1.00
2015.04.21 22:08:16.625,1.83161,1.83245,1.50,1.00
2015.04.21 22:08:16.952,1.83162,1.83247,1.00,1.00
2015.04.21 22:08:17.003,1.83175,1.83247,1.00,1.00
2015.04.21 22:08:17.966,1.83175,1.83242,1.00,1.00
2015.04.21 22:08:18.067,1.83175,1.83246,1.00,1.00
2015.04.21 22:08:18.303,1.83175,1.83244,1.00,1.00
2015.04.21 22:08:18.674,1.83174,1.83249,1.00,1.00
2015.04.21 22:08:19.177,1.83175,1.8325,1.00,1.00
2015.04.21 22:08:19.534,1.83177,1.8325,1.00,1.00
2015.04.21 22:08:19.887,1.83175,1.8325,1.00,1.00
2015.04.21 22:08:20.212,1.83178,1.83249,1.00,1.00
2015.04.21 22:08:20.314,1.83177,1.83258,1.00,1.50
2015.04.21 22:08:20.615,1.8318,1.83257,1.00,1.00
2015.04.21 22:08:20.935,1.83184,1.83258,1.00,1.00
2015.04.21 22:08:21.137,1.83184,1.8326,1.00,1.00
2015.04.21 22:08:21.401,1.83182,1.8326,1.00,1.00
2015.04.21 22:08:21.501,1.83184,1.8326,1.00,1.00
2015.04.21 22:08:21.728,1.83184,1.83262,1.00,1.00
2015.04.21 22:08:22.143,1.83184,1.8326,1.00,1.00
2015.04.21 22:08:22.244,1.8318,1.8326,1.00,1.00
2015.04.21 22:08:22.345,1.8318,1.83263,1.00,1.00
2015.04.21 22:08:22.446,1.83183,1.83266,1.00,1.00
2015.04.21 22:08:22.547,1.83181,1.83266,1.00,1.00
2015.04.21 22:08:22.748,1.83176,1.83266,1.00,1.50
2015.04.21 22:08:22.799,1.83176,1.83263,1.00,1.00
2015.04.21 22:08:23.115,1.83178,1.83262,1.00,1.50
2015.04.21 22:08:23.417,1.83176,1.83257,1.00,1.00
2015.04.21 22:08:23.568,1.83177,1.83261,1.00,1.00
2015.04.21 22:08:24.074,1.83176,1.83262,1.00,1.00
2015.04.21 22:08:24.312,1.83183,1.83262,1.00,1.50
2015.04.21 22:08:24.412,1.83179,1.83262,1.00,1.00
2015.04.21 22:08:24.727,1.83177,1.83259,1.50,1.00
2015.04.21 22:08:24.966,1.83177,1.83261,1.00,1.00
2015.04.21 22:08:25.477,1.83176,1.8326,1.50,1.00
2015.04.21 22:08:25.778,1.83179,1.83261,1.00,1.00
2015.04.21 22:08:25.879,1.83176,1.83261,1.00,1.00
2015.04.21 22:08:26.435,1.83176,1.8326,1.00,1.00
2015.04.21 22:08:26.485,1.83178,1.8326,1.00,1.00
2015.04.21 22:08:26.586,1.83176,1.8326,1.00,1.00
2015.04.21 22:08:26.687,1.83178,1.8326,1.00,1.00
2015.04.21 22:08:26.788,1.83176,1.8326,1.00,1.00
2015.04.21 22:08:27.158,1.83168,1.83258,1.00,1.00
2015.04.21 22:08:27.360,1.83173,1.83257,1.00,1.00
2015.04.21 22:08:27.561,1.83171,1.83257,1.00,1.00
2015.04.21 22:08:27.662,1.83173,1.83257,1.00,1.00
2015.04.21 22:08:27.963,1.83176,1.83258,1.00,1.00
2015.04.21 22:08:28.261,1.83168,1.83258,1.00,1.50
2015.04.21 22:08:29.307,1.83169,1.83257,1.00,1.00
2015.04.21 22:08:30.036,1.83168,1.83257,1.00,1.00
2015.04.21 22:08:30.634,1.83168,1.83258,1.00,1.00
2015.04.21 22:08:31.202,1.83175,1.83258,1.00,1.00
2015.04.21 22:08:31.679,1.83168,1.83258,1.00,1.00
2015.04.21 22:08:32.176,1.83176,1.83257,1.00,1.00
2015.04.21 22:08:32.739,1.83177,1.83258,1.00,1.00
2015.04.21 22:08:32.991,1.83168,1.83258,1.00,1.00
2015.04.21 22:08:33.677,1.83169,1.83257,1.00,1.00
2015.04.21 22:08:34.180,1.83175,1.83257,1.00,1.50
2015.04.21 22:08:34.583,1.83168,1.83258,1.00,1.00
2015.04.21 22:08:35.026,1.83168,1.83252,1.00,1.00
2015.04.21 22:08:35.384,1.8317,1.83252,1.00,1.00
2015.04.21 22:08:35.586,1.83168,1.83251,1.00,1.00
2015.04.21 22:08:36.186,1.83169,1.83251,1.00,1.00
2015.04.21 22:08:37.203,1.83169,1.83247,1.00,1.00
2015.04.21 22:08:37.536,1.83168,1.83252,1.50,1.00
2015.04.21 22:08:38.409,1.83169,1.83252,1.50,1.50
2015.04.21 22:08:38.509,1.83169,1.83247,1.50,1.00
2015.04.21 22:08:39.313,1.83168,1.83247,1.50,1.00
2015.04.21 22:08:39.515,1.83168,1.83251,1.50,1.00
2015.04.21 22:08:41.525,1.83168,1.83246,1.50,1.00
2015.04.21 22:08:41.625,1.83168,1.83252,1.50,1.00
2015.04.21 22:08:42.236,1.83169,1.83252,1.50,1.50
2015.04.21 22:08:42.790,1.83168,1.83251,1.50,1.00
2015.04.21 22:08:43.328,1.83169,1.8325,1.50,1.00
2015.04.21 22:08:43.889,1.83168,1.83251,1.00,1.50
2015.04.21 22:08:44.141,1.83172,1.83252,1.00,1.00
2015.04.21 22:08:44.346,1.83174,1.83257,1.00,1.50
2015.04.21 22:08:44.447,1.83169,1.83257,1.00,1.50
2015.04.21 22:08:44.598,1.83178,1.83257,1.00,1.50
2015.04.21 22:08:45.100,1.8318,1.83257,1.00,1.50
2015.04.21 22:08:45.650,1.83181,1.83257,1.00,1.00
2015.04.21 22:08:46.299,1.8318,1.83256,1.00,1.00
2015.04.21 22:08:46.553,1.83168,1.83256,1.00,1.00
2015.04.21 22:08:46.654,1.83168,1.83252,1.00,1.00
2015.04.21 22:08:46.875,1.83168,1.83257,1.00,1.00
2015.04.21 22:08:47.340,1.83169,1.83259,1.00,1.00
2015.04.21 22:08:47.576,1.83172,1.83259,1.00,1.00
2015.04.21 22:08:47.878,1.83185,1.83257,1.00,1.00
2015.04.21 22:08:47.929,1.83182,1.83257,1.00,1.00
2015.04.21 22:08:48.126,1.83179,1.83257,1.00,1.00
2015.04.21 22:08:48.227,1.83182,1.83257,1.00,1.00
2015.04.21 22:08:48.328,1.83171,1.83257,1.00,1.00
2015.04.21 22:08:48.430,1.83169,1.83257,1.00,1.00
2015.04.21 22:08:48.968,1.8317,1.83256,1.00,1.00
2015.04.21 22:08:49.371,1.83183,1.83257,1.00,1.00
2015.04.21 22:08:49.472,1.83171,1.83257,1.50,1.00
2015.04.21 22:08:49.623,1.83169,1.83259,1.00,1.00
2015.04.21 22:08:50.025,1.83176,1.83259,1.00,1.00
2015.04.21 22:08:50.334,1.83178,1.83251,1.00,1.00
2015.04.21 22:08:50.435,1.8318,1.83259,1.00,1.00
2015.04.21 22:08:50.536,1.83172,1.83259,1.00,1.00
2015.04.21 22:08:50.587,1.83169,1.83259,1.00,1.00
2015.04.21 22:08:50.637,1.83169,1.83257,1.00,1.00
2015.04.21 22:08:50.978,1.8318,1.83257,1.00,1.00
2015.04.21 22:08:51.046,1.8318,1.83259,1.00,1.00
2015.04.21 22:08:51.382,1.8318,1.83257,1.00,1.00
2015.04.21 22:08:51.654,1.8318,1.83259,1.00,1.00
2015.04.21 22:08:51.916,1.83175,1.83259,1.00,1.00
2015.04.21 22:08:51.967,1.83171,1.83259,1.00,1.00
2015.04.21 22:08:52.087,1.83169,1.83259,1.00,1.00
2015.04.21 22:08:52.624,1.8317,1.83252,1.00,1.00
2015.04.21 22:08:52.838,1.8317,1.83256,1.00,1.00
2015.04.21 22:08:53.342,1.83169,1.83256,1.00,1.00
2015.04.21 22:08:53.779,1.83179,1.83257,1.00,1.00
2015.04.21 22:08:53.879,1.83169,1.83257,1.00,1.00
2015.04.21 22:08:53.980,1.83172,1.83257,1.00,1.50
2015.04.21 22:08:55.084,1.83173,1.83256,1.00,1.00
2015.04.21 22:08:55.949,1.83172,1.83257,1.00,2.25
2015.04.21 22:08:56.678,1.83173,1.83256,1.00,1.00
2015.04.21 22:08:57.391,1.83172,1.83257,1.00,2.25
2015.04.21 22:08:57.992,1.83169,1.83257,1.00,1.50
2015.04.21 22:08:58.514,1.8317,1.83257,1.00,1.50
2015.04.21 22:08:59.046,1.83169,1.83257,1.00,1.00
2015.04.21 22:08:59.999,1.83174,1.83257,1.00,1.00
2015.04.21 22:09:00.701,1.8317,1.83257,1.00,1.00
2015.04.21 22:09:00.852,1.8317,1.83251,1.00,1.00
2015.04.21 22:09:00.953,1.83169,1.83257,1.00,1.00
2015.04.21 22:09:01.203,1.83169,1.83252,1.00,1.00
2015.04.21 22:09:01.818,1.8317,1.83252,1.00,1.00
2015.04.21 22:09:02.599,1.83176,1.83252,1.00,1.00
2015.04.21 22:09:03.811,1.83177,1.83252,1.00,1.00
2015.04.21 22:09:03.984,1.83169,1.83252,1.00,1.00
2015.04.21 22:09:05.015,1.83173,1.83252,1.00,1.00
2015.04.21 22:09:05.727,1.83173,1.83251,1.00,1.00
2015.04.21 22:09:06.328,1.83174,1.83252,1.00,1.00
2015.04.21 22:09:06.853,1.83173,1.83252,1.00,1.00
2015.04.21 22:09:06.907,1.83169,1.83252,1.00,1.00
2015.04.21 22:09:07.321,1.83165,1.83252,1.00,1.50
2015.04.21 22:09:07.911,1.83164,1.83252,1.00,1.50
2015.04.21 22:09:09.833,1.83165,1.83252,1.00,1.00
2015.04.21 22:09:09.992,1.83171,1.83252,1.00,1.00
2015.04.21 22:09:10.942,1.83172,1.83252,1.00,1.00
2015.04.21 22:09:11.543,1.83171,1.83247,1.00,1.00
2015.04.21 22:09:12.152,1.8317,1.83247,1.00,1.00
2015.04.21 22:09:12.386,1.8317,1.83251,1.00,1.00
2015.04.21 22:09:12.632,1.8317,1.83247,1.00,1.00
2015.04.21 22:09:12.900,1.83164,1.83247,1.00,1.00
2015.04.21 22:09:13.538,1.8317,1.83247,1.00,1.00
2015.04.21 22:09:14.606,1.83164,1.83247,1.00,1.00
2015.04.21 22:09:15.455,1.83165,1.83247,1.00,1.00
2015.04.21 22:09:15.506,1.83165,1.83242,1.00,1.00
2015.04.21 22:09:16.012,1.83164,1.83242,1.00,1.00
2015.04.21 22:09:16.619,1.83172,1.83242,1.00,1.00
2015.04.21 22:09:17.230,1.83175,1.83242,1.00,1.00
2015.04.21 22:09:17.681,1.83175,1.83247,1.00,1.00
2015.04.21 22:09:17.984,1.83164,1.83246,1.00,1.00
2015.04.21 22:09:18.340,1.83164,1.83242,1.00,1.00
2015.04.21 22:09:18.645,1.83175,1.83241,1.00,1.00
2015.04.21 22:09:18.747,1.83164,1.83241,1.00,1.00
2015.04.21 22:09:19.360,1.83164,1.83242,1.00,1.00
2015.04.21 22:09:19.647,1.83164,1.83247,1.00,1.00
2015.04.21 22:09:19.867,1.83164,1.83242,1.00,1.00
2015.04.21 22:09:20.414,1.83165,1.83242,1.00,1.00
2015.04.21 22:09:20.675,1.83164,1.83247,1.00,1.00
2015.04.21 22:09:20.876,1.83174,1.83252,1.00,1.00
2015.04.21 22:09:21.179,1.83178,1.83252,1.00,1.00
2015.04.21 22:09:21.871,1.83178,1.83247,1.00,1.00
2015.04.21 22:09:21.921,1.83164,1.83247,1.00,1.00
2015.04.21 22:09:22.531,1.83176,1.83252,1.00,1.00
2015.04.21 22:09:23.234,1.83164,1.83252,1.50,1.00
2015.04.21 22:09:23.835,1.83165,1.83252,1.00,1.00
2015.04.21 22:09:24.224,1.83166,1.83254,1.00,1.00
2015.04.21 22:09:24.517,1.83169,1.83254,1.00,1.00
2015.04.21 22:09:24.674,1.83166,1.83254,1.00,1.00
2015.04.21 22:09:25.228,1.83166,1.83253,1.00,1.00
2015.04.21 22:09:25.405,1.8317,1.83253,1.00,1.00
2015.04.21 22:09:25.456,1.83173,1.83257,1.00,1.00
2015.04.21 22:09:25.557,1.8318,1.83257,1.00,1.00
2015.04.21 22:09:25.892,1.83184,1.83256,1.00,1.00
2015.04.21 22:09:26.465,1.83183,1.83257,1.00,1.00
2015.04.21 22:09:27.012,1.83184,1.83257,1.00,1.00
2015.04.21 22:09:27.341,1.83186,1.83257,1.00,1.00
2015.04.21 22:09:27.766,1.83172,1.83256,1.00,1.00
2015.04.21 22:09:27.867,1.83183,1.83256,1.00,1.00
2015.04.21 22:09:28.184,1.83173,1.83257,1.00,1.00
2015.04.21 22:09:28.687,1.83172,1.83252,1.00,1.00
2015.04.21 22:09:29.741,1.83173,1.83252,1.00,1.00
2015.04.21 22:09:30.033,1.83173,1.83257,1.00,1.00
2015.04.21 22:09:30.683,1.83183,1.83257,1.00,1.00
2015.04.21 22:09:30.985,1.83172,1.83256,1.00,1.00
2015.04.21 22:09:31.465,1.83183,1.83257,1.00,1.00
2015.04.21 22:09:31.904,1.83172,1.83257,1.50,1.00
2015.04.21 22:09:32.444,1.83173,1.83256,1.00,1.00
2015.04.21 22:09:32.495,1.8318,1.83256,1.00,1.00
2015.04.21 22:09:32.807,1.83177,1.83257,1.00,1.00
2015.04.21 22:09:33.810,1.83178,1.83257,1.00,1.00
2015.04.21 22:09:34.324,1.83177,1.83256,1.00,1.00
2015.04.21 22:09:34.815,1.83172,1.83257,1.00,1.00
2015.04.21 22:09:36.635,1.83177,1.83257,1.00,1.00
2015.04.21 22:09:36.821,1.83173,1.83257,1.00,1.00
2015.04.21 22:09:37.475,1.83174,1.83256,1.00,1.00
2015.04.21 22:09:38.276,1.83172,1.83256,1.00,1.00
2015.04.21 22:09:38.613,1.83172,1.83251,1.00,1.00
2015.04.21 22:09:39.078,1.83164,1.83251,1.87,1.00
2015.04.21 22:09:39.129,1.83167,1.83253,1.12,1.00
2015.04.21 22:09:39.745,1.83167,1.83252,1.12,1.00
2015.04.21 22:09:40.208,1.83165,1.83252,1.50,1.50
2015.04.21 22:09:40.426,1.83172,1.83251,1.00,1.00
2015.04.21 22:09:40.582,1.83172,1.83253,1.00,1.00
2015.04.21 22:09:40.633,1.83165,1.83252,1.50,1.00
2015.04.21 22:09:41.145,1.83165,1.83251,1.00,1.00
2015.04.21 22:09:41.195,1.83172,1.83251,1.00,1.00
2015.04.21 22:09:41.714,1.83171,1.83252,1.00,1.00
2015.04.21 22:09:42.037,1.83166,1.83251,1.00,1.00
2015.04.21 22:09:42.339,1.83167,1.83253,1.00,1.00
2015.04.21 22:09:42.490,1.83173,1.83252,1.00,1.00
2015.04.21 22:09:42.795,1.83167,1.83252,1.00,1.50
2015.04.21 22:09:43.343,1.83168,1.83251,1.00,1.00
2015.04.21 22:09:43.487,1.83166,1.83251,1.00,1.00
2015.04.21 22:09:43.946,1.83164,1.83251,1.00,1.00
2015.04.21 22:09:44.325,1.83171,1.83253,1.00,1.00
2015.04.21 22:09:44.425,1.83164,1.83253,1.00,1.00
2015.04.21 22:09:44.728,1.83166,1.83245,1.00,1.00
2015.04.21 22:09:44.828,1.83155,1.83245,1.00,1.00
2015.04.21 22:09:45.148,1.83164,1.83245,1.00,1.00
2015.04.21 22:09:45.249,1.83155,1.83245,1.00,1.00
2015.04.21 22:09:45.601,1.8316,1.83244,1.00,1.00
2015.04.21 22:09:45.702,1.83155,1.83245,1.00,1.00
2015.04.21 22:09:45.901,1.8316,1.83244,1.00,1.00
2015.04.21 22:09:46.203,1.83162,1.83245,1.00,1.00
2015.04.21 22:09:47.406,1.83163,1.83244,1.00,1.00
2015.04.21 22:09:47.908,1.83162,1.83245,1.00,1.00
2015.04.21 22:09:48.009,1.83155,1.83245,1.00,1.00
2015.04.21 22:09:48.110,1.83164,1.83245,1.00,1.00
2015.04.21 22:09:48.412,1.83162,1.83245,1.00,1.00
2015.04.21 22:09:48.946,1.83163,1.83244,1.00,1.00
2015.04.21 22:09:49.495,1.83164,1.83245,1.00,1.00
2015.04.21 22:09:49.615,1.83155,1.83245,1.00,1.00
2015.04.21 22:09:50.759,1.83167,1.83245,1.00,1.00
2015.04.21 22:09:50.960,1.83156,1.83244,1.00,1.00
2015.04.21 22:09:51.718,1.83155,1.83245,1.00,1.00
2015.04.21 22:09:52.019,1.83166,1.83245,1.00,1.00
2015.04.21 22:09:52.526,1.83167,1.83244,1.00,1.00
2015.04.21 22:09:52.922,1.83155,1.83245,1.00,1.00
2015.04.21 22:09:53.735,1.83166,1.83245,1.00,1.00
2015.04.21 22:09:54.037,1.83168,1.83244,1.00,1.00
2015.04.21 22:09:54.726,1.83167,1.83245,1.00,1.00
2015.04.21 22:09:54.946,1.83155,1.83245,1.00,1.00
2015.04.21 22:09:55.774,1.83169,1.83244,1.00,1.00
2015.04.21 22:09:56.235,1.83155,1.83245,1.00,1.00
2015.04.21 22:09:56.777,1.83156,1.83244,1.00,1.00
2015.04.21 22:09:57.635,1.83155,1.83245,1.00,1.00
2015.04.21 22:09:57.736,1.83167,1.83245,1.00,1.00
2015.04.21 22:09:58.174,1.83155,1.83245,1.00,1.00
2015.04.21 22:09:58.940,1.83156,1.83244,1.00,1.00
2015.04.21 22:09:59.091,1.83155,1.83245,1.37,1.00
2015.04.21 22:09:59.393,1.83155,1.83245,1.37,1.00
2015.04.21 22:09:59.946,1.83171,1.83245,1.00,1.00
2015.04.21 22:10:00.248,1.83155,1.83245,1.00,1.00
2015.04.21 22:10:00.651,1.83168,1.83245,1.00,1.00
2015.04.21 22:10:00.965,1.8317,1.83245,1.00,1.00
2015.04.21 22:10:01.554,1.83171,1.83244,1.00,1.00
2015.04.21 22:10:02.057,1.83173,1.83244,1.00,1.00
2015.04.21 22:10:02.975,1.83172,1.83245,1.00,1.00
2015.04.21 22:10:03.076,1.83163,1.83252,1.00,1.00
2015.04.21 22:10:03.668,1.83164,1.83251,1.00,1.00
2015.04.21 22:10:03.962,1.83173,1.83252,1.00,1.00
2015.04.21 22:10:04.253,1.83163,1.83252,1.00,1.00
2015.04.21 22:10:04.404,1.83175,1.83252,1.00,1.00
2015.04.21 22:10:04.505,1.83163,1.83252,1.00,1.00
2015.04.21 22:10:04.908,1.83177,1.83251,1.00,1.00
2015.04.21 22:10:05.215,1.8318,1.83251,1.00,1.00
2015.04.21 22:10:05.737,1.8318,1.83252,1.00,1.50
2015.04.21 22:10:05.969,1.83178,1.83252,1.00,1.50
2015.04.21 22:10:06.469,1.83164,1.83251,1.00,1.00
2015.04.21 22:10:06.818,1.83178,1.83252,1.00,1.50
2015.04.21 22:10:07.322,1.83178,1.83251,1.00,1.00
2015.04.21 22:10:07.707,1.83181,1.83252,1.00,1.00
2015.04.21 22:10:07.808,1.8317,1.83252,1.00,1.00
2015.04.21 22:10:08.375,1.8318,1.83252,1.00,1.00
2015.04.21 22:10:09.477,1.83179,1.83252,1.00,1.00
2015.04.21 22:10:09.902,1.8317,1.83252,1.37,1.00
2015.04.21 22:10:11.774,1.8317,1.83252,1.00,1.00
2015.04.21 22:10:11.933,1.83176,1.83252,1.00,1.00
2015.04.21 22:10:11.984,1.83171,1.83252,1.00,1.00
2015.04.21 22:10:12.556,1.83171,1.83247,1.00,1.00
2015.04.21 22:10:13.186,1.83176,1.83247,1.00,1.00
2015.04.21 22:10:13.387,1.8317,1.83247,1.00,1.00
2015.04.21 22:10:13.487,1.8317,1.83252,1.00,1.00
2015.04.21 22:10:14.316,1.8317,1.83251,1.00,1.00
2015.04.21 22:10:14.490,1.83175,1.83251,1.00,1.00
2015.04.21 22:10:15.426,1.83174,1.83247,1.00,1.00
2015.04.21 22:10:15.677,1.83175,1.83252,1.00,1.00
2015.04.21 22:10:15.728,1.83171,1.83252,1.00,1.00
2015.04.21 22:10:16.075,1.83171,1.83247,1.00,1.00
2015.04.21 22:10:16.395,1.83175,1.83247,1.00,1.00
2015.04.21 22:10:17.183,1.83176,1.83247,1.00,1.00
2015.04.21 22:10:17.515,1.83175,1.83251,1.00,1.00
2015.04.21 22:10:17.616,1.83176,1.83256,1.00,1.00
2015.04.21 22:10:17.849,1.83176,1.83252,1.00,1.00
2015.04.21 22:10:18.100,1.83175,1.83256,1.00,1.00
2015.04.21 22:10:18.605,1.83175,1.83257,1.00,1.00
2015.04.21 22:10:19.165,1.83176,1.83257,1.00,1.00
2015.04.21 22:10:19.630,1.83173,1.83256,1.00,1.00
2015.04.21 22:10:20.056,1.83173,1.83251,1.00,1.00
2015.04.21 22:10:20.107,1.8317,1.83251,1.00,1.00
2015.04.21 22:10:20.436,1.83174,1.83251,1.00,1.00
2015.04.21 22:10:20.979,1.83173,1.83252,1.00,1.00
2015.04.21 22:10:21.509,1.83174,1.83251,1.00,1.00
2015.04.21 22:10:21.575,1.83174,1.83255,1.00,1.00
2015.04.21 22:10:21.846,1.83173,1.83251,1.00,1.00
2015.04.21 22:10:22.276,1.83174,1.83255,1.00,1.00
2015.04.21 22:10:22.377,1.83172,1.83256,1.00,1.50
2015.04.21 22:10:22.477,1.8317,1.83256,1.00,1.00
2015.04.21 22:10:22.565,1.8317,1.83252,1.00,1.00
2015.04.21 22:10:22.899,1.8317,1.83257,1.00,1.00
2015.04.21 22:10:23.775,1.8317,1.83252,1.00,1.00
2015.04.21 22:10:24.317,1.83171,1.83252,1.00,1.00
2015.04.21 22:10:24.821,1.8317,1.83252,1.00,1.00
2015.04.21 22:10:25.123,1.83173,1.83252,1.00,1.00
2015.04.21 22:10:25.445,1.83176,1.83252,1.00,1.00
2015.04.21 22:10:25.905,1.83176,1.83257,1.00,1.00
2015.04.21 22:10:26.085,1.83177,1.83252,1.00,1.00
2015.04.21 22:10:26.236,1.8317,1.83252,1.00,1.00
2015.04.21 22:10:26.337,1.83171,1.83256,1.00,1.00
2015.04.21 22:10:26.856,1.8317,1.83257,1.00,1.00
2015.04.21 22:10:27.127,1.83174,1.83257,1.00,1.00
2015.04.21 22:10:27.228,1.8317,1.83257,1.00,1.00
2015.04.21 22:10:27.383,1.8317,1.83252,1.00,1.00
2015.04.21 22:10:27.805,1.8317,1.83257,1.00,1.00
2015.04.21 22:10:27.856,1.83174,1.83256,1.00,1.00
2015.04.21 22:10:28.387,1.83174,1.83255,1.00,1.00
2015.04.21 22:10:28.895,1.83173,1.83256,1.00,1.00
2015.04.21 22:10:29.876,1.83174,1.83255,1.00,1.00
2015.04.21 22:10:30.686,1.83175,1.83256,1.00,1.00
2015.04.21 22:10:30.988,1.83167,1.83256,1.00,1.00
2015.04.21 22:10:31.505,1.83168,1.83255,1.00,1.00
2015.04.21 22:10:32.350,1.83167,1.83256,1.00,1.00
2015.04.21 22:10:32.684,1.83177,1.83255,1.00,1.00
2015.04.21 22:10:33.395,1.83176,1.83256,1.00,1.50
2015.04.21 22:10:33.745,1.83179,1.83255,1.00,1.00
2015.04.21 22:10:34.289,1.83173,1.83256,1.00,1.00
2015.04.21 22:10:34.766,1.83177,1.83255,1.00,1.00
2015.04.21 22:10:35.099,1.83176,1.83252,1.00,1.00
2015.04.21 22:10:36.704,1.83177,1.83252,1.00,1.00
2015.04.21 22:10:36.805,1.83175,1.83252,1.00,1.00
2015.04.21 22:10:36.906,1.83171,1.83251,1.00,1.00
2015.04.21 22:10:38.710,1.83172,1.83251,1.00,1.00
2015.04.21 22:10:39.213,1.83173,1.83252,1.00,1.00
2015.04.21 22:10:39.313,1.83171,1.83252,1.00,1.00
2015.04.21 22:10:39.414,1.83169,1.83252,1.00,1.00
2015.04.21 22:10:39.716,1.83172,1.83252,1.00,1.00
2015.04.21 22:10:39.904,1.83169,1.83252,1.00,1.00
2015.04.21 22:10:40.515,1.83171,1.83252,1.00,1.00
2015.04.21 22:10:41.016,1.8317,1.83252,1.00,1.00
2015.04.21 22:10:41.518,1.83171,1.83252,1.00,1.00
2015.04.21 22:10:41.713,1.83169,1.83252,1.00,1.00
2015.04.21 22:10:42.321,1.8317,1.83252,1.00,1.50
2015.04.21 22:10:42.830,1.83169,1.83252,1.00,1.00
2015.04.21 22:10:43.115,1.83172,1.83256,1.00,2.25
2015.04.21 22:10:43.216,1.83172,1.83251,1.00,1.00
2015.04.21 22:10:43.317,1.83172,1.83256,1.00,1.50
2015.04.21 22:10:43.696,1.83176,1.83256,1.00,1.00
2015.04.21 22:10:43.980,1.83167,1.83256,1.50,1.50
2015.04.21 22:10:44.031,1.8317,1.83256,1.00,1.50
2015.04.21 22:10:44.334,1.83179,1.83251,1.00,1.00
2015.04.21 22:10:44.682,1.83177,1.83251,1.00,1.00
2015.04.21 22:10:45.317,1.83178,1.83255,1.00,1.00
2015.04.21 22:10:45.885,1.83177,1.83256,1.00,1.50
2015.04.21 22:10:46.086,1.83177,1.83251,1.00,1.00
2015.04.21 22:10:46.637,1.83178,1.83251,1.00,1.00
2015.04.21 22:10:47.089,1.83177,1.83256,1.00,1.00
2015.04.21 22:10:47.391,1.83178,1.83252,1.00,1.00
2015.04.21 22:10:47.492,1.83174,1.83252,1.00,1.00
2015.04.21 22:10:48.724,1.83179,1.83252,1.00,1.00
2015.04.21 22:10:48.825,1.83179,1.8326,1.00,2.25
2015.04.21 22:10:49.027,1.8318,1.83257,1.00,1.00
2015.04.21 22:10:49.127,1.83176,1.83257,1.00,1.00
2015.04.21 22:10:49.228,1.8317,1.83257,1.00,1.00
2015.04.21 22:10:49.429,1.83171,1.83255,1.00,1.00
2015.04.21 22:10:49.794,1.8317,1.83257,1.00,1.00
2015.04.21 22:10:49.898,1.83172,1.83254,1.00,1.00
2015.04.21 22:10:50.498,1.83171,1.83255,1.00,1.00
2015.04.21 22:10:51.088,1.83171,1.83256,1.00,1.00
2015.04.21 22:10:51.424,1.83167,1.83251,1.00,1.00
2015.04.21 22:10:51.734,1.83165,1.83249,1.00,1.00
2015.04.21 22:10:52.215,1.83162,1.83252,1.00,1.00
2015.04.21 22:10:52.735,1.83163,1.83251,1.00,1.00
2015.04.21 22:10:53.266,1.83162,1.83252,1.00,1.00
2015.04.21 22:10:53.719,1.83168,1.83252,1.00,2.25
2015.04.21 22:10:54.226,1.83168,1.83251,1.00,1.00
2015.04.21 22:10:54.759,1.83168,1.83252,1.00,1.50
2015.04.21 22:10:55.825,1.83162,1.83252,1.00,1.50
2015.04.21 22:10:56.155,1.83167,1.8325,1.00,1.00
2015.04.21 22:10:56.729,1.83166,1.83251,1.00,1.00
2015.04.21 22:10:57.032,1.83163,1.83251,1.00,1.00
2015.04.21 22:10:57.465,1.83166,1.83251,1.00,1.00
2015.04.21 22:10:57.836,1.8317,1.83251,1.00,1.00
2015.04.21 22:10:58.496,1.83169,1.83252,1.00,1.00
2015.04.21 22:10:59.454,1.83167,1.83251,1.00,1.00
2015.04.21 22:11:00.149,1.83168,1.8325,1.00,1.00
2015.04.21 22:11:00.354,1.83167,1.83246,1.00,1.00
2015.04.21 22:11:00.606,1.83167,1.83252,1.00,1.50
2015.04.21 22:11:00.656,1.8317,1.83252,1.00,1.50
2015.04.21 22:11:00.858,1.83168,1.83252,1.00,1.50
2015.04.21 22:11:01.458,1.83169,1.8325,1.00,1.00
2015.04.21 22:11:02.768,1.83167,1.83251,1.00,1.00
2015.04.21 22:11:03.274,1.83162,1.83252,1.00,1.50
2015.04.21 22:11:03.525,1.83167,1.83251,1.00,1.00
2015.04.21 22:11:06.239,1.83167,1.83252,1.00,1.50
2015.04.21 22:11:06.555,1.83168,1.83249,1.00,1.00
2015.04.21 22:11:06.863,1.83163,1.83237,1.00,1.00
2015.04.21 22:11:07.104,1.83162,1.83247,1.00,1.00
2015.04.21 22:11:07.205,1.83169,1.8325,1.00,1.00
2015.04.21 22:11:07.507,1.8317,1.83252,1.00,1.00
2015.04.21 22:11:08.209,1.83162,1.83252,1.00,1.50
2015.04.21 22:11:08.948,1.83173,1.83252,1.00,1.50
2015.04.21 22:11:09.533,1.83174,1.83251,1.00,1.00
2015.04.21 22:11:10.070,1.83175,1.83252,1.00,1.50
2015.04.21 22:11:10.623,1.83176,1.83251,1.00,1.00
2015.04.21 22:11:11.158,1.83175,1.83252,1.00,1.00
2015.04.21 22:11:11.428,1.83176,1.83255,1.00,1.00
2015.04.21 22:11:11.938,1.83175,1.83256,1.00,2.25
2015.04.21 22:11:12.732,1.83176,1.83255,1.00,1.00
2015.04.21 22:11:13.364,1.83175,1.83256,1.00,1.50
2015.04.21 22:11:13.869,1.83176,1.83255,1.00,1.00
2015.04.21 22:11:14.385,1.83175,1.83256,1.00,1.50
2015.04.21 22:11:15.789,1.83175,1.83252,1.00,1.00
2015.04.21 22:11:16.993,1.83175,1.83256,1.00,1.50
2015.04.21 22:11:17.494,1.83175,1.83255,1.00,1.00
2015.04.21 22:11:17.995,1.83176,1.83255,1.00,1.50
2015.04.21 22:11:18.617,1.83175,1.83251,1.00,1.00
2015.04.21 22:11:19.147,1.83176,1.83251,1.00,1.00
2015.04.21 22:11:19.655,1.83176,1.83252,1.00,1.00
2015.04.21 22:11:19.954,1.83173,1.83251,1.00,1.00
2015.04.21 22:11:20.501,1.83174,1.83252,1.00,1.00
2015.04.21 22:11:21.003,1.83173,1.83252,1.00,1.00
2015.04.21 22:11:21.454,1.83176,1.83252,1.00,1.00
2015.04.21 22:11:21.555,1.83166,1.83252,1.00,1.00
2015.04.21 22:11:21.938,1.83166,1.83256,1.00,1.00
2015.04.21 22:11:21.988,1.83175,1.83256,1.00,1.00
2015.04.21 22:11:22.155,1.83166,1.83256,1.00,1.00
2015.04.21 22:11:23.058,1.83167,1.83255,1.00,1.00
2015.04.21 22:11:23.159,1.83166,1.83251,1.00,1.00
2015.04.21 22:11:23.384,1.83166,1.83256,1.00,1.00
2015.04.21 22:11:23.583,1.83175,1.83256,1.00,1.00
2015.04.21 22:11:24.327,1.83176,1.83255,1.00,1.00
2015.04.21 22:11:24.963,1.83177,1.83256,1.00,1.00
2015.04.21 22:11:25.065,1.83174,1.83256,1.00,1.00
2015.04.21 22:11:26.495,1.83175,1.83255,1.00,1.00
2015.04.21 22:11:27.027,1.83174,1.83256,1.00,1.00
2015.04.21 22:11:27.628,1.83175,1.83256,1.00,1.00
2015.04.21 22:11:28.141,1.83174,1.83255,1.00,1.00
2015.04.21 22:11:28.824,1.83175,1.83256,1.00,1.00
2015.04.21 22:11:30.307,1.83174,1.83256,1.00,1.00
2015.04.21 22:11:30.701,1.83166,1.83256,1.00,1.50
2015.04.21 22:11:30.902,1.83174,1.83256,1.00,1.00
2015.04.21 22:11:31.209,1.83172,1.83256,1.00,1.50
2015.04.21 22:11:31.511,1.83172,1.83251,1.00,1.00
2015.04.21 22:11:32.731,1.83163,1.8325,1.00,1.00
2015.04.21 22:11:32.933,1.83174,1.8326,1.50,1.00
2015.04.21 22:11:33.234,1.83184,1.83263,1.00,1.00
2015.04.21 22:11:33.536,1.8319,1.83262,1.00,1.00
2015.04.21 22:11:33.719,1.83174,1.83262,1.00,1.00
2015.04.21 22:11:34.224,1.83175,1.83262,1.00,1.00
2015.04.21 22:11:34.754,1.83189,1.83263,1.00,1.00
2015.04.21 22:11:35.144,1.8319,1.83257,1.00,1.00
2015.04.21 22:11:35.245,1.83186,1.83257,1.00,1.00
2015.04.21 22:11:35.346,1.83184,1.83256,1.00,1.00
2015.04.21 22:11:35.597,1.83184,1.83262,1.00,1.00
2015.04.21 22:11:35.648,1.83181,1.83262,1.00,1.00
2015.04.21 22:11:35.981,1.83184,1.83262,1.00,1.50
2015.04.21 22:11:36.141,1.83181,1.83262,1.00,1.00
2015.04.21 22:11:36.660,1.83183,1.83262,1.00,1.00
2015.04.21 22:11:37.200,1.83184,1.83262,1.00,1.50
2015.04.21 22:11:37.704,1.83183,1.83261,1.00,1.00
2015.04.21 22:11:38.336,1.83184,1.83261,1.00,1.00
2015.04.21 22:11:38.497,1.8318,1.83261,1.00,1.00
2015.04.21 22:11:39.873,1.8318,1.83262,1.00,1.00
2015.04.21 22:11:40.125,1.83174,1.83263,1.00,1.00
2015.04.21 22:11:40.226,1.83185,1.83263,1.00,1.00
2015.04.21 22:11:40.378,1.83176,1.83262,1.00,1.00
2015.04.21 22:11:40.927,1.83185,1.83263,1.00,1.00
2015.04.21 22:11:41.228,1.83187,1.83263,1.00,1.00
2015.04.21 22:11:42.230,1.8319,1.83262,1.00,1.00
2015.04.21 22:11:42.431,1.83186,1.83262,1.00,1.50
2015.04.21 22:11:42.633,1.83187,1.83256,1.00,1.00
2015.04.21 22:11:42.935,1.83189,1.83257,1.00,1.00
2015.04.21 22:11:43.232,1.83186,1.83257,1.00,1.00
2015.04.21 22:11:43.333,1.83183,1.83257,1.00,1.00
2015.04.21 22:11:43.856,1.83185,1.83257,1.00,1.00
2015.04.21 22:11:44.234,1.83188,1.83257,1.00,1.00
2015.04.21 22:11:44.564,1.8319,1.83257,1.00,1.00
2015.04.21 22:11:44.696,1.8319,1.83261,1.00,1.00
2015.04.21 22:11:44.747,1.83186,1.83261,1.00,1.00
2015.04.21 22:11:45.437,1.83186,1.83262,1.00,1.00
2015.04.21 22:11:45.681,1.83189,1.83262,1.00,1.00
2015.04.21 22:11:46.144,1.83189,1.83257,1.00,1.00
2015.04.21 22:11:46.345,1.83189,1.83261,1.00,1.00
2015.04.21 22:11:46.473,1.83187,1.83261,1.00,1.00
2015.04.21 22:11:47.324,1.83187,1.83262,1.00,1.00
2015.04.21 22:11:48.466,1.83188,1.83262,1.00,1.50
2015.04.21 22:11:48.567,1.8319,1.83262,1.00,1.50
2015.04.21 22:11:49.163,1.83187,1.83262,1.00,1.00
2015.04.21 22:11:49.264,1.83189,1.83262,1.00,1.00
2015.04.21 22:11:49.664,1.83189,1.83251,1.00,1.00
2015.04.21 22:11:49.714,1.83187,1.83251,1.00,1.00
2015.04.21 22:11:49.815,1.83182,1.83251,1.00,1.00
2015.04.21 22:11:50.016,1.83177,1.83251,1.00,1.00
2015.04.21 22:11:50.072,1.83174,1.83251,1.00,1.00
2015.04.21 22:11:50.223,1.83167,1.83246,1.50,1.00
2015.04.21 22:11:50.476,1.83176,1.83246,1.00,1.00
2015.04.21 22:11:50.527,1.83176,1.83251,1.00,1.00
2015.04.21 22:11:50.829,1.83179,1.83252,1.00,1.00
2015.04.21 22:11:51.200,1.83176,1.83252,1.00,1.00
2015.04.21 22:11:51.839,1.83177,1.83252,1.00,1.00
2015.04.21 22:11:52.522,1.83176,1.83252,1.00,1.00
2015.04.21 22:11:52.849,1.83177,1.83247,1.00,1.00
2015.04.21 22:11:53.259,1.83174,1.83246,1.00,1.00
2015.04.21 22:11:53.845,1.83174,1.83247,1.00,1.00
2015.04.21 22:11:54.929,1.83175,1.83247,1.00,1.00
2015.04.21 22:11:55.443,1.83174,1.83247,1.00,1.00
2015.04.21 22:11:56.007,1.83174,1.83252,1.00,1.00
2015.04.21 22:11:56.343,1.83174,1.83247,1.00,1.00
2015.04.21 22:11:57.186,1.83176,1.83247,1.00,1.00
2015.04.21 22:11:57.554,1.83177,1.83252,1.00,1.00
2015.04.21 22:11:57.669,1.83179,1.83257,1.00,1.00
2015.04.21 22:11:57.878,1.83184,1.83257,1.00,1.00
2015.04.21 22:11:58.582,1.83185,1.83257,1.00,1.00
2015.04.21 22:11:59.079,1.83187,1.83257,1.00,1.00
2015.04.21 22:11:59.559,1.83185,1.83257,1.00,1.00
2015.04.21 22:11:59.992,1.83187,1.83257,1.00,1.00
2015.04.21 22:12:00.473,1.83176,1.83257,1.00,1.00
2015.04.21 22:12:00.524,1.83176,1.83252,1.00,1.00
2015.04.21 22:12:00.750,1.83176,1.83257,1.00,1.00
2015.04.21 22:12:00.901,1.83185,1.83257,1.00,1.00
2015.04.21 22:12:01.710,1.83186,1.83257,1.00,1.00
2015.04.21 22:12:02.430,1.83185,1.83257,1.00,1.00
2015.04.21 22:12:02.966,1.83184,1.83256,1.00,1.00
2015.04.21 22:12:03.089,1.83184,1.83262,1.00,1.00
2015.04.21 22:12:03.239,1.83187,1.83262,1.00,1.00
2015.04.21 22:12:03.772,1.83188,1.83261,1.00,1.00
2015.04.21 22:12:05.033,1.83188,1.83257,1.00,1.00
2015.04.21 22:12:05.735,1.83189,1.83257,1.00,1.00
2015.04.21 22:12:06.023,1.83189,1.83262,1.00,1.00
2015.04.21 22:12:06.607,1.83188,1.83262,1.00,1.00
2015.04.21 22:12:07.244,1.83189,1.83262,1.00,1.00
2015.04.21 22:12:07.747,1.83188,1.83262,1.00,1.00
2015.04.21 22:12:08.389,1.83189,1.83262,1.00,1.00
2015.04.21 22:12:08.752,1.83187,1.83262,1.00,1.00
2015.04.21 22:12:08.802,1.83187,1.83257,1.00,1.00
2015.04.21 22:12:09.657,1.83188,1.83257,1.00,1.00
2015.04.21 22:12:10.684,1.83188,1.83262,1.00,1.00
2015.04.21 22:12:11.642,1.83187,1.83262,1.00,1.00
2015.04.21 22:12:12.115,1.83187,1.83257,1.00,1.00
2015.04.21 22:12:12.623,1.83187,1.83261,1.00,1.00
2015.04.21 22:12:12.843,1.83187,1.83256,1.00,1.00
2015.04.21 22:12:13.391,1.83188,1.83256,1.00,1.00
2015.04.21 22:12:14.209,1.83187,1.83265,1.00,1.00
2015.04.21 22:12:14.377,1.83189,1.83265,1.00,1.00
2015.04.21 22:12:15.106,1.8319,1.83264,1.00,1.00
2015.04.21 22:12:15.653,1.83189,1.83265,1.00,1.00
2015.04.21 22:12:16.413,1.8319,1.83264,1.00,1.00
2015.04.21 22:12:16.943,1.83189,1.83265,1.00,1.00
2015.04.21 22:12:17.633,1.8319,1.83264,1.00,1.00
2015.04.21 22:12:17.901,1.8319,1.83268,1.00,1.00
2015.04.21 22:12:18.423,1.83189,1.83269,1.00,1.00
2015.04.21 22:12:19.725,1.8319,1.83268,1.00,1.00
2015.04.21 22:12:20.284,1.83189,1.83269,1.00,1.00
2015.04.21 22:12:21.014,1.8319,1.83268,1.00,1.00
2015.04.21 22:12:21.999,1.83189,1.83269,1.00,1.00
2015.04.21 22:12:23.216,1.8319,1.83268,1.00,1.00
2015.04.21 22:12:23.911,1.83189,1.83269,1.00,1.00
2015.04.21 22:12:24.439,1.8319,1.83268,1.00,1.00
2015.04.21 22:12:24.540,1.83188,1.83268,1.00,1.00
2015.04.21 22:12:24.590,1.8319,1.83268,1.00,1.00
2015.04.21 22:12:24.691,1.83187,1.83269,1.00,1.00
2015.04.21 22:12:24.792,1.8319,1.83268,1.00,1.00
2015.04.21 22:12:24.993,1.83187,1.83269,1.00,1.00
2015.04.21 22:12:25.094,1.83189,1.83269,1.00,1.00
2015.04.21 22:12:25.623,1.8318,1.83268,1.00,1.00
2015.04.21 22:12:25.692,1.83189,1.83269,1.00,1.00
2015.04.21 22:12:25.894,1.83187,1.83269,1.00,1.00
2015.04.21 22:12:26.043,1.83187,1.83256,1.00,1.00
2015.04.21 22:12:26.295,1.83179,1.83256,1.00,1.00
2015.04.21 22:12:26.496,1.83186,1.83257,1.00,1.00
2015.04.21 22:12:26.597,1.83183,1.83257,1.00,1.00
2015.04.21 22:12:26.799,1.83181,1.83257,1.00,1.00
2015.04.21 22:12:27.435,1.83182,1.83257,1.00,1.00
2015.04.21 22:12:27.803,1.83181,1.83251,1.00,1.00
2015.04.21 22:12:28.022,1.83181,1.83257,1.00,1.00
2015.04.21 22:12:28.549,1.83182,1.83257,1.00,1.00
2015.04.21 22:12:29.127,1.83181,1.83256,1.00,1.00
2015.04.21 22:12:29.783,1.83181,1.83252,1.00,1.00
2015.04.21 22:12:30.113,1.83181,1.83256,1.00,1.00
2015.04.21 22:12:30.655,1.83182,1.83256,1.00,1.00
2015.04.21 22:12:31.176,1.83182,1.83257,1.00,1.00
2015.04.21 22:12:31.882,1.83182,1.83251,1.00,1.00
2015.04.21 22:12:32.107,1.83182,1.83256,1.00,1.00
2015.04.21 22:12:32.326,1.83182,1.83251,1.00,1.00
2015.04.21 22:12:32.453,1.83179,1.83251,1.00,1.00
2015.04.21 22:12:32.553,1.83172,1.83251,1.00,1.00
2015.04.21 22:12:32.654,1.83172,1.83247,1.00,1.00
2015.04.21 22:12:32.984,1.83171,1.83252,1.00,1.00
2015.04.21 22:12:33.083,1.83171,1.83246,1.00,1.00
2015.04.21 22:12:33.487,1.83176,1.83247,1.00,1.00
2015.04.21 22:12:34.036,1.83176,1.83246,1.00,1.00
2015.04.21 22:12:35.431,1.83176,1.83251,1.00,1.00
2015.04.21 22:12:36.053,1.83176,1.83252,1.00,1.00
2015.04.21 22:12:36.153,1.83179,1.83252,1.00,1.00
2015.04.21 22:12:36.690,1.83179,1.83251,1.00,1.00
2015.04.21 22:12:37.193,1.83178,1.83251,1.00,1.00
2015.04.21 22:12:37.395,1.83179,1.83257,1.00,1.00
2015.04.21 22:12:37.495,1.83178,1.8326,1.00,1.00
2015.04.21 22:12:37.546,1.83182,1.83259,1.00,1.00
2015.04.21 22:12:37.647,1.83172,1.83259,1.50,1.00
2015.04.21 22:12:38.251,1.83172,1.8326,1.00,1.00
2015.04.21 22:12:38.791,1.83171,1.8326,1.00,1.00
2015.04.21 22:12:39.390,1.83173,1.8326,1.00,1.00
2015.04.21 22:12:39.727,1.83187,1.83267,1.00,1.00
2015.04.21 22:12:40.333,1.83188,1.83267,1.00,1.00
2015.04.21 22:12:40.586,1.83184,1.83268,1.00,1.00
2015.04.21 22:12:40.788,1.83186,1.83268,1.00,1.00
2015.04.21 22:12:41.192,1.83178,1.83268,1.00,1.00
2015.04.21 22:12:41.795,1.83188,1.83268,1.00,1.00
2015.04.21 22:12:43.955,1.83189,1.83267,1.00,1.00
2015.04.21 22:12:44.857,1.83188,1.83268,1.00,1.00
2015.04.21 22:12:45.309,1.83189,1.83262,1.00,1.00
2015.04.21 22:12:45.359,1.83186,1.83262,1.00,1.00
2015.04.21 22:12:45.460,1.83188,1.83262,1.00,1.00
2015.04.21 22:12:45.773,1.83188,1.83257,1.00,1.00
2015.04.21 22:12:46.184,1.83185,1.83257,1.00,1.00
2015.04.21 22:12:46.285,1.83187,1.83257,1.00,1.00
2015.04.21 22:12:47.664,1.83188,1.83257,1.00,1.00
2015.04.21 22:12:47.715,1.83188,1.83261,1.00,1.00
2015.04.21 22:12:48.055,1.83187,1.83268,1.00,1.00
2015.04.21 22:12:48.508,1.83185,1.83268,1.00,1.00
2015.04.21 22:12:48.609,1.83188,1.83268,1.00,1.00
2015.04.21 22:12:48.667,1.83186,1.83268,1.00,1.00
2015.04.21 22:12:48.768,1.83189,1.83267,1.00,1.00
2015.04.21 22:12:48.972,1.83186,1.83268,1.00,1.00
2015.04.21 22:12:49.073,1.83189,1.83267,1.00,1.00
2015.04.21 22:12:49.661,1.83188,1.83268,1.00,1.00
2015.04.21 22:12:50.793,1.83188,1.83267,1.00,1.00
2015.04.21 22:12:50.893,1.83186,1.83267,1.00,1.50
2015.04.21 22:12:50.994,1.83189,1.83267,1.00,1.00
2015.04.21 22:12:51.397,1.83186,1.83267,1.00,1.00
2015.04.21 22:12:51.598,1.83189,1.83266,1.00,1.00
2015.04.21 22:12:51.699,1.83186,1.83266,1.00,1.00
2015.04.21 22:12:52.001,1.83192,1.83266,1.00,1.00
2015.04.21 22:12:52.303,1.83195,1.83266,1.00,1.00
2015.04.21 22:12:52.878,1.83195,1.83267,1.00,1.00
2015.04.21 22:12:53.623,1.83196,1.83267,1.00,1.00
2015.04.21 22:12:54.206,1.83198,1.83267,1.00,1.00
2015.04.21 22:12:54.307,1.83196,1.83267,1.00,1.00
2015.04.21 22:12:54.425,1.83189,1.83267,1.00,1.00
2015.04.21 22:12:54.750,1.83198,1.83267,1.00,1.00
2015.04.21 22:12:54.800,1.83193,1.83267,1.00,1.00
2015.04.21 22:12:54.901,1.83197,1.83267,1.00,1.00
2015.04.21 22:12:55.433,1.83198,1.83267,1.00,1.00
2015.04.21 22:12:55.534,1.83195,1.83267,1.00,1.00
2015.04.21 22:12:56.042,1.83196,1.83267,1.00,1.00
2015.04.21 22:12:56.679,1.83195,1.83267,1.00,1.00
2015.04.21 22:12:57.390,1.83196,1.83267,1.00,1.00
2015.04.21 22:12:58.192,1.83195,1.83267,1.00,1.00
2015.04.21 22:12:58.643,1.83195,1.83257,1.00,1.00
2015.04.21 22:12:59.190,1.83194,1.83257,1.00,1.00
2015.04.21 22:12:59.697,1.83195,1.83257,1.00,1.00
2015.04.21 22:12:59.799,1.83193,1.83257,1.00,1.00
2015.04.21 22:13:00.204,1.83195,1.83257,1.00,1.00
2015.04.21 22:13:00.613,1.83193,1.83257,1.00,1.00
2015.04.21 22:13:00.814,1.83195,1.83257,1.00,1.00
2015.04.21 22:13:01.016,1.83186,1.83257,1.87,1.00
2015.04.21 22:13:01.167,1.83186,1.83251,1.37,1.00
2015.04.21 22:13:01.268,1.83186,1.83251,1.00,1.00
2015.04.21 22:13:01.902,1.83187,1.83252,1.50,1.00
2015.04.21 22:13:02.204,1.83184,1.83252,1.00,1.00
2015.04.21 22:13:02.782,1.83184,1.83251,1.00,1.00
2015.04.21 22:13:03.332,1.83184,1.83252,1.00,1.00
2015.04.21 22:13:03.433,1.83184,1.83257,1.00,1.00
2015.04.21 22:13:03.959,1.83185,1.83257,1.00,1.00
2015.04.21 22:13:04.209,1.83183,1.83257,1.00,1.00
2015.04.21 22:13:05.032,1.83184,1.83257,1.00,1.00
2015.04.21 22:13:05.133,1.83182,1.83257,1.00,1.00
2015.04.21 22:13:05.334,1.83182,1.83262,1.50,1.00
2015.04.21 22:13:05.535,1.83186,1.83262,1.50,1.00
2015.04.21 22:13:06.058,1.83193,1.83262,1.00,1.00
2015.04.21 22:13:06.309,1.83196,1.83274,1.00,1.00
2015.04.21 22:13:06.410,1.83196,1.83276,1.00,1.00
2015.04.21 22:13:06.562,1.83194,1.83275,1.00,1.00
2015.04.21 22:13:06.663,1.83197,1.83276,1.00,1.00
2015.04.21 22:13:07.168,1.83198,1.83275,1.00,1.00
2015.04.21 22:13:07.899,1.83197,1.83276,1.00,1.00
2015.04.21 22:13:08.547,1.83193,1.83276,1.00,1.00
2015.04.21 22:13:08.648,1.83187,1.83275,1.00,1.00
2015.04.21 22:13:08.748,1.83198,1.83276,1.00,1.00
2015.04.21 22:13:08.849,1.83195,1.83276,1.00,1.00
2015.04.21 22:13:09.627,1.83196,1.83275,1.00,1.00
2015.04.21 22:13:10.527,1.83195,1.83276,1.00,1.00
2015.04.21 22:13:11.831,1.83196,1.83275,1.00,1.00
2015.04.21 22:13:12.569,1.83195,1.83276,1.00,1.00
2015.04.21 22:13:13.085,1.83196,1.83275,1.00,1.00
2015.04.21 22:13:13.135,1.83199,1.83275,1.00,1.00
2015.04.21 22:13:14.270,1.83198,1.83276,1.00,1.00
2015.04.21 22:13:14.830,1.83199,1.83275,1.00,1.00
2015.04.21 22:13:15.490,1.83198,1.83276,1.00,1.00
2015.04.21 22:13:16.035,1.83199,1.83275,1.00,1.00
2015.04.21 22:13:16.592,1.83198,1.83276,1.00,1.00
2015.04.21 22:13:16.643,1.832,1.83282,1.00,1.00
2015.04.21 22:13:16.744,1.83203,1.83282,1.00,1.00
2015.04.21 22:13:17.273,1.83206,1.83282,1.00,1.00
2015.04.21 22:13:17.979,1.83205,1.83282,1.00,1.00
2015.04.21 22:13:18.656,1.83206,1.83282,1.00,1.00
2015.04.21 22:13:19.238,1.83205,1.83282,1.00,1.00
2015.04.21 22:13:19.641,1.83206,1.83286,1.00,1.00
2015.04.21 22:13:19.893,1.832,1.83284,1.50,1.00
2015.04.21 22:13:20.095,1.83201,1.83282,1.00,1.00
2015.04.21 22:13:20.613,1.832,1.83281,1.00,1.00
2015.04.21 22:13:20.962,1.83193,1.83278,1.50,1.00
2015.04.21 22:13:21.063,1.83194,1.83275,1.50,1.00
2015.04.21 22:13:21.365,1.83193,1.83273,1.00,1.00
2015.04.21 22:13:21.754,1.83194,1.8327,1.00,1.00
2015.04.21 22:13:22.394,1.83193,1.83273,1.00,1.00
2015.04.21 22:13:22.958,1.83194,1.83272,1.00,1.00
2015.04.21 22:13:23.573,1.83193,1.83272,1.00,1.00
2015.04.21 22:13:23.961,1.83186,1.83271,1.00,1.50
2015.04.21 22:13:24.194,1.83188,1.83271,1.00,1.50
2015.04.21 22:13:24.496,1.83189,1.83266,1.00,1.00
2015.04.21 22:13:24.788,1.83188,1.83271,1.00,1.00
2015.04.21 22:13:24.962,1.83186,1.83271,1.00,1.00
2015.04.21 22:13:25.063,1.83188,1.83271,1.00,1.00
2015.04.21 22:13:25.691,1.83191,1.83272,1.00,1.00
2015.04.21 22:13:26.208,1.83191,1.83271,1.00,1.00
2015.04.21 22:13:26.522,1.8319,1.83257,1.00,1.00
2015.04.21 22:13:27.048,1.83191,1.83257,1.00,1.00
2015.04.21 22:13:27.641,1.83191,1.83252,1.00,1.00
2015.04.21 22:13:27.692,1.83189,1.83252,1.00,1.00
2015.04.21 22:13:28.329,1.8319,1.83252,1.00,1.00
2015.04.21 22:13:29.028,1.83189,1.83252,1.00,1.00
2015.04.21 22:13:29.601,1.8319,1.83252,1.00,1.00
2015.04.21 22:13:29.652,1.8319,1.83257,1.00,1.00
2015.04.21 22:13:30.168,1.83191,1.83257,1.00,1.00
2015.04.21 22:13:30.735,1.83192,1.83257,1.00,1.00
2015.04.21 22:13:31.908,1.83191,1.83257,1.00,1.00
2015.04.21 22:13:33.260,1.83193,1.83257,1.00,1.00
2015.04.21 22:13:33.779,1.83194,1.83257,1.00,1.00
2015.04.21 22:13:34.324,1.83193,1.83256,1.00,1.00
2015.04.21 22:13:34.986,1.83194,1.83256,1.00,1.00
2015.04.21 22:13:35.121,1.83194,1.83262,1.00,1.00
2015.04.21 22:13:35.642,1.83193,1.83262,1.00,1.00
2015.04.21 22:13:36.149,1.83193,1.83257,1.00,1.00
2015.04.21 22:13:36.250,1.83191,1.83257,1.00,1.00
2015.04.21 22:13:36.889,1.83191,1.83256,1.00,1.00
2015.04.21 22:13:37.501,1.83192,1.83256,1.00,1.00
2015.04.21 22:13:38.006,1.83191,1.83256,1.00,1.00
2015.04.21 22:13:38.515,1.8319,1.83256,1.00,1.00
2015.04.21 22:13:38.863,1.83191,1.83251,1.00,1.00
2015.04.21 22:13:39.014,1.8319,1.83256,1.00,1.00
2015.04.21 22:13:39.115,1.8319,1.83267,1.00,1.00
2015.04.21 22:13:39.170,1.83193,1.83267,1.00,1.00
2015.04.21 22:13:39.474,1.83199,1.83267,1.00,1.00
2015.04.21 22:13:39.776,1.83197,1.83261,1.00,1.00
2015.04.21 22:13:40.078,1.83195,1.83261,1.00,1.00
2015.04.21 22:13:40.628,1.83196,1.83261,1.00,1.00
2015.04.21 22:13:40.679,1.83193,1.83261,1.00,1.00
2015.04.21 22:13:41.254,1.83192,1.83261,1.00,1.00
2015.04.21 22:13:41.981,1.83193,1.83261,1.00,1.00
2015.04.21 22:13:42.483,1.83192,1.83261,1.00,1.00
2015.04.21 22:13:43.029,1.83192,1.83262,1.00,1.00
2015.04.21 22:13:43.230,1.8319,1.83261,1.00,1.00
2015.04.21 22:13:43.431,1.83186,1.83261,1.00,1.00
2015.04.21 22:13:43.633,1.8319,1.83262,1.00,1.00
2015.04.21 22:13:43.733,1.83188,1.83262,1.00,1.00
2015.04.21 22:13:43.935,1.83188,1.83257,1.00,1.00
2015.04.21 22:13:44.276,1.83188,1.83261,1.00,1.00
2015.04.21 22:13:44.392,1.83188,1.83257,1.00,1.00
2015.04.21 22:13:44.442,1.83181,1.83257,1.00,1.00
2015.04.21 22:13:44.493,1.83178,1.83256,1.00,1.00
2015.04.21 22:13:44.727,1.8318,1.83257,1.00,1.00
2015.04.21 22:13:45.156,1.83182,1.83257,1.00,1.00
2015.04.21 22:13:45.460,1.83182,1.83251,1.00,1.00
2015.04.21 22:13:45.964,1.83179,1.83251,1.00,1.00
2015.04.21 22:13:46.542,1.83178,1.83251,1.50,1.00
2015.04.21 22:13:46.593,1.83179,1.83256,1.00,1.00
2015.04.21 22:13:46.794,1.83178,1.83252,1.00,1.00
2015.04.21 22:13:47.262,1.83182,1.83252,1.00,1.00
2015.04.21 22:13:47.787,1.83181,1.83252,1.00,1.00
2015.04.21 22:13:48.967,1.83182,1.83252,1.00,1.00
2015.04.21 22:13:49.492,1.83182,1.83251,1.00,1.00
2015.04.21 22:13:49.671,1.83179,1.83252,1.50,1.00
2015.04.21 22:13:50.194,1.83178,1.83251,1.50,1.00
2015.04.21 22:13:50.698,1.83179,1.83251,1.00,1.00
2015.04.21 22:13:51.211,1.83178,1.83251,1.50,1.00
2015.04.21 22:13:51.869,1.83179,1.83251,1.00,1.00
2015.04.21 22:13:52.406,1.83179,1.83252,1.00,1.00
2015.04.21 22:13:52.712,1.83181,1.83252,1.00,1.00
2015.04.21 22:13:53.312,1.8318,1.83252,1.00,1.00
2015.04.21 22:13:54.083,1.83181,1.83252,1.00,1.00
2015.04.21 22:13:54.613,1.8318,1.83252,1.00,1.00
2015.04.21 22:13:55.121,1.83181,1.83257,1.00,1.00
2015.04.21 22:13:55.222,1.83184,1.83257,1.00,1.00
2015.04.21 22:13:55.323,1.83182,1.83256,1.50,1.00
2015.04.21 22:13:55.512,1.83184,1.83256,1.00,1.00
2015.04.21 22:13:55.825,1.83184,1.83251,1.00,1.00
2015.04.21 22:13:55.876,1.83184,1.83256,1.00,1.00
2015.04.21 22:13:56.331,1.83184,1.83252,1.00,1.00
2015.04.21 22:13:56.671,1.83184,1.83246,1.00,1.00
2015.04.21 22:13:56.848,1.83184,1.83252,1.00,1.00
2015.04.21 22:13:57.061,1.83184,1.83247,1.00,1.00
2015.04.21 22:13:57.631,1.83182,1.83251,1.00,1.00
2015.04.21 22:13:57.682,1.8318,1.83251,1.00,1.00
2015.04.21 22:13:57.733,1.83182,1.83251,1.00,1.00
2015.04.21 22:13:57.833,1.83182,1.83257,1.00,1.00
2015.04.21 22:13:58.052,1.83182,1.83247,1.00,1.00
2015.04.21 22:13:58.271,1.83183,1.83252,1.00,1.00
2015.04.21 22:13:58.684,1.83181,1.83252,1.00,1.00
2015.04.21 22:13:58.855,1.83178,1.83251,3.00,1.00
2015.04.21 22:13:58.956,1.83183,1.83247,1.00,1.00
2015.04.21 22:13:59.839,1.83183,1.83246,1.00,1.00
2015.04.21 22:14:00.031,1.83183,1.83251,1.50,1.00
2015.04.21 22:14:00.361,1.83183,1.83246,1.50,1.00
2015.04.21 22:14:00.741,1.83183,1.83252,1.00,1.00
2015.04.21 22:14:00.864,1.83182,1.83257,1.00,1.00
2015.04.21 22:14:00.915,1.8318,1.83257,1.00,1.00
2015.04.21 22:14:01.027,1.83183,1.83257,1.00,1.00
2015.04.21 22:14:01.342,1.83183,1.83252,1.00,1.00
2015.04.21 22:14:01.693,1.83182,1.83246,1.50,1.00
2015.04.21 22:14:01.800,1.83182,1.83257,1.50,1.00
2015.04.21 22:14:02.146,1.83182,1.83247,1.00,1.00
2015.04.21 22:14:02.448,1.83178,1.83247,1.50,1.00
2015.04.21 22:14:02.599,1.83178,1.83257,1.50,1.00
2015.04.21 22:14:02.822,1.83179,1.83252,1.00,1.00
2015.04.21 22:14:03.149,1.83182,1.83257,1.00,1.00
2015.04.21 22:14:03.350,1.83184,1.83251,1.00,1.00
2015.04.21 22:14:03.653,1.83179,1.83247,1.00,1.00
2015.04.21 22:14:03.804,1.83184,1.83252,1.00,1.00
2015.04.21 22:14:03.905,1.83178,1.83262,1.50,1.00
2015.04.21 22:14:03.955,1.8318,1.83262,1.00,1.00
2015.04.21 22:14:04.106,1.83181,1.83267,1.00,1.00
2015.04.21 22:14:04.207,1.83183,1.83267,1.00,1.00
2015.04.21 22:14:04.905,1.83183,1.83262,1.00,1.00
2015.04.21 22:14:06.003,1.83183,1.83266,1.00,1.00
2015.04.21 22:14:06.507,1.83184,1.83266,1.50,1.00
2015.04.21 22:14:10.091,1.83184,1.83262,1.50,1.00
2015.04.21 22:14:11.986,1.83183,1.83262,1.50,1.00
2015.04.21 22:14:12.343,1.8318,1.83262,1.50,1.00
2015.04.21 22:14:12.394,1.83184,1.83262,1.00,1.00
2015.04.21 22:14:14.801,1.83185,1.83262,1.00,1.00
2015.04.21 22:14:15.242,1.83185,1.83257,1.00,1.00
2015.04.21 22:14:15.756,1.83184,1.83257,1.00,1.00
2015.04.21 22:14:17.170,1.83185,1.83257,1.00,1.00
2015.04.21 22:14:17.221,1.83185,1.83262,1.00,1.00
2015.04.21 22:14:17.322,1.83185,1.83257,1.00,1.00
2015.04.21 22:14:17.372,1.83183,1.83257,1.00,1.00
2015.04.21 22:14:17.901,1.83184,1.83261,1.50,1.00
2015.04.21 22:14:18.102,1.83184,1.83257,1.00,1.00
2015.04.21 22:14:18.606,1.83185,1.83257,1.00,1.00
2015.04.21 22:14:19.969,1.83184,1.83257,1.00,1.00
2015.04.21 22:14:20.171,1.83185,1.83261,1.00,1.00
2015.04.21 22:14:20.962,1.83186,1.83256,1.00,1.00
2015.04.21 22:14:21.371,1.83185,1.83261,1.00,1.00
2015.04.21 22:14:21.812,1.83185,1.83257,1.00,1.00
2015.04.21 22:14:21.963,1.83186,1.83262,1.00,1.00
2015.04.21 22:14:22.063,1.83184,1.83257,1.50,1.00
2015.04.21 22:14:22.365,1.83184,1.83262,1.50,1.00
2015.04.21 22:14:23.367,1.83184,1.83261,1.00,1.00
2015.04.21 22:14:23.889,1.83183,1.83261,1.00,1.00
2015.04.21 22:14:24.423,1.83184,1.83261,1.00,1.00
2015.04.21 22:14:24.668,1.83182,1.83261,1.00,1.00
2015.04.21 22:14:24.719,1.83182,1.83266,1.00,1.50
2015.04.21 22:14:24.930,1.83182,1.83261,1.00,1.00
2015.04.21 22:14:25.481,1.83184,1.83267,1.00,1.00
2015.04.21 22:14:25.582,1.83185,1.83262,1.00,1.00
2015.04.21 22:14:25.683,1.83182,1.83262,1.50,1.00
2015.04.21 22:14:25.784,1.83181,1.83266,1.50,1.00
2015.04.21 22:14:26.100,1.83182,1.83261,1.50,1.00
2015.04.21 22:14:26.411,1.83184,1.83261,1.00,1.00
2015.04.21 22:14:26.749,1.83183,1.83257,1.00,1.00
2015.04.21 22:14:26.799,1.83181,1.83257,2.25,1.00
2015.04.21 22:14:27.126,1.83181,1.83262,1.50,1.00
2015.04.21 22:14:28.603,1.83182,1.83262,1.50,1.00
2015.04.21 22:14:29.230,1.83182,1.83256,1.00,1.00
2015.04.21 22:14:29.643,1.83182,1.83262,1.00,1.00
2015.04.21 22:14:30.170,1.83181,1.83262,1.00,1.00
2015.04.21 22:14:30.221,1.83184,1.83262,1.00,1.00
2015.04.21 22:14:30.725,1.83181,1.83262,1.50,1.00
2015.04.21 22:14:31.390,1.83181,1.83261,1.00,1.00
2015.04.21 22:14:31.921,1.83182,1.83262,1.00,1.50
2015.04.21 22:14:32.231,1.83184,1.83262,1.00,1.00
2015.04.21 22:14:32.432,1.83182,1.83262,1.00,1.00
2015.04.21 22:14:32.532,1.83183,1.83264,1.00,1.00
2015.04.21 22:14:32.633,1.83182,1.83262,1.00,1.00
2015.04.21 22:14:33.036,1.83182,1.83264,1.00,1.00
2015.04.21 22:14:33.284,1.83181,1.83262,1.00,1.00
2015.04.21 22:14:34.437,1.83182,1.83262,1.00,1.00
2015.04.21 22:14:35.145,1.83181,1.83262,1.00,1.00
2015.04.21 22:14:35.799,1.83182,1.83262,1.00,1.00
2015.04.21 22:14:36.142,1.83181,1.83264,1.50,1.00
2015.04.21 22:14:36.645,1.83182,1.83263,1.00,1.00
2015.04.21 22:14:36.745,1.83181,1.83266,1.50,1.00
2015.04.21 22:14:37.146,1.83182,1.83263,1.00,1.00
2015.04.21 22:14:37.650,1.83181,1.83264,1.00,1.00
2015.04.21 22:14:37.851,1.83182,1.83266,1.00,1.50
2015.04.21 22:14:38.354,1.83183,1.83265,1.00,1.00
2015.04.21 22:14:38.456,1.83181,1.83264,1.00,1.00
2015.04.21 22:14:39.354,1.83182,1.83263,1.00,1.00
2015.04.21 22:14:39.896,1.83181,1.83264,1.00,1.00
2015.04.21 22:14:40.421,1.83182,1.83262,1.00,1.00
2015.04.21 22:14:40.757,1.83182,1.83267,1.00,1.00
2015.04.21 22:14:41.560,1.83182,1.83265,1.00,1.00
2015.04.21 22:14:42.659,1.83183,1.83264,1.00,1.00
2015.04.21 22:14:43.186,1.83182,1.83265,1.00,1.00
2015.04.21 22:14:43.616,1.83181,1.83262,1.50,1.00
2015.04.21 22:14:43.817,1.83181,1.83265,1.50,1.00
2015.04.21 22:14:44.391,1.83181,1.83262,1.50,1.00
2015.04.21 22:14:44.734,1.83179,1.83252,1.00,1.00
2015.04.21 22:14:44.835,1.83171,1.83251,1.50,1.50
2015.04.21 22:14:44.936,1.83163,1.83247,1.00,1.00
2015.04.21 22:14:45.172,1.83163,1.83249,1.00,1.00
2015.04.21 22:14:45.676,1.83162,1.8325,1.00,1.00
2015.04.21 22:14:46.240,1.83161,1.83251,1.00,1.00
2015.04.21 22:14:47.091,1.83165,1.8325,1.00,1.00
2015.04.21 22:14:47.940,1.83166,1.83249,1.00,1.00
2015.04.21 22:14:48.500,1.83167,1.8325,1.00,1.00
2015.04.21 22:14:49.054,1.83167,1.83251,1.00,1.50
2015.04.21 22:14:49.588,1.83168,1.8325,1.00,1.50
2015.04.21 22:14:49.984,1.83161,1.83242,1.00,1.00
2015.04.21 22:14:50.311,1.83167,1.83237,1.00,1.00
2015.04.21 22:14:50.950,1.83165,1.83237,1.00,1.00
2015.04.21 22:14:51.571,1.83164,1.83237,1.00,1.00
2015.04.21 22:14:52.696,1.83165,1.83237,1.00,1.00
2015.04.21 22:14:53.244,1.83164,1.83237,1.00,1.00
2015.04.21 22:14:54.609,1.83165,1.83237,1.00,1.00
2015.04.21 22:14:55.157,1.83165,1.83236,1.00,1.00
2015.04.21 22:14:55.659,1.83164,1.83236,1.00,1.00
2015.04.21 22:14:55.810,1.83164,1.83242,1.00,1.00
2015.04.21 22:14:56.329,1.83163,1.83242,1.00,1.00
2015.04.21 22:14:56.845,1.83162,1.83242,1.00,1.00
2015.04.21 22:14:57.390,1.83162,1.83241,1.00,1.00
2015.04.21 22:14:57.780,1.83162,1.83231,1.00,1.00
2015.04.21 22:14:58.155,1.83161,1.83226,1.00,1.00
2015.04.21 22:14:58.930,1.83162,1.83226,1.00,1.00
2015.04.21 22:14:59.510,1.83161,1.83226,1.00,1.00
2015.04.21 22:15:00.069,1.83161,1.83227,1.12,1.00
2015.04.21 22:15:00.120,1.83161,1.83232,1.12,1.00
2015.04.21 22:15:01.630,1.83162,1.83232,1.00,1.00
2015.04.21 22:15:01.681,1.83162,1.83242,1.00,1.00
2015.04.21 22:15:02.211,1.83161,1.83243,1.00,1.00
2015.04.21 22:15:02.734,1.83161,1.83245,1.50,1.00
2015.04.21 22:15:03.236,1.83162,1.83246,1.50,1.00
2015.04.21 22:15:03.765,1.83161,1.83247,1.50,1.00
2015.04.21 22:15:04.818,1.83162,1.83247,1.00,1.50
2015.04.21 22:15:04.918,1.8316,1.83245,1.00,1.00
2015.04.21 22:15:05.138,1.83157,1.83243,1.50,1.00
2015.04.21 22:15:05.339,1.83157,1.8324,1.50,1.00
2015.04.21 22:15:05.440,1.83157,1.83247,1.00,1.00
2015.04.21 22:15:05.742,1.83158,1.83242,1.50,1.00
2015.04.21 22:15:06.245,1.83157,1.83243,1.50,1.00
2015.04.21 22:15:07.223,1.83158,1.83242,1.50,1.00
2015.04.21 22:15:07.749,1.83158,1.83243,1.00,1.00
2015.04.21 22:15:08.276,1.83159,1.83242,1.00,1.00
2015.04.21 22:15:08.796,1.83158,1.83243,1.00,1.00
2015.04.21 22:15:09.128,1.83159,1.8324,1.00,1.00
2015.04.21 22:15:09.229,1.83158,1.83243,1.00,1.00
2015.04.21 22:15:09.830,1.83159,1.83242,1.00,1.00
2015.04.21 22:15:10.731,1.83158,1.83243,1.00,1.00
2015.04.21 22:15:13.738,1.83159,1.83242,1.00,1.00
2015.04.21 22:15:14.640,1.83158,1.83243,1.00,1.00
2015.04.21 22:15:15.443,1.83161,1.83242,1.00,1.00
2015.04.21 22:15:15.952,1.83158,1.83243,1.00,1.00
2015.04.21 22:15:16.187,1.8316,1.83243,1.00,1.00
2015.04.21 22:15:16.780,1.83158,1.83243,1.00,1.00
2015.04.21 22:15:16.981,1.83157,1.83241,1.00,1.00
2015.04.21 22:15:17.190,1.83158,1.83243,1.00,1.00
2015.04.21 22:15:17.691,1.83159,1.83242,1.00,1.00
2015.04.21 22:15:17.801,1.83157,1.83247,1.00,1.00
2015.04.21 22:15:18.188,1.83159,1.83243,1.00,1.00
2015.04.21 22:15:18.461,1.83158,1.83246,1.00,1.00
2015.04.21 22:15:18.785,1.83157,1.8324,1.50,1.00
2015.04.21 22:15:18.986,1.83158,1.83246,1.00,1.00
2015.04.21 22:15:19.087,1.8316,1.83243,1.00,1.00
2015.04.21 22:15:19.391,1.83162,1.83246,1.00,1.00
2015.04.21 22:15:20.199,1.83163,1.83245,1.00,1.00
2015.04.21 22:15:20.367,1.83161,1.83245,1.00,1.00
2015.04.21 22:15:21.001,1.8316,1.83246,1.00,1.00
2015.04.21 22:15:21.169,1.83159,1.83242,1.00,1.00
2015.04.21 22:15:21.691,1.83158,1.83243,1.00,1.00
2015.04.21 22:15:22.230,1.83159,1.83242,1.00,1.00
2015.04.21 22:15:22.774,1.83158,1.83243,1.00,1.00
2015.04.21 22:15:23.301,1.83159,1.83242,1.00,1.00
2015.04.21 22:15:23.644,1.83161,1.83244,1.00,1.00
2015.04.21 22:15:23.951,1.83161,1.83242,1.00,1.00
2015.04.21 22:15:24.203,1.8316,1.83245,1.00,1.00
2015.04.21 22:15:24.577,1.83163,1.83244,1.00,1.00
2015.04.21 22:15:25.103,1.83162,1.83245,1.00,1.50
2015.04.21 22:15:25.204,1.8316,1.83245,1.00,1.50
2015.04.21 22:15:25.808,1.83161,1.83244,1.00,1.50
2015.04.21 22:15:26.331,1.8316,1.83245,1.00,1.50
2015.04.21 22:15:27.298,1.83161,1.83244,1.00,1.50
2015.04.21 22:15:28.024,1.8316,1.83245,1.00,1.50
2015.04.21 22:15:28.505,1.83163,1.83244,1.00,1.50
2015.04.21 22:15:29.015,1.83162,1.83245,1.00,1.50
2015.04.21 22:15:29.500,1.8316,1.83245,1.00,1.50
2015.04.21 22:15:30.006,1.83161,1.83244,1.00,1.50
2015.04.21 22:15:30.521,1.83158,1.83244,1.00,1.00
2015.04.21 22:15:31.024,1.83159,1.83243,1.00,1.00
2015.04.21 22:15:31.412,1.83161,1.83243,1.00,1.00
2015.04.21 22:15:32.142,1.8316,1.83244,1.00,1.00
2015.04.21 22:15:32.457,1.83161,1.83242,1.00,1.00
2015.04.21 22:15:32.978,1.8316,1.83243,1.00,1.00
2015.04.21 22:15:33.482,1.83159,1.83243,1.00,1.00
2015.04.21 22:15:34.080,1.8316,1.83242,1.00,1.00
2015.04.21 22:15:34.231,1.83159,1.83244,1.00,1.00
2015.04.21 22:15:34.830,1.8316,1.83243,1.00,1.00
2015.04.21 22:15:35.377,1.8316,1.83244,1.00,1.00
2015.04.21 22:15:35.628,1.83158,1.83243,1.00,1.00
2015.04.21 22:15:35.729,1.83163,1.83244,1.00,1.00
2015.04.21 22:15:37.861,1.83162,1.83245,1.00,1.00
2015.04.21 22:15:38.591,1.83163,1.83244,1.00,1.00
2015.04.21 22:15:39.261,1.83162,1.83245,1.00,1.00
2015.04.21 22:15:39.792,1.83163,1.83245,1.00,1.00
2015.04.21 22:15:40.093,1.83165,1.83244,1.00,1.00
2015.04.21 22:15:40.194,1.83163,1.83244,1.00,1.00
2015.04.21 22:15:40.345,1.83163,1.83241,1.00,1.00
2015.04.21 22:15:40.891,1.83164,1.83241,1.00,1.00
2015.04.21 22:15:41.194,1.83161,1.83241,1.00,1.00
2015.04.21 22:15:41.360,1.83164,1.83241,1.00,1.00
2015.04.21 22:15:41.782,1.83163,1.83245,1.00,1.00
2015.04.21 22:15:41.882,1.8316,1.83243,1.00,1.00
2015.04.21 22:15:42.085,1.83162,1.83245,1.00,1.00
2015.04.21 22:15:42.495,1.83164,1.83245,1.00,1.00
2015.04.21 22:15:43.011,1.83163,1.83245,1.00,1.00
2015.04.21 22:15:43.313,1.83165,1.83244,1.50,1.00
2015.04.21 22:15:43.564,1.83163,1.83244,1.00,1.00
2015.04.21 22:15:43.861,1.83161,1.83244,1.00,1.00
2015.04.21 22:15:44.264,1.83159,1.83243,1.00,1.00
2015.04.21 22:15:44.465,1.8316,1.83245,1.00,1.50
2015.04.21 22:15:44.667,1.83162,1.83245,1.00,1.00
2015.04.21 22:15:45.080,1.83164,1.83247,1.00,1.50
2015.04.21 22:15:45.460,1.83164,1.83244,1.00,1.00
2015.04.21 22:15:46.023,1.83163,1.83245,1.00,1.00
2015.04.21 22:15:46.580,1.83163,1.83244,1.00,1.00
2015.04.21 22:15:46.891,1.8316,1.83243,1.00,1.00
2015.04.21 22:15:47.092,1.83162,1.83243,1.00,1.00
2015.04.21 22:15:47.258,1.83162,1.83245,1.00,1.00
2015.04.21 22:15:47.661,1.83162,1.83247,1.50,2.25
2015.04.21 22:15:47.762,1.83163,1.83243,1.00,1.00
2015.04.21 22:15:47.862,1.83163,1.83245,1.00,1.00
2015.04.21 22:15:47.963,1.83163,1.83242,1.00,1.00
2015.04.21 22:15:48.064,1.83163,1.83245,1.00,1.00
2015.04.21 22:15:48.164,1.83163,1.83242,1.00,1.00
2015.04.21 22:15:48.466,1.83162,1.83244,1.50,1.00
2015.04.21 22:15:48.567,1.83162,1.83247,1.00,1.00
2015.04.21 22:15:48.668,1.83163,1.83245,1.00,1.00
2015.04.21 22:15:48.820,1.8316,1.83245,1.00,1.00
2015.04.21 22:15:48.980,1.83158,1.83242,1.00,1.00
2015.04.21 22:15:49.081,1.83161,1.83246,1.00,1.00
2015.04.21 22:15:49.182,1.83163,1.83245,1.00,1.00
2015.04.21 22:15:49.282,1.83162,1.83247,1.00,1.00
2015.04.21 22:15:49.384,1.8316,1.83247,1.00,1.00
2015.04.21 22:15:49.920,1.83161,1.83247,1.00,1.00
2015.04.21 22:15:49.971,1.83161,1.83244,1.00,1.00
2015.04.21 22:15:50.072,1.83161,1.83246,1.50,1.00
2015.04.21 22:15:50.173,1.83161,1.83243,1.00,1.00
2015.04.21 22:15:50.681,1.83161,1.83244,1.00,1.00
2015.04.21 22:15:51.084,1.8316,1.83241,1.00,1.00
2015.04.21 22:15:51.185,1.8316,1.83244,1.00,1.00
2015.04.21 22:15:51.286,1.83159,1.83241,1.50,1.00
2015.04.21 22:15:51.829,1.83158,1.83242,1.50,1.00
2015.04.21 22:15:52.131,1.83162,1.83246,1.00,1.00
2015.04.21 22:15:52.684,1.83165,1.83246,1.00,1.00
2015.04.21 22:15:53.221,1.83165,1.83247,1.00,1.00
2015.04.21 22:15:53.710,1.83168,1.83247,1.00,1.00
2015.04.21 22:15:53.911,1.83164,1.83247,1.00,1.00
2015.04.21 22:15:54.525,1.83166,1.83247,1.00,1.00
2015.04.21 22:15:54.948,1.83164,1.83247,1.50,1.00
2015.04.21 22:15:55.049,1.83167,1.83246,1.00,1.00
2015.04.21 22:15:55.504,1.83164,1.83247,1.50,1.00
2015.04.21 22:15:56.259,1.83163,1.83245,1.00,1.00
2015.04.21 22:15:56.310,1.83164,1.83247,1.00,1.00
2015.04.21 22:15:56.561,1.83164,1.83244,1.00,1.00
2015.04.21 22:15:56.718,1.83163,1.83246,1.50,1.50
2015.04.21 22:15:57.431,1.83163,1.83244,1.50,1.00
2015.04.21 22:15:57.619,1.83163,1.83247,1.00,1.50
2015.04.21 22:15:58.021,1.83163,1.83245,1.00,1.00
2015.04.21 22:15:58.526,1.83162,1.83245,1.00,1.00
2015.04.21 22:15:58.871,1.83164,1.83247,1.00,1.00
2015.04.21 22:15:59.383,1.83165,1.83246,1.00,1.00
2015.04.21 22:15:59.930,1.83165,1.83247,1.00,1.00
2015.04.21 22:16:00.532,1.83166,1.83246,1.00,1.00
2015.04.21 22:16:00.633,1.83164,1.83247,1.00,1.00
2015.04.21 22:16:01.395,1.83165,1.83247,1.00,1.00
2015.04.21 22:16:01.647,1.83163,1.83247,1.50,1.00
2015.04.21 22:16:02.191,1.83164,1.83246,1.00,1.00
2015.04.21 22:16:02.848,1.83163,1.83247,1.00,1.00
2015.04.21 22:16:03.170,1.83164,1.83245,1.00,1.00
2015.04.21 22:16:03.271,1.83159,1.83246,1.00,1.00
2015.04.21 22:16:03.422,1.83161,1.83246,1.00,1.00
2015.04.21 22:16:03.754,1.83165,1.83247,1.00,1.00
2015.04.21 22:16:03.903,1.83162,1.83247,1.00,1.00
2015.04.21 22:16:03.953,1.83163,1.83245,1.00,1.00
2015.04.21 22:16:04.459,1.83162,1.83246,1.50,1.00
2015.04.21 22:16:04.977,1.83163,1.83245,1.00,1.00
2015.04.21 22:16:05.613,1.83162,1.83246,1.50,1.00
2015.04.21 22:16:06.272,1.83162,1.83248,1.50,1.00
2015.04.21 22:16:06.323,1.83164,1.83248,1.00,1.00
2015.04.21 22:16:06.626,1.83164,1.83246,1.00,1.00
2015.04.21 22:16:06.676,1.83162,1.83245,1.00,1.00
2015.04.21 22:16:06.778,1.83163,1.83247,1.00,1.00
2015.04.21 22:16:06.848,1.83162,1.83243,1.00,1.00
2015.04.21 22:16:07.292,1.83163,1.83245,1.00,1.00
2015.04.21 22:16:07.393,1.83162,1.83248,1.50,1.00
2015.04.21 22:16:07.594,1.83162,1.83246,1.50,1.00
2015.04.21 22:16:08.240,1.83163,1.83246,1.00,1.00
2015.04.21 22:16:08.853,1.83163,1.83245,1.00,1.00
2015.04.21 22:16:09.399,1.83162,1.83246,1.00,1.00
2015.04.21 22:16:09.912,1.83163,1.83245,1.00,1.00
2015.04.21 22:16:10.496,1.83162,1.83246,1.00,1.00
2015.04.21 22:16:11.179,1.83163,1.83245,1.00,1.00
2015.04.21 22:16:11.701,1.83162,1.83246,1.00,1.00
2015.04.21 22:16:12.104,1.83159,1.83244,1.50,1.00
2015.04.21 22:16:12.204,1.83159,1.83242,1.50,1.00
2015.04.21 22:16:12.530,1.83163,1.83241,1.00,1.00
2015.04.21 22:16:12.631,1.8316,1.83242,1.00,1.00
2015.04.21 22:16:13.241,1.83161,1.83242,1.00,1.00
2015.04.21 22:16:13.744,1.83161,1.83241,1.00,1.00
2015.04.21 22:16:14.197,1.83161,1.83243,1.00,1.00
2015.04.21 22:16:14.621,1.83164,1.83243,1.00,1.00
2015.04.21 22:16:14.900,1.83164,1.83245,1.00,1.00
2015.04.21 22:16:15.110,1.83164,1.83242,1.00,1.00
2015.04.21 22:16:15.489,1.83163,1.83244,1.00,1.00
2015.04.21 22:16:16.003,1.83163,1.83242,1.00,1.00
2015.04.21 22:16:16.203,1.83163,1.83245,1.00,1.00
2015.04.21 22:16:16.656,1.83161,1.83244,1.50,1.00
2015.04.21 22:16:16.757,1.83163,1.83247,1.00,1.00
2015.04.21 22:16:17.306,1.83164,1.83246,1.50,1.00
2015.04.21 22:16:17.507,1.83161,1.83247,1.50,1.00
2015.04.21 22:16:17.658,1.83161,1.83247,1.87,1.00
2015.04.21 22:16:18.329,1.83162,1.83246,1.87,1.00
2015.04.21 22:16:18.660,1.83165,1.83247,1.00,1.00
2015.04.21 22:16:18.911,1.83165,1.83249,1.00,1.00
2015.04.21 22:16:19.012,1.83165,1.83246,1.00,1.00
2015.04.21 22:16:19.562,1.83165,1.83247,1.00,1.00
2015.04.21 22:16:20.309,1.83164,1.83246,1.00,1.00
2015.04.21 22:16:20.965,1.83164,1.83247,1.00,1.00
2015.04.21 22:16:21.434,1.83167,1.83246,1.00,1.00
2015.04.21 22:16:21.681,1.83165,1.83246,1.00,1.00
2015.04.21 22:16:22.193,1.83165,1.83247,1.00,1.00
2015.04.21 22:16:22.437,1.83162,1.83247,1.00,1.00
2015.04.21 22:16:22.619,1.83162,1.83236,1.00,1.00
2015.04.21 22:16:22.720,1.8316,1.83236,1.50,1.00
2015.04.21 22:16:22.971,1.83157,1.83236,1.50,1.00
2015.04.21 22:16:23.173,1.83159,1.83236,1.00,1.00
2015.04.21 22:16:23.338,1.83153,1.83234,1.50,1.00
2015.04.21 22:16:23.439,1.83155,1.83237,1.00,1.00
2015.04.21 22:16:24.288,1.83155,1.83232,1.00,1.00
2015.04.21 22:16:24.819,1.83156,1.83233,1.00,1.00
2015.04.21 22:16:25.022,1.83155,1.83237,1.50,1.00
2015.04.21 22:16:25.495,1.83156,1.83239,1.00,1.00
2015.04.21 22:16:25.545,1.83159,1.83239,1.00,1.00
2015.04.21 22:16:25.740,1.83156,1.83239,1.50,1.00
2015.04.21 22:16:25.878,1.83156,1.83233,1.50,1.00
2015.04.21 22:16:26.179,1.83156,1.83237,1.00,1.00
2015.04.21 22:16:26.332,1.83156,1.83239,1.50,1.00
2015.04.21 22:16:26.483,1.8316,1.83237,1.00,1.00
2015.04.21 22:16:26.642,1.83156,1.83237,1.00,1.00
2015.04.21 22:16:26.743,1.83156,1.83239,1.50,1.00
2015.04.21 22:16:26.793,1.83156,1.83237,1.50,1.00
2015.04.21 22:16:27.429,1.83156,1.83238,1.50,1.00
2015.04.21 22:16:28.098,1.83156,1.83237,1.00,1.00
2015.04.21 22:16:28.349,1.83156,1.83241,1.50,2.25
2015.04.21 22:16:28.787,1.83157,1.83239,1.00,1.00
2015.04.21 22:16:29.089,1.83156,1.83233,1.00,1.00
2015.04.21 22:16:30.241,1.83155,1.83233,1.00,1.00
2015.04.21 22:16:30.408,1.83155,1.83237,1.00,1.50
2015.04.21 22:16:30.869,1.83155,1.8324,1.50,1.00
2015.04.21 22:16:30.920,1.83156,1.83239,1.37,1.00
2015.04.21 22:16:31.030,1.83157,1.83241,1.37,1.50
2015.04.21 22:16:31.244,1.83161,1.83241,1.00,1.50
2015.04.21 22:16:31.575,1.83164,1.8324,1.00,1.00
2015.04.21 22:16:32.111,1.83163,1.83241,1.00,1.00
2015.04.21 22:16:33.263,1.83163,1.8324,1.00,1.00
2015.04.21 22:16:34.361,1.83162,1.83241,1.00,1.00
2015.04.21 22:16:36.149,1.83163,1.8324,1.00,1.00
2015.04.21 22:16:36.250,1.8316,1.83241,1.50,1.50
2015.04.21 22:16:36.668,1.83157,1.83241,1.50,2.25
2015.04.21 22:16:36.970,1.8316,1.83241,1.00,2.25
2015.04.21 22:16:37.482,1.83161,1.8324,1.00,1.00
2015.04.21 22:16:38.130,1.83158,1.83241,1.00,1.00
2015.04.21 22:16:38.181,1.8316,1.83241,1.00,1.00
2015.04.21 22:16:38.523,1.83163,1.83241,1.00,1.00
2015.04.21 22:16:39.278,1.83163,1.8324,1.00,1.00
2015.04.21 22:16:39.880,1.83159,1.83241,1.00,1.00
2015.04.21 22:16:40.289,1.83161,1.83241,1.00,1.50
2015.04.21 22:16:40.833,1.83162,1.83241,1.00,1.00
2015.04.21 22:16:41.299,1.83159,1.83241,1.50,1.00
2015.04.21 22:16:41.506,1.83161,1.83241,1.00,1.00
2015.04.21 22:16:42.116,1.83161,1.8324,1.00,1.00
2015.04.21 22:16:42.296,1.83159,1.83241,1.50,1.00
2015.04.21 22:16:42.497,1.83161,1.83241,1.00,1.00
2015.04.21 22:16:43.017,1.83159,1.83241,1.50,1.00
2015.04.21 22:16:43.068,1.83159,1.83243,1.50,1.00
2015.04.21 22:16:43.187,1.83161,1.83243,1.00,1.00
2015.04.21 22:16:44.530,1.83165,1.83243,1.00,1.00
2015.04.21 22:16:44.805,1.83161,1.83243,1.00,1.00
2015.04.21 22:16:45.416,1.83161,1.83242,1.00,1.00
2015.04.21 22:16:45.946,1.83161,1.83243,1.00,1.00
2015.04.21 22:16:46.848,1.83161,1.83242,1.00,1.00
2015.04.21 22:16:47.069,1.83159,1.83243,1.50,1.00
2015.04.21 22:16:47.724,1.8316,1.83242,1.00,1.00
2015.04.21 22:16:48.289,1.83161,1.83242,1.00,1.00
2015.04.21 22:16:48.839,1.83161,1.83243,1.00,1.00
2015.04.21 22:16:49.191,1.83161,1.83245,1.50,1.00
2015.04.21 22:16:49.297,1.83163,1.83245,1.00,1.00
2015.04.21 22:16:49.599,1.83168,1.83246,1.00,1.00
2015.04.21 22:16:49.901,1.83171,1.83247,1.00,1.00
2015.04.21 22:16:50.500,1.83169,1.83247,1.00,1.00
2015.04.21 22:16:50.860,1.83169,1.83252,1.00,1.00
2015.04.21 22:16:51.381,1.8317,1.83251,1.00,1.00
2015.04.21 22:16:51.879,1.83167,1.8325,1.37,1.00
2015.04.21 22:16:51.929,1.8317,1.83247,1.00,1.00
2015.04.21 22:16:52.030,1.8317,1.83249,1.00,1.00
2015.04.21 22:16:52.131,1.83166,1.83249,2.62,1.00
2015.04.21 22:16:52.678,1.83168,1.8325,1.00,1.00
2015.04.21 22:16:52.905,1.83172,1.8325,1.00,1.00
2015.04.21 22:16:53.109,1.83168,1.8325,1.12,1.00
2015.04.21 22:16:54.069,1.83168,1.83247,1.00,1.00
2015.04.21 22:16:54.371,1.83165,1.83247,1.50,1.37
2015.04.21 22:16:55.157,1.83165,1.83246,1.00,1.37
2015.04.21 22:16:55.412,1.83162,1.83244,1.00,1.37
2015.04.21 22:16:55.973,1.83162,1.83243,1.00,1.37
2015.04.21 22:16:56.544,1.83162,1.83243,1.00,1.12
2015.04.21 22:16:56.645,1.83159,1.83244,1.00,1.37
2015.04.21 22:16:56.696,1.83157,1.83241,1.00,1.00
2015.04.21 22:16:57.079,1.83157,1.83243,1.00,1.12
2015.04.21 22:16:57.580,1.83157,1.83243,1.00,1.37
2015.04.21 22:16:57.929,1.83161,1.83245,1.37,1.00
2015.04.21 22:16:58.130,1.83165,1.83253,1.00,2.25
2015.04.21 22:16:58.382,1.83174,1.83253,1.00,1.00
2015.04.21 22:16:58.482,1.83165,1.83253,1.00,1.00
2015.04.21 22:16:58.883,1.83172,1.83254,1.00,1.00
2015.04.21 22:17:00.889,1.83171,1.83254,1.00,1.00
2015.04.21 22:17:01.728,1.83169,1.83254,1.00,1.00
2015.04.21 22:17:02.495,1.8317,1.83253,1.00,1.00
2015.04.21 22:17:02.697,1.8317,1.83251,1.00,1.00
2015.04.21 22:17:02.999,1.83173,1.83257,1.00,1.00
2015.04.21 22:17:03.629,1.83172,1.83257,1.00,1.00
2015.04.21 22:17:03.730,1.83173,1.8325,1.00,1.00
2015.04.21 22:17:04.132,1.83172,1.83261,1.00,1.00
2015.04.21 22:17:04.635,1.83173,1.83261,1.00,1.00
2015.04.21 22:17:05.050,1.83172,1.83254,1.00,1.00
2015.04.21 22:17:05.618,1.83173,1.83253,1.00,1.00
2015.04.21 22:17:06.327,1.83172,1.83254,1.00,1.00
2015.04.21 22:17:06.852,1.83173,1.83253,1.00,1.00
2015.04.21 22:17:06.953,1.83173,1.83255,1.50,1.00
2015.04.21 22:17:07.456,1.83172,1.83256,1.87,1.00
2015.04.21 22:17:08.180,1.83172,1.83256,1.37,1.00
2015.04.21 22:17:08.812,1.83173,1.83255,1.12,1.00
2015.04.21 22:17:08.917,1.83172,1.83257,1.12,1.00
2015.04.21 22:17:09.419,1.83173,1.83257,1.00,1.00
2015.04.21 22:17:09.778,1.83173,1.83261,1.00,1.00
2015.04.21 22:17:10.015,1.83172,1.83255,1.12,1.00
2015.04.21 22:17:10.922,1.83172,1.83256,1.87,1.00
2015.04.21 22:17:12.879,1.83172,1.83256,1.87,1.00
2015.04.21 22:17:13.482,1.83173,1.83255,1.87,1.00
2015.04.21 22:17:13.985,1.83172,1.83256,1.87,1.00
2015.04.21 22:17:14.489,1.83172,1.83256,1.87,1.00
2015.04.21 22:17:15.190,1.83172,1.83256,1.87,1.00
2015.04.21 22:17:15.992,1.83172,1.83256,1.87,1.00
2015.04.21 22:17:17.096,1.83172,1.83256,1.87,1.00
2015.04.21 22:17:17.638,1.83172,1.83256,1.87,1.00
2015.04.21 22:17:18.172,1.83172,1.83256,1.87,1.00
2015.04.21 22:17:18.373,1.83174,1.83259,1.00,1.00
2015.04.21 22:17:19.051,1.83175,1.83258,1.00,1.00
2015.04.21 22:17:19.824,1.83174,1.83259,1.00,1.00
2015.04.21 22:17:20.456,1.83175,1.83258,1.00,1.00
2015.04.21 22:17:21.066,1.83174,1.83259,1.00,1.00
2015.04.21 22:17:21.759,1.83175,1.83258,1.00,1.00
2015.04.21 22:17:22.261,1.83172,1.83256,1.87,1.00
2015.04.21 22:17:22.361,1.83172,1.83254,1.12,1.00
2015.04.21 22:17:22.764,1.83172,1.83252,1.37,1.00
2015.04.21 22:17:22.965,1.83168,1.83254,1.87,1.00
2015.04.21 22:17:23.756,1.83169,1.83253,1.87,1.00
2015.04.21 22:17:24.015,1.83169,1.83253,1.50,1.00
2015.04.21 22:17:24.519,1.8317,1.83253,1.00,1.00
2015.04.21 22:17:25.090,1.83169,1.83254,1.00,1.00
2015.04.21 22:17:25.191,1.83171,1.83254,1.00,1.00
2015.04.21 22:17:26.472,1.83172,1.83253,1.00,1.00
2015.04.21 22:17:26.674,1.8317,1.83253,1.00,1.00
2015.04.21 22:17:27.209,1.83169,1.83253,1.00,1.00
2015.04.21 22:17:28.694,1.83171,1.83256,1.00,1.00
2015.04.21 22:17:29.227,1.83171,1.83256,1.37,1.00
2015.04.21 22:17:29.278,1.83171,1.83254,1.37,1.00
2015.04.21 22:17:29.832,1.83171,1.83254,1.37,1.00
2015.04.21 22:17:30.135,1.83168,1.83252,1.87,1.00
2015.04.21 22:17:30.740,1.83168,1.83252,1.87,1.00
2015.04.21 22:17:31.440,1.83169,1.83251,1.50,1.00
2015.04.21 22:17:31.907,1.8317,1.83254,1.00,1.00
2015.04.21 22:17:32.955,1.8317,1.83254,1.37,1.00
2015.04.21 22:17:33.479,1.8317,1.83254,1.00,1.00
2015.04.21 22:17:33.530,1.83168,1.83252,1.87,1.00
2015.04.21 22:17:34.055,1.83169,1.83251,1.50,1.00
2015.04.21 22:17:34.156,1.8317,1.83254,1.00,1.00
2015.04.21 22:17:35.423,1.83168,1.83256,1.00,1.00
2015.04.21 22:17:35.928,1.83168,1.83257,1.00,1.00
2015.04.21 22:17:36.180,1.83171,1.83252,1.00,1.00
2015.04.21 22:17:36.281,1.83172,1.83256,1.00,1.00
2015.04.21 22:17:36.938,1.83172,1.83257,1.00,1.00
2015.04.21 22:17:38.351,1.83174,1.83256,1.00,1.00
2015.04.21 22:17:38.452,1.83168,1.83257,1.00,1.00
2015.04.21 22:17:38.699,1.83173,1.83255,1.00,1.00
2015.04.21 22:17:38.799,1.83174,1.83257,1.00,1.00
2015.04.21 22:17:39.309,1.83175,1.83256,1.00,1.00
2015.04.21 22:17:40.008,1.83174,1.83257,1.00,1.00
2015.04.21 22:17:40.366,1.83168,1.83257,1.00,1.00
2015.04.21 22:17:40.669,1.83175,1.83256,1.00,1.00
2015.04.21 22:17:40.770,1.83172,1.83256,1.00,1.00
2015.04.21 22:17:41.479,1.83173,1.83255,1.00,1.00
2015.04.21 22:17:42.028,1.83172,1.83256,1.00,1.00
2015.04.21 22:17:42.599,1.83173,1.83255,1.00,1.00
2015.04.21 22:17:42.783,1.83169,1.83256,1.00,1.00
2015.04.21 22:17:42.884,1.83168,1.83258,1.12,1.00
2015.04.21 22:17:43.086,1.83173,1.83255,1.00,1.00
2015.04.21 22:17:43.310,1.83172,1.83258,1.00,1.50
2015.04.21 22:17:43.411,1.83176,1.83257,1.00,1.00
2015.04.21 22:17:43.512,1.83173,1.83258,1.00,1.50
2015.04.21 22:17:44.998,1.83174,1.83257,1.00,1.50
2015.04.21 22:17:45.503,1.83173,1.83258,1.00,1.50
2015.04.21 22:17:45.604,1.83176,1.83257,1.00,1.00
2015.04.21 22:17:45.705,1.83168,1.83258,1.37,1.00
2015.04.21 22:17:46.279,1.83168,1.83258,1.37,1.00
2015.04.21 22:17:46.329,1.83176,1.83257,1.00,1.00
2015.04.21 22:17:46.836,1.83175,1.83258,1.37,1.00
2015.04.21 22:17:47.167,1.83174,1.83256,1.37,1.00
2015.04.21 22:17:47.676,1.83173,1.83257,1.12,1.00
2015.04.21 22:17:48.628,1.83174,1.83256,1.00,1.00
2015.04.21 22:17:48.730,1.8317,1.83255,1.37,1.00
2015.04.21 22:17:49.202,1.83173,1.83257,1.00,1.00
2015.04.21 22:17:49.734,1.83174,1.83256,1.00,1.00
2015.04.21 22:17:49.841,1.83171,1.83257,1.00,1.00
2015.04.21 22:17:49.942,1.8317,1.83252,1.00,1.00
2015.04.21 22:17:50.488,1.83169,1.83253,1.00,1.00
2015.04.21 22:17:51.950,1.83169,1.83255,1.00,1.00
2015.04.21 22:17:52.051,1.83171,1.83254,1.00,1.00
2015.04.21 22:17:52.594,1.8317,1.83255,1.00,1.00
2015.04.21 22:17:52.958,1.83168,1.83256,1.00,1.00
2015.04.21 22:17:53.411,1.83168,1.83258,1.00,1.00
2015.04.21 22:17:53.914,1.83169,1.83257,1.00,1.00
2015.04.21 22:17:53.965,1.83169,1.83255,1.00,1.00
2015.04.21 22:17:54.568,1.8317,1.83253,1.00,1.00
2015.04.21 22:17:54.939,1.83172,1.83253,1.00,1.00
2015.04.21 22:17:55.270,1.83168,1.83258,1.00,1.00
2015.04.21 22:17:55.470,1.83171,1.83254,1.00,1.00
2015.04.21 22:17:56.259,1.83169,1.83254,1.00,1.00
2015.04.21 22:17:56.660,1.83173,1.83257,1.00,1.00
2015.04.21 22:17:57.077,1.83171,1.83255,1.00,1.00
2015.04.21 22:17:57.178,1.83168,1.83258,1.00,1.00
2015.04.21 22:17:57.279,1.83161,1.83249,1.37,1.00
2015.04.21 22:17:57.782,1.83163,1.83248,1.00,1.00
2015.04.21 22:17:58.492,1.83164,1.83247,1.00,1.00
2015.04.21 22:17:58.950,1.8316,1.83247,1.00,1.00
2015.04.21 22:17:59.469,1.83163,1.83248,1.00,1.00
2015.04.21 22:17:59.953,1.83165,1.83247,1.00,1.00
2015.04.21 22:18:00.359,1.83165,1.83249,1.00,1.50
2015.04.21 22:18:00.959,1.83167,1.83249,1.00,1.50
2015.04.21 22:18:01.260,1.83168,1.83247,1.00,1.00
2015.04.21 22:18:01.361,1.83168,1.8325,1.00,1.00
2015.04.21 22:18:01.462,1.83166,1.8325,1.00,1.50
2015.04.21 22:18:01.915,1.83167,1.83247,1.00,1.00
2015.04.21 22:18:02.137,1.83167,1.83249,1.00,1.00
2015.04.21 22:18:02.358,1.83166,1.83246,1.00,1.00
2015.04.21 22:18:02.859,1.83167,1.83247,1.00,1.00
2015.04.21 22:18:03.189,1.83165,1.83247,1.00,1.00
2015.04.21 22:18:03.276,1.83162,1.83246,1.87,1.00
2015.04.21 22:18:03.799,1.83163,1.83245,1.50,1.00
2015.04.21 22:18:04.384,1.83163,1.83246,1.00,1.00
2015.04.21 22:18:04.888,1.83165,1.83246,1.00,1.00
2015.04.21 22:18:05.438,1.83165,1.83245,1.00,1.00
2015.04.21 22:18:05.592,1.83165,1.83247,1.00,1.50
2015.04.21 22:18:06.110,1.83165,1.83246,1.00,1.00
2015.04.21 22:18:06.381,1.8317,1.83246,1.00,1.00
2015.04.21 22:18:06.902,1.8317,1.83245,1.00,1.00
2015.04.21 22:18:07.103,1.8316,1.83245,1.50,1.00
2015.04.21 22:18:07.267,1.83162,1.83245,1.00,1.00
2015.04.21 22:18:07.318,1.83162,1.83248,1.00,1.00
2015.04.21 22:18:07.405,1.83165,1.8325,1.00,1.50
2015.04.21 22:18:07.707,1.83162,1.83245,1.00,1.00
2015.04.21 22:18:08.078,1.83162,1.83241,1.00,1.00
2015.04.21 22:18:08.414,1.83164,1.83242,1.00,1.00
2015.04.21 22:18:08.628,1.83166,1.83249,1.00,1.50
2015.04.21 22:18:08.728,1.83163,1.83247,1.00,1.00
2015.04.21 22:18:08.965,1.83165,1.83249,1.00,1.00
2015.04.21 22:18:10.039,1.83166,1.83248,1.00,1.00
2015.04.21 22:18:10.273,1.83165,1.8325,1.00,1.00
2015.04.21 22:18:10.576,1.83165,1.83246,1.00,1.00
2015.04.21 22:18:10.879,1.83166,1.83242,1.00,1.00
2015.04.21 22:18:10.980,1.8316,1.83242,1.37,1.00
2015.04.21 22:18:11.135,1.8316,1.8325,1.37,1.00
2015.04.21 22:18:11.283,1.83165,1.83247,1.00,1.00
2015.04.21 22:18:11.902,1.83164,1.83248,1.00,1.00
2015.04.21 22:18:14.462,1.83165,1.83247,1.00,1.00
2015.04.21 22:18:15.023,1.83164,1.83248,1.00,1.00
2015.04.21 22:18:15.348,1.83166,1.8325,1.00,1.00
2015.04.21 22:18:15.648,1.83164,1.83249,1.00,1.00
2015.04.21 22:18:15.918,1.83164,1.83249,1.37,1.00
2015.04.21 22:18:16.448,1.83166,1.8325,1.00,1.50
2015.04.21 22:18:17.713,1.83168,1.8325,1.00,1.00
2015.04.21 22:18:17.980,1.83166,1.8325,1.00,1.50
2015.04.21 22:18:18.870,1.83167,1.8325,1.00,1.00
2015.04.21 22:18:19.607,1.83167,1.83251,1.00,3.00
2015.04.21 22:18:20.976,1.83168,1.83251,1.00,2.25
2015.04.21 22:18:22.177,1.83167,1.83251,1.00,1.00
2015.04.21 22:18:22.732,1.83167,1.8325,1.00,1.00
2015.04.21 22:18:23.274,1.83167,1.83251,1.00,1.00
2015.04.21 22:18:23.932,1.83168,1.83251,1.00,2.25
2015.04.21 22:18:24.445,1.83167,1.83251,1.00,1.00
2015.04.21 22:18:24.949,1.83167,1.8325,1.00,1.00
2015.04.21 22:18:25.553,1.83167,1.83251,1.00,1.50
2015.04.21 22:18:26.099,1.83168,1.83251,1.00,2.25
2015.04.21 22:18:26.205,1.83162,1.83251,1.12,1.00
2015.04.21 22:18:26.717,1.83167,1.83251,1.00,1.00
2015.04.21 22:18:27.252,1.83162,1.83251,1.12,1.00
2015.04.21 22:18:27.757,1.83163,1.83251,1.00,1.00
2015.04.21 22:18:28.046,1.83168,1.8325,1.00,1.00
2015.04.21 22:18:28.728,1.83167,1.8325,1.00,1.00
2015.04.21 22:18:29.231,1.83168,1.8325,1.00,1.00
2015.04.21 22:18:29.748,1.83167,1.83251,1.00,1.00
2015.04.21 22:18:30.397,1.83166,1.83248,1.00,1.00
2015.04.21 22:18:30.652,1.83163,1.83251,1.00,1.50
2015.04.21 22:18:30.854,1.83167,1.83251,1.00,1.50
2015.04.21 22:18:32.387,1.83168,1.8325,1.00,1.50
2015.04.21 22:18:32.693,1.83166,1.8325,1.00,1.00
2015.04.21 22:18:33.077,1.83164,1.83248,1.00,1.00
2015.04.21 22:18:33.528,1.83164,1.8325,1.00,1.00
2015.04.21 22:18:33.730,1.83169,1.83251,1.00,2.25
2015.04.21 22:18:34.032,1.83162,1.83251,1.87,1.00
2015.04.21 22:18:34.392,1.83167,1.83251,1.00,1.50
2015.04.21 22:18:34.851,1.83166,1.83248,1.00,1.00
2015.04.21 22:18:35.034,1.83162,1.8325,1.12,1.00
2015.04.21 22:18:35.564,1.83162,1.83251,1.87,1.00
2015.04.21 22:18:35.728,1.83163,1.83247,1.12,1.00
2015.04.21 22:18:36.739,1.83164,1.83246,1.00,1.00
2015.04.21 22:18:37.264,1.83163,1.83247,1.00,1.00
2015.04.21 22:18:37.779,1.83164,1.83248,1.00,1.00
2015.04.21 22:18:38.485,1.83165,1.83247,1.00,1.00
2015.04.21 22:18:39.544,1.83164,1.83248,1.00,1.00
2015.04.21 22:18:41.663,1.83163,1.83247,1.00,1.00
2015.04.21 22:18:41.965,1.83184,1.83248,1.00,1.00
2015.04.21 22:18:42.015,1.83184,1.83252,1.00,1.00
2015.04.21 22:18:43.306,1.83189,1.83252,1.00,1.00
2015.04.21 22:18:43.818,1.83189,1.83256,1.00,1.00
2015.04.21 22:18:45.139,1.83189,1.83251,1.00,1.00
2015.04.21 22:18:45.189,1.83185,1.83251,1.00,1.00
2015.04.21 22:18:45.290,1.83188,1.83251,1.00,1.00
2015.04.21 22:18:45.340,1.83188,1.83261,1.00,1.00
2015.04.21 22:18:45.538,1.83189,1.83257,1.00,1.00
2015.04.21 22:18:45.886,1.83189,1.83261,1.00,1.00
2015.04.21 22:18:46.127,1.83189,1.83252,1.00,1.00
2015.04.21 22:18:46.329,1.83188,1.83262,1.00,1.50
2015.04.21 22:18:46.560,1.83188,1.83256,1.00,1.00
2015.04.21 22:18:46.907,1.83188,1.83261,1.50,1.00
2015.04.21 22:18:47.098,1.83188,1.83252,1.00,1.00
2015.04.21 22:18:47.249,1.83182,1.83252,1.00,1.00
2015.04.21 22:18:47.300,1.83188,1.83261,1.00,1.00
2015.04.21 22:18:47.627,1.83188,1.83257,1.00,1.00
2015.04.21 22:18:47.897,1.83188,1.83262,1.00,1.50
2015.04.21 22:18:48.109,1.83188,1.83251,1.00,1.00
2015.04.21 22:18:48.313,1.83188,1.83262,1.00,1.00
2015.04.21 22:18:48.665,1.83188,1.83257,1.50,1.00
2015.04.21 22:18:48.887,1.83188,1.83261,1.50,1.00
2015.04.21 22:18:49.100,1.83188,1.83251,1.00,1.00
2015.04.21 22:18:49.201,1.83183,1.83251,1.50,1.00
2015.04.21 22:18:49.302,1.83188,1.83262,1.00,1.50
2015.04.21 22:18:49.403,1.83182,1.83262,2.25,1.00
2015.04.21 22:18:49.504,1.83189,1.83262,1.00,1.00
2015.04.21 22:18:49.705,1.83181,1.83257,2.25,1.00
2015.04.21 22:18:49.756,1.83181,1.83252,2.25,1.00
2015.04.21 22:18:50.058,1.83188,1.83262,1.00,1.00
2015.04.21 22:18:50.422,1.83189,1.83257,1.00,1.00
2015.04.21 22:18:50.817,1.83189,1.83252,1.00,1.00
2015.04.21 22:18:51.050,1.83189,1.83257,1.00,1.00
2015.04.21 22:18:51.580,1.83188,1.83257,1.00,1.00
2015.04.21 22:18:51.631,1.83188,1.83251,1.00,1.00
2015.04.21 22:18:51.840,1.83188,1.83256,1.00,1.00
2015.04.21 22:18:51.941,1.83184,1.83256,1.00,1.00
2015.04.21 22:18:51.991,1.83188,1.83256,1.00,1.00
2015.04.21 22:18:53.111,1.83189,1.83256,1.00,1.00
2015.04.21 22:18:53.211,1.83183,1.83256,1.00,1.00
2015.04.21 22:18:53.312,1.83181,1.83256,1.00,1.00
2015.04.21 22:18:53.363,1.83183,1.83257,1.00,1.00
2015.04.21 22:18:53.463,1.8318,1.83257,1.00,1.00
2015.04.21 22:18:53.731,1.83178,1.83257,1.00,1.00
2015.04.21 22:18:53.832,1.83176,1.83257,1.50,1.00
2015.04.21 22:18:54.379,1.83176,1.83253,1.50,1.00
2015.04.21 22:18:54.579,1.83176,1.83257,1.50,1.00
2015.04.21 22:18:55.647,1.83177,1.83257,1.00,1.50
2015.04.21 22:18:55.748,1.83173,1.83257,1.87,1.50
2015.04.21 22:18:55.949,1.83177,1.83257,1.00,1.00
2015.04.21 22:18:56.334,1.83179,1.83258,1.00,1.00
2015.04.21 22:18:56.436,1.83178,1.83261,2.25,1.00
2015.04.21 22:18:56.537,1.8318,1.83262,1.00,1.00
2015.04.21 22:18:56.688,1.83182,1.83266,1.00,1.00
2015.04.21 22:18:56.839,1.83179,1.83258,1.00,1.00
2015.04.21 22:18:57.041,1.83179,1.83261,1.00,1.00
2015.04.21 22:18:57.357,1.83178,1.83267,1.00,1.50
2015.04.21 22:18:57.559,1.83178,1.83262,1.50,1.00
2015.04.21 22:18:58.107,1.83179,1.83263,1.00,1.00
2015.04.21 22:18:58.208,1.83179,1.83266,1.00,1.00
2015.04.21 22:18:58.309,1.83178,1.83262,1.50,1.00
2015.04.21 22:18:58.695,1.83181,1.83262,1.00,1.00
2015.04.21 22:18:58.897,1.83179,1.83263,1.00,1.00
2015.04.21 22:18:58.947,1.83179,1.8326,2.25,1.00
2015.04.21 22:18:59.149,1.83178,1.83262,2.25,1.00
2015.04.21 22:18:59.253,1.8318,1.83262,1.00,1.50
2015.04.21 22:18:59.767,1.83179,1.83263,1.50,1.00
2015.04.21 22:19:00.096,1.8318,1.83261,1.00,1.00
2015.04.21 22:19:00.598,1.83183,1.83261,1.00,1.00
2015.04.21 22:19:00.900,1.8318,1.83261,1.00,1.00
2015.04.21 22:19:01.098,1.83182,1.83261,1.00,1.00
2015.04.21 22:19:01.655,1.83182,1.83262,1.00,1.50
2015.04.21 22:19:02.701,1.83184,1.83262,1.00,1.50
2015.04.21 22:19:03.212,1.83182,1.83261,1.00,1.00
2015.04.21 22:19:03.734,1.83182,1.83262,1.00,1.50
2015.04.21 22:19:04.394,1.83182,1.83261,1.00,1.00
2015.04.21 22:19:04.604,1.83185,1.83261,1.00,1.00
2015.04.21 22:19:04.921,1.83184,1.83256,1.00,1.50
2015.04.21 22:19:05.122,1.83177,1.83252,1.00,1.00
2015.04.21 22:19:05.273,1.83177,1.83254,1.00,1.00
2015.04.21 22:19:05.324,1.83172,1.8325,1.00,1.00
2015.04.21 22:19:05.525,1.8317,1.83249,1.00,1.00
2015.04.21 22:19:05.626,1.83168,1.83249,1.00,1.00
2015.04.21 22:19:06.184,1.83168,1.83247,1.00,1.00
2015.04.21 22:19:06.586,1.83168,1.83249,1.00,1.00
2015.04.21 22:19:07.206,1.83169,1.83248,1.00,1.00
2015.04.21 22:19:07.894,1.83168,1.83249,1.00,1.00
2015.04.21 22:19:08.408,1.83169,1.83248,1.00,1.00
2015.04.21 22:19:08.610,1.83168,1.83251,1.00,1.00
2015.04.21 22:19:08.711,1.83169,1.83255,1.00,1.00
2015.04.21 22:19:08.893,1.83169,1.83252,1.00,1.00
2015.04.21 22:19:09.204,1.83168,1.83249,1.00,1.00
2015.04.21 22:19:09.254,1.83169,1.83251,1.00,1.00
2015.04.21 22:19:10.287,1.83169,1.83242,1.00,1.00
2015.04.21 22:19:10.437,1.83163,1.83242,1.00,1.00
2015.04.21 22:19:10.966,1.83162,1.83242,1.00,1.00
2015.04.21 22:19:11.119,1.83164,1.83242,1.00,1.00
2015.04.21 22:19:11.220,1.83162,1.83242,1.50,1.00
2015.04.21 22:19:11.321,1.83162,1.83237,1.50,1.00
2015.04.21 22:19:11.567,1.8316,1.83237,2.25,1.00
2015.04.21 22:19:12.818,1.83161,1.83237,1.00,1.00
2015.04.21 22:19:14.123,1.83159,1.83237,1.00,1.00
2015.04.21 22:19:14.490,1.83159,1.83241,1.50,1.00
2015.04.21 22:19:14.691,1.83159,1.83237,1.50,1.00
2015.04.21 22:19:15.202,1.8316,1.83237,1.50,1.00
2015.04.21 22:19:15.727,1.83162,1.83237,1.00,1.00
2015.04.21 22:19:16.653,1.8316,1.83237,1.00,1.00
2015.04.21 22:19:16.704,1.8316,1.8324,1.00,1.00
2015.04.21 22:19:17.226,1.83161,1.8324,1.00,1.00
2015.04.21 22:19:17.462,1.83161,1.83242,1.50,1.00
2015.04.21 22:19:18.279,1.83161,1.83241,1.00,1.00
2015.04.21 22:19:18.630,1.83164,1.83242,1.00,1.50
2015.04.21 22:19:19.356,1.83163,1.83242,1.00,1.50
2015.04.21 22:19:20.129,1.83163,1.83241,1.00,1.00
2015.04.21 22:19:20.498,1.83161,1.83236,1.00,1.00
2015.04.21 22:19:20.627,1.83161,1.83241,1.00,1.00
2015.04.21 22:19:20.751,1.83164,1.83241,1.00,1.00
2015.04.21 22:19:21.135,1.83161,1.83241,1.00,1.00
2015.04.21 22:19:21.907,1.83162,1.83241,1.00,1.00
2015.04.21 22:19:22.307,1.83162,1.83246,1.00,1.00
2015.04.21 22:19:22.559,1.83167,1.83248,1.00,1.00
2015.04.21 22:19:23.367,1.8317,1.83247,1.00,1.00
2015.04.21 22:19:25.374,1.83168,1.83248,1.00,1.00
2015.04.21 22:19:26.002,1.83169,1.83247,1.00,1.00
2015.04.21 22:19:26.580,1.83168,1.83248,1.12,1.00
2015.04.21 22:19:27.480,1.83169,1.83247,1.00,1.00
2015.04.21 22:19:27.984,1.83168,1.83248,1.00,1.00
2015.04.21 22:19:28.146,1.83168,1.83251,1.00,1.00
2015.04.21 22:19:29.586,1.83167,1.83251,1.00,1.00
2015.04.21 22:19:29.951,1.8317,1.83251,1.00,1.00
2015.04.21 22:19:30.490,1.8317,1.83252,1.00,1.50
2015.04.21 22:19:30.943,1.8317,1.8325,1.00,1.00
2015.04.21 22:19:30.994,1.8317,1.83252,1.00,1.50
2015.04.21 22:19:31.696,1.83173,1.83252,1.00,1.50
2015.04.21 22:19:32.609,1.83173,1.83251,1.00,1.00
2015.04.21 22:19:32.660,1.83168,1.83251,1.00,1.00
2015.04.21 22:19:33.145,1.83173,1.8325,1.00,1.00
2015.04.21 22:19:33.259,1.8317,1.83251,1.00,1.00
2015.04.21 22:19:33.760,1.83168,1.83251,1.00,1.00
2015.04.21 22:19:33.961,1.8317,1.8325,1.00,1.00
2015.04.21 22:19:34.308,1.83167,1.83236,1.12,1.00
2015.04.21 22:19:34.596,1.83168,1.83249,1.00,1.37
2015.04.21 22:19:34.869,1.8317,1.83249,1.00,1.00
2015.04.21 22:19:34.969,1.8317,1.83253,1.00,1.50
2015.04.21 22:19:35.170,1.83172,1.83252,1.00,1.50
2015.04.21 22:19:35.472,1.8317,1.83249,1.00,1.00
2015.04.21 22:19:35.972,1.83166,1.83252,1.00,1.00
2015.04.21 22:19:36.174,1.83167,1.83255,1.00,1.00
2015.04.21 22:19:36.679,1.83166,1.83256,1.00,1.00
2015.04.21 22:19:36.906,1.83167,1.83252,1.00,1.00
2015.04.21 22:19:37.227,1.83167,1.83246,1.00,1.00
2015.04.21 22:19:37.888,1.83166,1.83247,1.00,1.00
2015.04.21 22:19:38.399,1.83166,1.83246,1.00,1.00
2015.04.21 22:19:38.500,1.83166,1.83248,1.00,1.00
2015.04.21 22:19:39.926,1.83167,1.83247,1.00,1.00
2015.04.21 22:19:40.400,1.83166,1.83249,1.00,1.00
2015.04.21 22:19:40.451,1.83166,1.83246,1.00,1.00
2015.04.21 22:19:40.572,1.83166,1.83249,1.00,1.00
2015.04.21 22:19:41.717,1.83166,1.83251,1.00,1.00
2015.04.21 22:19:42.007,1.83167,1.83248,1.00,1.00
2015.04.21 22:19:42.627,1.83166,1.83249,1.00,1.00
2015.04.21 22:19:43.145,1.83167,1.83248,1.00,1.00
2015.04.21 22:19:43.697,1.83166,1.83251,1.00,1.00
2015.04.21 22:19:43.798,1.83166,1.83245,1.00,1.00
2015.04.21 22:19:43.999,1.83163,1.83245,1.00,1.00
2015.04.21 22:19:44.207,1.83161,1.83245,1.50,1.00
2015.04.21 22:19:44.408,1.83159,1.83248,1.50,1.00
2015.04.21 22:19:44.711,1.83162,1.83245,1.00,1.00
2015.04.21 22:19:44.812,1.8316,1.83245,1.00,1.00
2015.04.21 22:19:45.013,1.83159,1.83242,1.00,1.00
2015.04.21 22:19:45.215,1.83159,1.83248,1.00,1.00
2015.04.21 22:19:45.419,1.83159,1.83239,1.50,1.00
2015.04.21 22:19:45.811,1.83159,1.83246,1.00,1.00
2015.04.21 22:19:45.911,1.83152,1.83239,1.00,1.00
2015.04.21 22:19:46.457,1.83152,1.83238,1.00,1.00
2015.04.21 22:19:46.760,1.83154,1.83232,1.00,1.00
2015.04.21 22:19:47.085,1.83155,1.83224,1.00,1.00
2015.04.21 22:19:47.136,1.83151,1.83225,1.00,1.00
2015.04.21 22:19:47.338,1.83148,1.83224,1.00,1.00
2015.04.21 22:19:48.264,1.8315,1.83224,1.00,1.00
2015.04.21 22:19:48.616,1.83152,1.83225,1.00,1.00
2015.04.21 22:19:48.818,1.83152,1.83232,1.00,1.00
2015.04.21 22:19:48.918,1.83156,1.83225,1.00,1.00
2015.04.21 22:19:49.046,1.83156,1.83232,1.00,1.00
2015.04.21 22:19:50.264,1.83156,1.83231,1.00,1.00
2015.04.21 22:19:50.624,1.83153,1.83231,1.00,1.00
2015.04.21 22:19:50.869,1.83153,1.83228,1.00,1.00
2015.04.21 22:19:50.925,1.83148,1.83228,1.00,1.00
2015.04.21 22:19:51.532,1.83148,1.83227,1.00,1.00
2015.04.21 22:19:52.751,1.83151,1.83227,1.00,1.00
2015.04.21 22:19:52.929,1.83148,1.83228,1.00,1.00
2015.04.21 22:19:53.131,1.83151,1.83228,1.00,1.00
2015.04.21 22:19:54.138,1.83151,1.83227,1.00,1.00
2015.04.21 22:19:54.884,1.83151,1.83228,1.00,1.00
2015.04.21 22:19:55.096,1.83151,1.83231,1.00,1.00
2015.04.21 22:19:55.147,1.83147,1.83231,1.12,1.00
2015.04.21 22:19:55.276,1.83151,1.83236,1.00,1.00
2015.04.21 22:19:55.377,1.83151,1.83231,1.00,1.00
2015.04.21 22:19:55.486,1.8315,1.83239,1.50,1.00
2015.04.21 22:19:55.788,1.83155,1.83239,1.00,1.50
2015.04.21 22:19:55.889,1.83151,1.83238,1.00,1.00
2015.04.21 22:19:55.999,1.83155,1.83239,1.00,1.50
2015.04.21 22:19:56.301,1.83153,1.83237,1.00,1.00
2015.04.21 22:19:56.952,1.83153,1.83237,1.37,1.00
2015.04.21 22:19:57.546,1.83154,1.83236,1.37,1.00
2015.04.21 22:19:58.008,1.83157,1.83247,1.12,1.50
2015.04.21 22:19:58.308,1.83158,1.83237,1.12,1.00
2015.04.21 22:19:58.432,1.83159,1.83243,1.00,1.00
2015.04.21 22:19:58.800,1.83159,1.83245,1.00,1.00
2015.04.21 22:20:00.416,1.8316,1.83245,1.00,1.00
2015.04.21 22:20:01.274,1.83161,1.83244,1.00,1.00
2015.04.21 22:20:01.375,1.83157,1.83247,1.87,2.25
2015.04.21 22:20:01.943,1.83157,1.83247,1.87,1.50
2015.04.21 22:20:01.993,1.83158,1.8324,1.50,1.00
2015.04.21 22:20:02.525,1.83157,1.83241,1.87,1.00
2015.04.21 22:20:03.313,1.83159,1.83241,1.00,1.00
2015.04.21 22:20:03.694,1.83159,1.83243,1.00,1.00
2015.04.21 22:20:04.226,1.83158,1.83244,1.00,1.00
2015.04.21 22:20:04.327,1.83161,1.83244,1.00,1.00
2015.04.21 22:20:05.223,1.83162,1.83243,1.00,1.00
2015.04.21 22:20:05.734,1.83162,1.83244,1.00,1.00
2015.04.21 22:20:06.283,1.83161,1.83245,1.00,1.00
2015.04.21 22:20:06.587,1.83159,1.83243,1.50,1.00
2015.04.21 22:20:06.994,1.83159,1.83247,1.00,1.00
2015.04.21 22:20:07.299,1.83157,1.83237,1.00,1.00
2015.04.21 22:20:07.665,1.83157,1.83236,1.37,1.00
2015.04.21 22:20:07.892,1.83157,1.83245,1.37,1.87
2015.04.21 22:20:07.993,1.83157,1.83245,1.00,1.50
2015.04.21 22:20:08.609,1.83158,1.83245,1.00,1.50
2015.04.21 22:20:09.157,1.83157,1.83245,1.00,1.50
2015.04.21 22:20:09.207,1.83157,1.83237,1.00,1.00
2015.04.21 22:20:09.300,1.83157,1.83245,1.00,1.50
2015.04.21 22:20:09.602,1.83157,1.83236,1.00,1.00
2015.04.21 22:20:11.306,1.83158,1.83235,1.00,1.00
2015.04.21 22:20:11.608,1.83154,1.83235,1.50,1.00
2015.04.21 22:20:11.809,1.83154,1.83248,1.00,1.87
2015.04.21 22:20:12.409,1.83149,1.83248,1.37,1.00
2015.04.21 22:20:14.464,1.83152,1.83247,1.37,1.00
2015.04.21 22:20:14.966,1.83152,1.83248,1.12,1.00
2015.04.21 22:20:15.476,1.83152,1.83247,1.37,1.00
2015.04.21 22:20:16.023,1.83152,1.83248,1.12,1.00
2015.04.21 22:20:17.322,1.83152,1.83247,1.37,1.00
2015.04.21 22:20:17.841,1.83152,1.83248,1.12,1.00
2015.04.21 22:20:18.459,1.83152,1.83247,1.37,1.12
2015.04.21 22:20:18.997,1.83152,1.83248,1.12,1.12
2015.04.21 22:20:19.650,1.83155,1.83248,1.00,1.12
2015.04.21 22:20:20.200,1.83155,1.83247,1.00,1.12
2015.04.21 22:20:20.820,1.83155,1.83248,1.00,1.12
2015.04.21 22:20:20.924,1.83153,1.83248,1.00,1.12
2015.04.21 22:20:21.254,1.83155,1.83247,1.00,1.12
2015.04.21 22:20:21.758,1.83155,1.83248,1.00,1.12
2015.04.21 22:20:21.956,1.83152,1.83247,1.37,1.12
2015.04.21 22:20:22.463,1.83152,1.83248,1.12,1.12
2015.04.21 22:20:22.909,1.83152,1.83248,1.37,1.12
2015.04.21 22:20:23.211,1.83152,1.83248,1.00,1.00
2015.04.21 22:20:23.410,1.83149,1.83248,1.00,1.00
2015.04.21 22:20:23.880,1.83151,1.83248,1.00,1.00
2015.04.21 22:20:24.157,1.83151,1.83251,1.00,1.00
2015.04.21 22:20:24.714,1.83151,1.83253,1.00,1.12
2015.04.21 22:20:25.150,1.83154,1.83256,1.00,1.87
2015.04.21 22:20:26.018,1.83154,1.83253,1.00,1.12
2015.04.21 22:20:26.570,1.83155,1.83256,1.00,1.87
2015.04.21 22:20:27.823,1.83155,1.83256,1.00,1.87
2015.04.21 22:20:28.225,1.83155,1.83255,1.00,1.00
2015.04.21 22:20:29.370,1.83155,1.83256,1.00,1.50
2015.04.21 22:20:30.394,1.83156,1.83256,1.00,1.50
2015.04.21 22:20:30.934,1.83156,1.83255,1.37,1.00
2015.04.21 22:20:31.464,1.83156,1.83256,1.37,1.50
2015.04.21 22:20:32.032,1.83156,1.83257,1.37,1.00
2015.04.21 22:20:33.887,1.83156,1.83257,1.37,1.12
2015.04.21 22:20:34.394,1.83156,1.83257,1.37,1.00
2015.04.21 22:20:35.981,1.83156,1.83257,1.00,1.00
2015.04.21 22:20:36.326,1.83159,1.83256,1.00,1.00
2015.04.21 22:20:36.377,1.83156,1.83256,1.00,1.00
2015.04.21 22:20:36.933,1.83156,1.83257,1.00,1.12
2015.04.21 22:20:37.435,1.83156,1.83261,1.37,1.37
2015.04.21 22:20:38.187,1.83158,1.83262,1.12,1.87
2015.04.21 22:20:38.796,1.83158,1.83257,1.12,1.00
2015.04.21 22:20:40.776,1.83158,1.83261,1.00,1.00
2015.04.21 22:20:41.280,1.83159,1.83262,1.00,1.50
2015.04.21 22:20:42.360,1.83159,1.83261,1.00,1.00
2015.04.21 22:20:42.756,1.83159,1.83256,1.00,1.00
2015.04.21 22:20:43.680,1.83157,1.83256,1.00,1.00
2015.04.21 22:20:45.082,1.83158,1.83256,1.00,1.00
2015.04.21 22:20:47.707,1.83158,1.83261,1.00,1.00
2015.04.21 22:20:48.188,1.83158,1.83261,1.00,1.87
2015.04.21 22:20:49.071,1.83158,1.8326,1.00,1.37
2015.04.21 22:20:49.685,1.83158,1.83257,1.00,1.00
2015.04.21 22:20:50.188,1.83158,1.83257,1.00,1.37
2015.04.21 22:20:50.992,1.83159,1.83257,1.00,1.37
2015.04.21 22:20:51.233,1.83159,1.83257,1.00,1.00
2015.04.21 22:20:51.293,1.83156,1.83257,1.00,1.00
2015.04.21 22:20:51.563,1.83156,1.83247,1.00,1.00
2015.04.21 22:20:52.172,1.83157,1.83247,1.00,1.00
2015.04.21 22:20:52.498,1.8316,1.83247,1.00,1.00
2015.04.21 22:20:52.700,1.83157,1.83246,1.00,1.00
2015.04.21 22:20:53.646,1.83158,1.83246,1.00,1.00
2015.04.21 22:20:54.760,1.83156,1.83246,1.37,1.00
2015.04.21 22:20:55.309,1.83159,1.83246,1.37,1.00
2015.04.21 22:20:55.676,1.83159,1.83242,1.37,1.00
2015.04.21 22:20:55.777,1.83159,1.83242,1.00,1.00
2015.04.21 22:20:55.878,1.83158,1.83242,1.00,1.37
2015.04.21 22:20:56.048,1.83156,1.83242,1.00,1.00
2015.04.21 22:20:56.203,1.83159,1.83242,1.00,1.00
2015.04.21 22:20:56.509,1.83156,1.83242,1.00,1.00
2015.04.21 22:20:58.306,1.83158,1.83242,1.00,1.00
2015.04.21 22:21:00.025,1.83158,1.83241,1.00,1.00
2015.04.21 22:21:02.012,1.83155,1.83241,1.00,1.00
2015.04.21 22:21:02.759,1.83155,1.83242,1.00,1.00
2015.04.21 22:21:02.810,1.83155,1.83244,1.00,1.00
2015.04.21 22:21:02.961,1.83159,1.83247,1.00,1.00
2015.04.21 22:21:03.218,1.8316,1.83251,1.00,1.50
2015.04.21 22:21:03.570,1.8316,1.83247,1.00,1.00
2015.04.21 22:21:03.712,1.83157,1.83247,1.00,1.00
2015.04.21 22:21:03.964,1.83154,1.83247,1.00,1.00
2015.04.21 22:21:04.014,1.83154,1.83247,1.00,1.37
2015.04.21 22:21:04.216,1.83154,1.83246,1.00,1.00
2015.04.21 22:21:04.518,1.83156,1.83246,1.00,1.00
2015.04.21 22:21:05.071,1.83155,1.83246,1.00,1.00
2015.04.21 22:21:05.399,1.83155,1.83238,1.00,1.00
2015.04.21 22:21:05.872,1.83155,1.83246,1.00,1.00
2015.04.21 22:21:06.329,1.83155,1.83238,1.00,1.00
2015.04.21 22:21:06.715,1.83157,1.83238,1.00,1.00
2015.04.21 22:21:07.430,1.83155,1.83238,1.00,1.00
2015.04.21 22:21:07.938,1.83155,1.83237,1.00,1.00
2015.04.21 22:21:09.856,1.83155,1.83238,1.00,1.00
2015.04.21 22:21:10.071,1.83153,1.83238,1.00,1.00
2015.04.21 22:21:10.365,1.83155,1.83237,1.00,1.00
2015.04.21 22:21:10.475,1.83155,1.83246,1.00,1.37
2015.04.21 22:21:10.576,1.83157,1.83246,1.00,1.37
2015.04.21 22:21:10.695,1.83157,1.83246,1.00,1.50
2015.04.21 22:21:10.945,1.83155,1.83246,1.00,1.00
2015.04.21 22:21:11.295,1.83156,1.83238,1.00,1.00
2015.04.21 22:21:11.796,1.83155,1.83238,1.00,1.00
2015.04.21 22:21:12.471,1.83155,1.83237,1.00,1.00
2015.04.21 22:21:13.374,1.83153,1.83237,1.00,1.00
2015.04.21 22:21:13.916,1.83153,1.83238,1.00,1.00
2015.04.21 22:21:14.453,1.83153,1.83237,1.00,1.00
2015.04.21 22:21:14.976,1.83153,1.83238,1.00,1.00
2015.04.21 22:21:15.688,1.83153,1.83247,1.00,1.87
2015.04.21 22:21:15.788,1.83149,1.83241,1.00,1.37
2015.04.21 22:21:16.090,1.83149,1.83232,1.00,1.00
2015.04.21 22:21:16.637,1.8315,1.83232,1.00,1.00
2015.04.21 22:21:17.241,1.83151,1.83232,1.00,1.00
2015.04.21 22:21:17.650,1.83151,1.83237,1.00,1.00
2015.04.21 22:21:18.616,1.83151,1.83236,1.00,1.00
2015.04.21 22:21:19.648,1.83154,1.83236,1.00,1.00
2015.04.21 22:21:20.144,1.83152,1.83236,1.00,1.00
2015.04.21 22:21:20.723,1.83152,1.83237,1.00,1.00
2015.04.21 22:21:20.839,1.8315,1.83237,1.00,1.00
2015.04.21 22:21:21.146,1.83152,1.83237,1.00,1.00
2015.04.21 22:21:21.680,1.8315,1.83237,1.00,1.00
2015.04.21 22:21:21.831,1.8315,1.83232,1.00,1.00
2015.04.21 22:21:22.186,1.83148,1.83232,1.00,1.00
2015.04.21 22:21:23.135,1.83148,1.83231,1.00,1.00
2015.04.21 22:21:23.579,1.8315,1.83231,1.00,1.00
2015.04.21 22:21:24.094,1.83146,1.83231,1.00,1.00
2015.04.21 22:21:24.599,1.83146,1.83221,1.00,1.00
2015.04.21 22:21:24.699,1.83144,1.83221,1.00,1.00
2015.04.21 22:21:24.954,1.83142,1.83221,1.00,1.00
2015.04.21 22:21:25.465,1.83142,1.83222,1.00,1.00
2015.04.21 22:21:25.566,1.83142,1.83227,1.00,1.00
2015.04.21 22:21:25.655,1.83145,1.83227,1.00,1.00
2015.04.21 22:21:25.856,1.83141,1.83227,1.00,1.00
2015.04.21 22:21:28.178,1.83144,1.83227,1.00,1.00
2015.04.21 22:21:29.161,1.83145,1.83227,1.00,1.00
2015.04.21 22:21:29.562,1.83143,1.83227,1.00,1.00
2015.04.21 22:21:29.891,1.83145,1.83227,1.00,1.00
2015.04.21 22:21:29.992,1.83145,1.83232,1.00,1.00
2015.04.21 22:21:30.093,1.83143,1.83232,1.00,1.50
2015.04.21 22:21:32.167,1.83147,1.83232,1.00,1.87
2015.04.21 22:21:33.988,1.83147,1.83232,1.00,1.37
2015.04.21 22:21:34.375,1.83144,1.83222,1.00,1.00
2015.04.21 22:21:34.585,1.83144,1.83227,1.00,1.12
2015.04.21 22:21:35.003,1.83146,1.83227,1.00,1.00
2015.04.21 22:21:35.173,1.83144,1.83227,1.00,1.00
2015.04.21 22:21:35.374,1.83146,1.83227,1.00,1.00
2015.04.21 22:21:35.574,1.83144,1.83227,1.00,1.00
2015.04.21 22:21:36.144,1.83144,1.83231,1.00,1.00
2015.04.21 22:21:36.920,1.83146,1.83231,1.00,1.00
2015.04.21 22:21:37.077,1.83144,1.83231,1.00,1.00
2015.04.21 22:21:37.693,1.83147,1.83231,1.00,1.00
2015.04.21 22:21:39.783,1.83145,1.83231,1.00,1.00
2015.04.21 22:21:39.946,1.83145,1.83231,1.00,1.37
2015.04.21 22:21:41.115,1.83145,1.83231,1.00,1.00
2015.04.21 22:21:41.659,1.83145,1.83232,1.00,1.87
2015.04.21 22:21:42.162,1.83146,1.83232,1.00,1.00
2015.04.21 22:21:42.263,1.83146,1.83232,1.00,1.87
2015.04.21 22:21:42.825,1.83145,1.83232,1.00,1.37
2015.04.21 22:21:43.232,1.83145,1.83232,1.00,1.87
2015.04.21 22:21:43.895,1.83147,1.83232,1.00,1.00
2015.04.21 22:21:44.276,1.83147,1.83232,1.00,1.37
2015.04.21 22:21:44.528,1.83144,1.83232,1.00,1.37
2015.04.21 22:21:44.994,1.83148,1.83232,1.00,1.37
2015.04.21 22:21:45.240,1.83145,1.83232,1.00,1.37
2015.04.21 22:21:45.671,1.83145,1.83231,1.00,1.00
2015.04.21 22:21:46.180,1.83145,1.83232,1.00,1.00
2015.04.21 22:21:46.496,1.83142,1.83232,1.00,1.00
2015.04.21 22:21:47.932,1.83141,1.83231,1.00,1.00
2015.04.21 22:21:52.207,1.83143,1.83232,1.00,1.00
2015.04.21 22:21:53.334,1.8314,1.83231,1.00,1.00
2015.04.21 22:21:54.212,1.83142,1.83232,1.00,1.50
2015.04.21 22:21:54.768,1.83142,1.83232,1.37,2.62
2015.04.21 22:21:55.296,1.83142,1.83232,1.12,1.50
2015.04.21 22:21:55.920,1.83142,1.83232,1.37,2.25
2015.04.21 22:21:56.255,1.83142,1.83227,1.12,1.00
2015.04.21 22:21:57.368,1.83142,1.83232,1.00,1.50
2015.04.21 22:21:57.620,1.83145,1.83232,1.00,1.00
2015.04.21 22:21:57.822,1.83143,1.83232,1.00,1.50
2015.04.21 22:22:02.944,1.83143,1.83232,1.00,1.37
2015.04.21 22:22:03.106,1.83143,1.83232,1.00,1.50
2015.04.21 22:22:04.661,1.83146,1.83232,1.00,1.50
2015.04.21 22:22:05.162,1.83146,1.83231,1.00,1.00
2015.04.21 22:22:07.677,1.83146,1.83232,1.00,1.50
2015.04.21 22:22:08.020,1.83149,1.83232,1.00,1.00
2015.04.21 22:22:08.458,1.83151,1.83232,1.00,1.00
2015.04.21 22:22:08.691,1.83149,1.83232,1.00,1.00
2015.04.21 22:22:08.791,1.83149,1.83237,1.00,1.00
2015.04.21 22:22:09.194,1.83152,1.83237,1.00,1.00
2015.04.21 22:22:09.575,1.83149,1.83237,1.00,1.00
2015.04.21 22:22:10.778,1.83151,1.83237,1.00,1.00
2015.04.21 22:22:13.165,1.83155,1.83237,1.00,1.00
2015.04.21 22:22:13.485,1.83153,1.83226,1.00,1.00
2015.04.21 22:22:14.855,1.83154,1.83226,1.00,1.00
2015.04.21 22:22:19.584,1.83154,1.83232,1.00,1.00
2015.04.21 22:22:26.378,1.83156,1.83232,1.00,1.00
2015.04.21 22:22:28.387,1.83156,1.83226,1.00,1.00
2015.04.21 22:22:30.496,1.83153,1.83226,1.00,1.00
2015.04.21 22:22:33.697,1.83156,1.83226,1.00,1.00
2015.04.21 22:22:34.127,1.83153,1.83226,1.12,1.00
2015.04.21 22:22:36.068,1.83153,1.83232,1.00,1.50
2015.04.21 22:22:36.118,1.83156,1.83232,1.00,1.00
2015.04.21 22:22:36.440,1.83156,1.83227,1.00,1.00
2015.04.21 22:22:37.044,1.83156,1.83232,1.37,1.00
2015.04.21 22:22:37.246,1.83152,1.83232,1.00,1.50
2015.04.21 22:22:37.421,1.83155,1.83226,1.00,1.00
2015.04.21 22:22:37.793,1.83155,1.83226,1.37,1.00
2015.04.21 22:22:38.369,1.83155,1.83226,1.37,1.00
2015.04.21 22:22:38.718,1.83158,1.83226,1.00,1.00
2015.04.21 22:22:40.925,1.83162,1.83226,1.00,1.00
2015.04.21 22:22:42.558,1.8316,1.83227,1.00,1.00
2015.04.21 22:22:43.236,1.83161,1.83227,1.00,1.00
2015.04.21 22:22:47.060,1.83159,1.83227,1.00,1.00
2015.04.21 22:22:47.271,1.83161,1.83227,1.00,1.00
2015.04.21 22:22:47.524,1.83159,1.83227,1.00,1.00
2015.04.21 22:22:47.730,1.83162,1.83227,1.00,1.00
2015.04.21 22:22:48.067,1.83164,1.83227,1.00,1.00
2015.04.21 22:22:48.225,1.83161,1.83227,1.00,1.00
2015.04.21 22:22:48.426,1.83163,1.83227,1.00,1.00
2015.04.21 22:22:51.075,1.83162,1.83227,1.00,1.00
2015.04.21 22:22:51.590,1.83163,1.83227,1.00,1.00
2015.04.21 22:22:52.221,1.83162,1.83227,1.00,1.00
2015.04.21 22:22:52.575,1.83165,1.83227,1.00,1.00
2015.04.21 22:22:52.634,1.83162,1.83227,1.00,1.00
2015.04.21 22:22:52.884,1.83165,1.83227,1.00,1.00
2015.04.21 22:22:54.137,1.83161,1.83227,1.00,1.00
2015.04.21 22:22:54.337,1.83164,1.83227,1.00,1.00
2015.04.21 22:22:55.139,1.83162,1.83227,1.00,1.00
2015.04.21 22:22:55.339,1.83164,1.83227,1.00,1.00
2015.04.21 22:22:56.377,1.83162,1.83227,1.00,1.00
2015.04.21 22:22:56.428,1.83162,1.83232,1.00,1.00
2015.04.21 22:22:56.479,1.83156,1.83232,1.00,1.00
2015.04.21 22:22:58.346,1.83159,1.83232,1.00,1.00
2015.04.21 22:22:59.948,1.83157,1.83232,1.00,1.00
2015.04.21 22:23:01.082,1.83159,1.83232,1.00,1.00
2015.04.21 22:23:02.352,1.83155,1.83232,1.37,1.00
2015.04.21 22:23:02.868,1.83155,1.83232,1.37,1.00
2015.04.21 22:23:03.037,1.83155,1.83232,1.00,1.00
2015.04.21 22:23:03.443,1.83155,1.83227,1.00,1.00
2015.04.21 22:23:03.688,1.83151,1.83227,1.37,1.00
2015.04.21 22:23:04.222,1.83151,1.83226,1.37,1.00
2015.04.21 22:23:04.324,1.83151,1.83226,1.00,1.00
2015.04.21 22:23:04.474,1.83149,1.83226,1.00,1.00
2015.04.21 22:23:04.653,1.83149,1.83232,1.00,1.12
2015.04.21 22:23:04.704,1.83153,1.83232,1.00,1.12
2015.04.21 22:23:05.009,1.83157,1.83236,1.00,1.00
2015.04.21 22:23:05.313,1.83155,1.83227,1.00,1.00
2015.04.21 22:23:05.364,1.83148,1.83227,1.00,1.00
2015.04.21 22:23:05.695,1.83146,1.83227,1.00,1.00
2015.04.21 22:23:06.304,1.83146,1.83217,1.00,1.00
2015.04.21 22:23:06.963,1.83148,1.83217,1.00,1.00
2015.04.21 22:23:07.114,1.83148,1.83227,1.00,1.37
2015.04.21 22:23:07.215,1.83148,1.83227,1.00,1.00
2015.04.21 22:23:07.783,1.83147,1.83227,1.00,1.00
2015.04.21 22:23:08.853,1.83147,1.83222,1.00,1.00
2015.04.21 22:23:10.157,1.83147,1.83221,1.00,1.00
2015.04.21 22:23:10.658,1.83146,1.83221,1.00,1.00
2015.04.21 22:23:11.276,1.83144,1.83221,1.00,1.00
2015.04.21 22:23:11.812,1.83145,1.83221,1.00,1.00
2015.04.21 22:23:16.280,1.83148,1.83221,1.00,1.00
2015.04.21 22:23:19.324,1.83148,1.83226,1.00,1.00
2015.04.21 22:23:19.845,1.83148,1.83211,1.00,1.00
2015.04.21 22:23:19.996,1.83139,1.83212,1.00,1.00
2015.04.21 22:23:20.097,1.83134,1.83197,1.37,1.00
2015.04.21 22:23:20.399,1.83139,1.83202,1.00,1.00
2015.04.21 22:23:20.600,1.83137,1.83202,1.00,1.00
2015.04.21 22:23:21.114,1.83139,1.83201,1.00,1.00
2015.04.21 22:23:21.737,1.8314,1.83201,1.00,1.00
2015.04.21 22:23:22.404,1.83141,1.83201,1.00,1.00
2015.04.21 22:23:22.739,1.83143,1.83201,1.00,1.00
2015.04.21 22:23:23.864,1.83145,1.83201,1.00,1.00
2015.04.21 22:23:25.005,1.83145,1.83202,1.00,1.00
2015.04.21 22:23:26.984,1.83145,1.83201,1.00,1.00
2015.04.21 22:23:27.135,1.83146,1.83206,1.00,1.00
2015.04.21 22:23:27.673,1.83147,1.83206,1.00,1.00
2015.04.21 22:23:27.996,1.83147,1.83211,1.00,1.00
2015.04.21 22:23:28.726,1.83145,1.83211,1.00,1.00
2015.04.21 22:23:29.287,1.83146,1.83211,1.00,1.00
2015.04.21 22:23:29.788,1.83145,1.83211,1.00,1.00
2015.04.21 22:23:29.906,1.83147,1.83211,1.00,1.00
2015.04.21 22:23:30.756,1.83145,1.83211,1.00,1.00
2015.04.21 22:23:30.941,1.83147,1.83211,1.00,1.00
2015.04.21 22:23:31.243,1.83144,1.83202,1.00,1.00
2015.04.21 22:23:31.604,1.83144,1.83197,1.00,1.00
2015.04.21 22:23:32.224,1.83143,1.83197,1.00,1.00
2015.04.21 22:23:33.110,1.83144,1.83197,1.00,1.00
2015.04.21 22:23:34.793,1.83144,1.83196,1.00,1.00
2015.04.21 22:23:35.304,1.83143,1.83196,1.00,1.00
2015.04.21 22:23:36.564,1.83139,1.83196,1.00,1.00
2015.04.21 22:23:36.717,1.83141,1.83196,1.00,1.00
2015.04.21 22:23:38.019,1.83139,1.83196,1.00,1.00
2015.04.21 22:23:38.093,1.83139,1.83202,1.00,1.50
2015.04.21 22:23:38.261,1.83142,1.83202,1.00,1.00
2015.04.21 22:23:40.868,1.83142,1.83201,1.00,1.00
2015.04.21 22:23:41.182,1.83146,1.83201,1.00,1.00
2015.04.21 22:23:42.073,1.83146,1.83202,1.00,1.00
2015.04.21 22:23:42.235,1.83143,1.83202,1.00,1.00
2015.04.21 22:23:42.565,1.83145,1.83202,1.00,1.00
2015.04.21 22:23:42.914,1.83157,1.83211,1.00,1.00
2015.04.21 22:23:43.417,1.83156,1.83212,1.00,1.00
2015.04.21 22:23:44.532,1.83157,1.83212,1.00,1.00
2015.04.21 22:23:44.835,1.83162,1.83212,1.00,1.00
2015.04.21 22:23:45.752,1.83158,1.83212,1.00,1.00
2015.04.21 22:23:47.938,1.83159,1.83212,1.50,1.00
2015.04.21 22:23:48.157,1.83154,1.83212,1.37,1.00
2015.04.21 22:23:48.208,1.83154,1.83212,1.12,1.00
2015.04.21 22:23:48.786,1.83157,1.83212,1.00,1.00
2015.04.21 22:23:48.886,1.83157,1.83221,1.00,1.00
2015.04.21 22:23:50.864,1.83161,1.83221,1.00,1.00
2015.04.21 22:23:54.249,1.83162,1.83221,1.00,1.00
2015.04.21 22:23:54.953,1.83158,1.83221,1.00,1.00
2015.04.21 22:23:58.958,1.8316,1.83221,1.00,1.00
2015.04.21 22:24:00.160,1.83159,1.83221,1.00,1.00
2015.04.21 22:24:00.716,1.8316,1.83221,1.00,1.00
2015.04.21 22:24:05.162,1.8316,1.83216,1.00,1.00
2015.04.21 22:24:05.213,1.83156,1.83216,1.00,1.00
2015.04.21 22:24:06.994,1.8316,1.83216,1.00,1.00
2015.04.21 22:24:07.195,1.83157,1.83216,1.00,1.00
2015.04.21 22:24:08.132,1.83157,1.83217,1.00,1.00
2015.04.21 22:24:08.352,1.83157,1.83227,1.00,1.00
2015.04.21 22:24:08.402,1.83161,1.83227,1.00,1.00
2015.04.21 22:24:11.852,1.83161,1.83222,1.12,1.00
2015.04.21 22:24:14.701,1.83159,1.83222,1.37,1.00
2015.04.21 22:24:15.234,1.83161,1.83222,1.00,1.00
2015.04.21 22:24:15.775,1.8316,1.83222,1.12,1.00
2015.04.21 22:24:16.231,1.83162,1.83222,1.00,1.00
2015.04.21 22:24:17.841,1.83162,1.83212,1.00,1.00
2015.04.21 22:24:17.892,1.8316,1.83212,1.00,1.00
2015.04.21 22:24:18.443,1.8316,1.83211,1.00,1.00
2015.04.21 22:24:18.950,1.83159,1.83211,1.00,1.00
2015.04.21 22:24:19.699,1.83158,1.83211,1.00,1.00
2015.04.21 22:24:19.901,1.8316,1.83222,1.12,1.00
2015.04.21 22:24:21.111,1.8316,1.83221,1.00,1.00
2015.04.21 22:24:21.212,1.8316,1.83221,1.37,1.00
2015.04.21 22:24:23.625,1.8316,1.83221,1.37,1.00
2015.04.21 22:24:25.925,1.83159,1.83221,1.37,1.00
2015.04.21 22:24:26.327,1.83159,1.83221,1.37,1.00
2015.04.21 22:24:26.625,1.83159,1.83221,1.37,1.00
2015.04.21 22:24:27.730,1.8316,1.83222,1.37,1.00
2015.04.21 22:24:28.232,1.8316,1.83222,1.12,1.00
2015.04.21 22:24:30.107,1.83162,1.83222,1.00,1.00
2015.04.21 22:24:32.042,1.83159,1.83222,1.37,1.00
2015.04.21 22:24:32.553,1.83161,1.83222,1.00,1.00
2015.04.21 22:24:35.032,1.83159,1.83222,1.12,1.00
2015.04.21 22:24:35.711,1.83159,1.83221,1.37,1.00
2015.04.21 22:24:36.259,1.83159,1.83221,1.12,1.00
2015.04.21 22:24:39.592,1.83159,1.83212,1.12,1.00
2015.04.21 22:24:40.126,1.8316,1.83212,1.00,1.00
2015.04.21 22:24:41.174,1.83159,1.83212,1.00,1.00
2015.04.21 22:24:42.979,1.83157,1.83212,1.12,1.00
2015.04.21 22:24:47.822,1.83157,1.83207,1.12,1.00
2015.04.21 22:24:48.173,1.83159,1.83212,1.00,1.00
2015.04.21 22:24:48.683,1.83158,1.83212,1.00,1.00
2015.04.21 22:24:49.802,1.83158,1.83211,1.00,1.00
2015.04.21 22:24:52.846,1.83157,1.83211,1.00,1.00
2015.04.21 22:24:53.246,1.83159,1.83211,1.00,1.00
2015.04.21 22:24:53.458,1.83156,1.83212,1.00,1.00
2015.04.21 22:24:53.849,1.83158,1.83212,1.00,1.00
2015.04.21 22:24:55.650,1.83156,1.83212,1.00,1.00
2015.04.21 22:24:55.850,1.83158,1.83212,1.00,1.00
2015.04.21 22:24:56.352,1.83157,1.83212,1.00,1.00
2015.04.21 22:24:57.064,1.83158,1.83212,1.00,1.00
2015.04.21 22:24:59.488,1.83156,1.83212,1.00,1.00
2015.04.21 22:24:59.657,1.83158,1.83212,1.00,1.00
2015.04.21 22:25:02.662,1.83156,1.83212,1.00,1.00
2015.04.21 22:25:02.864,1.83158,1.83212,1.00,1.00
2015.04.21 22:25:03.909,1.83158,1.83211,1.00,1.00
2015.04.21 22:25:04.802,1.83155,1.83211,1.00,1.00
2015.04.21 22:25:14.683,1.83156,1.83211,1.00,1.00
2015.04.21 22:25:17.234,1.83156,1.83207,1.00,1.00
2015.04.21 22:25:18.190,1.83156,1.83211,1.00,1.00
2015.04.21 22:25:19.876,1.83156,1.83207,1.00,1.00
2015.04.21 22:25:20.393,1.83156,1.83211,1.00,1.00
2015.04.21 22:25:22.606,1.83158,1.83211,1.00,1.00
2015.04.21 22:25:22.897,1.83156,1.83211,1.00,1.00
2015.04.21 22:25:23.112,1.83159,1.83211,1.00,1.00
2015.04.21 22:25:24.928,1.83159,1.83212,1.00,1.00
2015.04.21 22:25:25.000,1.83156,1.83212,1.00,1.00
2015.04.21 22:25:25.201,1.83159,1.83212,1.00,1.00
2015.04.21 22:25:26.324,1.83159,1.83211,1.00,1.00
2015.04.21 22:25:26.891,1.83159,1.83212,1.00,1.00
2015.04.21 22:25:29.907,1.83161,1.83212,1.00,1.00
2015.04.21 22:25:31.244,1.83159,1.83212,1.00,1.00
2015.04.21 22:25:41.269,1.83158,1.83212,1.00,1.00
2015.04.21 22:25:41.770,1.83157,1.83212,1.00,1.00
2015.04.21 22:25:44.978,1.83158,1.83212,1.00,1.00
2015.04.21 22:25:46.781,1.83158,1.83211,1.00,1.00
2015.04.21 22:25:47.325,1.83157,1.83211,1.00,1.00
2015.04.21 22:25:47.872,1.83153,1.83212,1.50,1.00
2015.04.21 22:25:49.492,1.8315,1.83212,1.37,1.00
2015.04.21 22:25:50.018,1.8315,1.83212,1.12,1.00
2015.04.21 22:25:50.147,1.83152,1.83212,1.00,1.00
2015.04.21 22:25:51.181,1.83149,1.83212,1.37,1.00
2015.04.21 22:25:51.729,1.83151,1.83212,1.00,1.00
2015.04.21 22:25:53.372,1.83152,1.83212,1.00,1.00
2015.04.21 22:25:53.876,1.83151,1.83212,1.00,1.00
2015.04.21 22:25:59.863,1.83148,1.83212,1.87,1.00
2015.04.21 22:26:00.755,1.8315,1.83212,1.37,1.00
2015.04.21 22:26:01.900,1.83151,1.83211,1.37,1.00
2015.04.21 22:26:03.771,1.83152,1.83211,1.00,1.00
2015.04.21 22:26:06.621,1.8315,1.83211,1.00,1.00
2015.04.21 22:26:06.822,1.83151,1.83216,1.00,1.00
2015.04.21 22:26:07.021,1.83151,1.83212,1.00,1.00
2015.04.21 22:26:09.331,1.83151,1.83217,1.00,1.00
2015.04.21 22:26:18.921,1.83153,1.83217,1.00,1.00
2015.04.21 22:26:19.198,1.83151,1.83217,1.00,1.00
2015.04.21 22:26:20.111,1.83151,1.83212,1.12,1.00
2015.04.21 22:26:21.911,1.83152,1.83212,1.00,1.00
2015.04.21 22:26:23.065,1.83152,1.83212,1.37,1.00
2015.04.21 22:26:27.872,1.83152,1.83212,1.12,1.00
2015.04.21 22:26:30.638,1.83154,1.83212,1.00,1.00
2015.04.21 22:26:30.931,1.83151,1.83217,1.37,1.00
2015.04.21 22:26:31.345,1.83155,1.83216,1.00,1.00
2015.04.21 22:26:31.547,1.83153,1.83216,1.00,1.00
2015.04.21 22:26:33.091,1.83153,1.83217,1.00,1.00
2015.04.21 22:26:33.861,1.83153,1.83216,1.00,1.00
2015.04.21 22:26:34.939,1.83155,1.83216,1.00,1.00
2015.04.21 22:26:35.428,1.83152,1.83216,1.12,1.00
2015.04.21 22:26:37.331,1.83155,1.83216,1.00,1.00
2015.04.21 22:26:39.334,1.83154,1.83216,1.00,1.00
2015.04.21 22:26:39.839,1.83154,1.83217,1.00,1.00
2015.04.21 22:26:41.249,1.83151,1.83217,1.00,1.00
2015.04.21 22:26:41.361,1.83151,1.83211,1.00,1.00
2015.04.21 22:26:41.476,1.83149,1.83211,1.12,1.00
2015.04.21 22:26:42.000,1.83145,1.83212,1.37,1.00
2015.04.21 22:26:42.099,1.83145,1.83212,1.12,1.00
2015.04.21 22:26:43.570,1.83145,1.83217,1.12,1.00
2015.04.21 22:26:47.280,1.83145,1.83212,1.12,1.00
2015.04.21 22:26:47.643,1.83145,1.83217,1.12,1.00
2015.04.21 22:26:47.861,1.83145,1.83212,1.12,1.00
2015.04.21 22:26:48.094,1.83145,1.83217,1.12,1.00
2015.04.21 22:26:48.645,1.83145,1.83217,1.37,1.00
2015.04.21 22:26:55.112,1.83143,1.83212,1.37,1.00
2015.04.21 22:26:55.540,1.83142,1.83216,1.87,1.00
2015.04.21 22:26:57.317,1.83143,1.83212,1.37,1.00
2015.04.21 22:26:57.848,1.83142,1.83217,1.87,1.00
2015.04.21 22:26:59.624,1.83143,1.83211,1.50,1.00
2015.04.21 22:26:59.829,1.83142,1.83217,1.75,1.00
2015.04.21 22:27:01.073,1.83142,1.83217,1.75,1.00
2015.04.21 22:27:01.914,1.83143,1.83212,2.25,1.00
2015.04.21 22:27:02.282,1.83143,1.83212,1.87,1.00
2015.04.21 22:27:07.301,1.83144,1.83211,1.37,1.00
2015.04.21 22:27:08.290,1.83143,1.83212,1.37,1.00
2015.04.21 22:27:09.280,1.83143,1.83217,1.37,1.00
2015.04.21 22:27:20.522,1.83143,1.83217,1.12,1.00
2015.04.21 22:27:21.046,1.83144,1.83217,1.00,1.00
2015.04.21 22:27:21.583,1.83142,1.83217,1.37,1.00
2015.04.21 22:27:26.111,1.83142,1.83211,1.37,1.00
2015.04.21 22:27:28.900,1.83138,1.83212,1.87,1.00
2015.04.21 22:27:29.520,1.83138,1.83211,2.25,1.00
2015.04.21 22:27:31.177,1.83138,1.83211,1.37,1.00
2015.04.21 22:27:32.841,1.83138,1.83212,1.37,1.00
2015.04.21 22:27:40.273,1.83138,1.83212,1.37,1.00
2015.04.21 22:27:41.882,1.83159,1.83216,1.00,1.00
2015.04.21 22:27:42.386,1.83156,1.83217,1.37,1.00
2015.04.21 22:27:42.436,1.83155,1.83212,1.37,1.00
2015.04.21 22:27:42.487,1.83155,1.83212,1.12,1.00
2015.04.21 22:27:43.012,1.83147,1.83211,3.00,1.00
2015.04.21 22:27:43.063,1.83148,1.83216,1.50,1.00
2015.04.21 22:27:43.345,1.83155,1.83216,1.00,1.00
2015.04.21 22:27:44.041,1.83155,1.83217,1.12,1.00
2015.04.21 22:27:44.662,1.83157,1.83217,1.00,1.00
2015.04.21 22:27:45.501,1.83158,1.83217,1.00,1.00
2015.04.21 22:27:45.864,1.83161,1.83217,1.00,1.00
2015.04.21 22:27:46.665,1.83158,1.83217,1.00,1.00
2015.04.21 22:27:46.866,1.8316,1.83217,1.00,1.00
2015.04.21 22:27:48.368,1.83163,1.83217,1.00,1.00
2015.04.21 22:27:48.891,1.83162,1.83217,1.00,1.00
2015.04.21 22:27:57.384,1.83162,1.83222,1.00,1.00
2015.04.21 22:27:57.890,1.83162,1.83221,1.00,1.00
2015.04.21 22:27:58.788,1.83163,1.83221,1.00,1.00
2015.04.21 22:28:00.348,1.83163,1.83222,1.00,1.00
2015.04.21 22:28:08.851,1.83162,1.83222,1.87,1.00
2015.04.21 22:28:12.860,1.83162,1.83216,1.12,1.00
2015.04.21 22:28:17.046,1.8316,1.83216,1.00,1.00
2015.04.21 22:28:17.639,1.8316,1.83217,1.00,1.00
2015.04.21 22:28:26.935,1.83161,1.83217,1.00,1.00
2015.04.21 22:28:27.652,1.83161,1.83216,1.00,1.00
2015.04.21 22:28:28.369,1.83161,1.83217,1.00,1.00
2015.04.21 22:28:29.808,1.83161,1.83222,1.00,1.00
2015.04.21 22:28:30.349,1.83162,1.83222,1.00,1.00
2015.04.21 22:28:30.960,1.83163,1.83222,1.00,1.00
2015.04.21 22:28:31.482,1.83162,1.83222,1.12,1.00
2015.04.21 22:28:33.487,1.83165,1.83222,1.00,1.00
2015.04.21 22:28:38.373,1.83163,1.83222,1.00,1.00
2015.04.21 22:28:42.480,1.83172,1.83222,1.00,1.00
2015.04.21 22:28:42.581,1.83169,1.83227,1.00,1.00
2015.04.21 22:28:42.681,1.83165,1.83227,1.00,1.00
2015.04.21 22:28:43.134,1.83164,1.83222,1.12,1.00
2015.04.21 22:28:48.423,1.83162,1.83222,1.00,1.00
2015.04.21 22:28:48.524,1.83162,1.83222,1.37,1.00
2015.04.21 22:29:00.913,1.83165,1.83222,1.00,1.00
2015.04.21 22:29:01.452,1.83164,1.83222,1.12,1.00
2015.04.21 22:29:04.912,1.83165,1.83222,1.00,1.00
2015.04.21 22:29:10.436,1.83164,1.83222,1.00,1.00
2015.04.21 22:29:13.871,1.8316,1.83222,1.12,1.00
2015.04.21 22:29:14.542,1.8316,1.83221,1.12,1.00
2015.04.21 22:29:15.047,1.8316,1.83222,1.12,1.00
2015.04.21 22:29:15.337,1.83163,1.83222,1.00,1.00
2015.04.21 22:29:15.550,1.83161,1.83222,1.00,1.00
2015.04.21 22:29:16.177,1.83159,1.83222,1.37,1.00
2015.04.21 22:29:16.710,1.83161,1.83222,1.00,1.00
2015.04.21 22:29:16.818,1.83161,1.83222,1.37,1.00
2015.04.21 22:29:19.698,1.83161,1.83222,1.12,1.00
2015.04.21 22:29:23.060,1.83161,1.83216,1.12,1.00
2015.04.21 22:29:23.413,1.83161,1.83221,1.12,1.00
2015.04.21 22:29:23.514,1.83162,1.83221,1.37,1.00
2015.04.21 22:29:26.287,1.83161,1.83221,1.12,1.00
2015.04.21 22:29:26.339,1.83161,1.83217,1.12,1.00
2015.04.21 22:29:26.790,1.83161,1.83222,1.12,1.00
2015.04.21 22:29:27.026,1.83161,1.83222,1.37,1.00
2015.04.21 22:29:27.278,1.83161,1.83222,1.12,1.00
2015.04.21 22:29:27.828,1.83161,1.83221,1.12,1.00
2015.04.21 22:29:28.030,1.83161,1.83221,1.87,1.00
2015.04.21 22:29:28.231,1.83161,1.83222,1.12,1.00
2015.04.21 22:29:28.881,1.83165,1.83222,1.00,1.00
2015.04.21 22:29:30.847,1.83165,1.83221,1.00,1.00
2015.04.21 22:29:31.539,1.83165,1.83217,1.00,1.00
2015.04.21 22:29:31.617,1.83165,1.83222,1.00,1.00
2015.04.21 22:29:32.405,1.83166,1.83222,1.00,1.00
2015.04.21 22:29:36.308,1.83167,1.83222,1.00,1.00
2015.04.21 22:29:36.816,1.83166,1.83222,1.00,1.00
2015.04.21 22:29:42.229,1.83168,1.83222,1.00,1.00
2015.04.21 22:29:46.891,1.83164,1.83222,1.12,1.00
2015.04.21 22:29:50.594,1.83168,1.83222,1.00,1.00
2015.04.21 22:29:56.107,1.83168,1.83221,1.00,1.00
2015.04.21 22:29:56.208,1.83166,1.83221,1.00,1.00
2015.04.21 22:29:56.740,1.83167,1.83221,1.00,1.00
2015.04.21 22:29:57.249,1.83166,1.83221,1.00,1.00
2015.04.21 22:29:59.549,1.83167,1.83221,1.00,1.00
2015.04.21 22:30:00.057,1.83166,1.83221,1.00,1.00
2015.04.21 22:30:00.864,1.83165,1.83221,1.00,1.00
2015.04.21 22:30:01.398,1.83165,1.83222,1.00,1.00
2015.04.21 22:30:02.447,1.83163,1.83222,1.00,1.00
2015.04.21 22:30:04.117,1.83165,1.83222,1.00,1.00
2015.04.21 22:30:09.925,1.83164,1.83222,1.00,1.00
2015.04.21 22:30:12.306,1.83164,1.83217,1.00,1.00
2015.04.21 22:30:12.457,1.83162,1.83217,1.12,1.00
2015.04.21 22:30:12.508,1.83162,1.83211,1.00,1.00
2015.04.21 22:30:12.659,1.8316,1.83211,1.00,1.00
2015.04.21 22:30:12.828,1.8316,1.83217,1.00,1.00
2015.04.21 22:30:12.879,1.83158,1.83217,1.00,1.00
2015.04.21 22:30:17.490,1.83159,1.83217,1.00,1.00
2015.04.21 22:30:17.540,1.83159,1.83217,1.37,1.00
2015.04.21 22:30:18.217,1.83159,1.83217,1.87,1.00
2015.04.21 22:30:19.450,1.83161,1.83217,1.00,1.00
2015.04.21 22:30:20.151,1.83159,1.83217,1.87,1.00
2015.04.21 22:30:20.462,1.83172,1.83216,1.12,1.00
2015.04.21 22:30:20.664,1.83169,1.83221,1.37,1.00
2015.04.21 22:30:20.715,1.83169,1.83221,1.00,1.00
2015.04.21 22:30:20.815,1.83167,1.83221,1.00,1.00
2015.04.21 22:30:21.366,1.83166,1.83222,1.00,1.00
2015.04.21 22:30:21.417,1.83163,1.83222,1.00,1.00
2015.04.21 22:30:24.438,1.8317,1.83222,1.00,1.00
2015.04.21 22:30:24.741,1.83166,1.83221,2.25,1.00
2015.04.21 22:30:25.285,1.83165,1.83221,1.00,1.00
2015.04.21 22:30:25.462,1.83163,1.83221,1.00,1.00
2015.04.21 22:30:25.675,1.83165,1.83221,1.00,1.00
2015.04.21 22:30:26.841,1.83168,1.83221,1.00,1.00
2015.04.21 22:30:32.109,1.83168,1.83222,1.00,1.00
2015.04.21 22:30:32.421,1.83168,1.83217,1.00,1.00
2015.04.21 22:30:34.073,1.83166,1.83217,1.00,1.00
2015.04.21 22:30:35.186,1.83166,1.83222,1.00,1.00
2015.04.21 22:30:37.395,1.83166,1.83217,1.00,1.00
2015.04.21 22:30:37.597,1.83166,1.83222,1.00,1.00
2015.04.21 22:30:38.589,1.83169,1.83226,1.00,1.00
2015.04.21 22:30:41.702,1.83171,1.83226,1.00,1.00
2015.04.21 22:30:44.810,1.83173,1.83226,1.00,1.00
2015.04.21 22:30:45.813,1.83171,1.83226,1.00,1.00
2015.04.21 22:30:55.839,1.83172,1.83226,1.00,1.00
2015.04.21 22:30:58.395,1.83172,1.83222,1.00,1.00
2015.04.21 22:30:58.446,1.8317,1.83222,1.00,1.00
2015.04.21 22:31:11.796,1.8317,1.83226,1.00,1.00
2015.04.21 22:31:18.349,1.83171,1.83226,1.00,1.00
2015.04.21 22:31:28.404,1.83173,1.83226,1.00,1.00
2015.04.21 22:31:29.370,1.83171,1.83226,1.00,1.00
2015.04.21 22:31:31.816,1.83171,1.83222,1.00,1.00
2015.04.21 22:31:34.934,1.83171,1.83221,1.00,1.00
2015.04.21 22:31:37.489,1.83167,1.83221,1.00,1.00
2015.04.21 22:31:45.032,1.83167,1.83222,1.00,1.00
2015.04.21 22:31:45.132,1.83167,1.83227,1.00,1.50
2015.04.21 22:31:45.615,1.83169,1.83227,1.00,1.00
2015.04.21 22:31:49.722,1.8317,1.83227,1.00,1.00
2015.04.21 22:31:50.644,1.8317,1.83226,1.00,1.00
2015.04.21 22:31:55.643,1.83172,1.83226,1.00,1.00
2015.04.21 22:31:56.202,1.83171,1.83226,1.00,1.00
2015.04.21 22:31:58.233,1.83171,1.83227,1.00,1.00
2015.04.21 22:31:58.845,1.83172,1.83227,1.00,1.00
2015.04.21 22:31:59.555,1.83171,1.83227,1.00,1.00
2015.04.21 22:32:05.828,1.83171,1.83226,1.00,1.00
2015.04.21 22:32:06.656,1.83168,1.83226,1.00,1.00
2015.04.21 22:32:12.866,1.8317,1.83226,1.00,1.00
2015.04.21 22:32:13.374,1.83169,1.83226,1.00,1.00
2015.04.21 22:32:17.773,1.83171,1.83226,1.00,1.00
2015.04.21 22:32:18.285,1.83171,1.83227,1.00,1.00
2015.04.21 22:32:19.277,1.83172,1.83227,1.00,1.00
2015.04.21 22:32:21.445,1.83171,1.83227,1.00,1.00
2015.04.21 22:32:31.293,1.83173,1.83227,1.00,1.00
2015.04.21 22:32:37.145,1.83173,1.83231,1.00,1.00
2015.04.21 22:32:37.805,1.83173,1.83227,1.00,1.00
2015.04.21 22:32:38.332,1.83173,1.83226,1.00,1.00
2015.04.21 22:32:39.106,1.83174,1.83226,1.00,1.00
2015.04.21 22:32:42.014,1.83171,1.83226,1.00,1.00
2015.04.21 22:32:42.211,1.83173,1.83226,1.00,1.00
2015.04.21 22:32:44.014,1.83171,1.83226,1.00,1.00
2015.04.21 22:32:47.141,1.83174,1.83226,1.00,1.00
2015.04.21 22:32:47.520,1.8317,1.83226,1.00,1.00
2015.04.21 22:32:47.744,1.83172,1.83226,1.00,1.00
2015.04.21 22:32:51.116,1.83172,1.83232,1.00,1.00
2015.04.21 22:32:55.262,1.83175,1.83232,1.00,1.00
2015.04.21 22:32:56.268,1.83173,1.83232,1.00,1.00
2015.04.21 22:32:57.273,1.83175,1.83232,1.00,1.00
2015.04.21 22:32:57.605,1.83175,1.83226,1.00,1.00
2015.04.21 22:32:58.271,1.83173,1.83226,1.00,1.00
2015.04.21 22:33:01.800,1.83173,1.83227,1.00,1.00
2015.04.21 22:33:08.275,1.83171,1.83227,1.00,1.00
2015.04.21 22:33:08.859,1.83173,1.83227,1.00,1.00
2015.04.21 22:33:10.470,1.83175,1.83227,1.00,1.00
2015.04.21 22:33:10.844,1.83175,1.83231,1.00,1.00
2015.04.21 22:33:11.071,1.83174,1.83226,1.00,1.00
2015.04.21 22:33:12.285,1.83174,1.83232,1.00,1.00
2015.04.21 22:33:13.027,1.83174,1.83227,1.00,1.00
2015.04.21 22:33:13.166,1.83171,1.83227,1.00,1.00
2015.04.21 22:33:13.728,1.83171,1.83226,1.00,1.00
2015.04.21 22:33:14.161,1.83173,1.83226,1.00,1.00
2015.04.21 22:33:15.063,1.83169,1.83226,1.00,1.00
2015.04.21 22:33:16.825,1.83173,1.83226,1.00,1.00
2015.04.21 22:33:17.067,1.83169,1.83226,1.00,1.00
2015.04.21 22:33:19.115,1.83172,1.83226,1.00,1.00
2015.04.21 22:33:22.501,1.83172,1.83222,1.00,1.00
2015.04.21 22:33:24.454,1.83172,1.83227,1.00,1.00
2015.04.21 22:33:33.615,1.83174,1.83237,1.00,1.00
2015.04.21 22:33:33.817,1.83176,1.83231,1.00,1.00
2015.04.21 22:33:34.322,1.83175,1.83231,1.00,1.00
2015.04.21 22:33:35.404,1.83176,1.83231,1.00,1.00
2015.04.21 22:33:35.728,1.83176,1.83226,1.00,1.00
2015.04.21 22:33:35.885,1.83176,1.83232,1.00,1.00
2015.04.21 22:33:37.808,1.83177,1.83232,1.00,1.50
2015.04.21 22:33:40.513,1.83176,1.8323,1.00,1.00
2015.04.21 22:33:40.964,1.83178,1.83231,1.00,1.00
2015.04.21 22:33:41.395,1.83178,1.83226,1.00,1.00
2015.04.21 22:33:44.152,1.83178,1.83227,1.00,1.00
2015.04.21 22:33:44.252,1.83175,1.83227,1.00,1.00
2015.04.21 22:33:44.796,1.83175,1.83226,1.00,1.00
2015.04.21 22:33:45.511,1.83175,1.83227,1.00,1.00
2015.04.21 22:33:46.429,1.83177,1.83227,1.00,1.00
2015.04.21 22:33:50.078,1.83175,1.83227,1.00,1.00
2015.04.21 22:33:51.641,1.83178,1.83227,1.00,1.00
2015.04.21 22:33:52.466,1.83174,1.83227,1.00,1.00
2015.04.21 22:33:54.047,1.83177,1.83227,1.00,1.00
2015.04.21 22:33:55.894,1.83178,1.83227,1.00,1.00
2015.04.21 22:33:57.174,1.83177,1.83227,1.00,1.00
2015.04.21 22:33:57.554,1.83177,1.83229,1.00,1.00
2015.04.21 22:33:57.656,1.83177,1.83232,1.00,1.50
2015.04.21 22:33:58.686,1.8318,1.83232,1.00,1.00
2015.04.21 22:34:00.895,1.8318,1.83226,1.00,1.00
2015.04.21 22:34:00.996,1.83177,1.83226,1.00,1.00
2015.04.21 22:34:01.097,1.83177,1.83232,1.00,1.00
2015.04.21 22:34:01.198,1.83178,1.83236,1.00,1.00
2015.04.21 22:34:01.955,1.83178,1.83237,1.00,1.00
2015.04.21 22:34:02.006,1.83176,1.83237,1.00,1.00
2015.04.21 22:34:02.177,1.83176,1.83232,1.00,1.00
2015.04.21 22:34:04.385,1.83174,1.83232,1.00,1.00
2015.04.21 22:34:04.575,1.83176,1.83232,1.00,1.00
2015.04.21 22:34:09.326,1.83176,1.83231,1.00,1.00
2015.04.21 22:34:13.396,1.83173,1.83231,1.87,1.00
2015.04.21 22:34:16.624,1.83175,1.83231,1.00,1.00
2015.04.21 22:34:17.047,1.83174,1.83227,1.00,1.00
2015.04.21 22:34:17.399,1.83174,1.83221,1.00,1.00
2015.04.21 22:34:19.441,1.83175,1.83221,1.00,1.00
2015.04.21 22:34:26.857,1.83173,1.83226,1.00,1.00
2015.04.21 22:34:26.907,1.83176,1.83226,1.00,1.00
2015.04.21 22:34:26.958,1.83178,1.83231,1.00,1.00
2015.04.21 22:34:27.059,1.83184,1.83231,1.00,1.00
2015.04.21 22:34:27.174,1.83185,1.83237,1.00,1.00
2015.04.21 22:34:27.711,1.83184,1.83237,1.00,1.00
2015.04.21 22:34:27.959,1.83184,1.83241,1.00,1.00
2015.04.21 22:34:28.163,1.83186,1.83246,1.00,1.00
2015.04.21 22:34:28.214,1.83191,1.83246,1.00,1.00
2015.04.21 22:34:28.516,1.83191,1.83242,1.00,1.00
2015.04.21 22:34:29.066,1.83191,1.83241,1.00,1.00
2015.04.21 22:34:29.684,1.83192,1.83242,1.00,1.00
2015.04.21 22:34:30.219,1.83191,1.83242,1.00,1.00
2015.04.21 22:34:30.921,1.83199,1.83242,1.00,1.00
2015.04.21 22:34:31.141,1.832,1.83247,1.00,1.00
2015.04.21 22:34:31.343,1.832,1.83252,1.00,1.00
2015.04.21 22:34:33.129,1.83201,1.83252,1.50,1.00
2015.04.21 22:34:35.670,1.832,1.83252,1.50,1.00
2015.04.21 22:34:37.173,1.83205,1.83262,1.00,1.00
2015.04.21 22:34:37.375,1.83205,1.83266,1.12,1.00
2015.04.21 22:34:37.425,1.83205,1.83266,1.37,1.00
2015.04.21 22:34:37.627,1.83208,1.8327,1.00,1.00
2015.04.21 22:34:37.677,1.83211,1.83272,1.50,1.00
2015.04.21 22:34:37.980,1.83217,1.83267,1.00,1.00
2015.04.21 22:34:38.594,1.83217,1.83271,1.00,1.00
2015.04.21 22:34:39.097,1.83218,1.83271,1.00,1.00
2015.04.21 22:34:40.174,1.83217,1.83272,1.00,1.00
2015.04.21 22:34:42.759,1.83218,1.83272,1.00,1.00
2015.04.21 22:34:43.293,1.83217,1.83272,1.00,1.00
2015.04.21 22:34:44.134,1.83217,1.83267,1.00,1.00
2015.04.21 22:34:44.302,1.83218,1.83272,1.00,1.00
2015.04.21 22:34:44.815,1.83217,1.83272,1.00,1.00
2015.04.21 22:34:45.404,1.83218,1.83272,1.00,1.00
2015.04.21 22:34:46.269,1.83217,1.83272,1.00,1.00
2015.04.21 22:34:48.375,1.83217,1.83267,1.00,1.00
2015.04.21 22:34:49.033,1.83218,1.83267,1.00,1.00
2015.04.21 22:34:49.821,1.83217,1.83267,1.00,1.00
2015.04.21 22:34:51.177,1.83218,1.83267,1.00,1.00
2015.04.21 22:34:52.388,1.83217,1.83267,1.00,1.00
2015.04.21 22:34:53.373,1.83217,1.83262,1.00,1.00
2015.04.21 22:34:54.914,1.83218,1.83262,1.00,1.00
2015.04.21 22:34:56.019,1.83217,1.83262,1.00,1.00
2015.04.21 22:34:56.574,1.83218,1.83262,1.00,1.00
2015.04.21 22:34:57.932,1.83217,1.83262,1.00,1.00
2015.04.21 22:34:58.283,1.83217,1.83267,1.00,1.00
2015.04.21 22:34:58.495,1.83216,1.83262,1.00,1.00
2015.04.21 22:34:58.935,1.83216,1.83267,1.00,1.00
2015.04.21 22:34:59.265,1.83216,1.83261,1.00,1.00
2015.04.21 22:34:59.751,1.83216,1.83266,1.00,1.00
2015.04.21 22:35:00.804,1.83215,1.83266,1.00,1.00
2015.04.21 22:35:03.625,1.83216,1.83266,1.00,1.00
2015.04.21 22:35:04.213,1.83215,1.83266,1.00,1.00
2015.04.21 22:35:05.823,1.83216,1.83266,1.00,1.00
2015.04.21 22:35:06.371,1.83216,1.83267,1.00,1.00
2015.04.21 22:35:07.930,1.83215,1.83267,1.00,1.00
2015.04.21 22:35:09.329,1.83216,1.83267,1.00,1.00
2015.04.21 22:35:09.943,1.83215,1.83267,1.00,1.00
2015.04.21 22:35:11.734,1.83216,1.83267,1.00,1.00
2015.04.21 22:35:12.237,1.83213,1.83267,1.00,1.00
2015.04.21 22:35:12.338,1.83207,1.83267,1.50,1.00
2015.04.21 22:35:13.453,1.83208,1.83267,1.00,1.00
2015.04.21 22:35:14.342,1.83207,1.83267,1.50,1.00
2015.04.21 22:35:14.843,1.83208,1.83267,1.00,1.00
2015.04.21 22:35:15.457,1.83207,1.83267,1.00,1.00
2015.04.21 22:35:16.317,1.83207,1.83261,1.00,1.00
2015.04.21 22:35:16.909,1.83207,1.83267,1.00,1.00
2015.04.21 22:35:17.651,1.83208,1.83267,1.00,1.00
2015.04.21 22:35:18.153,1.83207,1.83267,1.00,1.00
2015.04.21 22:35:19.156,1.83208,1.83267,1.00,1.00
2015.04.21 22:35:19.857,1.83207,1.83267,1.00,1.00
2015.04.21 22:35:20.062,1.83207,1.83262,1.00,1.00
2015.04.21 22:35:20.273,1.83207,1.83267,1.00,1.00
2015.04.21 22:35:21.373,1.83207,1.83262,1.00,1.00
2015.04.21 22:35:21.877,1.83208,1.83262,1.00,1.00
2015.04.21 22:35:22.363,1.83207,1.83267,1.00,1.00
2015.04.21 22:35:23.666,1.83208,1.83267,1.00,1.00
2015.04.21 22:35:24.167,1.83207,1.83267,1.00,1.00
2015.04.21 22:35:24.336,1.83216,1.83267,1.00,1.00
2015.04.21 22:35:24.872,1.83217,1.83267,1.00,1.00
2015.04.21 22:35:25.365,1.83228,1.83267,1.00,1.00
2015.04.21 22:35:25.978,1.83227,1.83267,1.00,1.00
2015.04.21 22:35:26.732,1.83228,1.83267,1.00,1.00
2015.04.21 22:35:27.275,1.83227,1.83267,1.00,1.00
2015.04.21 22:35:28.005,1.83228,1.83267,1.00,1.00
2015.04.21 22:35:28.943,1.83227,1.83267,1.00,1.00
2015.04.21 22:35:31.728,1.83228,1.83267,1.00,1.00
2015.04.21 22:35:32.962,1.83227,1.83267,1.00,1.00
2015.04.21 22:35:33.465,1.83228,1.83267,1.00,1.00
2015.04.21 22:35:34.243,1.83215,1.83267,1.00,1.00
2015.04.21 22:35:34.344,1.8321,1.83267,1.12,1.00
2015.04.21 22:35:35.173,1.8321,1.83262,1.00,1.00
2015.04.21 22:35:35.223,1.83208,1.83262,1.00,1.00
2015.04.21 22:35:35.324,1.83205,1.83262,1.37,1.00
2015.04.21 22:35:35.838,1.83205,1.83262,1.00,1.00
2015.04.21 22:35:36.342,1.83204,1.83262,1.00,1.00
2015.04.21 22:35:36.544,1.83198,1.83262,1.12,1.00
2015.04.21 22:35:37.896,1.83198,1.83261,1.12,1.00
2015.04.21 22:35:38.820,1.83202,1.83261,1.00,1.00
2015.04.21 22:35:39.134,1.83202,1.83267,1.00,1.00
2015.04.21 22:35:39.235,1.83204,1.83267,1.00,1.00
2015.04.21 22:35:39.752,1.83205,1.83267,1.00,1.00
2015.04.21 22:35:39.923,1.832,1.83267,1.00,1.00
2015.04.21 22:35:40.541,1.83199,1.83267,1.00,1.00
2015.04.21 22:35:41.455,1.83198,1.83267,1.50,1.00
2015.04.21 22:35:47.365,1.83198,1.83266,1.00,1.00
2015.04.21 22:35:50.340,1.83197,1.83266,1.00,1.00
2015.04.21 22:35:50.876,1.83197,1.83261,1.00,1.00
2015.04.21 22:35:51.426,1.83197,1.83262,1.00,1.00
2015.04.21 22:35:52.106,1.83198,1.83262,1.00,1.00
2015.04.21 22:35:53.280,1.83197,1.83262,1.00,1.00
2015.04.21 22:35:53.781,1.83198,1.83262,1.00,1.00
2015.04.21 22:35:54.412,1.83197,1.83262,1.00,1.00
2015.04.21 22:35:55.434,1.83198,1.83262,1.00,1.00
2015.04.21 22:35:55.963,1.83197,1.83262,1.00,1.00
2015.04.21 22:35:56.578,1.83198,1.83262,1.00,1.00
2015.04.21 22:35:57.189,1.83197,1.83262,1.00,1.00
2015.04.21 22:35:57.390,1.83194,1.83262,1.37,1.00
2015.04.21 22:35:58.004,1.83194,1.83266,1.37,1.00
2015.04.21 22:35:59.202,1.83193,1.83266,1.50,1.00
2015.04.21 22:36:00.314,1.83193,1.83261,1.00,1.00
2015.04.21 22:36:00.845,1.83194,1.83261,1.00,1.00
2015.04.21 22:36:01.399,1.83193,1.83261,2.25,1.00
2015.04.21 22:36:02.000,1.83194,1.83261,1.00,1.00
2015.04.21 22:36:02.541,1.83193,1.83261,2.25,1.00
2015.04.21 22:36:03.330,1.83194,1.83261,1.00,1.00
2015.04.21 22:36:03.872,1.83193,1.83261,2.25,1.00
2015.04.21 22:36:06.474,1.83193,1.83265,1.00,1.00
2015.04.21 22:36:06.628,1.83193,1.83267,1.00,1.00
2015.04.21 22:36:07.279,1.83193,1.83266,1.00,1.00
2015.04.21 22:36:07.950,1.83193,1.83267,1.00,1.50
2015.04.21 22:36:08.945,1.83194,1.83267,1.00,1.50
2015.04.21 22:36:08.996,1.83194,1.83265,1.00,1.00
2015.04.21 22:36:09.385,1.83193,1.83267,2.25,1.50
2015.04.21 22:36:09.904,1.83194,1.83267,1.00,1.50
2015.04.21 22:36:10.388,1.83194,1.83264,1.00,1.00
2015.04.21 22:36:10.608,1.83194,1.83267,1.00,1.50
2015.04.21 22:36:11.164,1.83193,1.83267,1.00,1.87
2015.04.21 22:36:11.825,1.83194,1.83267,1.00,2.25
2015.04.21 22:36:12.372,1.83193,1.83266,1.00,1.50
2015.04.21 22:36:12.902,1.83194,1.83266,1.00,1.50
2015.04.21 22:36:13.563,1.83193,1.83266,1.00,1.50
2015.04.21 22:36:14.480,1.83194,1.83266,1.00,1.00
2015.04.21 22:36:15.082,1.83193,1.83266,1.00,1.00
2015.04.21 22:36:16.241,1.83194,1.83266,1.00,1.00
2015.04.21 22:36:16.760,1.83193,1.83266,1.00,1.00
2015.04.21 22:36:17.278,1.83194,1.83266,1.00,1.00
2015.04.21 22:36:17.486,1.83192,1.83266,1.00,1.50
2015.04.21 22:36:18.202,1.83192,1.83265,1.00,1.00
2015.04.21 22:36:18.990,1.83192,1.83266,1.00,1.50
2015.04.21 22:36:19.883,1.83192,1.83265,1.00,1.00
2015.04.21 22:36:20.415,1.83191,1.83264,1.00,1.00
2015.04.21 22:36:20.643,1.83191,1.83266,1.00,1.00
2015.04.21 22:36:21.748,1.83191,1.83265,1.00,1.00
2015.04.21 22:36:22.279,1.83191,1.83266,1.00,1.00
2015.04.21 22:36:22.818,1.8319,1.83265,1.00,1.00
2015.04.21 22:36:23.478,1.83191,1.83266,1.00,1.00
2015.04.21 22:36:24.423,1.83191,1.83264,1.00,1.00
2015.04.21 22:36:25.624,1.83192,1.83266,1.00,1.50
2015.04.21 22:36:26.425,1.83191,1.83264,1.00,1.00
2015.04.21 22:36:27.461,1.83193,1.83265,1.00,1.50
2015.04.21 22:36:28.477,1.83191,1.83264,1.00,1.00
2015.04.21 22:36:28.662,1.83191,1.83266,1.00,1.00
2015.04.21 22:36:29.166,1.83191,1.83265,1.00,1.00
2015.04.21 22:36:29.483,1.8319,1.83262,1.87,1.00
2015.04.21 22:36:29.769,1.8319,1.83266,1.12,1.50
2015.04.21 22:36:30.371,1.83189,1.83265,1.87,1.00
2015.04.21 22:36:30.901,1.8319,1.83264,1.87,1.00
2015.04.21 22:36:32.655,1.8319,1.83262,1.50,1.00
2015.04.21 22:36:32.963,1.83197,1.83262,1.00,1.00
2015.04.21 22:36:33.332,1.83197,1.83267,1.00,1.00
2015.04.21 22:36:36.293,1.83198,1.83266,1.00,1.00
2015.04.21 22:36:36.504,1.83198,1.83262,1.00,1.00
2015.04.21 22:36:38.600,1.83197,1.83264,1.50,1.00
2015.04.21 22:36:38.701,1.83198,1.83266,1.00,1.00
2015.04.21 22:36:38.752,1.83198,1.83272,1.00,2.62
2015.04.21 22:36:38.802,1.83201,1.83272,1.00,1.87
2015.04.21 22:36:39.255,1.83201,1.83277,1.00,3.00
2015.04.21 22:36:39.406,1.832,1.83272,2.25,1.00
2015.04.21 22:36:39.709,1.83194,1.83262,1.00,1.00
2015.04.21 22:36:40.256,1.83193,1.83262,1.00,1.00
2015.04.21 22:36:41.509,1.83194,1.83262,1.00,1.00
2015.04.21 22:36:42.818,1.83193,1.83262,1.00,1.00
2015.04.21 22:36:44.882,1.83193,1.83265,1.00,1.00
2015.04.21 22:36:45.379,1.83193,1.83267,1.00,1.50
2015.04.21 22:36:46.941,1.83194,1.83267,1.00,1.50
2015.04.21 22:36:47.443,1.83193,1.83267,1.50,1.50
2015.04.21 22:36:49.376,1.83196,1.83266,1.00,1.00
2015.04.21 22:36:53.382,1.83193,1.83267,1.87,1.50
2015.04.21 22:36:59.294,1.83196,1.83267,1.00,1.50
2015.04.21 22:37:01.301,1.83195,1.83267,1.12,1.50
2015.04.21 22:37:03.406,1.83196,1.83267,1.00,1.00
2015.04.21 22:37:04.910,1.83195,1.83267,1.12,1.00
2015.04.21 22:37:05.914,1.83195,1.83266,1.12,1.00
2015.04.21 22:37:09.575,1.83194,1.83266,1.00,1.00
2015.04.21 22:37:10.081,1.83195,1.83266,1.50,1.00
2015.04.21 22:37:10.399,1.83195,1.83261,1.00,1.00
2015.04.21 22:37:10.603,1.83194,1.83265,1.00,1.00
2015.04.21 22:37:10.654,1.83194,1.83267,1.00,1.50
2015.04.21 22:37:10.832,1.83195,1.83261,1.00,1.00
2015.04.21 22:37:11.343,1.83194,1.83261,1.00,1.00
2015.04.21 22:37:12.000,1.83194,1.83262,1.00,1.00
2015.04.21 22:37:12.409,1.83194,1.83265,1.00,1.00
2015.04.21 22:37:13.798,1.83195,1.83265,1.00,1.00
2015.04.21 22:37:14.399,1.83194,1.83265,1.00,1.00
2015.04.21 22:37:14.900,1.83195,1.83265,1.00,1.00
2015.04.21 22:37:15.833,1.83195,1.83266,1.00,1.50
2015.04.21 22:37:16.354,1.83194,1.83266,1.00,1.00
2015.04.21 22:37:16.641,1.83194,1.83263,1.00,1.00
2015.04.21 22:37:16.854,1.83195,1.83266,1.00,1.50
2015.04.21 22:37:17.406,1.83194,1.83266,1.00,1.50
2015.04.21 22:37:17.656,1.83195,1.83262,1.00,1.00
2015.04.21 22:37:17.857,1.83194,1.83265,1.00,1.00
2015.04.21 22:37:18.734,1.83195,1.83265,1.00,1.00
2015.04.21 22:37:18.885,1.83194,1.83268,1.00,1.00
2015.04.21 22:37:19.912,1.83195,1.83268,1.00,1.00
2015.04.21 22:37:20.442,1.83194,1.83268,1.00,1.00
2015.04.21 22:37:21.038,1.83193,1.83267,1.00,1.00
2015.04.21 22:37:21.580,1.83192,1.83267,2.62,1.00
2015.04.21 22:37:22.217,1.83193,1.83267,1.00,1.00
2015.04.21 22:37:23.219,1.83192,1.83267,2.62,1.00
2015.04.21 22:37:24.472,1.83193,1.83265,1.00,1.00
2015.04.21 22:37:29.163,1.83195,1.83267,1.00,1.50
2015.04.21 22:37:29.384,1.83193,1.83266,1.00,1.00
2015.04.21 22:37:31.171,1.83192,1.83267,1.12,1.50
2015.04.21 22:37:31.593,1.83192,1.83267,1.50,1.50
2015.04.21 22:37:32.096,1.83193,1.83268,1.50,1.00
2015.04.21 22:37:33.577,1.83193,1.83269,1.50,2.25
2015.04.21 22:37:34.203,1.83193,1.83269,1.00,2.25
2015.04.21 22:37:34.743,1.83193,1.83269,1.37,2.25
2015.04.21 22:37:35.280,1.83193,1.83269,1.00,2.25
2015.04.21 22:37:35.605,1.83192,1.83265,1.50,1.00
2015.04.21 22:37:36.220,1.83192,1.83265,1.87,1.00
2015.04.21 22:37:38.282,1.83192,1.83265,1.50,1.00
2015.04.21 22:37:39.285,1.83192,1.83264,1.00,1.00
2015.04.21 22:37:40.062,1.83193,1.83264,1.00,1.00
2015.04.21 22:37:41.498,1.83191,1.83264,1.00,1.00
2015.04.21 22:37:42.000,1.83192,1.83264,1.00,1.00
2015.04.21 22:37:42.654,1.83191,1.83264,1.00,1.00
2015.04.21 22:37:43.408,1.83192,1.83264,1.00,1.00
2015.04.21 22:37:44.313,1.83191,1.83264,1.00,1.00
2015.04.21 22:37:45.059,1.83192,1.83264,1.00,1.00
2015.04.21 22:37:45.294,1.83192,1.83262,1.00,1.00
2015.04.21 22:37:45.852,1.83191,1.83262,1.00,1.00
2015.04.21 22:37:46.377,1.83192,1.83263,1.00,1.00
2015.04.21 22:37:47.038,1.83191,1.83263,1.00,1.00
2015.04.21 22:37:47.830,1.83192,1.83263,1.00,1.00
2015.04.21 22:37:48.357,1.83191,1.83263,1.00,1.00
2015.04.21 22:37:50.388,1.83192,1.83263,1.00,1.00
2015.04.21 22:37:50.912,1.83191,1.83263,1.00,1.00
2015.04.21 22:37:51.440,1.83192,1.83263,1.00,1.00
2015.04.21 22:37:51.991,1.83191,1.83263,1.00,1.00
2015.04.21 22:37:52.336,1.83191,1.83263,1.37,1.00
2015.04.21 22:37:52.621,1.83192,1.83266,1.37,1.00
2015.04.21 22:37:53.150,1.83192,1.83266,1.50,1.00
2015.04.21 22:37:53.251,1.83191,1.83264,1.37,1.00
2015.04.21 22:37:53.452,1.83192,1.83266,1.50,1.00
2015.04.21 22:37:53.969,1.83192,1.83266,1.37,1.00
2015.04.21 22:37:54.759,1.83192,1.83266,1.87,1.00
2015.04.21 22:37:55.449,1.83192,1.83263,1.50,1.00
2015.04.21 22:37:55.608,1.83192,1.83266,2.25,1.00
2015.04.21 22:37:56.200,1.83192,1.83266,1.12,1.00
2015.04.21 22:37:56.714,1.83194,1.83268,1.00,1.00
2015.04.21 22:37:57.254,1.83194,1.83269,1.37,1.00
2015.04.21 22:37:57.556,1.83198,1.83269,1.00,1.00
2015.04.21 22:37:57.657,1.83198,1.83273,1.37,1.00
2015.04.21 22:37:58.159,1.83199,1.83274,1.37,1.00
2015.04.21 22:37:58.467,1.83208,1.83277,1.37,1.00
2015.04.21 22:37:59.892,1.83213,1.83279,1.00,1.00
2015.04.21 22:38:00.194,1.83217,1.83282,1.37,1.50
2015.04.21 22:38:00.348,1.83219,1.83284,1.00,1.00
2015.04.21 22:38:00.449,1.83219,1.83286,1.37,1.00
2015.04.21 22:38:00.562,1.83224,1.8329,1.00,1.00
2015.04.21 22:38:00.893,1.83222,1.83287,1.12,1.00
2015.04.21 22:38:00.994,1.83219,1.83287,1.37,1.00
2015.04.21 22:38:01.201,1.83219,1.83286,1.87,1.00
2015.04.21 22:38:01.503,1.83218,1.83286,1.50,1.00
2015.04.21 22:38:02.080,1.83221,1.83287,1.00,1.00
2015.04.21 22:38:02.828,1.83223,1.83287,1.00,1.50
2015.04.21 22:38:06.378,1.83217,1.83283,1.37,1.00
2015.04.21 22:38:06.580,1.8322,1.83284,1.00,1.00
2015.04.21 22:38:06.896,1.83224,1.83287,1.00,1.00
2015.04.21 22:38:07.848,1.83219,1.83286,1.12,1.00
2015.04.21 22:38:08.180,1.83217,1.83283,2.62,1.00
2015.04.21 22:38:08.482,1.83211,1.83276,1.00,1.00
2015.04.21 22:38:08.806,1.83208,1.83272,1.00,1.00
2015.04.21 22:38:08.907,1.83208,1.83277,1.00,1.00
2015.04.21 22:38:10.909,1.83205,1.83273,1.00,1.00
2015.04.21 22:38:11.253,1.83208,1.83276,1.00,1.00
2015.04.21 22:38:11.584,1.83205,1.83272,1.00,1.00
2015.04.21 22:38:11.694,1.83203,1.83272,1.00,1.50
2015.04.21 22:38:12.217,1.83206,1.83272,1.00,1.00
2015.04.21 22:38:13.900,1.83206,1.83271,1.00,1.00
2015.04.21 22:38:14.202,1.83204,1.83269,1.00,1.00
2015.04.21 22:38:14.272,1.83203,1.83271,1.50,1.50
2015.04.21 22:38:16.682,1.83207,1.83274,1.00,1.00
2015.04.21 22:38:18.402,1.8321,1.83277,1.50,1.00
2015.04.21 22:38:18.765,1.83217,1.83281,1.00,1.00
2015.04.21 22:38:19.066,1.83216,1.83282,2.62,1.00
2015.04.21 22:38:19.167,1.83216,1.83285,2.62,1.00
2015.04.21 22:38:19.268,1.83216,1.83285,2.25,1.00
2015.04.21 22:38:19.369,1.83217,1.83282,1.00,1.00
2015.04.21 22:38:19.670,1.83217,1.83282,1.37,1.00
2015.04.21 22:38:19.721,1.83217,1.83282,1.00,1.00
2015.04.21 22:38:20.023,1.83218,1.83282,1.37,1.00
2015.04.21 22:38:20.124,1.83218,1.83284,1.37,1.00
2015.04.21 22:38:20.225,1.83218,1.83284,1.00,1.00
2015.04.21 22:38:20.376,1.83218,1.83282,1.00,1.00
2015.04.21 22:38:20.716,1.83217,1.83282,1.37,1.00
2015.04.21 22:38:20.817,1.83218,1.83286,1.37,1.00
2015.04.21 22:38:21.430,1.83219,1.83285,1.00,1.00
2015.04.21 22:38:21.631,1.83217,1.83284,1.50,1.00
2015.04.21 22:38:22.210,1.83216,1.83282,2.25,1.00
2015.04.21 22:38:22.741,1.83217,1.83283,1.00,1.00
2015.04.21 22:38:23.501,1.83216,1.83283,3.00,1.00
2015.04.21 22:38:24.042,1.83216,1.83282,3.00,1.00
2015.04.21 22:38:24.780,1.83217,1.83282,1.00,1.00
2015.04.21 22:38:25.501,1.83216,1.83282,3.00,1.00
2015.04.21 22:38:26.044,1.83217,1.83282,1.00,1.00
2015.04.21 22:38:26.465,1.83217,1.83279,2.25,1.00
2015.04.21 22:38:30.054,1.83216,1.8328,2.25,1.00
2015.04.21 22:38:36.135,1.83217,1.83279,1.00,1.00
2015.04.21 22:38:38.073,1.83217,1.83277,1.00,1.00
2015.04.21 22:38:38.140,1.83214,1.83277,1.12,1.00
2015.04.21 22:38:38.341,1.83216,1.83277,1.00,1.00
2015.04.21 22:38:38.392,1.83216,1.8328,1.00,1.00
2015.04.21 22:38:38.644,1.83214,1.83278,1.00,1.00
2015.04.21 22:38:39.445,1.83211,1.83278,1.00,1.00
2015.04.21 22:38:39.647,1.8321,1.8328,1.00,1.00
2015.04.21 22:38:40.161,1.8321,1.83281,1.37,1.00
2015.04.21 22:38:41.373,1.83218,1.83286,1.00,1.00
2015.04.21 22:38:41.676,1.83219,1.83288,1.00,1.00
2015.04.21 22:38:41.827,1.83224,1.83288,1.00,1.00
2015.04.21 22:38:41.878,1.83224,1.8329,1.00,1.50
2015.04.21 22:38:43.761,1.83224,1.83289,1.50,1.00
2015.04.21 22:38:43.983,1.83224,1.83287,1.00,1.00
2015.04.21 22:38:46.209,1.83226,1.83287,1.00,1.00
2015.04.21 22:38:47.839,1.83226,1.83286,1.00,1.00
2015.04.21 22:38:47.890,1.83224,1.83286,1.00,1.00
2015.04.21 22:38:48.378,1.83221,1.83286,1.00,1.00
2015.04.21 22:38:48.579,1.83218,1.83285,1.00,1.00
2015.04.21 22:38:57.809,1.83218,1.83285,1.37,1.00
2015.04.21 22:38:58.583,1.83221,1.83284,1.00,1.00
2015.04.21 22:39:03.708,1.83217,1.83282,1.37,1.00
2015.04.21 22:39:03.892,1.83218,1.83284,1.37,1.00
2015.04.21 22:39:06.296,1.83222,1.83285,1.00,1.00
2015.04.21 22:39:12.907,1.83217,1.83282,1.37,1.00
2015.04.21 22:39:13.909,1.83219,1.83284,1.12,1.00
2015.04.21 22:39:15.138,1.83217,1.83282,1.00,1.00
2015.04.21 22:39:16.662,1.83218,1.83284,1.00,1.00
2015.04.21 22:39:18.144,1.83216,1.83282,1.12,1.00
2015.04.21 22:39:22.457,1.83215,1.8328,1.12,1.00
2015.04.21 22:39:22.651,1.83216,1.83283,1.00,1.00
2015.04.21 22:39:29.856,1.83219,1.83284,1.00,1.00
2015.04.21 22:39:31.949,1.83221,1.83285,1.00,1.00
2015.04.21 22:39:34.351,1.83222,1.83286,1.00,1.50
2015.04.21 22:39:35.870,1.83224,1.83286,1.00,1.00
2015.04.21 22:39:36.182,1.83222,1.83285,1.00,1.00
2015.04.21 22:39:37.168,1.83224,1.83285,1.00,1.00
2015.04.21 22:39:37.393,1.83222,1.83285,1.00,1.00
2015.04.21 22:39:40.694,1.8322,1.83285,1.00,1.00
2015.04.21 22:39:43.410,1.83216,1.83283,1.00,1.00
2015.04.21 22:39:45.370,1.8322,1.83283,1.00,1.00
2015.04.21 22:39:47.574,1.83217,1.83281,1.00,1.00
2015.04.21 22:39:47.875,1.83218,1.83284,1.00,1.00
2015.04.21 22:39:51.379,1.83217,1.83281,1.00,1.00
2015.04.21 22:40:01.393,1.83217,1.83283,1.00,1.00
2015.04.21 22:40:02.999,1.83216,1.83281,1.00,1.00
2015.04.21 22:40:03.603,1.83218,1.83283,1.00,1.00
2015.04.21 22:40:03.954,1.83227,1.83286,1.00,1.50
2015.04.21 22:40:04.230,1.8322,1.83288,1.50,1.00
2015.04.21 22:40:04.381,1.83228,1.83288,1.00,1.00
2015.04.21 22:40:04.431,1.83228,1.83296,1.00,2.62
2015.04.21 22:40:04.934,1.83233,1.83296,1.00,1.00
2015.04.21 22:40:05.254,1.83229,1.83293,1.50,1.00
2015.04.21 22:40:05.631,1.83229,1.83297,1.87,1.50
2015.04.21 22:40:05.833,1.83228,1.83295,1.00,1.00
2015.04.21 22:40:06.145,1.8323,1.83296,1.12,1.00
2015.04.21 22:40:06.690,1.83229,1.83295,1.37,1.00
2015.04.21 22:40:07.223,1.83229,1.83295,1.37,1.00
2015.04.21 22:40:07.924,1.83228,1.83292,1.50,1.00
2015.04.21 22:40:08.110,1.83228,1.83294,1.50,1.00
2015.04.21 22:40:09.926,1.8323,1.83295,1.00,1.00
2015.04.21 22:40:10.231,1.83228,1.83293,1.00,1.00
2015.04.21 22:40:10.413,1.83229,1.83295,1.00,1.00
2015.04.21 22:40:11.946,1.83232,1.83296,1.00,1.00
2015.04.21 22:40:15.767,1.83233,1.83299,1.00,2.25
2015.04.21 22:40:16.374,1.83232,1.83297,1.00,1.00
2015.04.21 22:40:16.676,1.83234,1.83298,1.00,2.25
2015.04.21 22:40:18.857,1.83231,1.83297,1.00,1.00
2015.04.21 22:40:19.079,1.83233,1.83299,1.00,1.50
2015.04.21 22:40:19.236,1.8323,1.83297,1.00,1.00
2015.04.21 22:40:19.647,1.83234,1.83298,1.00,2.25
2015.04.21 22:40:20.149,1.83231,1.83298,1.00,1.00
2015.04.21 22:40:20.342,1.83233,1.83299,1.00,2.25
2015.04.21 22:40:22.174,1.83231,1.83298,1.00,1.00
2015.04.21 22:40:22.353,1.83233,1.83299,1.00,1.50
2015.04.21 22:40:24.180,1.83236,1.83299,1.00,1.00
2015.04.21 22:40:24.281,1.83238,1.83302,1.00,1.00
2015.04.21 22:40:24.662,1.83239,1.83304,1.00,1.00
2015.04.21 22:40:24.865,1.83238,1.83307,2.25,1.50
2015.04.21 22:40:24.916,1.83247,1.83307,1.00,1.50
2015.04.21 22:40:25.479,1.83248,1.83307,1.00,1.00
2015.04.21 22:40:26.385,1.83252,1.83312,1.00,1.00
2015.04.21 22:40:26.586,1.83253,1.83307,1.00,1.00
2015.04.21 22:40:26.699,1.83251,1.83307,1.00,1.00
2015.04.21 22:40:26.800,1.83255,1.83312,1.00,1.00
2015.04.21 22:40:28.376,1.8325,1.83312,1.00,1.00
2015.04.21 22:40:28.882,1.83249,1.83312,1.00,1.00
2015.04.21 22:40:29.335,1.83248,1.83307,1.50,1.00
2015.04.21 22:40:29.519,1.83245,1.83307,1.00,1.00
2015.04.21 22:40:30.882,1.83244,1.83307,1.00,1.00
2015.04.21 22:40:31.416,1.83247,1.83307,1.00,1.00
2015.04.21 22:40:33.094,1.83246,1.83306,1.00,1.00
2015.04.21 22:40:33.397,1.83255,1.83307,1.00,1.00
2015.04.21 22:40:33.648,1.83255,1.83312,1.00,1.00
2015.04.21 22:40:34.297,1.83254,1.83312,1.50,1.00
2015.04.21 22:40:34.398,1.83251,1.83312,1.00,1.00
2015.04.21 22:40:34.599,1.8325,1.83307,1.00,1.00
2015.04.21 22:40:34.700,1.83248,1.83307,1.00,1.00
2015.04.21 22:40:35.810,1.83248,1.83312,1.00,1.00
2015.04.21 22:40:36.294,1.83251,1.83312,1.00,1.00
2015.04.21 22:40:37.504,1.83249,1.83312,1.00,1.00
2015.04.21 22:40:40.040,1.83247,1.83311,1.50,1.00
2015.04.21 22:40:41.515,1.83251,1.83312,1.00,1.50
2015.04.21 22:40:43.956,1.83247,1.83311,1.50,1.00
2015.04.21 22:40:46.219,1.8325,1.83311,1.00,1.00
2015.04.21 22:40:46.533,1.8325,1.83307,1.00,1.00
2015.04.21 22:40:46.633,1.8325,1.83312,1.00,1.00
2015.04.21 22:40:46.939,1.83247,1.83312,1.00,1.50
2015.04.21 22:40:48.114,1.83251,1.83312,1.00,1.50
2015.04.21 22:40:50.240,1.83251,1.83306,1.00,1.00
2015.04.21 22:40:50.790,1.8325,1.83306,1.00,1.00
2015.04.21 22:40:50.840,1.83248,1.83306,1.00,1.00
2015.04.21 22:40:52.043,1.83244,1.83306,1.00,1.00
2015.04.21 22:40:52.246,1.83246,1.83306,1.00,1.00
2015.04.21 22:40:52.947,1.83244,1.83306,1.00,1.00
2015.04.21 22:40:53.124,1.83246,1.83306,1.00,1.00
2015.04.21 22:40:55.128,1.83244,1.83306,1.00,1.00
2015.04.21 22:40:55.328,1.83246,1.83306,1.00,1.00
2015.04.21 22:40:55.969,1.83246,1.83307,1.00,1.00
2015.04.21 22:40:56.329,1.83243,1.83307,1.00,1.00
2015.04.21 22:40:56.931,1.83241,1.83307,1.00,1.00
2015.04.21 22:40:57.131,1.83244,1.83307,1.00,1.00
2015.04.21 22:41:00.937,1.83242,1.83306,1.00,1.00
2015.04.21 22:41:10.854,1.83244,1.83307,1.00,1.00
2015.04.21 22:41:15.182,1.83247,1.83307,1.00,1.50
2015.04.21 22:41:15.965,1.83246,1.83307,1.00,1.50
2015.04.21 22:41:20.578,1.83246,1.83301,1.00,1.00
2015.04.21 22:41:20.679,1.83242,1.83301,1.00,1.00
2015.04.21 22:41:20.811,1.83242,1.83297,1.00,1.00
2015.04.21 22:41:22.370,1.83246,1.83297,1.00,1.00
2015.04.21 22:41:23.472,1.83244,1.83297,1.00,1.00
2015.04.21 22:41:23.672,1.83246,1.83297,1.00,1.00
2015.04.21 22:41:24.475,1.83244,1.83297,1.00,1.00
2015.04.21 22:41:25.379,1.83247,1.83297,1.00,1.00
2015.04.21 22:41:26.078,1.83247,1.83291,1.00,1.00
2015.04.21 22:41:26.183,1.83245,1.83291,1.00,1.00
2015.04.21 22:41:26.335,1.83245,1.83297,1.00,1.00
2015.04.21 22:41:26.637,1.83246,1.833,1.00,1.00
2015.04.21 22:41:26.738,1.83246,1.83307,1.00,1.00
2015.04.21 22:41:28.902,1.83244,1.83307,1.00,1.00
2015.04.21 22:41:29.403,1.83246,1.83307,1.00,1.00
2015.04.21 22:41:29.604,1.83243,1.83307,1.00,1.00
2015.04.21 22:41:29.807,1.83245,1.83307,1.00,1.00
2015.04.21 22:41:29.982,1.83243,1.83306,1.00,1.00
2015.04.21 22:41:31.810,1.83243,1.83307,1.00,1.00
2015.04.21 22:41:31.911,1.83241,1.83306,1.00,1.00
2015.04.21 22:41:32.087,1.83246,1.83307,1.00,1.00
2015.04.21 22:41:32.138,1.83246,1.8331,1.00,1.50
2015.04.21 22:41:32.349,1.83245,1.83307,1.00,1.00
2015.04.21 22:41:33.415,1.83244,1.83307,1.00,1.00
2015.04.21 22:41:39.198,1.83244,1.83305,1.00,1.00
2015.04.21 22:41:39.403,1.83242,1.83304,1.00,1.00
2015.04.21 22:41:39.962,1.83243,1.83303,1.00,1.50
2015.04.21 22:41:41.112,1.83242,1.83304,1.00,1.00
2015.04.21 22:41:41.977,1.83242,1.83301,1.00,1.00
2015.04.21 22:41:42.782,1.83242,1.83302,1.00,1.00
2015.04.21 22:41:44.119,1.83242,1.83301,1.00,1.00
2015.04.21 22:41:44.643,1.83242,1.83302,1.00,1.00
2015.04.21 22:41:47.149,1.83242,1.83301,1.00,1.00
2015.04.21 22:41:47.951,1.83242,1.83302,1.00,1.00
2015.04.21 22:41:48.603,1.83242,1.83301,1.00,1.00
2015.04.21 22:41:49.656,1.83242,1.83302,1.00,1.00
2015.04.21 22:41:50.258,1.83242,1.83301,1.00,1.00
2015.04.21 22:41:50.961,1.83242,1.83302,1.00,1.00
2015.04.21 22:41:51.596,1.83242,1.83301,1.00,1.00
2015.04.21 22:41:52.112,1.83242,1.83302,1.00,1.00
2015.04.21 22:41:52.640,1.83245,1.83302,1.00,1.00
2015.04.21 22:41:52.858,1.83242,1.83302,1.50,1.00
2015.04.21 22:41:53.369,1.83242,1.83301,1.50,1.00
2015.04.21 22:41:54.421,1.83242,1.83302,1.00,1.00
2015.04.21 22:41:54.965,1.83242,1.83301,1.00,1.00
2015.04.21 22:41:55.569,1.83243,1.83302,1.00,1.00
2015.04.21 22:41:56.186,1.83243,1.83301,1.00,1.00
2015.04.21 22:41:56.767,1.83242,1.83301,1.00,1.00
2015.04.21 22:41:56.868,1.8324,1.83302,1.00,1.00
2015.04.21 22:41:57.019,1.83242,1.83304,1.00,1.50
2015.04.21 22:41:57.919,1.83243,1.83304,1.00,1.50
2015.04.21 22:41:58.493,1.83242,1.83304,1.00,1.50
2015.04.21 22:41:59.055,1.83243,1.83304,1.00,1.50
2015.04.21 22:42:04.173,1.83241,1.83304,1.00,2.25
2015.04.21 22:42:04.224,1.83241,1.833,1.00,1.00
2015.04.21 22:42:04.526,1.83241,1.83297,1.00,1.00
2015.04.21 22:42:08.015,1.83243,1.83297,1.00,1.00
2015.04.21 22:42:10.001,1.83243,1.83303,1.00,1.00
2015.04.21 22:42:10.754,1.83243,1.83304,1.00,2.25
2015.04.21 22:42:12.363,1.83243,1.83303,1.00,1.00
2015.04.21 22:42:12.979,1.83243,1.83304,1.00,2.25
2015.04.21 22:42:13.632,1.83243,1.83303,1.00,1.00
2015.04.21 22:42:15.036,1.83243,1.83304,1.00,2.25
2015.04.21 22:42:18.944,1.83243,1.83303,1.00,1.00
2015.04.21 22:42:19.721,1.83243,1.83304,1.00,2.25
2015.04.21 22:42:19.887,1.83241,1.83303,1.00,1.50
2015.04.21 22:42:20.447,1.83241,1.83304,1.00,2.25
2015.04.21 22:42:23.919,1.83242,1.83304,1.00,1.50
2015.04.21 22:42:24.958,1.83242,1.83303,1.00,1.00
2015.04.21 22:42:25.960,1.83242,1.83304,1.00,1.50
2015.04.21 22:42:26.561,1.83242,1.83303,1.00,1.00
2015.04.21 22:42:27.501,1.83243,1.83303,1.00,1.00
2015.04.21 22:42:28.018,1.83242,1.83303,1.00,1.00
2015.04.21 22:42:28.540,1.83242,1.83304,1.00,1.00
2015.04.21 22:42:29.102,1.83243,1.83304,1.00,1.00
2015.04.21 22:42:30.006,1.83243,1.83305,1.00,1.00
2015.04.21 22:42:32.227,1.83243,1.83306,1.00,1.50
2015.04.21 22:42:34.111,1.83242,1.83306,1.50,1.50
2015.04.21 22:42:34.687,1.83243,1.83306,1.00,1.50
2015.04.21 22:42:35.947,1.83243,1.83305,1.50,1.50
2015.04.21 22:42:44.829,1.83243,1.83306,1.00,1.50
2015.04.21 22:42:45.492,1.83242,1.83306,1.50,2.25
2015.04.21 22:42:46.241,1.83242,1.83305,2.25,1.00
2015.04.21 22:42:47.940,1.83242,1.83306,1.50,2.25
2015.04.21 22:42:50.045,1.83243,1.83304,1.50,1.00
2015.04.21 22:42:50.676,1.83244,1.83304,1.00,1.00
2015.04.21 22:43:00.151,1.83244,1.83305,1.00,1.00
2015.04.21 22:43:06.386,1.83242,1.83305,2.25,1.50
2015.04.21 22:43:07.164,1.83243,1.83305,1.00,1.00
2015.04.21 22:43:09.088,1.83242,1.83305,1.50,1.00
2015.04.21 22:43:09.690,1.83242,1.83306,1.00,1.50
2015.04.21 22:43:11.052,1.83242,1.83305,1.00,1.00
2015.04.21 22:43:11.597,1.83242,1.83306,1.00,1.50
2015.04.21 22:43:12.989,1.83242,1.83305,1.00,1.00
2015.04.21 22:43:13.500,1.83243,1.83305,1.00,1.00
2015.04.21 22:43:14.031,1.83241,1.83304,2.25,1.00
2015.04.21 22:43:16.958,1.83242,1.83304,1.00,1.00
2015.04.21 22:43:17.561,1.83242,1.83303,1.00,1.00
2015.04.21 22:43:18.212,1.83242,1.83302,1.00,1.00
2015.04.21 22:43:18.813,1.83242,1.83303,1.00,1.00
2015.04.21 22:43:19.415,1.83242,1.83302,1.00,1.00
2015.04.21 22:43:20.117,1.83242,1.83303,1.00,1.00
2015.04.21 22:43:26.980,1.83242,1.83302,1.00,1.00
2015.04.21 22:43:27.541,1.83243,1.83302,1.00,1.00
2015.04.21 22:43:29.876,1.83243,1.83303,1.00,1.00
2015.04.21 22:43:30.515,1.83243,1.83302,1.00,1.00
2015.04.21 22:43:30.947,1.83241,1.83303,1.50,1.00
2015.04.21 22:43:31.750,1.83241,1.83302,1.50,1.00
2015.04.21 22:43:31.850,1.83241,1.83306,2.25,1.50
2015.04.21 22:43:32.952,1.83243,1.83306,1.00,1.00
2015.04.21 22:43:35.024,1.83241,1.83306,2.25,1.00
2015.04.21 22:43:35.659,1.83242,1.83306,1.00,1.50
2015.04.21 22:43:36.055,1.83244,1.83305,1.00,1.00
2015.04.21 22:43:37.030,1.83241,1.83306,2.25,1.00
2015.04.21 22:43:37.932,1.83244,1.83305,1.00,1.00
2015.04.21 22:43:38.984,1.83242,1.83305,1.50,1.50
2015.04.21 22:43:40.071,1.83243,1.83306,1.00,1.50
2015.04.21 22:43:40.946,1.83241,1.83306,2.25,1.50
2015.04.21 22:43:41.941,1.83243,1.83306,1.00,1.00
2015.04.21 22:43:42.443,1.83244,1.83305,1.00,1.00
2015.04.21 22:43:42.972,1.83242,1.83306,1.00,2.25
2015.04.21 22:43:43.478,1.83241,1.83306,1.50,1.50
2015.04.21 22:43:44.025,1.83242,1.83306,1.00,1.50
2015.04.21 22:43:44.677,1.83243,1.83306,1.00,1.50
2015.04.21 22:43:45.225,1.83242,1.83306,1.00,2.25
2015.04.21 22:43:45.729,1.83241,1.83306,1.50,1.50
2015.04.21 22:43:46.421,1.83242,1.83306,1.00,2.25
2015.04.21 22:43:46.936,1.83241,1.83306,1.50,1.50
2015.04.21 22:43:46.986,1.83243,1.83306,1.00,1.00
2015.04.21 22:43:47.792,1.83242,1.83306,1.00,2.25
2015.04.21 22:43:48.339,1.83241,1.83306,2.25,1.50
2015.04.21 22:43:48.781,1.83243,1.83306,1.00,1.50
2015.04.21 22:43:48.992,1.83241,1.83306,2.25,1.50
2015.04.21 22:43:49.354,1.83243,1.83306,1.00,1.00
2015.04.21 22:43:49.872,1.83241,1.83306,2.25,1.00
2015.04.21 22:43:50.074,1.83244,1.83304,1.00,1.50
2015.04.21 22:43:50.957,1.83241,1.83305,2.25,1.50
2015.04.21 22:43:51.858,1.83243,1.83305,1.00,1.50
2015.04.21 22:43:52.211,1.83243,1.83302,1.00,1.00
2015.04.21 22:43:52.564,1.83245,1.83303,1.00,1.00
2015.04.21 22:43:54.102,1.83245,1.83302,1.00,1.00
2015.04.21 22:43:54.675,1.83245,1.83303,1.00,1.00
2015.04.21 22:43:55.165,1.83243,1.83303,1.00,1.00
2015.04.21 22:43:56.440,1.83243,1.83302,1.00,1.00
2015.04.21 22:43:57.037,1.83243,1.83303,1.00,1.00
2015.04.21 22:43:58.248,1.83243,1.83302,1.00,1.00
2015.04.21 22:43:59.621,1.83243,1.83303,1.00,1.00
2015.04.21 22:44:00.457,1.83243,1.83302,1.00,1.00
2015.04.21 22:44:01.129,1.83243,1.83303,1.00,1.00
2015.04.21 22:44:02.266,1.83243,1.83302,1.00,1.00
2015.04.21 22:44:04.272,1.83243,1.83303,1.00,1.00
2015.04.21 22:44:05.179,1.83245,1.83303,1.00,1.00
2015.04.21 22:44:06.477,1.83245,1.83302,1.00,1.00
2015.04.21 22:44:07.077,1.83245,1.83303,1.00,1.00
2015.04.21 22:44:08.482,1.83245,1.83304,1.00,1.50
2015.04.21 22:44:12.193,1.83245,1.83303,1.00,1.00
2015.04.21 22:44:14.323,1.83245,1.83302,1.00,1.00
2015.04.21 22:44:14.998,1.83245,1.83303,1.00,1.00
2015.04.21 22:44:15.822,1.83244,1.83303,1.00,1.00
2015.04.21 22:44:16.404,1.83244,1.83302,1.00,1.00
2015.04.21 22:44:16.986,1.83244,1.83303,1.00,1.00
2015.04.21 22:44:17.504,1.83244,1.83302,1.00,1.00
2015.04.21 22:44:18.220,1.83244,1.83303,1.00,1.00
2015.04.21 22:44:18.808,1.83244,1.83302,1.00,1.00
2015.04.21 22:44:18.909,1.83241,1.83303,1.00,1.00
2015.04.21 22:44:19.795,1.83246,1.83305,1.00,1.50
2015.04.21 22:44:20.097,1.83262,1.83321,1.00,1.00
2015.04.21 22:44:20.148,1.83262,1.83323,1.00,1.00
2015.04.21 22:44:20.349,1.83264,1.83321,1.00,1.00
2015.04.21 22:44:20.450,1.83269,1.83327,1.00,1.00
2015.04.21 22:44:22.125,1.8327,1.83327,1.00,1.00
2015.04.21 22:44:22.226,1.8327,1.83321,1.00,1.00
2015.04.21 22:44:23.914,1.83273,1.83321,1.00,1.00
2015.04.21 22:44:24.424,1.8327,1.83321,1.00,1.00
2015.04.21 22:44:24.619,1.83267,1.83321,1.00,1.00
2015.04.21 22:44:24.720,1.83263,1.83321,1.00,1.00
2015.04.21 22:44:24.825,1.83262,1.83313,1.00,1.50
2015.04.21 22:44:24.926,1.83258,1.83313,1.00,1.50
2015.04.21 22:44:25.127,1.83256,1.83312,1.00,1.00
2015.04.21 22:44:25.346,1.83254,1.83312,1.00,2.25
2015.04.21 22:44:25.447,1.83248,1.83311,1.50,1.00
2015.04.21 22:44:25.598,1.83248,1.83307,1.00,1.00
2015.04.21 22:44:25.849,1.83242,1.83305,1.00,1.00
2015.04.21 22:44:26.052,1.83244,1.83305,1.00,1.00
2015.04.21 22:44:26.355,1.83244,1.83299,1.00,1.00
2015.04.21 22:44:26.456,1.83237,1.83301,1.50,1.50
2015.04.21 22:44:26.660,1.83239,1.83301,1.00,1.50
2015.04.21 22:44:26.962,1.83236,1.83296,1.00,1.00
2015.04.21 22:44:27.467,1.83236,1.83297,1.00,1.00
2015.04.21 22:44:27.969,1.83232,1.83297,1.50,1.00
2015.04.21 22:44:28.235,1.83232,1.83292,1.00,1.00
2015.04.21 22:44:28.571,1.83235,1.83293,1.00,1.00
2015.04.21 22:44:28.972,1.83232,1.83292,1.00,1.00
2015.04.21 22:44:29.137,1.83234,1.83292,1.00,1.00
2015.04.21 22:44:29.645,1.83234,1.83293,1.00,1.00
2015.04.21 22:44:30.176,1.83233,1.83293,1.00,1.00
2015.04.21 22:44:31.201,1.83234,1.83293,1.00,1.00
2015.04.21 22:44:31.766,1.83234,1.83292,1.00,1.00
2015.04.21 22:44:32.182,1.83236,1.83292,1.50,1.00
2015.04.21 22:44:32.232,1.83237,1.83301,1.00,1.00
2015.04.21 22:44:32.283,1.83255,1.83302,1.00,1.50
2015.04.21 22:44:32.333,1.83255,1.83307,1.50,1.00
2015.04.21 22:44:32.384,1.83259,1.83312,1.00,1.00
2015.04.21 22:44:32.484,1.83255,1.83312,1.00,1.00
2015.04.21 22:44:32.636,1.83258,1.83315,1.00,1.00
2015.04.21 22:44:32.937,1.83264,1.83321,1.00,1.00
2015.04.21 22:44:33.294,1.83268,1.83325,1.00,1.50
2015.04.21 22:44:33.884,1.83264,1.83325,1.00,1.50
2015.04.21 22:44:34.138,1.83263,1.83322,1.00,1.00
2015.04.21 22:44:34.441,1.83259,1.83312,1.00,1.00
2015.04.21 22:44:34.664,1.83256,1.83312,1.00,1.00
2015.04.21 22:44:35.842,1.83257,1.83312,1.00,1.00
2015.04.21 22:44:39.948,1.83258,1.83312,1.00,1.00
2015.04.21 22:44:46.172,1.83259,1.83308,1.00,1.00
2015.04.21 22:44:46.522,1.83259,1.83306,1.00,1.00
2015.04.21 22:44:48.269,1.83261,1.83306,1.00,1.00
2015.04.21 22:44:50.064,1.8326,1.83309,1.00,1.50
2015.04.21 22:44:50.682,1.8326,1.83308,1.00,1.00
2015.04.21 22:44:51.188,1.8326,1.83309,1.00,1.50
2015.04.21 22:44:55.185,1.83261,1.83309,1.00,1.50
2015.04.21 22:44:56.191,1.8326,1.83309,1.00,1.50
2015.04.21 22:44:56.901,1.8326,1.83308,1.00,1.00
2015.04.21 22:44:57.413,1.8326,1.83309,1.00,1.50
2015.04.21 22:44:58.121,1.83259,1.83308,1.00,1.00
2015.04.21 22:44:58.885,1.83259,1.83309,1.00,1.50
2015.04.21 22:44:59.454,1.83259,1.83308,1.00,1.00
2015.04.21 22:44:59.605,1.8326,1.83313,1.00,1.00
2015.04.21 22:45:00.109,1.83263,1.83312,1.00,1.00
2015.04.21 22:45:00.615,1.83263,1.83313,1.00,1.00
2015.04.21 22:45:01.652,1.83263,1.83312,1.00,1.00
2015.04.21 22:45:02.175,1.83264,1.83313,1.00,1.00
2015.04.21 22:45:04.270,1.83264,1.83312,1.00,1.00
2015.04.21 22:45:05.433,1.83264,1.83313,1.00,1.00
2015.04.21 22:45:05.937,1.83264,1.83312,1.00,1.00
2015.04.21 22:45:06.173,1.83265,1.83317,1.00,1.00
2015.04.21 22:45:06.632,1.83267,1.83317,1.00,1.00
2015.04.21 22:45:07.149,1.83267,1.83318,1.00,1.00
2015.04.21 22:45:08.959,1.83267,1.83317,1.00,1.00
2015.04.21 22:45:09.645,1.83267,1.83318,1.00,1.00
2015.04.21 22:45:10.413,1.83267,1.83317,1.00,1.00
2015.04.21 22:45:10.954,1.83267,1.83318,1.00,1.00
2015.04.21 22:45:13.566,1.83265,1.83318,1.00,1.00
2015.04.21 22:45:14.075,1.83266,1.83317,1.00,1.00
2015.04.21 22:45:14.126,1.83264,1.83317,1.00,1.00
2015.04.21 22:45:14.655,1.83264,1.83318,1.00,1.00
2015.04.21 22:45:16.336,1.83262,1.83318,1.00,1.00
2015.04.21 22:45:16.437,1.83262,1.83313,1.00,1.00
2015.04.21 22:45:16.538,1.83259,1.83312,1.00,1.00
2015.04.21 22:45:16.739,1.83256,1.83313,1.00,1.00
2015.04.21 22:45:16.790,1.83256,1.8331,1.00,1.00
2015.04.21 22:45:17.093,1.83254,1.8331,1.00,1.00
2015.04.21 22:45:17.144,1.83249,1.8331,1.00,1.00
2015.04.21 22:45:17.546,1.83245,1.8331,1.00,1.00
2015.04.21 22:45:18.088,1.83246,1.83309,1.50,1.00
2015.04.21 22:45:18.289,1.83249,1.83311,1.00,1.00
2015.04.21 22:45:18.974,1.8325,1.83311,1.00,1.00
2015.04.21 22:45:19.658,1.83249,1.83311,1.00,1.00
2015.04.21 22:45:20.439,1.83249,1.83312,1.50,2.25
2015.04.21 22:45:22.672,1.8325,1.83312,1.00,2.25
2015.04.21 22:45:23.277,1.83251,1.83312,1.00,1.50
2015.04.21 22:45:23.603,1.83254,1.83312,1.00,1.00
2015.04.21 22:45:23.872,1.83253,1.83314,1.00,1.00
2015.04.21 22:45:24.084,1.83254,1.83316,1.00,1.00
2015.04.21 22:45:24.654,1.83257,1.83316,1.00,1.50
2015.04.21 22:45:24.955,1.83255,1.83315,1.00,1.00
2015.04.21 22:45:25.157,1.83258,1.83319,1.00,1.00
2015.04.21 22:45:25.358,1.83255,1.83319,1.00,1.00
2015.04.21 22:45:25.610,1.83255,1.83317,1.00,1.00
2015.04.21 22:45:26.661,1.83257,1.83317,1.00,1.00
2015.04.21 22:45:26.862,1.83255,1.83317,1.00,1.50
2015.04.21 22:45:27.663,1.83256,1.83315,1.00,1.00
2015.04.21 22:45:28.030,1.83256,1.83312,1.00,1.00
2015.04.21 22:45:30.109,1.83259,1.83312,1.00,1.00
2015.04.21 22:45:31.889,1.83259,1.83315,1.00,1.00
2015.04.21 22:45:32.248,1.8326,1.83317,1.00,1.50
2015.04.21 22:45:33.481,1.83263,1.83317,1.00,1.00
2015.04.21 22:45:33.687,1.83261,1.83317,1.00,1.00
2015.04.21 22:45:34.505,1.83264,1.83317,1.00,1.50
2015.04.21 22:45:37.392,1.8326,1.83316,1.00,1.00
2015.04.21 22:45:37.596,1.83263,1.83318,1.00,1.00
2015.04.21 22:45:38.896,1.83262,1.83317,1.00,1.50
2015.04.21 22:45:39.902,1.83263,1.83318,1.00,1.00
2015.04.21 22:45:40.103,1.83261,1.83317,1.00,1.00
2015.04.21 22:45:40.154,1.83261,1.83315,1.00,1.00
2015.04.21 22:45:40.456,1.83254,1.83312,1.00,1.00
2015.04.21 22:45:40.607,1.83254,1.83315,1.00,1.50
2015.04.21 22:45:40.657,1.83251,1.8331,1.00,1.00
2015.04.21 22:45:41.201,1.83251,1.83311,1.00,1.50
2015.04.21 22:45:41.644,1.83247,1.83311,1.00,1.00
2015.04.21 22:45:42.158,1.83248,1.83311,1.00,1.00
2015.04.21 22:45:42.659,1.83248,1.8331,1.00,1.00
2015.04.21 22:45:43.214,1.83249,1.8331,1.00,1.00
2015.04.21 22:45:43.619,1.83251,1.8331,1.00,1.00
2015.04.21 22:45:43.820,1.83248,1.8331,1.00,1.00
2015.04.21 22:45:44.363,1.83248,1.83311,1.00,1.00
2015.04.21 22:45:45.822,1.8325,1.83311,1.00,1.00
2015.04.21 22:45:46.943,1.83249,1.83311,1.00,1.50
2015.04.21 22:45:47.504,1.83249,1.8331,1.00,1.00
2015.04.21 22:45:47.942,1.83247,1.8331,1.50,2.25
2015.04.21 22:45:50.028,1.83247,1.83308,1.00,1.00
2015.04.21 22:45:50.230,1.83248,1.8331,1.00,1.50
2015.04.21 22:45:51.824,1.83248,1.83306,1.00,1.00
2015.04.21 22:45:52.061,1.83246,1.83306,1.00,1.00
2015.04.21 22:45:52.838,1.83247,1.83306,1.00,1.00
2015.04.21 22:45:53.448,1.83246,1.83306,1.50,1.00
2015.04.21 22:45:54.064,1.83249,1.83306,1.00,1.00
2015.04.21 22:45:54.936,1.83246,1.83306,1.00,1.00
2015.04.21 22:45:55.150,1.83248,1.83306,1.00,1.00
2015.04.21 22:45:56.185,1.83249,1.83306,1.00,1.00
2015.04.21 22:45:56.338,1.83247,1.83306,1.00,1.00
2015.04.21 22:45:58.054,1.83247,1.83311,1.00,1.50
2015.04.21 22:45:58.155,1.83249,1.83311,1.00,1.50
2015.04.21 22:45:58.698,1.83248,1.8331,1.00,1.00
2015.04.21 22:46:00.043,1.83249,1.8331,1.00,1.00
2015.04.21 22:46:00.258,1.83246,1.83311,1.50,2.25
2015.04.21 22:46:00.763,1.83246,1.83309,1.00,1.00
2015.04.21 22:46:01.283,1.83246,1.8331,1.00,1.00
2015.04.21 22:46:01.849,1.83249,1.8331,1.00,1.00
2015.04.21 22:46:02.384,1.83248,1.8331,1.00,1.50
2015.04.21 22:46:02.951,1.8325,1.8331,1.00,1.00
2015.04.21 22:46:03.491,1.8325,1.83309,1.00,1.00
2015.04.21 22:46:04.126,1.8325,1.8331,1.00,1.50
2015.04.21 22:46:04.296,1.83246,1.8331,1.00,1.00
2015.04.21 22:46:04.454,1.83248,1.83309,1.00,1.00
2015.04.21 22:46:05.184,1.83249,1.83309,1.00,1.00
2015.04.21 22:46:05.717,1.8325,1.83309,1.00,1.00
2015.04.21 22:46:05.944,1.8325,1.83313,1.00,1.00
2015.04.21 22:46:08.226,1.8325,1.83312,1.00,1.00
2015.04.21 22:46:08.730,1.8325,1.83313,1.00,1.00
2015.04.21 22:46:09.664,1.8325,1.83312,1.00,1.00
2015.04.21 22:46:10.267,1.8325,1.83313,1.00,1.00
2015.04.21 22:46:10.367,1.83254,1.83313,1.00,1.00
2015.04.21 22:46:10.918,1.83254,1.83312,1.00,1.00
2015.04.21 22:46:11.972,1.83254,1.83313,1.00,1.00
2015.04.21 22:46:12.478,1.83254,1.83312,1.00,1.00
2015.04.21 22:46:13.043,1.83253,1.83312,1.00,1.00
2015.04.21 22:46:15.284,1.83249,1.83312,1.00,1.00
2015.04.21 22:46:16.318,1.83253,1.83312,1.00,1.00
2015.04.21 22:46:16.786,1.83251,1.83313,1.00,1.00
2015.04.21 22:46:17.488,1.83249,1.83312,1.00,1.00
2015.04.21 22:46:18.030,1.8325,1.83313,1.00,1.00
2015.04.21 22:46:19.895,1.83249,1.83312,1.00,1.00
2015.04.21 22:46:20.397,1.8325,1.83313,1.00,1.00
2015.04.21 22:46:21.202,1.8325,1.83312,1.00,1.00
2015.04.21 22:46:22.193,1.8325,1.83313,1.00,1.00
2015.04.21 22:46:22.876,1.8325,1.83312,1.00,1.00
2015.04.21 22:46:24.005,1.83248,1.83312,1.50,1.00
2015.04.21 22:46:26.600,1.83248,1.83311,1.50,1.00
2015.04.21 22:46:27.218,1.83248,1.83312,1.00,1.50
2015.04.21 22:46:28.043,1.83247,1.83312,1.00,1.50
2015.04.21 22:46:28.947,1.83248,1.83311,1.00,1.00
2015.04.21 22:46:29.476,1.83247,1.83312,1.50,1.50
2015.04.21 22:46:31.263,1.83248,1.83311,1.00,1.00
2015.04.21 22:46:31.792,1.83247,1.83312,1.50,1.50
2015.04.21 22:46:34.379,1.83248,1.83311,1.00,1.00
2015.04.21 22:46:35.405,1.83251,1.83311,1.00,1.00
2015.04.21 22:46:35.905,1.83248,1.83311,1.00,1.00
2015.04.21 22:46:36.431,1.83247,1.83312,1.50,1.00
2015.04.21 22:46:37.141,1.83248,1.83312,1.00,1.00
2015.04.21 22:46:37.192,1.83248,1.83307,1.00,1.00
2015.04.21 22:46:37.750,1.83247,1.83308,1.00,1.00
2015.04.21 22:46:37.952,1.83244,1.83307,1.50,1.00
2015.04.21 22:46:38.552,1.83244,1.83308,1.00,1.00
2015.04.21 22:46:39.454,1.83246,1.83308,1.00,1.00
2015.04.21 22:46:39.505,1.83248,1.83311,1.00,1.00
2015.04.21 22:46:40.106,1.83247,1.83312,1.00,1.50
2015.04.21 22:46:41.116,1.83247,1.83311,1.00,1.00
2015.04.21 22:46:41.660,1.83248,1.83311,1.00,1.00
2015.04.21 22:46:42.377,1.83247,1.83312,1.00,1.50
2015.04.21 22:46:42.976,1.83248,1.83311,1.00,1.00
2015.04.21 22:46:44.418,1.83247,1.83311,1.00,1.00
2015.04.21 22:46:45.123,1.83247,1.83312,1.50,2.25
2015.04.21 22:46:45.624,1.83247,1.83311,1.00,1.00
2015.04.21 22:46:46.272,1.83248,1.83311,1.00,1.50
2015.04.21 22:46:47.125,1.83247,1.83311,1.00,1.00
2015.04.21 22:46:47.726,1.83248,1.83311,1.00,1.50
2015.04.21 22:46:48.277,1.83247,1.83311,1.00,1.00
2015.04.21 22:46:48.929,1.83248,1.83311,1.00,1.50
2015.04.21 22:46:49.434,1.83247,1.83311,1.00,1.50
2015.04.21 22:46:50.833,1.83248,1.83311,1.00,2.25
2015.04.21 22:46:51.334,1.83247,1.83311,1.00,1.50
2015.04.21 22:46:51.836,1.83248,1.83311,1.00,2.25
2015.04.21 22:46:52.706,1.83247,1.83311,1.00,1.50
2015.04.21 22:46:57.248,1.83248,1.83311,1.00,1.50
2015.04.21 22:46:57.749,1.83247,1.83311,1.00,1.00
2015.04.21 22:46:58.146,1.83247,1.83306,1.00,1.00
2015.04.21 22:46:58.251,1.83243,1.83306,1.00,1.50
2015.04.21 22:46:58.812,1.83242,1.83306,1.50,1.00
2015.04.21 22:46:59.317,1.83243,1.83306,1.50,1.50
2015.04.21 22:47:00.257,1.83242,1.83306,1.00,1.00
2015.04.21 22:47:00.759,1.83243,1.83306,1.00,1.50
2015.04.21 22:47:01.752,1.83242,1.83306,1.50,1.00
2015.04.21 22:47:02.326,1.83243,1.83306,1.00,1.50
2015.04.21 22:47:03.022,1.83242,1.83306,1.50,1.00
2015.04.21 22:47:03.523,1.83243,1.83306,1.00,1.50
2015.04.21 22:47:04.225,1.83242,1.83306,1.00,1.00
2015.04.21 22:47:04.818,1.83243,1.83306,1.00,1.50
2015.04.21 22:47:05.478,1.83242,1.83306,1.00,1.00
2015.04.21 22:47:06.998,1.83243,1.83306,1.00,1.00
2015.04.21 22:47:08.406,1.83242,1.83306,1.00,1.00
2015.04.21 22:47:08.908,1.83243,1.83306,1.00,1.00
2015.04.21 22:47:10.313,1.83253,1.83311,1.00,1.00
2015.04.21 22:47:10.363,1.83253,1.83313,1.00,1.50
2015.04.21 22:47:10.414,1.83254,1.83317,1.00,1.00
2015.04.21 22:47:10.583,1.83254,1.83312,1.00,1.00
2015.04.21 22:47:10.913,1.83254,1.83317,1.50,1.50
2015.04.21 22:47:11.718,1.83254,1.83318,1.00,1.00
2015.04.21 22:47:12.242,1.83254,1.83317,1.50,1.50
2015.04.21 22:47:13.622,1.83254,1.83318,1.00,1.00
2015.04.21 22:47:15.077,1.83254,1.83316,1.00,1.00
2015.04.21 22:47:15.279,1.83254,1.83318,1.00,1.00
2015.04.21 22:47:16.432,1.83254,1.83317,1.00,1.00
2015.04.21 22:47:16.969,1.83254,1.83318,1.00,1.00
2015.04.21 22:47:17.582,1.83254,1.83317,1.50,1.50
2015.04.21 22:47:18.290,1.83255,1.83317,1.50,1.00
2015.04.21 22:47:18.836,1.83255,1.83318,1.50,1.00
2015.04.21 22:47:18.945,1.83254,1.83314,1.00,1.00
2015.04.21 22:47:19.045,1.83251,1.83313,1.00,1.00
2015.04.21 22:47:19.323,1.83249,1.83314,1.50,1.00
2015.04.21 22:47:19.878,1.8325,1.83313,1.00,1.00
2015.04.21 22:47:20.438,1.83249,1.83314,1.50,1.00
2015.04.21 22:47:20.612,1.83252,1.83314,1.00,1.00
2015.04.21 22:47:21.163,1.8325,1.83313,1.00,1.00
2015.04.21 22:47:21.680,1.83249,1.83312,1.00,1.00
2015.04.21 22:47:22.231,1.8325,1.83312,1.00,1.00
2015.04.21 22:47:22.749,1.83249,1.83312,1.00,1.00
2015.04.21 22:47:24.086,1.8325,1.83312,1.00,1.00
2015.04.21 22:47:25.088,1.83249,1.83312,1.00,1.00
2015.04.21 22:47:25.768,1.83249,1.83311,1.00,1.00
2015.04.21 22:47:26.659,1.8325,1.83311,1.00,1.00
2015.04.21 22:47:27.194,1.83249,1.83311,1.00,1.00
2015.04.21 22:47:29.070,1.8325,1.83311,1.00,1.00
2015.04.21 22:47:29.587,1.8325,1.83312,1.00,1.00
2015.04.21 22:47:30.151,1.83249,1.83312,1.00,1.00
2015.04.21 22:47:30.903,1.8325,1.83312,1.00,1.00
2015.04.21 22:47:31.492,1.83249,1.83311,1.00,1.00
2015.04.21 22:47:31.909,1.83252,1.83311,1.00,1.00
2015.04.21 22:47:32.263,1.83255,1.83312,1.00,1.00
2015.04.21 22:47:32.869,1.83256,1.83312,1.50,1.00
2015.04.21 22:47:33.888,1.83255,1.83312,1.50,1.00
2015.04.21 22:47:36.041,1.83256,1.83312,1.00,1.00
2015.04.21 22:47:38.496,1.83256,1.83316,1.50,1.00
2015.04.21 22:47:38.813,1.83256,1.83312,1.50,1.00
2015.04.21 22:47:40.351,1.83256,1.83316,1.00,1.00
2015.04.21 22:47:46.055,1.83257,1.83317,1.00,1.50
2015.04.21 22:47:47.380,1.83257,1.83315,1.00,1.00
2015.04.21 22:47:48.561,1.83256,1.83315,1.00,1.00
2015.04.21 22:47:50.376,1.83258,1.83316,1.00,1.00
2015.04.21 22:47:51.413,1.83256,1.83315,1.50,1.00
2015.04.21 22:47:53.218,1.83257,1.83317,1.00,1.50
2015.04.21 22:47:55.196,1.83256,1.83315,1.00,1.00
2015.04.21 22:47:59.695,1.83257,1.83317,1.00,1.50
2015.04.21 22:48:00.680,1.83256,1.83315,1.00,1.00
2015.04.21 22:48:02.789,1.83257,1.83317,1.00,1.00
2015.04.21 22:48:03.323,1.83254,1.83315,2.25,1.00
2015.04.21 22:48:04.061,1.83255,1.83315,1.00,1.00
2015.04.21 22:48:04.112,1.83255,1.83312,1.00,1.00
2015.04.21 22:48:04.657,1.83256,1.83312,1.00,1.00
2015.04.21 22:48:05.188,1.83255,1.83312,1.00,1.00
2015.04.21 22:48:05.988,1.83254,1.83312,1.50,1.00
2015.04.21 22:48:06.562,1.83255,1.83312,1.00,1.00
2015.04.21 22:48:07.863,1.83254,1.83312,1.50,1.00
2015.04.21 22:48:08.332,1.83256,1.83312,1.00,1.00
2015.04.21 22:48:09.412,1.83258,1.83312,1.00,1.00
2015.04.21 22:48:09.513,1.83258,1.83317,1.00,1.00
2015.04.21 22:48:09.613,1.83255,1.83316,1.00,1.00
2015.04.21 22:48:09.714,1.83258,1.83316,1.00,1.00
2015.04.21 22:48:10.489,1.83259,1.83316,1.00,1.00
2015.04.21 22:48:11.500,1.83258,1.83316,1.00,1.00
2015.04.21 22:48:12.504,1.83259,1.83316,1.00,1.00
2015.04.21 22:48:13.495,1.83258,1.83316,1.00,1.00
2015.04.21 22:48:14.314,1.83259,1.83316,1.00,1.00
2015.04.21 22:48:14.949,1.83258,1.83316,1.00,1.00
2015.04.21 22:48:16.283,1.83259,1.83316,1.00,1.00
2015.04.21 22:48:16.871,1.83259,1.83321,1.00,1.00
2015.04.21 22:48:17.375,1.83258,1.83321,1.00,1.00
2015.04.21 22:48:17.891,1.83259,1.83321,1.00,1.00
2015.04.21 22:48:18.459,1.83258,1.83321,1.00,1.00
2015.04.21 22:48:18.985,1.83259,1.83321,1.00,1.00
2015.04.21 22:48:19.561,1.83258,1.83321,1.00,1.00
2015.04.21 22:48:20.916,1.83259,1.83321,1.00,1.00
2015.04.21 22:48:21.741,1.83258,1.83321,1.00,1.00
2015.04.21 22:48:22.620,1.83259,1.83321,1.00,1.00
2015.04.21 22:48:23.221,1.83258,1.83321,1.00,1.00
2015.04.21 22:48:23.724,1.83259,1.83321,1.00,1.00
2015.04.21 22:48:24.261,1.83258,1.83321,1.00,1.00
2015.04.21 22:48:24.776,1.83259,1.83321,1.00,1.00
2015.04.21 22:48:25.301,1.83258,1.83321,1.00,1.00
2015.04.21 22:48:26.030,1.83259,1.83321,1.00,1.00
2015.04.21 22:48:26.753,1.83258,1.83321,1.00,1.00
2015.04.21 22:48:27.610,1.83259,1.83321,1.00,1.00
2015.04.21 22:48:28.135,1.83258,1.83321,1.00,1.00
2015.04.21 22:48:29.038,1.83259,1.83321,1.00,1.00
2015.04.21 22:48:29.643,1.83258,1.83321,1.00,1.00
2015.04.21 22:48:29.947,1.8326,1.83321,1.00,1.00
2015.04.21 22:48:30.464,1.83261,1.83321,1.50,1.00
2015.04.21 22:48:36.942,1.83261,1.83317,1.00,1.00
2015.04.21 22:48:37.942,1.8326,1.83317,1.00,1.00
2015.04.21 22:48:40.850,1.8326,1.8332,1.00,1.00
2015.04.21 22:48:42.093,1.8326,1.83319,1.00,1.00
2015.04.21 22:48:42.281,1.8326,1.83317,1.00,1.00
2015.04.21 22:48:44.151,1.8326,1.8332,1.00,1.00
2015.04.21 22:48:44.404,1.8326,1.83317,1.00,1.00
2015.04.21 22:48:47.959,1.83261,1.83317,1.00,1.00
2015.04.21 22:48:49.913,1.83261,1.8332,1.00,1.00
2015.04.21 22:48:50.064,1.83257,1.8332,1.50,1.00
2015.04.21 22:48:50.620,1.83257,1.83319,1.50,1.00
2015.04.21 22:48:51.283,1.83257,1.8332,1.50,1.00
2015.04.21 22:48:52.485,1.83257,1.83319,1.00,1.00
2015.04.21 22:48:53.263,1.83257,1.8332,1.00,1.00
2015.04.21 22:48:54.091,1.83257,1.83319,1.00,1.00
2015.04.21 22:48:55.501,1.83257,1.8332,1.00,1.00
2015.04.21 22:48:58.214,1.83257,1.83321,1.00,1.50
2015.04.21 22:48:58.716,1.83257,1.8332,1.00,1.00
2015.04.21 22:48:59.300,1.83257,1.83321,1.00,1.50
2015.04.21 22:49:00.024,1.83257,1.8332,1.00,1.00
2015.04.21 22:49:00.828,1.83257,1.83321,1.00,1.50
2015.04.21 22:49:01.383,1.83257,1.8332,1.00,1.00
2015.04.21 22:49:01.899,1.83257,1.83321,1.00,1.00
2015.04.21 22:49:02.302,1.83257,1.83317,1.00,1.00
2015.04.21 22:49:03.217,1.83257,1.8332,1.00,1.00
2015.04.21 22:49:03.622,1.83257,1.83317,1.00,1.00
2015.04.21 22:49:05.163,1.83257,1.83321,1.00,1.00
2015.04.21 22:49:05.754,1.83257,1.8332,1.00,1.00
2015.04.21 22:49:06.373,1.83257,1.83321,1.00,1.00
2015.04.21 22:49:07.302,1.83257,1.8332,1.00,1.00
2015.04.21 22:49:07.903,1.83257,1.83321,1.00,1.00
2015.04.21 22:49:09.394,1.83257,1.8332,1.00,1.00
2015.04.21 22:49:09.912,1.83255,1.83321,1.00,1.00
2015.04.21 22:49:10.013,1.83254,1.83317,1.00,1.00
2015.04.21 22:49:10.807,1.83254,1.83316,1.00,1.00
2015.04.21 22:49:11.370,1.83254,1.83317,1.00,1.00
2015.04.21 22:49:13.223,1.83256,1.83317,1.00,1.00
2015.04.21 22:49:13.430,1.83254,1.83317,1.00,1.00
2015.04.21 22:49:14.390,1.83254,1.83316,1.00,1.00
2015.04.21 22:49:14.933,1.83254,1.83317,1.00,1.50
2015.04.21 22:49:19.300,1.83254,1.83316,1.00,1.00
2015.04.21 22:49:20.503,1.83254,1.83317,1.00,1.00
2015.04.21 22:49:21.010,1.83254,1.83316,1.00,1.00
2015.04.21 22:49:21.131,1.83252,1.83315,1.50,1.50
2015.04.21 22:49:21.233,1.83251,1.83308,1.00,1.00
2015.04.21 22:49:21.335,1.83248,1.83308,1.00,1.50
2015.04.21 22:49:21.864,1.83247,1.83308,1.00,1.50
2015.04.21 22:49:22.833,1.83247,1.83307,1.00,1.00
2015.04.21 22:49:23.372,1.83247,1.83308,1.00,1.50
2015.04.21 22:49:23.850,1.83249,1.83307,1.00,1.00
2015.04.21 22:49:25.819,1.83249,1.83308,1.00,1.50
2015.04.21 22:49:27.842,1.83249,1.83307,1.00,1.50
2015.04.21 22:49:28.165,1.83249,1.83302,1.00,1.00
2015.04.21 22:49:28.627,1.83242,1.83302,1.00,1.00
2015.04.21 22:49:28.816,1.83238,1.83303,1.00,1.00
2015.04.21 22:49:29.360,1.83239,1.83302,1.00,1.00
2015.04.21 22:49:29.924,1.83238,1.83303,1.00,1.00
2015.04.21 22:49:31.056,1.83239,1.83302,1.00,1.00
2015.04.21 22:49:31.522,1.83241,1.83303,1.00,1.00
2015.04.21 22:49:34.160,1.83241,1.83299,1.00,1.00
2015.04.21 22:49:34.361,1.83235,1.83299,1.00,1.00
2015.04.21 22:49:34.462,1.8323,1.83295,1.00,1.00
2015.04.21 22:49:34.678,1.83229,1.83291,1.37,1.00
2015.04.21 22:49:34.829,1.83226,1.8329,1.37,1.00
2015.04.21 22:49:35.345,1.83225,1.83291,1.37,1.00
2015.04.21 22:49:37.183,1.83225,1.83291,1.37,1.00
2015.04.21 22:49:38.462,1.83226,1.8329,1.37,1.00
2015.04.21 22:49:39.170,1.83226,1.8329,1.00,1.00
2015.04.21 22:49:39.879,1.83225,1.83291,1.00,1.00
2015.04.21 22:49:41.370,1.83226,1.8329,1.00,1.00
2015.04.21 22:49:41.902,1.83225,1.83291,1.00,1.00
2015.04.21 22:49:44.177,1.83226,1.8329,1.00,1.00
2015.04.21 22:49:45.327,1.83225,1.83291,1.00,1.00
2015.04.21 22:49:46.983,1.83226,1.8329,1.00,1.00
2015.04.21 22:49:47.824,1.83225,1.83291,1.00,1.00
2015.04.21 22:49:48.287,1.83221,1.83286,1.12,1.00
2015.04.21 22:49:48.790,1.83222,1.83285,1.12,1.00
2015.04.21 22:49:50.291,1.83221,1.83286,1.12,1.00
2015.04.21 22:49:51.294,1.83222,1.83285,1.00,1.00
2015.04.21 22:49:52.496,1.83221,1.83286,1.12,1.00
2015.04.21 22:49:53.052,1.83222,1.83285,1.00,1.00
2015.04.21 22:49:53.813,1.83221,1.83286,1.00,1.00
2015.04.21 22:49:54.350,1.83222,1.83285,1.00,1.00
2015.04.21 22:49:55.503,1.83221,1.83286,1.00,1.00
2015.04.21 22:49:56.812,1.83222,1.83285,1.00,1.00
2015.04.21 22:49:58.811,1.83221,1.83286,1.00,1.00
2015.04.21 22:50:01.919,1.83222,1.83285,1.00,1.00
2015.04.21 22:50:02.870,1.83221,1.83286,1.00,1.00
2015.04.21 22:50:03.424,1.83222,1.83285,1.12,1.00
2015.04.21 22:50:03.925,1.83221,1.83286,1.37,1.00
2015.04.21 22:50:05.028,1.83222,1.83285,1.37,1.00
2015.04.21 22:50:05.594,1.83221,1.83286,1.37,1.00
2015.04.21 22:50:08.337,1.83222,1.83287,1.37,1.50
2015.04.21 22:50:10.045,1.83222,1.83287,1.12,1.00
2015.04.21 22:50:10.593,1.83223,1.83286,1.00,1.00
2015.04.21 22:50:11.256,1.83222,1.83287,1.12,1.00
2015.04.21 22:50:13.314,1.83223,1.83286,1.00,1.00
2015.04.21 22:50:13.845,1.83222,1.83287,1.12,1.00
2015.04.21 22:50:14.354,1.83223,1.83286,1.00,1.00
2015.04.21 22:50:14.884,1.83222,1.83287,1.12,1.00
2015.04.21 22:50:15.457,1.83223,1.83286,1.00,1.00
2015.04.21 22:50:15.980,1.83222,1.83287,1.12,1.00
2015.04.21 22:50:18.464,1.83223,1.83286,1.00,1.00
2015.04.21 22:50:18.966,1.83222,1.83287,1.12,1.00
2015.04.21 22:50:20.571,1.83223,1.83286,1.00,1.00
2015.04.21 22:50:21.121,1.83222,1.83287,1.87,1.00
2015.04.21 22:50:21.765,1.83223,1.83286,1.00,1.00
2015.04.21 22:50:22.330,1.83222,1.83287,1.87,1.00
2015.04.21 22:50:24.379,1.83223,1.83286,1.00,1.00
2015.04.21 22:50:24.980,1.83222,1.83287,1.87,1.00
2015.04.21 22:50:25.481,1.83223,1.83286,1.00,1.00
2015.04.21 22:50:26.183,1.83222,1.83287,1.87,1.00
2015.04.21 22:50:26.784,1.83223,1.83286,1.00,1.00
2015.04.21 22:50:27.341,1.83222,1.83287,1.87,1.00
2015.04.21 22:50:28.419,1.83225,1.83288,1.00,1.00
2015.04.21 22:50:28.940,1.83224,1.83289,1.00,1.00
2015.04.21 22:50:30.894,1.83225,1.83288,1.00,1.00
2015.04.21 22:50:31.396,1.83224,1.83289,1.00,1.00
2015.04.21 22:50:32.197,1.83225,1.83288,1.00,1.00
2015.04.21 22:50:32.698,1.83224,1.83289,1.00,1.00
2015.04.21 22:50:33.501,1.83225,1.83288,1.00,1.00
2015.04.21 22:50:34.302,1.83224,1.83289,1.00,1.00
2015.04.21 22:50:35.112,1.83225,1.83288,1.00,1.00
2015.04.21 22:50:35.660,1.83224,1.83289,1.00,1.00
2015.04.21 22:50:36.313,1.83225,1.83288,1.00,1.00
2015.04.21 22:50:37.043,1.83224,1.83289,1.00,1.00
2015.04.21 22:50:37.704,1.83225,1.83288,1.00,1.00
2015.04.21 22:50:38.363,1.83224,1.83289,1.00,1.00
2015.04.21 22:50:39.379,1.83225,1.83288,1.00,1.00
2015.04.21 22:50:39.931,1.83224,1.83289,1.00,1.00
2015.04.21 22:50:40.432,1.83225,1.83288,1.00,1.00
2015.04.21 22:50:41.002,1.83224,1.83289,1.00,1.00
2015.04.21 22:50:41.611,1.83225,1.83288,1.00,1.00
2015.04.21 22:50:42.151,1.83224,1.83289,1.00,1.00
2015.04.21 22:50:43.690,1.83225,1.83288,1.00,1.00
2015.04.21 22:50:44.363,1.83224,1.83289,1.00,1.00
2015.04.21 22:50:44.963,1.83225,1.83288,1.00,1.00
2015.04.21 22:50:45.898,1.83224,1.83289,1.00,1.00
2015.04.21 22:50:48.092,1.83225,1.83288,1.00,1.00
2015.04.21 22:50:49.038,1.83224,1.83289,1.00,1.00
2015.04.21 22:50:49.594,1.83223,1.83288,1.00,1.00
2015.04.21 22:50:50.307,1.83224,1.83287,1.00,1.00
2015.04.21 22:50:50.857,1.83223,1.83288,1.00,1.00
2015.04.21 22:50:51.412,1.83224,1.83287,1.00,1.00
2015.04.21 22:50:52.234,1.83223,1.83288,1.00,1.00
2015.04.21 22:50:53.421,1.83224,1.83287,1.00,1.00
2015.04.21 22:50:53.924,1.83223,1.83288,1.00,1.00
2015.04.21 22:50:54.527,1.83224,1.83287,1.00,1.00
2015.04.21 22:50:55.030,1.83223,1.83288,1.00,1.00
2015.04.21 22:50:57.058,1.83224,1.83287,1.00,1.00
2015.04.21 22:50:57.364,1.83223,1.83285,1.00,1.00
2015.04.21 22:50:57.565,1.83219,1.83284,1.37,1.00
2015.04.21 22:50:58.073,1.8322,1.83283,1.12,1.00
2015.04.21 22:50:58.227,1.8322,1.83283,1.37,1.00
2015.04.21 22:50:58.700,1.83223,1.83288,1.00,1.00
2015.04.21 22:51:00.207,1.8322,1.83283,1.50,1.00
2015.04.21 22:51:00.663,1.83225,1.83285,1.00,1.00
2015.04.21 22:51:01.016,1.83224,1.83289,1.00,1.00
2015.04.21 22:51:02.775,1.83225,1.83288,1.00,1.00
2015.04.21 22:51:03.458,1.83224,1.83289,1.00,1.00
2015.04.21 22:51:04.116,1.83225,1.83288,1.50,1.00
2015.04.21 22:51:04.827,1.83225,1.83289,1.12,1.50
2015.04.21 22:51:06.807,1.83225,1.83288,1.87,1.00
2015.04.21 22:51:07.345,1.83225,1.83289,1.12,1.50
2015.04.21 22:51:07.989,1.83225,1.83288,1.87,1.00
2015.04.21 22:51:08.793,1.83225,1.83289,1.12,1.50
2015.04.21 22:51:09.397,1.83225,1.83288,1.87,1.00
2015.04.21 22:51:10.058,1.83225,1.83289,1.12,1.50
2015.04.21 22:51:10.697,1.83225,1.83288,1.87,1.00
2015.04.21 22:51:12.100,1.83225,1.83289,1.12,1.50
2015.04.21 22:51:12.698,1.83225,1.83288,1.87,1.00
2015.04.21 22:51:13.358,1.83225,1.83289,1.12,1.50
2015.04.21 22:51:13.904,1.83225,1.83288,1.87,1.00
2015.04.21 22:51:14.405,1.83225,1.83289,1.12,1.50
2015.04.21 22:51:14.906,1.83225,1.83288,1.87,1.00
2015.04.21 22:51:15.669,1.83225,1.83289,1.12,1.50
2015.04.21 22:51:17.889,1.83225,1.83286,1.12,1.00
2015.04.21 22:51:18.142,1.83225,1.83289,1.00,1.50
2015.04.21 22:51:18.364,1.83225,1.83282,1.00,1.00
2015.04.21 22:51:18.565,1.83225,1.83288,1.00,1.50
2015.04.21 22:51:18.740,1.83224,1.83284,1.00,1.00
2015.04.21 22:51:19.042,1.83224,1.83282,1.00,1.00
2015.04.21 22:51:19.092,1.83224,1.83284,1.00,1.00
2015.04.21 22:51:19.314,1.83224,1.83282,1.00,1.00
2015.04.21 22:51:19.717,1.83224,1.83284,1.50,1.00
2015.04.21 22:51:19.934,1.83226,1.83288,1.00,1.00
2015.04.21 22:51:31.857,1.83226,1.83287,1.50,1.00
2015.04.21 22:51:32.289,1.83226,1.83282,1.00,1.00
2015.04.21 22:51:33.059,1.83226,1.83285,1.00,1.00
2015.04.21 22:51:33.608,1.83226,1.83284,1.00,1.00
2015.04.21 22:51:33.658,1.83226,1.83282,1.00,1.00
2015.04.21 22:51:34.049,1.83226,1.83285,1.00,1.00
2015.04.21 22:51:34.200,1.83226,1.83287,1.00,1.00
2015.04.21 22:51:34.778,1.83227,1.83286,1.50,1.00
2015.04.21 22:51:35.290,1.83226,1.83287,1.00,1.00
2015.04.21 22:51:36.140,1.83228,1.83288,1.00,1.00
2015.04.21 22:51:36.592,1.83228,1.83282,1.00,1.00
2015.04.21 22:51:37.043,1.83227,1.83284,1.00,1.00
2015.04.21 22:51:37.143,1.83222,1.83284,1.00,1.00
2015.04.21 22:51:37.244,1.8322,1.83285,1.00,1.00
2015.04.21 22:51:37.407,1.83221,1.83282,1.00,1.00
2015.04.21 22:51:37.608,1.8322,1.83285,1.00,1.00
2015.04.21 22:51:37.809,1.8322,1.83282,1.00,1.00
2015.04.21 22:51:38.140,1.8322,1.83276,1.00,1.00
2015.04.21 22:51:38.241,1.83216,1.83276,1.50,1.00
2015.04.21 22:51:38.392,1.83214,1.83277,1.00,1.00
2015.04.21 22:51:38.860,1.83217,1.83276,1.00,1.00
2015.04.21 22:51:39.168,1.83214,1.83277,1.50,1.50
2015.04.21 22:51:39.928,1.83214,1.83276,1.50,1.00
2015.04.21 22:51:40.588,1.83214,1.83277,1.50,1.50
2015.04.21 22:51:44.302,1.83214,1.83276,2.25,1.00
2015.04.21 22:51:44.830,1.83215,1.83276,1.50,1.00
2015.04.21 22:51:46.456,1.83214,1.83277,1.00,1.50
2015.04.21 22:51:47.365,1.83214,1.83276,1.00,1.00
2015.04.21 22:51:49.341,1.83214,1.83272,1.50,1.00
2015.04.21 22:51:52.201,1.83214,1.83277,1.50,1.50
2015.04.21 22:51:52.323,1.83215,1.83271,1.50,1.00
2015.04.21 22:51:53.102,1.83215,1.83272,1.50,1.00
2015.04.21 22:51:54.231,1.83213,1.83258,1.00,1.00
2015.04.21 22:51:54.281,1.83211,1.83258,1.50,1.00
2015.04.21 22:51:54.885,1.83211,1.8326,1.00,1.00
2015.04.21 22:51:54.986,1.83211,1.83267,1.00,1.00
2015.04.21 22:51:55.609,1.83211,1.83271,1.00,1.00
2015.04.21 22:51:56.143,1.83211,1.83272,1.00,1.00
2015.04.21 22:52:04.402,1.83212,1.83272,1.00,1.00
2015.04.21 22:52:09.140,1.83212,1.83271,1.00,1.00
2015.04.21 22:52:10.015,1.8321,1.83271,2.25,1.00
2015.04.21 22:52:18.158,1.8321,1.83272,1.50,1.00
2015.04.21 22:52:21.568,1.8321,1.83271,2.25,1.00
2015.04.21 22:52:26.637,1.83213,1.83271,1.50,1.00
2015.04.21 22:52:27.173,1.83213,1.83272,1.50,1.00
2015.04.21 22:52:27.952,1.83214,1.83272,2.25,1.00
2015.04.21 22:52:28.480,1.83213,1.83272,3.00,1.00
2015.04.21 22:52:29.208,1.83214,1.83272,1.00,1.00
2015.04.21 22:52:29.630,1.83214,1.83275,1.00,1.50
2015.04.21 22:52:29.831,1.83215,1.83271,1.00,1.00
2015.04.21 22:52:29.881,1.83213,1.83271,2.25,1.00
2015.04.21 22:52:30.416,1.83214,1.83271,1.00,1.00
2015.04.21 22:52:31.088,1.83213,1.83271,2.25,1.00
2015.04.21 22:52:31.139,1.83213,1.83261,1.50,1.00
2015.04.21 22:52:31.240,1.83207,1.8326,1.00,1.00
2015.04.21 22:52:31.341,1.83205,1.8326,1.00,1.00
2015.04.21 22:52:31.442,1.83203,1.8326,1.00,1.00
2015.04.21 22:52:32.137,1.83203,1.83263,1.00,3.00
2015.04.21 22:52:32.739,1.83203,1.83262,1.00,1.00
2015.04.21 22:52:33.167,1.83208,1.83262,1.00,1.00
2015.04.21 22:52:33.218,1.83208,1.83264,1.00,1.50
2015.04.21 22:52:33.618,1.8321,1.83264,1.00,1.50
2015.04.21 22:52:33.769,1.83211,1.83272,1.50,2.25
2015.04.21 22:52:34.121,1.83211,1.83267,1.50,1.00
2015.04.21 22:52:34.578,1.83211,1.83262,1.50,1.00
2015.04.21 22:52:35.223,1.83212,1.83262,1.00,1.00
2015.04.21 22:52:36.039,1.83211,1.83262,1.00,1.00
2015.04.21 22:52:36.548,1.83212,1.83262,1.00,1.00
2015.04.21 22:52:41.757,1.83211,1.83261,1.00,1.00
2015.04.21 22:52:42.267,1.83212,1.83262,1.00,1.50
2015.04.21 22:52:50.068,1.8321,1.83262,1.00,1.50
2015.04.21 22:52:54.137,1.8321,1.83257,1.00,1.00
2015.04.21 22:52:54.698,1.83209,1.83257,1.00,1.00
2015.04.21 22:52:54.799,1.83209,1.83261,1.00,1.00
2015.04.21 22:52:58.105,1.8321,1.83261,1.50,1.00
2015.04.21 22:52:59.359,1.83211,1.83261,1.00,1.00
2015.04.21 22:52:59.894,1.83212,1.83261,1.00,1.00
2015.04.21 22:53:00.412,1.83211,1.83261,1.00,1.00
2015.04.21 22:53:00.865,1.83211,1.83257,1.00,1.00
2015.04.21 22:53:02.048,1.83211,1.83261,1.00,1.00
2015.04.21 22:53:02.666,1.83212,1.83261,1.00,1.00
2015.04.21 22:53:03.172,1.83211,1.83261,1.00,1.00
2015.04.21 22:53:04.225,1.83212,1.83261,1.00,1.00
2015.04.21 22:53:05.184,1.83211,1.83261,1.00,1.00
2015.04.21 22:53:05.790,1.83212,1.83261,1.00,1.00
2015.04.21 22:53:06.127,1.83214,1.83261,1.50,1.00
2015.04.21 22:53:08.428,1.83214,1.83262,1.50,1.00
2015.04.21 22:53:08.954,1.83214,1.83261,1.00,1.00
2015.04.21 22:53:09.005,1.83205,1.83258,1.00,1.00
2015.04.21 22:53:09.106,1.83203,1.83257,1.00,1.00
2015.04.21 22:53:09.207,1.83198,1.83256,1.00,1.00
2015.04.21 22:53:09.913,1.83198,1.83257,1.00,1.00
2015.04.21 22:53:10.402,1.83196,1.83257,2.25,1.00
2015.04.21 22:53:11.070,1.83196,1.83258,3.00,1.00
2015.04.21 22:53:12.628,1.83197,1.83258,1.00,1.00
2015.04.21 22:53:13.166,1.83196,1.83258,3.00,1.00
2015.04.21 22:53:16.548,1.83197,1.83258,1.00,1.00
2015.04.21 22:53:17.344,1.83196,1.83258,3.00,1.00
2015.04.21 22:53:18.659,1.83197,1.83258,1.00,1.00
2015.04.21 22:53:20.036,1.83199,1.83258,1.00,1.00
2015.04.21 22:53:21.438,1.83198,1.83257,1.00,1.00
2015.04.21 22:53:25.368,1.83203,1.83257,1.00,1.00
2015.04.21 22:53:25.677,1.83208,1.83256,1.00,1.00
2015.04.21 22:53:26.194,1.83208,1.83257,1.00,1.00
2015.04.21 22:53:27.569,1.83199,1.83257,1.00,1.00
2015.04.21 22:53:28.183,1.83198,1.83257,1.00,1.00
2015.04.21 22:53:30.029,1.83195,1.83257,1.50,1.50
2015.04.21 22:53:30.329,1.83195,1.83254,1.50,1.00
2015.04.21 22:53:31.142,1.83196,1.83254,1.00,1.00
2015.04.21 22:53:31.444,1.83197,1.83247,1.00,1.00
2015.04.21 22:53:32.031,1.83196,1.83247,1.50,1.00
2015.04.21 22:53:32.801,1.83197,1.83247,1.00,1.00
2015.04.21 22:53:33.573,1.83196,1.83246,1.50,1.00
2015.04.21 22:53:34.236,1.83197,1.83246,1.00,1.00
2015.04.21 22:53:34.755,1.83196,1.83246,1.50,1.00
2015.04.21 22:53:35.226,1.83196,1.83242,1.50,1.00
2015.04.21 22:53:35.887,1.83197,1.83242,1.00,1.00
2015.04.21 22:53:37.110,1.83196,1.83242,1.50,1.00
2015.04.21 22:53:38.740,1.83198,1.83242,1.00,1.00
2015.04.21 22:53:40.886,1.83199,1.83252,1.00,1.00
2015.04.21 22:53:40.937,1.83199,1.83254,1.00,1.00
2015.04.21 22:53:41.470,1.83199,1.83255,1.00,1.00
2015.04.21 22:53:50.856,1.83198,1.83257,1.00,1.00
2015.04.21 22:53:59.172,1.83196,1.83252,1.50,1.00
2015.04.21 22:53:59.374,1.83196,1.83254,1.00,1.00
2015.04.21 22:53:59.626,1.83196,1.83252,1.00,1.00
2015.04.21 22:53:59.782,1.83191,1.83249,1.00,1.00
2015.04.21 22:54:00.325,1.8319,1.83249,1.00,1.00
2015.04.21 22:54:19.329,1.83193,1.83253,1.50,1.00
2015.04.21 22:54:19.931,1.83193,1.83254,1.50,1.00
2015.04.21 22:54:21.943,1.83193,1.83253,1.50,1.00
2015.04.21 22:54:22.524,1.83193,1.83254,1.50,1.00
2015.04.21 22:54:23.952,1.83193,1.83253,1.50,1.00
2015.04.21 22:54:24.554,1.83193,1.83254,1.50,1.00
2015.04.21 22:54:25.235,1.83193,1.83253,1.50,1.00
2015.04.21 22:54:25.336,1.83193,1.83247,1.50,1.00
2015.04.21 22:54:25.642,1.83195,1.83247,1.00,1.00
2015.04.21 22:54:26.189,1.83194,1.83247,1.00,1.00
2015.04.21 22:54:26.860,1.83195,1.83247,1.00,1.00
2015.04.21 22:54:27.562,1.83194,1.83247,1.00,1.00
2015.04.21 22:54:29.667,1.83195,1.83247,1.00,1.50
2015.04.21 22:54:30.168,1.83194,1.83247,2.25,1.50
2015.04.21 22:54:30.436,1.83194,1.83255,1.00,1.00
2015.04.21 22:54:30.971,1.83194,1.83256,1.00,2.25
2015.04.21 22:54:31.833,1.83194,1.83252,1.00,1.00
2015.04.21 22:54:32.690,1.83195,1.83252,1.00,1.00
2015.04.21 22:54:33.107,1.83193,1.83252,1.50,1.00
2015.04.21 22:54:37.087,1.83198,1.83254,1.00,1.00
2015.04.21 22:54:37.617,1.83198,1.83253,1.00,1.50
2015.04.21 22:54:37.868,1.83196,1.83253,1.00,1.00
2015.04.21 22:54:38.339,1.83196,1.83251,1.00,1.00
2015.04.21 22:54:38.405,1.83196,1.83253,1.00,1.00
2015.04.21 22:54:38.929,1.83196,1.83252,1.00,1.00
2015.04.21 22:54:39.656,1.83192,1.83252,1.50,2.25
2015.04.21 22:54:41.336,1.83191,1.83252,1.00,1.00
2015.04.21 22:54:41.548,1.83191,1.83248,1.00,1.00
2015.04.21 22:54:41.649,1.83183,1.83243,1.00,1.50
2015.04.21 22:54:41.749,1.83181,1.83243,1.00,1.50
2015.04.21 22:54:42.187,1.83183,1.83243,1.00,1.50
2015.04.21 22:54:42.239,1.83183,1.83248,2.25,1.00
2015.04.21 22:54:42.759,1.83184,1.83247,1.00,1.00
2015.04.21 22:54:44.415,1.83183,1.83248,2.25,1.00
2015.04.21 22:54:46.220,1.83184,1.83247,1.00,1.00
2015.04.21 22:54:46.769,1.83183,1.83248,2.25,1.00
2015.04.21 22:54:48.426,1.83184,1.83247,1.00,1.00
2015.04.21 22:54:50.029,1.83183,1.83248,2.25,1.00
2015.04.21 22:54:50.634,1.83184,1.83248,1.50,1.00
2015.04.21 22:54:51.333,1.83184,1.83247,2.25,1.00
2015.04.21 22:54:51.894,1.83184,1.83248,1.50,1.00
2015.04.21 22:54:53.663,1.83183,1.83248,2.25,1.50
2015.04.21 22:54:54.542,1.83184,1.83247,1.00,1.00
2015.04.21 22:54:55.327,1.83183,1.83248,2.25,1.50
2015.04.21 22:54:57.385,1.83183,1.83245,1.50,1.00
2015.04.21 22:54:58.551,1.83184,1.83245,1.00,1.00
2015.04.21 22:54:59.288,1.83183,1.83245,1.50,1.00
2015.04.21 22:54:59.865,1.83184,1.83245,1.00,1.00
2015.04.21 22:55:01.861,1.83183,1.83245,1.50,1.00
2015.04.21 22:55:22.414,1.83184,1.83245,1.00,1.00
2015.04.21 22:55:23.270,1.83185,1.83245,1.00,1.00
2015.04.21 22:55:23.971,1.83184,1.83245,1.00,1.00
2015.04.21 22:55:24.672,1.83185,1.83245,1.00,1.00
2015.04.21 22:55:25.214,1.83184,1.83245,1.00,1.00
2015.04.21 22:55:26.787,1.83185,1.83245,1.00,1.00
2015.04.21 22:55:28.383,1.83184,1.83245,1.00,1.00
2015.04.21 22:55:29.393,1.83183,1.83242,1.00,1.00
2015.04.21 22:55:30.131,1.83179,1.83235,1.00,1.50
2015.04.21 22:55:30.433,1.83177,1.83235,2.25,1.50
2015.04.21 22:55:30.634,1.83179,1.83235,1.00,1.50
2015.04.21 22:55:33.355,1.83183,1.83236,1.00,1.00
2015.04.21 22:55:33.456,1.83185,1.83241,1.00,1.00
2015.04.21 22:55:33.933,1.83187,1.83246,1.00,1.00
2015.04.21 22:55:34.647,1.83188,1.83246,1.00,1.00
2015.04.21 22:55:35.631,1.83187,1.83245,1.50,1.00
2015.04.21 22:55:36.651,1.83188,1.83246,1.00,1.00
2015.04.21 22:55:37.197,1.83187,1.83246,1.00,1.00
2015.04.21 22:55:38.806,1.83188,1.83246,1.00,1.00
2015.04.21 22:55:39.708,1.83187,1.83246,1.00,1.00
2015.04.21 22:55:40.780,1.83187,1.83245,1.50,1.50
2015.04.21 22:55:41.714,1.83188,1.83245,1.00,1.50
2015.04.21 22:55:42.259,1.83187,1.83245,1.50,1.50
2015.04.21 22:55:42.766,1.83188,1.83245,1.00,1.50
2015.04.21 22:55:43.267,1.83187,1.83245,1.50,1.50
2015.04.21 22:55:43.946,1.83188,1.83245,1.00,1.50
2015.04.21 22:55:45.055,1.83188,1.83242,1.00,1.00
2015.04.21 22:55:45.622,1.83187,1.83242,1.50,1.00
2015.04.21 22:55:46.254,1.83188,1.83242,1.00,1.00
2015.04.21 22:55:46.756,1.83187,1.83242,1.50,1.00
2015.04.21 22:55:47.726,1.83188,1.83242,1.00,1.00
2015.04.21 22:55:48.149,1.83188,1.83245,1.00,1.50
2015.04.21 22:55:48.929,1.83187,1.83245,1.50,1.50
2015.04.21 22:55:49.506,1.83187,1.83244,1.00,1.00
2015.04.21 22:55:50.778,1.83188,1.83244,1.00,1.00
2015.04.21 22:55:51.736,1.83187,1.83244,1.00,1.00
2015.04.21 22:55:52.335,1.83188,1.83244,1.00,1.00
2015.04.21 22:55:52.656,1.83188,1.83246,1.00,1.00
2015.04.21 22:55:53.197,1.83187,1.83245,1.00,1.00
2015.04.21 22:55:54.452,1.83186,1.83245,1.00,1.00
2015.04.21 22:56:03.500,1.83186,1.83247,2.25,1.00
2015.04.21 22:56:07.492,1.83189,1.83247,1.00,1.50
2015.04.21 22:56:10.099,1.8319,1.83247,1.00,1.50
2015.04.21 22:56:10.644,1.83189,1.83247,1.00,1.50
2015.04.21 22:56:11.303,1.83189,1.83246,1.00,1.00
2015.04.21 22:56:11.964,1.83189,1.83247,1.00,1.50
2015.04.21 22:56:13.674,1.83189,1.83246,1.00,1.00
2015.04.21 22:56:14.175,1.8319,1.83247,1.00,1.00
2015.04.21 22:56:14.928,1.83189,1.83247,1.00,2.25
2015.04.21 22:56:18.648,1.83189,1.83246,1.00,1.00
2015.04.21 22:56:19.946,1.8319,1.83246,1.00,1.00
2015.04.21 22:56:20.581,1.8319,1.83245,1.50,1.00
2015.04.21 22:56:21.950,1.8319,1.83246,1.50,1.00
2015.04.21 22:56:23.930,1.8319,1.83245,1.50,1.00
2015.04.21 22:56:30.073,1.83191,1.83246,1.50,1.00
2015.04.21 22:56:30.307,1.83191,1.83248,1.50,1.00
2015.04.21 22:56:31.686,1.83192,1.83247,1.00,1.00
2015.04.21 22:56:31.887,1.83192,1.83249,1.00,1.00
2015.04.21 22:56:32.985,1.83191,1.83251,1.50,1.00
2015.04.21 22:56:33.948,1.83192,1.8325,1.00,1.50
2015.04.21 22:56:43.962,1.83192,1.83249,1.00,1.00
2015.04.21 22:56:47.386,1.83192,1.8325,1.00,1.00
2015.04.21 22:56:47.992,1.83191,1.83251,1.00,1.50
2015.04.21 22:56:49.970,1.8319,1.83251,1.00,1.00
2015.04.21 22:56:50.497,1.83191,1.8325,1.50,1.00
2015.04.21 22:56:51.873,1.8319,1.83252,1.50,2.25
2015.04.21 22:56:52.074,1.83191,1.8325,1.50,1.00
2015.04.21 22:56:53.119,1.83191,1.83247,1.50,1.00
2015.04.21 22:56:53.455,1.83191,1.83237,1.00,1.00
2015.04.21 22:56:54.077,1.8319,1.83237,1.00,1.00
2015.04.21 22:56:55.098,1.83191,1.83237,1.00,1.00
2015.04.21 22:56:56.091,1.8319,1.83237,1.00,1.00
2015.04.21 22:56:56.193,1.83185,1.83237,1.00,1.00
2015.04.21 22:56:56.393,1.83184,1.83245,1.00,1.00
2015.04.21 22:56:57.222,1.83184,1.83244,2.25,1.00
2015.04.21 22:56:58.586,1.83186,1.83245,1.00,1.00
2015.04.21 22:56:59.624,1.83183,1.83245,2.25,1.00
2015.04.21 22:57:00.389,1.83186,1.83245,1.00,1.00
2015.04.21 22:57:01.104,1.83186,1.83241,1.00,1.00
2015.04.21 22:57:01.313,1.83185,1.83244,1.00,1.00
2015.04.21 22:57:01.491,1.83183,1.83244,3.00,1.00
2015.04.21 22:57:01.830,1.83188,1.83245,1.00,1.00
2015.04.21 22:57:01.931,1.83189,1.83247,1.50,1.00
2015.04.21 22:57:04.694,1.8319,1.83247,1.00,1.00
2015.04.21 22:57:05.834,1.8319,1.8325,1.00,1.00
2015.04.21 22:57:06.386,1.8319,1.83246,1.00,1.00
2015.04.21 22:57:06.928,1.83189,1.83246,2.25,1.00
2015.04.21 22:57:07.538,1.8319,1.83246,1.00,1.00
2015.04.21 22:57:08.061,1.83189,1.83246,2.25,1.00
2015.04.21 22:57:08.712,1.8319,1.83246,1.00,1.00
2015.04.21 22:57:09.014,1.83193,1.83247,1.00,1.00
2015.04.21 22:57:09.406,1.8319,1.83247,1.00,1.00
2015.04.21 22:57:09.531,1.83192,1.83247,1.00,1.00
2015.04.21 22:57:10.117,1.83193,1.83247,1.00,1.00
2015.04.21 22:57:10.910,1.83192,1.83247,1.00,1.00
2015.04.21 22:57:17.166,1.8319,1.83247,1.00,1.00
2015.04.21 22:57:25.869,1.8319,1.83242,1.50,1.00
2015.04.21 22:57:31.157,1.8319,1.83247,1.50,1.00
2015.04.21 22:57:32.373,1.8319,1.83241,1.50,1.00
2015.04.21 22:57:32.593,1.8319,1.83246,1.50,1.00
2015.04.21 22:57:33.097,1.83191,1.83246,1.00,1.00
2015.04.21 22:57:35.551,1.83192,1.83246,1.00,1.00
2015.04.21 22:57:36.068,1.83192,1.83247,1.00,1.00
2015.04.21 22:57:38.004,1.83189,1.83246,1.00,1.00
2015.04.21 22:57:38.105,1.83188,1.83242,1.00,1.00
2015.04.21 22:57:38.716,1.83189,1.83242,1.00,1.00
2015.04.21 22:57:39.218,1.83188,1.83241,1.00,1.00
2015.04.21 22:57:39.521,1.83191,1.83241,1.00,1.00
2015.04.21 22:57:41.033,1.83191,1.83245,1.00,1.00
2015.04.21 22:57:43.670,1.83191,1.83247,1.00,1.50
2015.04.21 22:57:45.086,1.83188,1.83247,1.00,1.00
2015.04.21 22:57:45.587,1.83187,1.83247,1.00,1.00
2015.04.21 22:57:49.848,1.83189,1.83247,1.00,1.00
2015.04.21 22:57:50.380,1.83188,1.83247,1.00,1.00
2015.04.21 22:57:50.695,1.83189,1.83241,1.00,1.00
2015.04.21 22:57:51.202,1.83188,1.83241,1.50,1.00
2015.04.21 22:57:51.813,1.83188,1.83245,1.00,1.00
2015.04.21 22:57:52.376,1.83187,1.83245,1.00,1.00
2015.04.21 22:57:53.062,1.83187,1.83242,1.00,1.00
2015.04.21 22:57:53.213,1.83181,1.83242,1.00,1.00
2015.04.21 22:57:53.314,1.83178,1.83238,1.00,1.50
2015.04.21 22:57:53.862,1.83177,1.83239,1.00,1.00
2015.04.21 22:57:54.212,1.83177,1.83236,1.00,1.00
2015.04.21 22:57:54.423,1.83175,1.83237,1.00,1.00
2015.04.21 22:57:54.613,1.83178,1.83237,1.00,1.00
2015.04.21 22:57:55.184,1.83177,1.83237,1.00,1.00
2015.04.21 22:57:59.133,1.83176,1.83237,1.00,1.00
2015.04.21 22:57:59.670,1.83175,1.83237,1.00,1.00
2015.04.21 22:58:00.712,1.83175,1.83236,1.50,1.00
2015.04.21 22:58:01.242,1.83176,1.83236,1.00,1.00
2015.04.21 22:58:02.488,1.83175,1.83236,1.50,1.00
2015.04.21 22:58:02.990,1.83176,1.83236,1.00,1.00
2015.04.21 22:58:03.343,1.83178,1.83237,1.00,1.50
2015.04.21 22:58:05.500,1.83178,1.83236,1.00,1.00
2015.04.21 22:58:06.105,1.83177,1.83236,1.00,1.00
2015.04.21 22:58:07.543,1.83175,1.83236,1.00,1.00
2015.04.21 22:58:08.200,1.83176,1.83237,1.00,1.00
2015.04.21 22:58:08.861,1.83175,1.83236,1.00,1.00
2015.04.21 22:58:09.565,1.83176,1.83236,1.00,1.00
2015.04.21 22:58:10.171,1.83175,1.83236,1.00,1.00
2015.04.21 22:58:11.574,1.83176,1.83236,1.00,1.00
2015.04.21 22:58:12.176,1.83175,1.83236,1.00,1.00
2015.04.21 22:58:13.588,1.83174,1.83236,1.00,1.00
2015.04.21 22:58:13.940,1.83176,1.83237,1.00,1.00
2015.04.21 22:58:14.192,1.83174,1.83237,1.00,1.00
2015.04.21 22:58:14.582,1.83174,1.83232,1.00,1.00
2015.04.21 22:58:14.841,1.83174,1.83236,1.00,1.00
2015.04.21 22:58:15.685,1.83175,1.83236,1.00,1.00
2015.04.21 22:58:15.837,1.83175,1.83238,1.00,1.00
2015.04.21 22:58:16.476,1.83174,1.83239,1.00,1.00
2015.04.21 22:58:17.192,1.83175,1.83239,1.00,1.00
2015.04.21 22:58:18.234,1.83175,1.83238,1.50,1.00
2015.04.21 22:58:19.894,1.83175,1.83239,1.00,1.00
2015.04.21 22:58:21.600,1.83175,1.83238,1.50,1.00
2015.04.21 22:58:22.138,1.83175,1.83239,1.00,1.00
2015.04.21 22:58:22.748,1.83174,1.83239,1.50,1.00
2015.04.21 22:58:23.251,1.83175,1.83238,1.00,1.00
2015.04.21 22:58:24.003,1.83174,1.83239,1.50,1.00
2015.04.21 22:58:25.105,1.83175,1.83238,1.00,1.00
2015.04.21 22:58:25.606,1.83174,1.83239,1.50,1.00
2015.04.21 22:58:26.209,1.83175,1.83238,1.00,1.00
2015.04.21 22:58:26.910,1.83174,1.83239,1.50,1.00
2015.04.21 22:58:27.613,1.83175,1.83238,1.00,1.00
2015.04.21 22:58:29.017,1.83174,1.83239,1.00,1.00
2015.04.21 22:58:30.620,1.83175,1.83238,1.00,1.00
2015.04.21 22:58:31.233,1.83174,1.83239,1.00,1.00
2015.04.21 22:58:32.132,1.83175,1.83238,1.00,1.00
2015.04.21 22:58:32.730,1.83174,1.83239,1.50,1.00
2015.04.21 22:58:33.253,1.83175,1.83238,1.00,1.00
2015.04.21 22:58:33.452,1.83174,1.83236,1.00,1.00
2015.04.21 22:58:33.673,1.83172,1.83237,1.50,1.00
2015.04.21 22:58:34.235,1.83173,1.83236,1.00,1.00
2015.04.21 22:58:34.739,1.83172,1.83237,1.00,1.00
2015.04.21 22:58:35.143,1.83178,1.83237,1.00,1.00
2015.04.21 22:58:35.445,1.83193,1.83247,1.00,1.00
2015.04.21 22:58:35.848,1.83192,1.83252,1.00,2.25
2015.04.21 22:58:35.949,1.8319,1.83251,1.50,1.00
2015.04.21 22:58:36.049,1.83182,1.83248,1.00,1.00
2015.04.21 22:58:36.743,1.83183,1.83247,1.00,1.00
2015.04.21 22:58:37.363,1.83182,1.83248,1.00,1.00
2015.04.21 22:58:37.472,1.83182,1.83246,1.00,1.00
2015.04.21 22:58:37.572,1.83177,1.83242,1.00,1.00
2015.04.21 22:58:38.274,1.83178,1.83241,1.00,1.00
2015.04.21 22:58:38.794,1.83177,1.83242,1.00,1.00
2015.04.21 22:58:39.298,1.83177,1.83241,1.00,1.00
2015.04.21 22:58:40.397,1.83178,1.83241,1.00,1.50
2015.04.21 22:58:40.936,1.83177,1.83241,1.00,1.00
2015.04.21 22:58:41.891,1.83178,1.83241,1.00,1.50
2015.04.21 22:58:42.956,1.83177,1.83241,1.00,1.00
2015.04.21 22:58:43.758,1.83178,1.83241,1.00,1.50
2015.04.21 22:58:44.368,1.83177,1.83241,1.00,1.00
2015.04.21 22:58:44.911,1.83178,1.83241,1.00,1.50
2015.04.21 22:58:45.415,1.83177,1.83241,1.00,1.00
2015.04.21 22:58:45.963,1.83178,1.83241,1.00,1.50
2015.04.21 22:58:47.867,1.83177,1.83241,1.00,1.00
2015.04.21 22:58:48.660,1.83178,1.83241,1.00,1.50
2015.04.21 22:58:49.274,1.83177,1.83241,1.00,1.00
2015.04.21 22:58:49.826,1.83178,1.83241,1.00,1.50
2015.04.21 22:58:50.350,1.83177,1.83241,1.00,1.00
2015.04.21 22:58:54.182,1.83178,1.83241,1.00,1.50
2015.04.21 22:58:54.783,1.83177,1.83241,1.00,1.00
2015.04.21 22:58:55.414,1.83178,1.83241,1.00,1.50
2015.04.21 22:58:56.019,1.83177,1.83241,1.00,1.00
2015.04.21 22:58:58.436,1.83174,1.83239,1.00,1.00
2015.04.21 22:58:59.041,1.83175,1.83238,1.00,1.00
2015.04.21 22:58:59.545,1.83174,1.83239,1.00,1.00
2015.04.21 22:59:00.046,1.83175,1.83238,1.00,1.00
2015.04.21 22:59:00.620,1.83174,1.83239,1.00,1.00
2015.04.21 22:59:01.607,1.83175,1.83238,1.00,1.00
2015.04.21 22:59:02.024,1.83177,1.83239,1.00,1.00
2015.04.21 22:59:02.717,1.83177,1.83238,1.00,1.00
2015.04.21 22:59:03.239,1.83177,1.83239,1.00,1.00
2015.04.21 22:59:04.230,1.83175,1.83238,1.00,1.00
2015.04.21 22:59:05.144,1.83174,1.83239,1.00,1.00
2015.04.21 22:59:05.749,1.83175,1.83238,1.00,1.00
2015.04.21 22:59:06.396,1.83174,1.83239,1.00,1.00
2015.04.21 22:59:06.915,1.83175,1.83239,1.00,1.00
2015.04.21 22:59:07.665,1.83175,1.83238,1.50,1.00
2015.04.21 22:59:08.371,1.83174,1.83239,1.00,1.00
2015.04.21 22:59:10.095,1.83175,1.83238,1.00,1.00
2015.04.21 22:59:10.772,1.83174,1.83239,1.00,1.00
2015.04.21 22:59:12.420,1.83175,1.83238,1.00,1.00
2015.04.21 22:59:13.382,1.83174,1.83239,1.00,1.00
2015.04.21 22:59:15.422,1.83175,1.83238,1.00,1.00
2015.04.21 22:59:15.953,1.83174,1.83239,1.00,1.00
2015.04.21 22:59:16.457,1.83175,1.83238,1.00,1.00
2015.04.21 22:59:16.961,1.83174,1.83239,1.00,1.00
2015.04.21 22:59:18.167,1.83175,1.83239,1.00,1.00
2015.04.21 22:59:18.936,1.83175,1.83238,1.00,1.00
2015.04.21 22:59:19.498,1.83175,1.83239,1.00,1.00
2015.04.21 22:59:20.045,1.83175,1.83238,1.00,1.00
2015.04.21 22:59:20.931,1.83175,1.83239,1.00,1.00
2015.04.21 22:59:21.733,1.83175,1.83238,1.00,1.00
2015.04.21 22:59:22.607,1.83175,1.83239,1.00,1.00
2015.04.21 22:59:23.838,1.83175,1.83238,1.00,1.00
2015.04.21 22:59:25.753,1.83175,1.83239,1.00,1.00
2015.04.21 22:59:26.929,1.83174,1.83239,1.00,1.00
2015.04.21 22:59:28.143,1.83174,1.83238,1.50,1.00
2015.04.21 22:59:29.153,1.83174,1.83239,1.00,1.00
2015.04.21 22:59:30.991,1.83176,1.83239,1.00,1.00
2015.04.21 22:59:31.742,1.83176,1.83238,1.00,1.00
2015.04.21 22:59:32.373,1.83176,1.83239,1.00,1.00
2015.04.21 22:59:32.984,1.83176,1.83238,1.00,1.00
2015.04.21 22:59:33.646,1.83176,1.83239,1.00,1.00
2015.04.21 22:59:34.332,1.83177,1.83238,1.00,1.00
2015.04.21 22:59:35.033,1.83177,1.83239,1.00,1.00
2015.04.21 22:59:35.598,1.83181,1.83239,1.00,1.00
2015.04.21 22:59:36.248,1.83181,1.83238,1.00,1.00
2015.04.21 22:59:36.831,1.83181,1.83239,1.00,1.00
2015.04.21 22:59:38.809,1.83179,1.83239,1.00,1.00
2015.04.21 22:59:39.386,1.83179,1.83238,1.00,1.00
2015.04.21 22:59:39.444,1.83179,1.83241,1.00,1.00
2015.04.21 22:59:40.192,1.83179,1.8324,1.00,1.00
2015.04.21 22:59:40.840,1.83179,1.83241,1.00,1.00
2015.04.21 22:59:41.149,1.83177,1.8324,1.00,1.00
2015.04.21 22:59:41.690,1.83176,1.83241,1.00,1.00
2015.04.21 22:59:42.774,1.83177,1.8324,1.00,1.00
2015.04.21 22:59:43.353,1.83176,1.83241,1.00,1.00
2015.04.21 22:59:43.894,1.83177,1.8324,1.00,1.00
2015.04.21 22:59:44.413,1.83176,1.83241,1.00,1.50
2015.04.21 22:59:45.176,1.83177,1.8324,1.00,1.00
2015.04.21 22:59:45.681,1.83176,1.83241,1.00,1.50
2015.04.21 22:59:46.489,1.83177,1.8324,1.00,1.00
2015.04.21 22:59:46.881,1.83176,1.83237,1.00,1.00
2015.04.21 22:59:47.394,1.83177,1.83237,1.00,1.00
2015.04.21 22:59:47.896,1.83176,1.83237,1.00,1.00
2015.04.21 22:59:48.514,1.83177,1.83237,1.00,1.00
2015.04.21 22:59:48.914,1.83171,1.83231,1.00,1.00
2015.04.21 22:59:50.005,1.83171,1.83232,1.00,1.00
2015.04.21 22:59:50.316,1.83172,1.83226,1.00,1.00
2015.04.21 22:59:50.824,1.83172,1.83225,1.00,1.00
2015.04.21 22:59:51.602,1.83172,1.83226,1.00,1.00
2015.04.21 22:59:52.106,1.83172,1.83225,1.00,1.00
2015.04.21 22:59:52.652,1.83172,1.83226,1.00,1.00
2015.04.21 22:59:52.703,1.8317,1.83226,1.00,1.00
2015.04.21 22:59:54.011,1.8317,1.83225,1.00,1.00
2015.04.21 22:59:54.562,1.8317,1.83226,1.00,1.00
2015.04.21 22:59:55.614,1.8317,1.83225,1.00,1.00
2015.04.21 22:59:56.116,1.8317,1.83226,1.00,1.00
2015.04.21 22:59:56.367,1.83172,1.83226,1.00,1.00
