2014.05.14 16:00:00.555,1.82719,1.82738,1.32,1.00
2014.05.14 16:00:00.656,1.82722,1.82738,1.19,1.00
2014.05.14 16:00:00.706,1.82722,1.82742,1.69,1.20
2014.05.14 16:00:00.858,1.82723,1.82743,1.57,1.00
2014.05.14 16:00:01.865,1.82723,1.82738,1.57,1.00
2014.05.14 16:00:03.251,1.82725,1.82738,1.19,1.00
2014.05.14 16:00:04.615,1.82725,1.82743,1.19,1.00
2014.05.14 16:00:04.767,1.82725,1.82743,1.19,1.00
2014.05.14 16:00:04.868,1.82725,1.82739,1.19,1.00
2014.05.14 16:00:06.098,1.82725,1.82739,1.19,1.00
2014.05.14 16:00:07.365,1.82725,1.82744,1.19,1.00
2014.05.14 16:00:08.890,1.82725,1.82744,1.19,1.00
2014.05.14 16:00:09.566,1.82725,1.82738,1.19,1.00
2014.05.14 16:00:09.907,1.82725,1.82738,1.19,1.00
2014.05.14 16:00:10.146,1.82725,1.82744,1.19,1.00
2014.05.14 16:00:10.336,1.82725,1.82738,1.19,1.00
2014.05.14 16:00:10.701,1.82726,1.82738,1.19,1.00
2014.05.14 16:00:10.903,1.82726,1.82744,1.57,1.00
2014.05.14 16:00:11.906,1.82726,1.82744,1.32,1.00
2014.05.14 16:00:12.878,1.82726,1.82739,1.32,1.00
2014.05.14 16:00:12.928,1.82726,1.82739,1.32,1.00
2014.05.14 16:00:13.146,1.82724,1.82739,1.13,1.00
2014.05.14 16:00:13.297,1.82721,1.82738,1.13,1.00
2014.05.14 16:00:13.351,1.82721,1.82733,1.13,1.00
2014.05.14 16:00:14.107,1.82721,1.82738,1.00,1.00
2014.05.14 16:00:18.594,1.82718,1.82734,1.84,1.00
2014.05.14 16:00:19.059,1.82718,1.82738,1.32,1.00
2014.05.14 16:00:21.990,1.82718,1.82738,1.69,1.25
2014.05.14 16:00:22.142,1.82718,1.82734,1.69,1.00
2014.05.14 16:00:24.109,1.82717,1.82738,2.59,1.25
2014.05.14 16:00:24.360,1.82717,1.82733,2.22,1.00
2014.05.14 16:00:24.875,1.82718,1.82733,1.39,1.00
2014.05.14 16:00:25.523,1.82718,1.82729,1.39,1.00
2014.05.14 16:00:25.574,1.82718,1.82729,1.20,1.00
2014.05.14 16:00:26.080,1.82717,1.82729,1.25,1.00
2014.05.14 16:00:27.433,1.82717,1.82726,1.00,1.00
2014.05.14 16:00:28.097,1.82717,1.82728,1.00,1.00
2014.05.14 16:00:28.354,1.82715,1.82728,1.00,1.00
2014.05.14 16:00:28.635,1.82715,1.82733,1.00,1.00
2014.05.14 16:00:30.819,1.8271,1.82729,1.32,1.00
2014.05.14 16:00:32.784,1.8271,1.82734,1.32,1.00
2014.05.14 16:00:33.104,1.8271,1.82734,1.32,1.00
2014.05.14 16:00:33.776,1.8271,1.82729,1.32,1.00
2014.05.14 16:00:34.138,1.82713,1.82734,1.25,1.00
2014.05.14 16:00:34.340,1.82713,1.82738,1.25,2.22
2014.05.14 16:00:34.655,1.82711,1.82733,1.47,1.00
2014.05.14 16:00:35.137,1.82713,1.82739,1.32,1.69
2014.05.14 16:00:36.127,1.82713,1.82734,1.19,1.00
2014.05.14 16:00:36.228,1.82711,1.82734,1.00,1.19
2014.05.14 16:00:36.329,1.82711,1.82728,1.00,1.00
2014.05.14 16:00:36.646,1.82709,1.82733,1.19,1.25
2014.05.14 16:00:36.898,1.82713,1.82734,1.25,1.19
2014.05.14 16:00:37.207,1.82713,1.82729,1.25,1.00
2014.05.14 16:00:37.908,1.82709,1.82729,1.63,1.00
2014.05.14 16:00:38.376,1.82709,1.82729,2.07,1.00
2014.05.14 16:00:38.745,1.82706,1.82728,1.13,1.20
2014.05.14 16:00:39.646,1.82706,1.82728,1.50,1.20
2014.05.14 16:00:39.855,1.82706,1.82732,1.69,1.25
2014.05.14 16:00:40.311,1.82708,1.82736,1.94,1.65
2014.05.14 16:00:40.624,1.82708,1.82733,2.59,1.00
2014.05.14 16:00:41.089,1.82711,1.82737,1.69,1.84
2014.05.14 16:00:41.787,1.82711,1.82737,1.69,1.84
2014.05.14 16:00:43.754,1.82712,1.82738,1.32,1.19
2014.05.14 16:00:44.366,1.82712,1.82728,1.19,1.00
2014.05.14 16:00:44.821,1.82708,1.82733,1.19,1.00
2014.05.14 16:00:44.872,1.82708,1.82733,1.57,1.19
2014.05.14 16:00:45.074,1.8271,1.82733,1.77,1.00
2014.05.14 16:00:46.079,1.82713,1.82733,1.19,1.00
2014.05.14 16:00:46.969,1.82713,1.82733,2.59,1.00
2014.05.14 16:00:48.664,1.82715,1.82728,1.00,1.00
2014.05.14 16:00:50.415,1.82713,1.82733,1.69,1.00
2014.05.14 16:00:50.572,1.82713,1.82733,1.69,1.00
2014.05.14 16:00:50.754,1.82713,1.82733,1.69,1.00
2014.05.14 16:00:51.862,1.82713,1.82733,1.69,1.00
2014.05.14 16:00:52.523,1.82713,1.82738,1.69,1.19
2014.05.14 16:00:52.573,1.82713,1.82738,2.44,1.25
2014.05.14 16:00:53.495,1.82713,1.82734,2.97,1.00
2014.05.14 16:00:53.654,1.82724,1.82743,1.72,1.00
2014.05.14 16:00:53.755,1.82724,1.82748,2.03,1.13
2014.05.14 16:00:54.113,1.82731,1.82749,1.09,1.00
2014.05.14 16:00:54.415,1.82736,1.82749,1.20,1.00
2014.05.14 16:00:54.718,1.82739,1.82749,1.20,1.00
2014.05.14 16:00:54.769,1.82739,1.82758,1.20,1.19
2014.05.14 16:00:55.331,1.82739,1.82758,1.39,1.00
2014.05.14 16:00:57.134,1.82739,1.82753,1.39,1.00
2014.05.14 16:00:57.388,1.82744,1.82765,1.84,1.50
2014.05.14 16:00:57.489,1.82749,1.82758,1.20,1.00
2014.05.14 16:00:57.794,1.82744,1.82753,1.00,1.00
2014.05.14 16:00:58.507,1.82738,1.82753,2.22,1.00
2014.05.14 16:00:58.794,1.82738,1.82753,2.22,1.00
2014.05.14 16:00:59.349,1.82738,1.82759,2.97,1.00
2014.05.14 16:00:59.873,1.82738,1.82754,2.97,1.00
2014.05.14 16:01:00.110,1.82738,1.82763,2.97,1.19
2014.05.14 16:01:00.364,1.8274,1.82753,1.69,1.00
2014.05.14 16:01:01.117,1.8274,1.82753,1.25,1.00
2014.05.14 16:01:01.533,1.8274,1.82759,1.19,1.00
2014.05.14 16:01:01.684,1.8274,1.82753,1.69,1.00
2014.05.14 16:01:01.886,1.82741,1.82759,1.69,1.00
2014.05.14 16:01:02.090,1.82741,1.82766,1.69,1.00
2014.05.14 16:01:02.317,1.82744,1.82768,1.39,1.69
2014.05.14 16:01:02.418,1.82744,1.82758,1.19,1.00
2014.05.14 16:01:03.472,1.82742,1.82758,1.19,1.00
2014.05.14 16:01:04.660,1.82739,1.82758,2.07,1.00
2014.05.14 16:01:04.789,1.82742,1.82758,2.03,1.00
2014.05.14 16:01:04.840,1.82742,1.82765,2.03,1.19
2014.05.14 16:01:04.891,1.82742,1.82768,3.15,1.65
2014.05.14 16:01:04.942,1.82751,1.82768,1.20,1.00
2014.05.14 16:01:05.244,1.82746,1.82763,1.25,1.00
2014.05.14 16:01:05.396,1.82746,1.82773,1.84,1.69
2014.05.14 16:01:05.644,1.82746,1.82763,1.84,1.00
2014.05.14 16:01:06.991,1.82745,1.82763,1.39,1.00
2014.05.14 16:01:07.143,1.82745,1.82768,1.39,1.19
2014.05.14 16:01:07.980,1.82746,1.82768,1.32,1.00
2014.05.14 16:01:08.558,1.82749,1.82768,2.22,1.00
2014.05.14 16:01:08.609,1.82749,1.82773,2.22,1.00
2014.05.14 16:01:09.115,1.82755,1.82774,1.20,1.00
2014.05.14 16:01:09.418,1.82755,1.82764,1.39,1.00
2014.05.14 16:01:09.468,1.82751,1.82764,1.00,1.00
2014.05.14 16:01:09.620,1.82748,1.82764,1.39,1.00
2014.05.14 16:01:10.030,1.82744,1.8277,2.22,1.00
2014.05.14 16:01:10.130,1.82744,1.82768,2.97,1.00
2014.05.14 16:01:10.383,1.82744,1.8277,1.32,1.00
2014.05.14 16:01:10.676,1.82744,1.82772,1.32,1.00
2014.05.14 16:01:11.228,1.82744,1.82772,1.32,1.25
2014.05.14 16:01:11.543,1.82744,1.82769,1.32,1.00
2014.05.14 16:01:14.580,1.82744,1.82769,1.19,1.00
2014.05.14 16:01:14.631,1.82744,1.82763,1.19,1.00
2014.05.14 16:01:14.884,1.82741,1.82769,2.44,2.40
2014.05.14 16:01:15.093,1.82744,1.82759,1.39,1.00
2014.05.14 16:01:15.882,1.82741,1.82758,1.50,1.00
2014.05.14 16:01:16.084,1.82742,1.82768,1.69,1.00
2014.05.14 16:01:16.134,1.82745,1.82768,1.84,1.00
2014.05.14 16:01:16.286,1.82753,1.82773,1.20,1.00
2014.05.14 16:01:16.387,1.82755,1.82774,1.20,1.00
2014.05.14 16:01:16.890,1.82755,1.82774,1.58,1.00
2014.05.14 16:01:17.096,1.82762,1.82783,1.20,1.00
2014.05.14 16:01:17.373,1.82762,1.82778,1.20,1.00
2014.05.14 16:01:18.135,1.82757,1.82778,1.25,1.00
2014.05.14 16:01:19.307,1.82752,1.82778,1.47,1.00
2014.05.14 16:01:20.614,1.82752,1.82778,1.47,1.25
2014.05.14 16:01:22.379,1.82758,1.82778,1.20,1.25
2014.05.14 16:01:22.703,1.8276,1.82778,1.20,1.00
2014.05.14 16:01:23.024,1.8276,1.82778,1.39,1.00
2014.05.14 16:01:23.875,1.8276,1.82779,1.20,1.00
2014.05.14 16:01:24.027,1.82758,1.82779,1.65,1.00
2014.05.14 16:01:24.234,1.82768,1.82788,1.20,1.25
2014.05.14 16:01:24.336,1.82768,1.82795,1.20,1.50
2014.05.14 16:01:24.387,1.82782,1.82795,1.20,1.38
2014.05.14 16:01:24.489,1.82779,1.828,1.20,1.13
2014.05.14 16:01:24.993,1.82775,1.82799,1.50,1.00
2014.05.14 16:01:25.044,1.82775,1.82799,1.69,1.00
2014.05.14 16:01:25.095,1.82775,1.82801,1.69,1.13
2014.05.14 16:01:25.623,1.82776,1.82803,1.39,1.19
2014.05.14 16:01:26.213,1.82777,1.82798,1.19,1.20
2014.05.14 16:01:26.264,1.82777,1.82798,1.25,1.20
2014.05.14 16:01:26.804,1.82777,1.82798,1.25,1.54
2014.05.14 16:01:27.107,1.82766,1.82791,1.94,2.03
2014.05.14 16:01:27.208,1.82769,1.82791,1.19,1.20
2014.05.14 16:01:27.654,1.82769,1.82793,1.57,1.09
2014.05.14 16:01:27.859,1.82773,1.82793,1.19,1.20
2014.05.14 16:01:27.910,1.82773,1.82799,1.19,1.84
2014.05.14 16:01:28.225,1.82775,1.82803,1.32,2.22
2014.05.14 16:01:29.293,1.82779,1.82803,1.19,1.09
2014.05.14 16:01:29.445,1.82784,1.82809,1.09,1.69
2014.05.14 16:01:29.496,1.82786,1.82809,1.00,1.19
2014.05.14 16:01:29.798,1.82786,1.82805,1.00,1.20
2014.05.14 16:01:30.100,1.82786,1.828,1.00,1.20
2014.05.14 16:01:30.151,1.82778,1.828,2.07,1.20
2014.05.14 16:01:30.623,1.82778,1.82797,1.19,1.20
2014.05.14 16:01:31.176,1.82777,1.82798,1.32,1.20
2014.05.14 16:01:31.799,1.82777,1.82798,1.32,1.20
2014.05.14 16:01:32.603,1.82777,1.82799,1.19,1.00
2014.05.14 16:01:32.653,1.82778,1.82799,2.40,1.00
2014.05.14 16:01:32.805,1.82783,1.82803,2.40,1.00
2014.05.14 16:01:32.964,1.82783,1.82801,1.57,1.20
2014.05.14 16:01:34.085,1.82783,1.82801,1.19,1.20
2014.05.14 16:01:34.724,1.82783,1.82799,1.19,1.20
2014.05.14 16:01:34.904,1.82781,1.82802,1.32,1.20
2014.05.14 16:01:35.055,1.82781,1.82799,1.19,1.20
2014.05.14 16:01:35.125,1.82781,1.82802,1.19,1.20
2014.05.14 16:01:35.712,1.82781,1.82802,1.19,1.20
2014.05.14 16:01:36.292,1.82782,1.82794,1.19,1.00
2014.05.14 16:01:36.602,1.82779,1.82794,1.00,1.00
2014.05.14 16:01:37.406,1.82776,1.82794,1.57,1.00
2014.05.14 16:01:39.042,1.82776,1.82788,1.57,1.00
2014.05.14 16:01:39.721,1.82776,1.82788,1.32,1.00
2014.05.14 16:01:40.419,1.82776,1.82788,1.32,1.00
2014.05.14 16:01:41.024,1.82776,1.82793,1.32,1.00
2014.05.14 16:01:41.133,1.82776,1.82789,1.32,1.00
2014.05.14 16:01:41.393,1.82776,1.82794,1.32,1.65
2014.05.14 16:01:41.662,1.8278,1.82794,2.03,1.20
2014.05.14 16:01:41.713,1.82782,1.82807,2.03,1.00
2014.05.14 16:01:41.814,1.82783,1.82804,1.72,1.20
2014.05.14 16:01:41.915,1.82784,1.82807,1.84,1.20
2014.05.14 16:01:42.311,1.82784,1.82807,1.38,1.20
2014.05.14 16:01:42.362,1.82782,1.82804,1.25,1.00
2014.05.14 16:01:42.665,1.82777,1.82801,1.69,1.65
2014.05.14 16:01:43.560,1.82779,1.82803,1.19,1.20
2014.05.14 16:01:43.661,1.82778,1.82803,1.90,1.00
2014.05.14 16:01:43.812,1.82781,1.82805,1.69,1.20
2014.05.14 16:01:44.115,1.82781,1.828,1.69,1.20
2014.05.14 16:01:44.216,1.82781,1.828,1.25,1.20
2014.05.14 16:01:44.708,1.82778,1.828,1.57,1.20
2014.05.14 16:01:45.665,1.82778,1.828,1.57,1.20
2014.05.14 16:01:45.767,1.82778,1.82798,1.57,1.20
2014.05.14 16:01:48.077,1.82778,1.82798,1.19,1.20
2014.05.14 16:01:49.082,1.82778,1.82798,1.19,1.20
2014.05.14 16:01:53.634,1.82778,1.82798,1.90,1.20
2014.05.14 16:01:53.685,1.8278,1.82803,1.28,1.00
2014.05.14 16:01:54.103,1.8278,1.82803,2.03,1.00
2014.05.14 16:01:54.625,1.82783,1.82804,1.19,1.20
2014.05.14 16:01:55.473,1.82783,1.82799,1.19,1.20
2014.05.14 16:01:55.675,1.82783,1.82804,1.19,1.00
2014.05.14 16:01:55.725,1.82784,1.82804,1.57,1.00
2014.05.14 16:01:55.877,1.82784,1.82807,1.90,1.20
2014.05.14 16:01:56.863,1.82788,1.82808,1.32,1.00
2014.05.14 16:01:57.995,1.82788,1.82809,1.32,1.20
2014.05.14 16:01:58.552,1.82788,1.82809,1.32,1.20
2014.05.14 16:01:59.185,1.82788,1.8281,1.32,1.20
2014.05.14 16:01:59.730,1.82788,1.82809,1.32,1.20
2014.05.14 16:02:00.599,1.82788,1.82809,1.32,1.20
2014.05.14 16:02:01.859,1.82787,1.82809,1.57,1.20
2014.05.14 16:02:04.223,1.82787,1.82812,1.57,1.84
2014.05.14 16:02:04.673,1.82786,1.82812,1.57,1.84
2014.05.14 16:02:06.381,1.82784,1.82808,2.03,1.19
2014.05.14 16:02:07.597,1.82784,1.82805,1.19,1.20
2014.05.14 16:02:08.791,1.8278,1.82805,1.57,1.39
2014.05.14 16:02:09.896,1.82779,1.82805,1.57,1.39
2014.05.14 16:02:10.712,1.82779,1.82799,1.19,1.20
2014.05.14 16:02:11.242,1.82778,1.828,1.32,1.20
2014.05.14 16:02:11.552,1.82778,1.82798,1.32,1.20
2014.05.14 16:02:12.363,1.82778,1.82801,1.00,1.39
2014.05.14 16:02:12.464,1.82778,1.82794,1.00,1.20
2014.05.14 16:02:12.565,1.82772,1.82797,1.19,1.65
2014.05.14 16:02:13.109,1.82774,1.82796,1.19,1.20
2014.05.14 16:02:13.670,1.82772,1.82797,1.19,1.20
2014.05.14 16:02:13.823,1.82772,1.82797,1.19,1.20
2014.05.14 16:02:16.864,1.82772,1.82799,1.32,2.97
2014.05.14 16:02:17.368,1.82773,1.82794,1.57,1.00
2014.05.14 16:02:17.670,1.82774,1.82798,2.07,1.25
2014.05.14 16:02:19.866,1.82774,1.82799,2.07,1.00
2014.05.14 16:02:20.179,1.82775,1.82794,1.57,1.00
2014.05.14 16:02:20.501,1.82775,1.82798,1.57,1.00
2014.05.14 16:02:23.080,1.82774,1.82798,2.44,1.00
2014.05.14 16:02:26.920,1.82774,1.82799,3.19,1.25
2014.05.14 16:02:29.302,1.82774,1.82793,3.19,1.00
2014.05.14 16:02:30.116,1.82774,1.82793,2.07,1.00
2014.05.14 16:02:31.543,1.82774,1.82793,1.19,1.00
2014.05.14 16:02:32.533,1.82773,1.82793,1.32,1.00
2014.05.14 16:02:34.021,1.82774,1.82793,1.19,1.00
2014.05.14 16:02:35.928,1.82774,1.82793,1.19,1.00
2014.05.14 16:02:36.932,1.82774,1.82793,1.19,1.00
2014.05.14 16:02:37.534,1.82774,1.82793,1.19,1.00
2014.05.14 16:02:37.685,1.82772,1.82793,1.57,1.65
2014.05.14 16:02:37.887,1.82771,1.82788,1.00,1.00
2014.05.14 16:02:38.191,1.82765,1.82783,2.44,1.00
2014.05.14 16:02:38.855,1.82765,1.82783,3.19,1.00
2014.05.14 16:02:39.118,1.82765,1.82789,3.19,1.00
2014.05.14 16:02:41.060,1.82766,1.82789,1.19,1.00
2014.05.14 16:02:43.382,1.82765,1.82789,2.07,1.25
2014.05.14 16:02:43.432,1.82765,1.82786,1.32,1.20
2014.05.14 16:02:46.579,1.82765,1.82786,1.32,1.20
2014.05.14 16:02:46.952,1.82765,1.82789,1.57,1.25
2014.05.14 16:02:47.712,1.82765,1.82786,2.07,1.20
2014.05.14 16:02:52.612,1.82765,1.82786,1.19,1.20
2014.05.14 16:02:53.809,1.82765,1.82786,1.19,1.20
2014.05.14 16:02:55.636,1.82765,1.82786,1.57,1.20
2014.05.14 16:02:55.942,1.82765,1.82784,1.57,1.20
2014.05.14 16:02:56.304,1.82765,1.82786,1.19,1.20
2014.05.14 16:02:57.002,1.82765,1.82786,1.19,1.20
2014.05.14 16:02:59.313,1.82765,1.82786,1.19,1.20
2014.05.14 16:02:59.827,1.82765,1.82786,1.57,1.20
2014.05.14 16:03:00.398,1.82765,1.82786,1.32,1.20
2014.05.14 16:03:01.142,1.82765,1.82786,1.32,1.20
2014.05.14 16:03:01.193,1.82765,1.82789,1.32,1.00
2014.05.14 16:03:01.445,1.82771,1.82789,1.00,1.00
2014.05.14 16:03:01.546,1.82773,1.82793,1.57,1.00
2014.05.14 16:03:02.057,1.82771,1.82792,1.19,1.20
2014.05.14 16:03:02.107,1.82771,1.82788,1.19,1.00
2014.05.14 16:03:02.410,1.82771,1.82786,1.19,1.20
2014.05.14 16:03:02.460,1.82771,1.82786,1.00,1.20
2014.05.14 16:03:02.511,1.82766,1.82786,1.57,1.20
2014.05.14 16:03:02.712,1.82766,1.82789,1.19,1.25
2014.05.14 16:03:03.639,1.82768,1.82789,1.19,1.00
2014.05.14 16:03:04.205,1.82768,1.82786,1.19,1.20
2014.05.14 16:03:04.256,1.82766,1.82786,1.19,1.20
2014.05.14 16:03:04.357,1.82766,1.82788,1.19,1.00
2014.05.14 16:03:04.891,1.82766,1.82789,1.57,1.00
2014.05.14 16:03:05.421,1.82766,1.8279,1.94,1.09
2014.05.14 16:03:05.472,1.82771,1.82794,1.19,1.19
2014.05.14 16:03:05.935,1.82774,1.82794,1.38,1.19
2014.05.14 16:03:06.647,1.82774,1.82794,1.57,1.25
2014.05.14 16:03:07.129,1.82774,1.82792,1.57,1.20
2014.05.14 16:03:07.231,1.82774,1.82794,1.57,1.84
2014.05.14 16:03:07.828,1.82774,1.82794,1.57,1.00
2014.05.14 16:03:09.927,1.82772,1.82788,1.69,1.00
2014.05.14 16:03:10.262,1.82771,1.82788,1.94,1.00
2014.05.14 16:03:10.363,1.82771,1.82793,1.94,1.00
2014.05.14 16:03:11.398,1.82775,1.82793,1.32,1.00
2014.05.14 16:03:11.932,1.82775,1.82794,1.19,1.00
2014.05.14 16:03:15.202,1.82775,1.82789,1.19,1.00
2014.05.14 16:03:15.281,1.82775,1.82793,1.19,1.00
2014.05.14 16:03:15.764,1.82774,1.82798,1.19,1.13
2014.05.14 16:03:16.090,1.82777,1.82798,1.19,1.13
2014.05.14 16:03:17.513,1.82775,1.82798,1.19,1.13
2014.05.14 16:03:24.304,1.82775,1.82794,1.69,1.00
2014.05.14 16:03:24.851,1.82775,1.82798,1.19,1.32
2014.05.14 16:03:25.388,1.82775,1.82798,1.19,1.13
2014.05.14 16:03:26.092,1.82774,1.82793,1.32,1.00
2014.05.14 16:03:26.143,1.82773,1.82793,1.19,1.00
2014.05.14 16:03:26.648,1.82769,1.82792,1.19,1.20
2014.05.14 16:03:26.831,1.82769,1.82794,1.19,1.84
2014.05.14 16:03:27.492,1.82769,1.82794,1.19,1.84
2014.05.14 16:03:28.861,1.82767,1.82794,1.19,1.69
2014.05.14 16:03:29.435,1.82771,1.82794,1.00,1.19
2014.05.14 16:03:29.486,1.82771,1.82797,1.25,2.07
2014.05.14 16:03:31.009,1.82771,1.82797,1.25,1.32
2014.05.14 16:03:31.466,1.82774,1.82794,1.20,1.19
2014.05.14 16:03:31.517,1.82774,1.82794,1.39,1.00
2014.05.14 16:03:31.568,1.82775,1.82799,1.19,1.00
2014.05.14 16:03:31.619,1.82776,1.82799,1.19,1.00
2014.05.14 16:03:31.821,1.82776,1.82803,1.32,1.19
2014.05.14 16:03:31.972,1.82779,1.82803,1.19,1.00
2014.05.14 16:03:32.514,1.82779,1.82804,1.19,2.07
2014.05.14 16:03:33.108,1.82779,1.82804,1.19,2.07
2014.05.14 16:03:34.280,1.82779,1.82804,1.19,2.07
2014.05.14 16:03:41.502,1.82779,1.82802,1.69,1.20
2014.05.14 16:03:41.806,1.82779,1.82804,1.69,1.84
2014.05.14 16:03:42.023,1.82779,1.82804,1.19,1.84
2014.05.14 16:03:43.829,1.82779,1.82803,1.19,1.84
2014.05.14 16:03:48.391,1.82779,1.82803,1.57,1.65
2014.05.14 16:03:48.441,1.82779,1.82806,2.59,1.00
2014.05.14 16:03:48.492,1.82783,1.82809,1.50,1.00
2014.05.14 16:03:48.594,1.82786,1.82812,1.50,1.65
2014.05.14 16:03:48.746,1.82789,1.82812,1.00,1.65
2014.05.14 16:03:49.049,1.82786,1.82812,2.44,1.00
2014.05.14 16:03:49.471,1.82787,1.82814,1.94,1.20
2014.05.14 16:03:50.911,1.82787,1.82815,2.44,1.65
2014.05.14 16:03:51.442,1.82787,1.82814,2.44,1.20
2014.05.14 16:03:51.492,1.8279,1.82814,1.32,1.20
2014.05.14 16:03:51.832,1.8279,1.82812,1.32,1.00
2014.05.14 16:03:53.391,1.82788,1.82809,1.94,1.00
2014.05.14 16:03:53.592,1.82784,1.82803,1.19,1.00
2014.05.14 16:03:53.794,1.8278,1.82803,1.32,1.00
2014.05.14 16:03:54.308,1.8278,1.82802,1.32,1.20
2014.05.14 16:03:54.409,1.82778,1.82803,1.69,2.59
2014.05.14 16:03:55.092,1.82781,1.82803,2.03,1.00
2014.05.14 16:03:55.143,1.82787,1.82806,1.72,1.00
2014.05.14 16:03:55.193,1.82788,1.82806,1.09,1.00
2014.05.14 16:03:55.294,1.8279,1.82817,3.72,1.00
2014.05.14 16:03:55.805,1.82791,1.82818,1.19,1.50
2014.05.14 16:03:56.417,1.8279,1.82817,1.57,1.20
2014.05.14 16:03:56.518,1.82789,1.82814,2.07,1.00
2014.05.14 16:03:57.593,1.82789,1.82814,1.69,1.00
2014.05.14 16:03:59.109,1.82788,1.82814,2.44,1.00
2014.05.14 16:04:01.246,1.82792,1.82815,1.19,1.20
2014.05.14 16:04:01.576,1.82791,1.82818,2.44,1.00
2014.05.14 16:04:01.901,1.82791,1.82813,1.57,1.20
2014.05.14 16:04:02.935,1.8279,1.82813,1.94,1.20
2014.05.14 16:04:03.936,1.8279,1.82813,1.94,1.20
2014.05.14 16:04:06.203,1.8279,1.82813,1.57,1.20
2014.05.14 16:04:09.066,1.8279,1.82813,1.57,1.28
2014.05.14 16:04:10.169,1.82787,1.82813,2.07,2.03
2014.05.14 16:04:11.975,1.82787,1.82813,1.57,2.03
2014.05.14 16:04:13.083,1.82787,1.82813,2.07,1.13
2014.05.14 16:04:15.589,1.82791,1.82813,1.19,1.20
2014.05.14 16:04:15.881,1.82791,1.82815,1.19,1.28
2014.05.14 16:04:15.982,1.82795,1.82819,1.00,1.39
2014.05.14 16:04:16.184,1.82795,1.8282,1.57,1.28
2014.05.14 16:04:16.234,1.82794,1.82818,2.07,1.00
2014.05.14 16:04:17.035,1.82794,1.82818,1.32,1.00
2014.05.14 16:04:17.086,1.82795,1.82821,1.19,2.03
2014.05.14 16:04:17.321,1.82792,1.82818,2.44,1.00
2014.05.14 16:04:18.309,1.82794,1.82818,1.69,1.00
2014.05.14 16:04:19.399,1.82795,1.82821,1.19,1.63
2014.05.14 16:04:19.701,1.82795,1.82821,1.57,1.13
2014.05.14 16:04:20.009,1.82795,1.82821,1.57,1.38
2014.05.14 16:04:21.330,1.82795,1.82813,1.19,1.00
2014.05.14 16:04:21.380,1.82795,1.82812,1.00,1.20
2014.05.14 16:04:21.582,1.82793,1.82813,1.69,1.00
2014.05.14 16:04:21.632,1.82793,1.82816,2.07,1.20
2014.05.14 16:04:21.683,1.82794,1.82819,1.19,1.00
2014.05.14 16:04:22.120,1.82794,1.82817,1.19,1.20
2014.05.14 16:04:22.221,1.82794,1.82819,1.69,1.20
2014.05.14 16:04:24.045,1.82794,1.82819,1.19,1.28
2014.05.14 16:04:25.012,1.82794,1.8282,1.19,1.00
2014.05.14 16:04:25.063,1.82798,1.82819,1.19,1.20
2014.05.14 16:04:25.163,1.82798,1.82822,1.84,1.13
2014.05.14 16:04:25.366,1.82801,1.82822,1.84,1.00
2014.05.14 16:04:25.467,1.82805,1.82831,1.19,1.19
2014.05.14 16:04:26.312,1.82801,1.82828,1.57,1.00
2014.05.14 16:04:27.790,1.82801,1.82823,1.57,1.00
2014.05.14 16:04:27.891,1.828,1.82823,1.57,1.00
2014.05.14 16:04:28.201,1.82797,1.82816,1.57,1.00
2014.05.14 16:04:28.302,1.82794,1.82816,1.19,1.13
2014.05.14 16:04:28.874,1.82788,1.82816,2.44,2.97
2014.05.14 16:04:29.074,1.82789,1.82816,1.19,2.97
2014.05.14 16:04:31.387,1.82788,1.82814,1.69,1.69
2014.05.14 16:04:32.389,1.82788,1.82814,1.19,1.69
2014.05.14 16:04:33.694,1.82788,1.82814,1.19,2.59
2014.05.14 16:04:34.910,1.82786,1.82813,1.69,1.19
2014.05.14 16:04:36.525,1.82787,1.82812,1.57,1.19
2014.05.14 16:04:38.826,1.82787,1.82812,1.57,1.84
2014.05.14 16:04:39.129,1.82789,1.8281,1.19,1.20
2014.05.14 16:04:39.662,1.82789,1.82811,1.19,1.00
2014.05.14 16:04:39.863,1.82786,1.82811,1.69,1.00
2014.05.14 16:04:40.467,1.82784,1.8281,1.94,1.00
2014.05.14 16:04:40.669,1.82784,1.82807,1.57,1.00
2014.05.14 16:04:41.241,1.82783,1.82807,1.19,1.00
2014.05.14 16:04:42.343,1.82779,1.82807,3.19,1.00
2014.05.14 16:04:42.910,1.82779,1.82806,2.44,1.20
2014.05.14 16:04:43.419,1.82779,1.82805,2.44,1.00
2014.05.14 16:04:43.950,1.82778,1.82805,3.57,1.00
2014.05.14 16:04:45.273,1.82779,1.82807,2.44,1.84
2014.05.14 16:04:46.369,1.82779,1.82807,2.44,1.65
2014.05.14 16:04:46.779,1.82779,1.82804,1.57,1.20
2014.05.14 16:04:46.880,1.82778,1.82804,1.19,1.84
2014.05.14 16:04:46.991,1.82778,1.82801,1.19,1.20
2014.05.14 16:04:47.194,1.82778,1.82803,1.19,1.20
2014.05.14 16:04:47.454,1.82778,1.82801,1.19,1.20
2014.05.14 16:04:48.020,1.82778,1.82801,1.25,1.20
2014.05.14 16:04:48.073,1.82778,1.82803,1.25,1.09
2014.05.14 16:04:48.614,1.82776,1.82802,1.32,1.00
2014.05.14 16:04:48.927,1.82776,1.82802,1.32,1.00
2014.05.14 16:04:49.467,1.82778,1.82804,1.19,1.84
2014.05.14 16:04:49.978,1.82778,1.82804,1.19,1.84
2014.05.14 16:04:50.286,1.82776,1.82802,1.69,1.65
2014.05.14 16:04:51.229,1.82776,1.82802,1.57,1.84
2014.05.14 16:04:52.241,1.82778,1.82803,1.57,1.00
2014.05.14 16:04:53.023,1.8278,1.82805,1.19,1.39
2014.05.14 16:04:53.225,1.8278,1.82802,1.25,1.20
2014.05.14 16:04:53.930,1.82779,1.82802,1.57,1.00
2014.05.14 16:04:53.981,1.82779,1.82804,1.57,1.25
2014.05.14 16:04:55.042,1.82782,1.82807,1.19,1.84
2014.05.14 16:04:55.577,1.82782,1.82804,1.32,1.00
2014.05.14 16:04:56.938,1.82785,1.82804,1.19,1.20
2014.05.14 16:04:57.139,1.82787,1.82806,1.65,1.20
2014.05.14 16:04:57.291,1.82787,1.82809,1.65,1.25
2014.05.14 16:04:57.341,1.82788,1.82809,1.57,1.00
2014.05.14 16:04:57.852,1.82785,1.82809,1.28,1.00
2014.05.14 16:04:58.450,1.82784,1.82808,1.32,1.65
2014.05.14 16:04:58.978,1.82782,1.82808,1.19,1.65
2014.05.14 16:05:00.296,1.82782,1.82808,1.19,1.84
2014.05.14 16:05:01.293,1.82781,1.82808,1.32,1.84
2014.05.14 16:05:02.583,1.82782,1.82808,2.07,1.19
2014.05.14 16:05:03.573,1.82781,1.82808,1.69,1.69
2014.05.14 16:05:04.618,1.82785,1.82808,1.19,1.50
2014.05.14 16:05:04.719,1.82785,1.8281,1.19,1.00
2014.05.14 16:05:05.787,1.82787,1.8281,1.19,1.25
2014.05.14 16:05:06.517,1.82787,1.82809,1.19,1.20
2014.05.14 16:05:07.998,1.82784,1.82809,2.82,1.09
2014.05.14 16:05:12.049,1.82786,1.82809,1.19,1.20
2014.05.14 16:05:15.352,1.82787,1.82809,1.19,1.20
2014.05.14 16:05:15.560,1.8278,1.82804,1.90,1.20
2014.05.14 16:05:15.611,1.8278,1.82802,1.57,1.20
2014.05.14 16:05:16.114,1.82778,1.82804,2.07,1.84
2014.05.14 16:05:16.860,1.82778,1.82804,1.57,1.84
2014.05.14 16:05:17.872,1.82778,1.82801,1.19,1.39
2014.05.14 16:05:19.874,1.82778,1.82803,2.07,1.39
2014.05.14 16:05:21.080,1.82778,1.82803,1.19,1.39
2014.05.14 16:05:21.280,1.82778,1.82803,1.19,1.39
2014.05.14 16:05:22.602,1.82776,1.82802,2.07,1.19
2014.05.14 16:05:23.190,1.82776,1.828,1.32,1.20
2014.05.14 16:05:23.291,1.82774,1.828,1.69,1.20
2014.05.14 16:05:26.508,1.82773,1.828,1.94,1.84
2014.05.14 16:05:26.825,1.82767,1.82793,2.07,1.39
2014.05.14 16:05:27.179,1.82767,1.82789,1.19,1.19
2014.05.14 16:05:28.528,1.82766,1.82789,1.57,1.25
2014.05.14 16:05:31.986,1.82763,1.82789,2.44,1.00
2014.05.14 16:05:32.976,1.82764,1.82789,1.57,1.19
2014.05.14 16:05:35.450,1.82763,1.82789,1.57,1.25
2014.05.14 16:05:37.055,1.82763,1.82789,1.57,1.19
2014.05.14 16:05:38.109,1.82762,1.82787,1.32,1.20
2014.05.14 16:05:38.661,1.8276,1.82787,2.44,1.20
2014.05.14 16:05:40.099,1.8276,1.82787,2.44,1.39
2014.05.14 16:05:41.407,1.8276,1.82787,1.57,1.39
2014.05.14 16:05:44.686,1.8276,1.82787,1.32,1.39
2014.05.14 16:05:45.934,1.82759,1.82785,1.57,1.19
2014.05.14 16:05:50.224,1.82759,1.82785,1.19,1.19
2014.05.14 16:05:51.132,1.82757,1.82783,2.44,1.25
2014.05.14 16:06:02.073,1.82757,1.82783,2.44,1.25
2014.05.14 16:06:02.847,1.82757,1.82781,1.94,1.00
2014.05.14 16:06:03.703,1.82757,1.82784,1.94,1.19
2014.05.14 16:06:03.908,1.82757,1.82784,1.94,1.19
2014.05.14 16:06:05.000,1.82757,1.82784,1.94,1.19
2014.05.14 16:06:06.790,1.82754,1.8278,2.07,1.39
2014.05.14 16:06:07.803,1.82752,1.82779,1.94,1.84
2014.05.14 16:06:08.315,1.82751,1.82779,1.94,1.19
2014.05.14 16:06:08.467,1.8275,1.82776,3.19,1.00
2014.05.14 16:06:09.498,1.8275,1.82776,2.44,1.19
2014.05.14 16:06:09.801,1.82757,1.82782,2.44,1.00
2014.05.14 16:06:10.619,1.82759,1.82782,1.69,1.00
2014.05.14 16:06:11.130,1.82759,1.82785,1.69,1.84
2014.05.14 16:06:11.807,1.82757,1.82785,3.19,1.84
2014.05.14 16:06:12.544,1.82757,1.82783,3.19,1.20
2014.05.14 16:06:12.923,1.82759,1.82783,1.69,1.20
2014.05.14 16:06:13.841,1.82759,1.82782,1.69,1.00
2014.05.14 16:06:15.143,1.82759,1.82783,1.69,1.65
2014.05.14 16:06:15.430,1.82757,1.82783,3.19,1.65
2014.05.14 16:06:16.829,1.82757,1.82783,2.44,1.65
2014.05.14 16:06:17.975,1.82757,1.82783,3.19,1.00
2014.05.14 16:06:19.341,1.82758,1.82783,1.94,1.00
2014.05.14 16:06:26.470,1.8276,1.82783,1.19,1.00
2014.05.14 16:06:31.992,1.8276,1.82783,1.19,1.00
2014.05.14 16:06:33.331,1.82757,1.82783,1.94,1.00
2014.05.14 16:06:33.432,1.8276,1.82785,1.28,1.20
2014.05.14 16:06:33.964,1.8276,1.82787,1.28,1.19
2014.05.14 16:06:34.480,1.82759,1.82786,2.44,1.20
2014.05.14 16:06:34.531,1.82759,1.82784,1.94,1.00
2014.05.14 16:06:38.019,1.82759,1.82784,1.94,1.00
2014.05.14 16:06:40.058,1.82759,1.82784,1.94,1.00
2014.05.14 16:06:43.449,1.82758,1.82784,2.44,1.00
2014.05.14 16:06:46.265,1.8276,1.82784,1.32,1.25
2014.05.14 16:06:48.968,1.82759,1.82784,1.57,1.00
2014.05.14 16:06:55.297,1.82759,1.82784,1.57,1.19
2014.05.14 16:06:56.113,1.82754,1.82782,1.94,1.19
2014.05.14 16:06:57.822,1.82754,1.82781,2.07,1.39
2014.05.14 16:07:05.087,1.82753,1.82779,1.69,1.00
2014.05.14 16:07:05.667,1.82755,1.82781,1.57,1.00
2014.05.14 16:07:06.456,1.82755,1.82781,1.94,1.00
2014.05.14 16:07:06.969,1.82756,1.82781,1.69,1.00
2014.05.14 16:07:07.070,1.82757,1.82785,1.57,1.84
2014.05.14 16:07:08.051,1.82759,1.82785,1.19,1.00
2014.05.14 16:07:08.383,1.82759,1.82781,1.19,1.00
2014.05.14 16:07:08.843,1.82758,1.82784,1.69,1.00
2014.05.14 16:07:10.564,1.8276,1.82784,1.19,1.00
2014.05.14 16:07:11.592,1.82759,1.82784,1.69,1.00
2014.05.14 16:07:14.884,1.8276,1.82784,1.19,1.00
2014.05.14 16:07:16.403,1.8276,1.82784,1.19,1.00
2014.05.14 16:07:19.822,1.82761,1.82784,1.57,1.00
2014.05.14 16:07:22.340,1.8276,1.82784,1.57,1.00
2014.05.14 16:07:24.768,1.82758,1.82784,1.57,1.19
2014.05.14 16:07:25.108,1.82758,1.8278,1.19,1.20
2014.05.14 16:07:26.375,1.82755,1.8278,1.19,1.09
2014.05.14 16:07:26.729,1.82754,1.82782,3.34,1.00
2014.05.14 16:07:27.084,1.82759,1.82786,1.19,1.84
2014.05.14 16:07:27.392,1.82759,1.82779,1.19,1.20
2014.05.14 16:07:27.493,1.82759,1.82781,1.19,1.20
2014.05.14 16:07:28.031,1.82759,1.82781,1.19,1.20
2014.05.14 16:07:28.779,1.82756,1.82781,1.19,1.39
2014.05.14 16:07:29.078,1.82757,1.82781,1.19,1.20
2014.05.14 16:07:29.129,1.82757,1.82783,1.19,1.25
2014.05.14 16:07:29.180,1.82757,1.82779,1.19,1.00
2014.05.14 16:07:30.301,1.82758,1.82779,1.19,1.00
2014.05.14 16:07:31.411,1.82761,1.82783,1.19,1.00
2014.05.14 16:07:31.714,1.82759,1.8278,2.07,1.00
2014.05.14 16:07:32.287,1.82761,1.8278,1.19,1.00
2014.05.14 16:07:32.703,1.82761,1.82785,1.69,1.20
2014.05.14 16:07:33.501,1.82761,1.82786,1.69,1.00
2014.05.14 16:07:34.032,1.82762,1.82786,1.19,1.00
2014.05.14 16:07:36.405,1.82764,1.82786,1.19,1.00
2014.05.14 16:07:38.310,1.82766,1.82786,1.19,1.00
2014.05.14 16:07:39.421,1.82764,1.82786,1.19,1.00
2014.05.14 16:07:41.653,1.82765,1.82786,1.19,1.00
2014.05.14 16:07:43.030,1.82763,1.82786,1.19,1.25
2014.05.14 16:07:44.908,1.82763,1.82783,1.19,1.00
2014.05.14 16:07:45.969,1.82765,1.82783,1.57,1.00
2014.05.14 16:07:46.020,1.82768,1.82788,1.94,1.20
2014.05.14 16:07:46.071,1.82769,1.82794,1.19,1.00
2014.05.14 16:07:46.579,1.82772,1.82794,1.00,1.00
2014.05.14 16:07:46.885,1.82773,1.82794,1.57,1.00
2014.05.14 16:07:47.042,1.82773,1.82797,2.07,1.19
2014.05.14 16:07:47.092,1.82776,1.82797,1.69,1.00
2014.05.14 16:07:48.191,1.82782,1.82797,1.47,1.00
2014.05.14 16:07:48.241,1.82782,1.82801,1.47,1.00
2014.05.14 16:07:48.292,1.82782,1.82801,1.47,1.00
2014.05.14 16:07:49.315,1.82782,1.82804,1.57,1.00
2014.05.14 16:07:49.847,1.82786,1.82804,1.19,1.00
2014.05.14 16:07:51.289,1.82786,1.82804,1.19,1.00
2014.05.14 16:07:51.598,1.82783,1.82804,1.39,1.00
2014.05.14 16:07:51.990,1.82787,1.82801,1.25,1.00
2014.05.14 16:07:52.932,1.82787,1.82804,1.25,1.00
2014.05.14 16:07:53.529,1.82787,1.82804,1.53,1.00
2014.05.14 16:07:53.739,1.82796,1.82811,2.78,1.00
2014.05.14 16:07:53.842,1.82796,1.82814,2.40,1.00
2014.05.14 16:07:53.943,1.82799,1.82822,1.00,2.82
2014.05.14 16:07:54.099,1.82794,1.82821,2.25,1.00
2014.05.14 16:07:54.310,1.82794,1.82822,2.25,1.25
2014.05.14 16:07:54.820,1.82794,1.82819,2.44,1.00
2014.05.14 16:07:55.144,1.82796,1.82819,2.44,1.00
2014.05.14 16:07:55.245,1.82796,1.82815,1.50,1.00
2014.05.14 16:07:55.296,1.82792,1.82815,1.19,1.00
2014.05.14 16:07:55.397,1.82789,1.82808,1.32,1.00
2014.05.14 16:07:56.306,1.82783,1.82808,1.19,1.38
2014.05.14 16:07:56.429,1.82782,1.82806,1.32,1.38
2014.05.14 16:07:56.936,1.82778,1.82802,1.69,2.03
2014.05.14 16:07:57.140,1.82778,1.82796,1.00,1.00
2014.05.14 16:07:57.442,1.8277,1.82789,1.00,2.78
2014.05.14 16:07:57.644,1.82763,1.82784,1.32,1.00
2014.05.14 16:07:57.857,1.82759,1.82784,1.32,1.13
2014.05.14 16:07:58.249,1.82759,1.82778,1.19,1.00
2014.05.14 16:07:58.451,1.82756,1.82778,1.39,1.00
2014.05.14 16:08:00.390,1.82754,1.82778,1.69,1.50
2014.05.14 16:08:00.441,1.82753,1.82771,2.07,1.00
2014.05.14 16:08:00.492,1.82752,1.82771,1.25,1.00
2014.05.14 16:08:00.644,1.82744,1.82765,1.57,1.00
2014.05.14 16:08:00.810,1.82739,1.82765,2.97,1.00
2014.05.14 16:08:00.865,1.82739,1.82765,2.22,1.00
2014.05.14 16:08:01.527,1.82737,1.82759,1.77,1.00
2014.05.14 16:08:02.043,1.82737,1.82759,1.77,1.00
2014.05.14 16:08:03.614,1.82737,1.82759,1.77,1.00
2014.05.14 16:08:04.786,1.82737,1.82759,1.77,1.00
2014.05.14 16:08:08.703,1.82736,1.82759,1.57,1.00
2014.05.14 16:08:10.703,1.82738,1.82759,1.77,1.00
2014.05.14 16:08:10.905,1.82743,1.82761,1.77,1.00
2014.05.14 16:08:10.955,1.82743,1.82761,1.77,1.00
2014.05.14 16:08:11.107,1.82743,1.82764,1.77,1.00
2014.05.14 16:08:12.066,1.82741,1.82764,1.39,1.00
2014.05.14 16:08:12.117,1.8274,1.82762,1.47,1.00
2014.05.14 16:08:12.218,1.82745,1.82764,1.09,1.00
2014.05.14 16:08:12.268,1.82745,1.82764,1.39,1.00
2014.05.14 16:08:12.671,1.82741,1.82764,1.77,1.00
2014.05.14 16:08:13.273,1.82743,1.82761,1.39,1.00
2014.05.14 16:08:15.754,1.82741,1.82761,1.47,1.00
2014.05.14 16:08:16.815,1.82741,1.82764,1.47,1.00
2014.05.14 16:08:16.916,1.82746,1.82767,1.65,1.00
2014.05.14 16:08:17.420,1.82741,1.82767,2.97,1.00
2014.05.14 16:08:17.974,1.82747,1.82769,1.57,1.00
2014.05.14 16:08:18.176,1.82742,1.82769,1.77,1.00
2014.05.14 16:08:18.832,1.82742,1.82765,1.77,1.00
2014.05.14 16:08:19.302,1.82742,1.82767,1.77,1.00
2014.05.14 16:08:20.667,1.82742,1.82767,1.77,1.00
2014.05.14 16:08:20.717,1.82742,1.82765,1.77,1.00
2014.05.14 16:08:21.464,1.82742,1.82765,1.77,1.00
2014.05.14 16:08:23.297,1.82742,1.82765,1.77,1.00
2014.05.14 16:08:28.300,1.82742,1.82765,1.77,1.00
2014.05.14 16:08:29.303,1.82742,1.82765,1.58,1.00
2014.05.14 16:08:30.610,1.82742,1.82765,1.77,1.00
2014.05.14 16:08:30.761,1.82742,1.82763,1.77,1.00
2014.05.14 16:08:30.913,1.82735,1.82762,2.44,1.20
2014.05.14 16:08:31.443,1.82735,1.82761,1.84,1.00
2014.05.14 16:08:36.594,1.82733,1.82761,2.44,1.25
2014.05.14 16:08:37.690,1.82734,1.82761,2.07,1.25
2014.05.14 16:08:38.995,1.82733,1.82761,2.82,1.19
2014.05.14 16:08:39.096,1.82733,1.82761,2.82,1.25
2014.05.14 16:08:41.404,1.82733,1.82761,5.22,1.19
2014.05.14 16:08:42.499,1.8274,1.82761,1.00,1.19
2014.05.14 16:08:43.012,1.82739,1.82763,1.00,1.19
2014.05.14 16:08:43.328,1.82744,1.82763,1.00,1.19
2014.05.14 16:08:47.021,1.82744,1.82765,1.00,1.32
2014.05.14 16:08:48.062,1.82743,1.82765,1.00,1.32
2014.05.14 16:08:49.834,1.82739,1.82765,1.00,1.32
2014.05.14 16:08:50.277,1.82739,1.82759,1.50,1.00
2014.05.14 16:08:50.631,1.82734,1.82759,2.25,1.00
2014.05.14 16:08:50.732,1.82736,1.82762,1.00,1.19
2014.05.14 16:08:50.783,1.82738,1.82762,1.00,1.19
2014.05.14 16:08:50.985,1.82735,1.82762,1.00,1.19
2014.05.14 16:08:51.396,1.82737,1.82762,1.00,1.19
2014.05.14 16:08:51.699,1.82734,1.82758,2.07,1.00
2014.05.14 16:08:52.232,1.82736,1.82759,1.00,1.20
2014.05.14 16:08:52.822,1.82734,1.82759,1.63,1.20
2014.05.14 16:08:53.344,1.82734,1.82762,1.94,1.19
2014.05.14 16:08:53.853,1.82737,1.82763,1.00,1.19
2014.05.14 16:08:56.882,1.82734,1.82762,1.38,1.32
2014.05.14 16:08:58.585,1.82733,1.82759,1.57,1.19
2014.05.14 16:08:59.993,1.82733,1.82759,1.57,1.00
2014.05.14 16:09:03.827,1.82733,1.82759,1.57,1.00
2014.05.14 16:09:06.135,1.82733,1.82758,1.57,1.00
2014.05.14 16:09:10.650,1.82733,1.82758,1.57,1.00
2014.05.14 16:09:11.753,1.82733,1.82758,1.57,1.00
2014.05.14 16:09:12.277,1.82733,1.82759,1.00,1.38
2014.05.14 16:09:12.328,1.82733,1.82753,1.00,1.00
2014.05.14 16:09:12.580,1.82724,1.82748,1.38,1.32
2014.05.14 16:09:12.739,1.82722,1.82739,1.00,1.00
2014.05.14 16:09:13.252,1.82722,1.82738,1.00,1.00
2014.05.14 16:09:13.404,1.82715,1.82737,1.00,1.00
2014.05.14 16:09:14.297,1.82711,1.82737,1.94,1.00
2014.05.14 16:09:16.895,1.82711,1.82737,1.00,1.69
2014.05.14 16:09:16.996,1.82705,1.82729,1.00,1.00
2014.05.14 16:09:17.198,1.82704,1.82729,1.19,1.19
2014.05.14 16:09:17.299,1.82703,1.82729,2.25,1.69
2014.05.14 16:09:17.400,1.82706,1.82729,1.20,1.25
2014.05.14 16:09:17.706,1.82704,1.82725,1.00,1.25
2014.05.14 16:09:18.208,1.827,1.82725,1.39,1.25
2014.05.14 16:09:20.528,1.827,1.82725,1.39,1.19
2014.05.14 16:09:20.679,1.82709,1.82727,1.00,1.19
2014.05.14 16:09:20.730,1.82709,1.82728,1.00,1.00
2014.05.14 16:09:20.881,1.82709,1.82731,1.00,1.19
2014.05.14 16:09:20.982,1.82704,1.82731,1.28,1.19
2014.05.14 16:09:21.316,1.82703,1.82727,1.50,1.19
2014.05.14 16:09:21.671,1.82705,1.82727,1.20,1.19
2014.05.14 16:09:21.822,1.82709,1.8273,1.00,1.32
2014.05.14 16:09:22.335,1.82703,1.8273,1.39,1.25
2014.05.14 16:09:22.689,1.82703,1.82726,1.39,1.00
2014.05.14 16:09:22.992,1.82706,1.8273,1.77,1.00
2014.05.14 16:09:23.496,1.82706,1.8273,1.77,1.00
2014.05.14 16:09:24.423,1.82706,1.82732,1.84,1.19
2014.05.14 16:09:24.776,1.82703,1.82729,1.47,1.00
2014.05.14 16:09:25.078,1.82699,1.82724,2.14,1.00
2014.05.14 16:09:25.179,1.82699,1.82724,2.14,1.00
2014.05.14 16:09:27.510,1.82699,1.82724,1.84,1.25
2014.05.14 16:09:28.346,1.82699,1.82724,2.14,1.25
2014.05.14 16:09:28.397,1.82702,1.82724,2.18,1.25
2014.05.14 16:09:28.600,1.82704,1.8273,1.69,1.69
2014.05.14 16:09:28.802,1.82701,1.82723,1.19,1.00
2014.05.14 16:09:29.585,1.82698,1.82723,2.59,1.00
2014.05.14 16:09:29.685,1.82701,1.82727,1.28,1.25
2014.05.14 16:09:30.038,1.82699,1.82723,2.59,1.00
2014.05.14 16:09:30.685,1.82699,1.82723,2.14,1.00
2014.05.14 16:09:31.802,1.82702,1.82723,1.20,1.00
2014.05.14 16:09:31.903,1.82703,1.82728,1.20,1.19
2014.05.14 16:09:31.954,1.82706,1.82728,1.00,1.19
2014.05.14 16:09:32.005,1.82706,1.8273,1.00,1.25
2014.05.14 16:09:32.508,1.82702,1.8273,1.57,1.25
2014.05.14 16:09:32.871,1.827,1.82725,2.14,1.00
2014.05.14 16:09:34.262,1.827,1.82725,1.77,1.00
2014.05.14 16:09:34.818,1.827,1.82725,1.77,1.00
2014.05.14 16:09:35.411,1.827,1.82725,1.39,1.00
2014.05.14 16:09:36.456,1.82698,1.82725,1.69,1.19
2014.05.14 16:09:36.507,1.82697,1.82721,2.14,1.00
2014.05.14 16:09:38.368,1.82697,1.82718,1.84,1.00
2014.05.14 16:09:38.863,1.82695,1.82718,1.32,1.00
2014.05.14 16:09:39.822,1.82693,1.82718,3.19,1.19
2014.05.14 16:09:40.353,1.82694,1.82708,1.32,1.00
2014.05.14 16:09:40.555,1.8268,1.82706,2.44,1.00
2014.05.14 16:09:40.656,1.82684,1.82706,1.25,1.69
2014.05.14 16:09:41.458,1.8268,1.82706,1.94,1.19
2014.05.14 16:09:41.609,1.82679,1.82703,1.94,1.00
2014.05.14 16:09:43.659,1.82682,1.82705,1.19,1.25
2014.05.14 16:09:43.709,1.82682,1.82705,1.57,1.00
2014.05.14 16:09:44.012,1.82692,1.82714,1.63,1.00
2014.05.14 16:09:45.184,1.82693,1.82714,1.19,1.00
2014.05.14 16:09:45.666,1.82689,1.82717,1.94,1.65
2014.05.14 16:09:46.301,1.82689,1.82717,3.34,1.00
2014.05.14 16:09:46.631,1.82691,1.82714,1.19,1.00
2014.05.14 16:09:46.832,1.82688,1.82711,1.65,1.00
2014.05.14 16:09:47.084,1.82693,1.82716,1.00,1.19
2014.05.14 16:09:47.135,1.8269,1.82716,1.94,1.19
2014.05.14 16:09:47.664,1.8269,1.82716,1.94,1.00
2014.05.14 16:09:48.052,1.82691,1.82719,2.44,1.69
2014.05.14 16:09:48.386,1.82691,1.82716,1.94,1.00
2014.05.14 16:09:49.199,1.82689,1.82716,1.94,1.00
2014.05.14 16:09:50.606,1.82692,1.82718,1.94,1.19
2014.05.14 16:09:52.125,1.82694,1.82718,1.25,1.19
2014.05.14 16:09:53.330,1.82694,1.82718,1.19,1.19
2014.05.14 16:09:57.552,1.82694,1.82718,1.19,1.25
2014.05.14 16:10:00.095,1.82693,1.82718,1.13,1.73
2014.05.14 16:10:00.398,1.82685,1.82708,1.32,1.00
2014.05.14 16:10:00.562,1.82685,1.82707,1.13,1.20
2014.05.14 16:10:00.814,1.82685,1.82704,1.00,1.00
2014.05.14 16:10:01.141,1.82681,1.82704,1.69,1.00
2014.05.14 16:10:02.672,1.8268,1.82704,2.14,1.19
2014.05.14 16:10:03.976,1.82679,1.82705,2.44,1.25
2014.05.14 16:10:05.796,1.82679,1.82705,1.94,1.25
2014.05.14 16:10:09.290,1.82676,1.82703,2.59,1.00
2014.05.14 16:10:09.341,1.82676,1.82703,2.14,1.19
2014.05.14 16:10:09.645,1.82674,1.827,1.94,1.25
2014.05.14 16:10:11.732,1.82674,1.827,1.94,1.00
2014.05.14 16:10:15.165,1.82674,1.827,1.94,1.00
2014.05.14 16:10:21.051,1.82673,1.82699,2.59,1.00
2014.05.14 16:10:22.047,1.82672,1.82699,1.94,1.19
2014.05.14 16:10:22.818,1.82673,1.82694,1.57,1.00
2014.05.14 16:10:22.869,1.82669,1.82694,2.59,1.25
2014.05.14 16:10:22.920,1.82669,1.82694,1.84,1.25
2014.05.14 16:10:23.870,1.82669,1.82694,1.77,1.00
2014.05.14 16:10:25.563,1.82669,1.82694,1.77,1.00
2014.05.14 16:10:27.359,1.82669,1.82694,2.55,1.00
2014.05.14 16:10:27.511,1.82676,1.82698,2.44,1.00
2014.05.14 16:10:27.662,1.82676,1.82698,2.07,1.00
2014.05.14 16:10:27.713,1.82676,1.82698,1.19,1.00
2014.05.14 16:10:28.322,1.82671,1.82697,1.77,1.00
2014.05.14 16:10:29.694,1.82671,1.82697,1.39,1.38
2014.05.14 16:10:30.004,1.82671,1.82693,1.47,1.00
2014.05.14 16:10:30.383,1.82671,1.82693,1.47,1.00
2014.05.14 16:10:31.631,1.82677,1.82693,1.09,1.00
2014.05.14 16:10:31.730,1.82677,1.82699,1.09,1.19
2014.05.14 16:10:31.987,1.82669,1.82696,1.69,1.00
2014.05.14 16:10:32.608,1.8267,1.82696,1.90,1.65
2014.05.14 16:10:32.759,1.82676,1.82698,1.19,1.50
2014.05.14 16:10:32.963,1.82679,1.82696,1.13,1.00
2014.05.14 16:10:33.166,1.82678,1.82701,1.47,1.00
2014.05.14 16:10:33.317,1.82679,1.82701,1.19,1.00
2014.05.14 16:10:33.827,1.8268,1.82706,1.19,1.00
2014.05.14 16:10:34.281,1.8268,1.82704,1.84,1.00
2014.05.14 16:10:34.785,1.8268,1.82704,2.59,1.00
2014.05.14 16:10:34.936,1.82687,1.82709,1.59,1.19
2014.05.14 16:10:34.987,1.82686,1.8271,2.18,1.19
2014.05.14 16:10:35.038,1.82689,1.8271,2.59,1.00
2014.05.14 16:10:35.139,1.82692,1.82714,1.19,1.00
2014.05.14 16:10:35.340,1.82692,1.82718,1.19,2.07
2014.05.14 16:10:35.737,1.82694,1.82718,1.19,2.07
2014.05.14 16:10:39.822,1.82692,1.82717,1.19,1.13
2014.05.14 16:10:41.227,1.82692,1.82717,1.19,1.32
2014.05.14 16:10:41.754,1.82692,1.82715,1.19,1.00
2014.05.14 16:10:41.956,1.82689,1.82715,3.19,1.84
2014.05.14 16:10:42.627,1.82686,1.82712,1.94,1.00
2014.05.14 16:10:42.961,1.82688,1.82715,1.94,1.09
2014.05.14 16:10:43.483,1.82688,1.82715,1.57,1.39
2014.05.14 16:10:43.533,1.82685,1.82711,2.59,1.00
2014.05.14 16:10:43.845,1.82683,1.82709,1.69,1.00
2014.05.14 16:10:43.896,1.82683,1.82709,1.69,1.38
2014.05.14 16:10:44.400,1.82679,1.82706,1.84,1.00
2014.05.14 16:10:44.841,1.82679,1.82706,2.59,1.00
2014.05.14 16:10:45.536,1.82679,1.82706,2.78,1.00
2014.05.14 16:10:45.637,1.82688,1.82708,1.00,1.65
2014.05.14 16:10:45.989,1.82685,1.82711,1.00,2.22
2014.05.14 16:10:46.140,1.82681,1.82706,1.19,1.00
2014.05.14 16:10:47.053,1.82679,1.82706,1.77,1.00
2014.05.14 16:10:47.255,1.82689,1.82714,2.07,1.69
2014.05.14 16:10:47.456,1.82695,1.82714,1.00,1.69
2014.05.14 16:10:47.984,1.8269,1.82714,1.19,1.19
2014.05.14 16:10:48.613,1.82685,1.82712,2.14,1.00
2014.05.14 16:10:48.886,1.82685,1.82709,1.77,1.00
2014.05.14 16:10:49.672,1.82685,1.82709,1.77,1.00
2014.05.14 16:10:50.265,1.82685,1.8271,1.77,1.00
2014.05.14 16:10:50.417,1.82687,1.8271,1.65,1.00
2014.05.14 16:10:50.468,1.82688,1.82714,1.32,1.00
2014.05.14 16:10:50.998,1.82686,1.82709,1.84,1.00
2014.05.14 16:10:51.882,1.82685,1.82709,1.84,1.00
2014.05.14 16:10:52.294,1.82686,1.82712,1.32,1.25
2014.05.14 16:10:52.395,1.8269,1.82712,1.39,1.00
2014.05.14 16:10:52.446,1.8269,1.82718,1.84,1.69
2014.05.14 16:10:52.987,1.8269,1.82718,3.34,2.07
2014.05.14 16:10:55.095,1.82691,1.82718,1.69,1.32
2014.05.14 16:10:56.200,1.82691,1.82718,1.69,1.32
2014.05.14 16:10:58.108,1.82691,1.82718,1.19,1.32
2014.05.14 16:11:00.017,1.82691,1.82718,1.19,1.32
2014.05.14 16:11:01.316,1.82691,1.82717,1.32,1.39
2014.05.14 16:11:02.225,1.82691,1.82718,1.19,1.32
2014.05.14 16:11:03.945,1.82692,1.82718,1.57,1.32
2014.05.14 16:11:04.374,1.82702,1.82718,1.25,1.00
2014.05.14 16:11:04.476,1.82703,1.82726,2.40,1.00
2014.05.14 16:11:04.577,1.82709,1.8273,1.32,1.00
2014.05.14 16:11:04.778,1.82704,1.82729,1.19,1.13
2014.05.14 16:11:04.929,1.82704,1.8273,2.22,1.00
2014.05.14 16:11:05.232,1.82704,1.8273,2.44,1.00
2014.05.14 16:11:05.383,1.82709,1.82734,1.19,1.20
2014.05.14 16:11:05.886,1.82713,1.82735,1.19,1.00
2014.05.14 16:11:06.088,1.82713,1.82738,1.57,1.25
2014.05.14 16:11:06.487,1.82714,1.8274,1.94,1.00
2014.05.14 16:11:06.588,1.82714,1.82738,1.94,1.00
2014.05.14 16:11:09.367,1.82715,1.82741,1.19,1.00
2014.05.14 16:11:09.569,1.82714,1.82738,1.94,1.00
2014.05.14 16:11:09.989,1.82718,1.82738,1.39,1.00
2014.05.14 16:11:10.040,1.82718,1.82744,1.39,1.00
2014.05.14 16:11:10.192,1.8272,1.82744,1.77,1.00
2014.05.14 16:11:10.992,1.82719,1.82745,1.57,1.00
2014.05.14 16:11:11.294,1.82723,1.82749,1.19,1.00
2014.05.14 16:11:11.993,1.82721,1.82749,1.57,1.00
2014.05.14 16:11:12.507,1.82722,1.82749,1.47,1.00
2014.05.14 16:11:13.597,1.82722,1.82749,1.47,1.00
2014.05.14 16:11:14.083,1.82722,1.82747,1.47,1.00
2014.05.14 16:11:17.212,1.82724,1.82747,1.39,1.00
2014.05.14 16:11:18.179,1.82724,1.82747,1.39,1.00
2014.05.14 16:11:20.586,1.82724,1.82749,1.19,1.25
2014.05.14 16:11:21.095,1.82724,1.82749,1.19,1.00
2014.05.14 16:11:25.635,1.82724,1.82752,1.57,2.22
2014.05.14 16:11:25.736,1.82724,1.82749,1.57,1.00
2014.05.14 16:11:26.612,1.82724,1.82749,1.57,1.25
2014.05.14 16:11:27.736,1.82723,1.82751,2.07,1.32
2014.05.14 16:11:28.921,1.82723,1.82751,2.07,1.32
2014.05.14 16:11:29.256,1.82729,1.82754,1.19,1.38
2014.05.14 16:11:29.357,1.82733,1.82754,1.28,1.00
2014.05.14 16:11:29.660,1.82754,1.82774,1.75,1.13
2014.05.14 16:11:29.761,1.82757,1.82768,1.95,1.00
2014.05.14 16:11:29.813,1.82762,1.82786,1.13,1.00
2014.05.14 16:11:29.914,1.82762,1.82788,1.13,1.00
2014.05.14 16:11:29.965,1.82765,1.82788,1.09,1.00
2014.05.14 16:11:30.465,1.82766,1.82791,1.20,1.25
2014.05.14 16:11:31.036,1.82766,1.82789,1.20,1.00
2014.05.14 16:11:31.488,1.82765,1.82783,1.19,1.00
2014.05.14 16:11:31.791,1.8277,1.82783,1.20,1.00
2014.05.14 16:11:31.842,1.8277,1.82792,1.20,1.25
2014.05.14 16:11:31.893,1.82771,1.82793,1.34,1.00
2014.05.14 16:11:32.195,1.82775,1.82793,1.28,1.00
2014.05.14 16:11:32.699,1.82774,1.82793,1.19,1.00
2014.05.14 16:11:33.366,1.82772,1.82793,1.47,1.00
2014.05.14 16:11:34.370,1.82772,1.82793,1.47,1.00
2014.05.14 16:11:34.590,1.82772,1.82799,1.28,1.50
2014.05.14 16:11:34.691,1.82771,1.82799,1.25,2.25
2014.05.14 16:11:34.994,1.82779,1.82796,1.58,1.00
2014.05.14 16:11:35.094,1.8278,1.82799,1.00,1.00
2014.05.14 16:11:35.145,1.82783,1.82798,1.00,1.00
2014.05.14 16:11:35.246,1.82779,1.82798,1.00,1.00
2014.05.14 16:11:35.348,1.82774,1.82802,1.19,1.63
2014.05.14 16:11:35.772,1.82774,1.82802,1.19,2.00
2014.05.14 16:11:35.974,1.82769,1.82794,1.25,1.13
2014.05.14 16:11:36.075,1.82766,1.82791,1.19,1.00
2014.05.14 16:11:36.900,1.82766,1.82791,1.19,1.00
2014.05.14 16:11:38.188,1.8277,1.82796,1.09,1.69
2014.05.14 16:11:38.289,1.8277,1.82796,1.84,1.00
2014.05.14 16:11:38.340,1.82776,1.82796,1.00,1.00
2014.05.14 16:11:38.643,1.82784,1.828,1.57,1.20
2014.05.14 16:11:38.744,1.82778,1.82806,1.94,1.25
2014.05.14 16:11:39.641,1.82779,1.82806,1.19,1.19
2014.05.14 16:11:40.205,1.82782,1.82807,1.38,1.19
2014.05.14 16:11:40.306,1.82783,1.82808,1.57,1.19
2014.05.14 16:11:40.383,1.82783,1.82804,1.57,1.00
2014.05.14 16:11:40.863,1.82784,1.82808,1.57,1.69
2014.05.14 16:11:41.429,1.82785,1.82811,1.57,1.25
2014.05.14 16:11:42.225,1.82785,1.82811,1.57,1.69
2014.05.14 16:11:42.644,1.82785,1.8281,1.00,1.69
2014.05.14 16:11:42.694,1.82779,1.82805,2.44,1.65
2014.05.14 16:11:43.503,1.82784,1.82805,1.00,1.65
2014.05.14 16:11:44.075,1.82783,1.82805,1.13,1.84
2014.05.14 16:11:44.378,1.82789,1.82811,1.00,1.19
2014.05.14 16:11:44.479,1.82783,1.82811,1.69,1.19
2014.05.14 16:11:45.252,1.82783,1.82811,1.69,1.19
2014.05.14 16:11:45.311,1.82782,1.82807,2.14,1.00
2014.05.14 16:11:50.881,1.82782,1.82807,1.84,1.00
2014.05.14 16:11:51.097,1.82782,1.82807,1.84,1.25
2014.05.14 16:11:53.873,1.82782,1.82807,1.28,1.32
2014.05.14 16:11:54.025,1.82778,1.82802,1.50,1.00
2014.05.14 16:11:54.076,1.82778,1.82802,1.50,1.19
2014.05.14 16:11:54.278,1.82779,1.82802,1.09,1.00
2014.05.14 16:11:54.397,1.82779,1.82802,1.47,1.00
2014.05.14 16:11:54.938,1.82779,1.82802,2.59,1.00
2014.05.14 16:11:55.106,1.82779,1.82804,2.59,1.25
2014.05.14 16:11:55.572,1.82779,1.82804,2.59,1.00
2014.05.14 16:11:56.092,1.82782,1.82804,1.00,1.00
2014.05.14 16:11:56.651,1.82779,1.82804,2.44,1.00
2014.05.14 16:11:59.188,1.82779,1.82804,1.63,1.69
2014.05.14 16:11:59.289,1.82776,1.82802,1.94,1.00
2014.05.14 16:11:59.390,1.82776,1.82802,1.94,1.00
2014.05.14 16:12:00.153,1.82777,1.82802,1.84,1.19
2014.05.14 16:12:01.459,1.82777,1.82802,1.19,1.69
2014.05.14 16:12:03.064,1.82777,1.82802,1.25,1.19
2014.05.14 16:12:04.169,1.82777,1.82802,1.19,1.69
2014.05.14 16:12:05.703,1.82776,1.82802,2.44,1.69
2014.05.14 16:12:05.775,1.82776,1.82802,2.44,1.25
2014.05.14 16:12:07.078,1.82777,1.82802,1.69,1.25
2014.05.14 16:12:09.202,1.82776,1.82802,1.94,1.25
2014.05.14 16:12:09.731,1.82777,1.82802,1.69,1.69
2014.05.14 16:12:10.896,1.82776,1.82802,2.44,1.19
2014.05.14 16:12:10.946,1.82776,1.82802,2.44,1.19
2014.05.14 16:12:10.997,1.82778,1.82802,1.84,1.00
2014.05.14 16:12:11.098,1.82782,1.82808,1.50,1.19
2014.05.14 16:12:11.298,1.82782,1.82808,1.50,1.25
2014.05.14 16:12:11.449,1.8279,1.82808,1.00,1.25
2014.05.14 16:12:11.782,1.82789,1.82815,1.75,1.19
2014.05.14 16:12:12.495,1.82789,1.82815,2.00,1.19
2014.05.14 16:12:12.976,1.82787,1.82812,1.94,1.09
2014.05.14 16:12:13.177,1.82786,1.8281,1.94,1.00
2014.05.14 16:12:13.480,1.82788,1.82815,1.94,1.19
2014.05.14 16:12:14.333,1.8279,1.82816,1.94,1.19
2014.05.14 16:12:14.692,1.8279,1.82814,1.94,1.19
2014.05.14 16:12:14.793,1.82792,1.82814,1.00,1.84
2014.05.14 16:12:14.995,1.82788,1.82813,2.22,1.19
2014.05.14 16:12:15.496,1.82788,1.82813,2.97,1.19
2014.05.14 16:12:16.092,1.82789,1.82814,2.44,1.19
2014.05.14 16:12:16.406,1.82792,1.82813,1.00,1.84
2014.05.14 16:12:16.715,1.82789,1.82814,1.94,1.19
2014.05.14 16:12:17.223,1.82789,1.82814,3.34,1.19
2014.05.14 16:12:17.781,1.82789,1.82814,3.34,1.19
2014.05.14 16:12:20.372,1.82795,1.82814,1.19,1.00
2014.05.14 16:12:22.179,1.82795,1.82814,1.19,1.25
2014.05.14 16:12:23.114,1.82795,1.82808,1.69,1.00
2014.05.14 16:12:23.184,1.82795,1.82808,1.69,1.00
2014.05.14 16:12:23.568,1.82795,1.82803,1.32,1.00
2014.05.14 16:12:24.337,1.82795,1.82803,1.00,1.00
2014.05.14 16:12:24.438,1.82784,1.82803,1.25,1.00
2014.05.14 16:12:24.641,1.82781,1.82799,1.32,1.00
2014.05.14 16:12:24.742,1.82776,1.82799,1.94,1.00
2014.05.14 16:12:24.944,1.82775,1.82799,1.00,1.65
2014.05.14 16:12:24.995,1.82775,1.82789,1.00,1.00
2014.05.14 16:12:25.146,1.82768,1.82788,1.32,1.00
2014.05.14 16:12:25.499,1.82765,1.82788,1.00,1.00
2014.05.14 16:12:25.657,1.82764,1.82778,1.00,1.00
2014.05.14 16:12:25.960,1.82757,1.82774,1.00,1.20
2014.05.14 16:12:26.061,1.8275,1.82774,2.44,1.20
2014.05.14 16:12:26.686,1.82755,1.82774,1.00,1.65
2014.05.14 16:12:27.092,1.82748,1.82774,3.19,2.40
2014.05.14 16:12:27.143,1.82748,1.82774,3.19,2.59
2014.05.14 16:12:29.767,1.82749,1.82774,1.69,2.59
2014.05.14 16:12:31.369,1.82749,1.82774,1.69,2.40
2014.05.14 16:12:31.470,1.82754,1.82774,1.00,1.00
2014.05.14 16:12:31.831,1.8275,1.82775,1.57,1.09
2014.05.14 16:12:31.881,1.82744,1.8277,2.44,1.00
2014.05.14 16:12:32.843,1.82745,1.82773,1.94,1.50
2014.05.14 16:12:33.355,1.82748,1.82773,3.34,1.00
2014.05.14 16:12:33.458,1.82748,1.82776,3.34,1.19
2014.05.14 16:12:33.959,1.82751,1.82774,1.57,1.00
2014.05.14 16:12:37.735,1.82749,1.82774,1.57,1.09
2014.05.14 16:12:38.666,1.82746,1.82774,1.94,1.84
2014.05.14 16:12:40.072,1.82746,1.82773,1.94,1.19
2014.05.14 16:12:43.788,1.82746,1.82773,1.94,1.19
2014.05.14 16:12:48.146,1.82746,1.82774,1.94,1.19
2014.05.14 16:12:52.324,1.82746,1.82774,2.00,1.19
2014.05.14 16:12:52.375,1.82746,1.82768,2.00,1.00
2014.05.14 16:12:52.690,1.82743,1.82768,2.07,1.19
2014.05.14 16:12:53.443,1.82744,1.82768,2.14,1.19
2014.05.14 16:12:54.152,1.82744,1.82766,1.77,1.19
2014.05.14 16:12:54.405,1.8274,1.82763,1.84,1.00
2014.05.14 16:12:54.556,1.8274,1.82763,1.47,1.19
2014.05.14 16:12:55.529,1.8274,1.82763,1.47,1.19
2014.05.14 16:12:56.835,1.8274,1.82763,1.47,1.69
2014.05.14 16:12:59.441,1.8274,1.82761,1.47,1.19
2014.05.14 16:13:10.318,1.82737,1.82762,1.39,1.19
2014.05.14 16:13:13.485,1.82737,1.82759,1.39,1.19
2014.05.14 16:13:14.490,1.82737,1.82759,1.39,1.00
2014.05.14 16:13:16.095,1.82739,1.82759,1.84,1.25
2014.05.14 16:13:17.338,1.82737,1.82761,1.39,1.19
2014.05.14 16:13:17.910,1.82737,1.82758,1.39,1.00
2014.05.14 16:13:18.547,1.82737,1.82761,1.39,1.19
2014.05.14 16:13:20.817,1.82737,1.82761,1.39,1.69
2014.05.14 16:13:21.825,1.82737,1.82758,1.09,1.25
2014.05.14 16:13:23.971,1.82737,1.82758,1.20,1.19
2014.05.14 16:13:26.540,1.82737,1.82758,1.20,1.69
2014.05.14 16:13:36.182,1.82737,1.82758,1.20,1.69
2014.05.14 16:13:37.586,1.82737,1.82758,1.20,1.19
2014.05.14 16:13:42.608,1.82737,1.82758,1.09,1.25
2014.05.14 16:13:44.652,1.82737,1.82758,1.39,1.25
2014.05.14 16:13:45.292,1.82737,1.82754,1.39,1.00
2014.05.14 16:13:45.494,1.82729,1.82754,1.84,1.50
2014.05.14 16:13:45.645,1.82729,1.82749,2.59,1.00
2014.05.14 16:13:45.746,1.82726,1.82749,2.44,1.00
2014.05.14 16:13:46.252,1.82726,1.82749,2.44,1.00
2014.05.14 16:13:47.830,1.82726,1.8275,1.94,1.20
2014.05.14 16:13:48.283,1.82726,1.82752,1.94,1.25
2014.05.14 16:13:50.781,1.82726,1.82749,1.94,1.00
2014.05.14 16:13:50.952,1.82726,1.82749,1.19,1.19
2014.05.14 16:13:51.003,1.82726,1.82749,1.19,1.69
2014.05.14 16:13:53.091,1.82726,1.82744,1.19,1.00
2014.05.14 16:13:53.311,1.82726,1.82747,1.19,1.39
2014.05.14 16:13:53.566,1.82726,1.82746,1.25,1.19
2014.05.14 16:13:55.062,1.82726,1.82747,1.19,1.84
2014.05.14 16:13:57.066,1.82726,1.82747,1.25,1.84
2014.05.14 16:13:57.602,1.82726,1.82744,1.25,1.00
2014.05.14 16:13:59.381,1.82727,1.82744,1.00,1.25
2014.05.14 16:14:00.080,1.82727,1.82744,1.00,1.19
2014.05.14 16:14:00.395,1.82727,1.82739,1.00,1.00
2014.05.14 16:14:00.569,1.82727,1.82743,1.00,1.25
2014.05.14 16:14:00.812,1.82727,1.82739,1.00,1.00
2014.05.14 16:14:03.471,1.82727,1.82738,1.00,1.00
2014.05.14 16:14:04.649,1.82727,1.82744,1.00,1.19
2014.05.14 16:14:05.374,1.82727,1.82744,1.00,1.19
2014.05.14 16:14:05.704,1.82727,1.82744,1.00,1.69
2014.05.14 16:14:10.115,1.82727,1.82741,1.00,1.19
2014.05.14 16:14:10.912,1.82719,1.82741,2.07,1.19
2014.05.14 16:14:13.826,1.82718,1.82744,2.82,1.57
2014.05.14 16:14:16.346,1.82719,1.82744,1.32,2.07
2014.05.14 16:14:19.711,1.82719,1.82739,1.19,1.00
2014.05.14 16:14:22.154,1.82718,1.82739,2.07,1.19
2014.05.14 16:14:23.831,1.82719,1.82743,1.59,1.19
2014.05.14 16:14:23.883,1.82719,1.82745,1.34,1.00
2014.05.14 16:14:23.934,1.82723,1.82745,1.54,1.00
2014.05.14 16:14:24.084,1.82725,1.82748,1.72,1.19
2014.05.14 16:14:24.135,1.82734,1.82749,1.00,1.69
2014.05.14 16:14:24.236,1.82728,1.82749,1.47,1.19
2014.05.14 16:14:24.710,1.82728,1.82749,1.09,1.19
2014.05.14 16:14:25.237,1.82729,1.82749,1.00,1.19
2014.05.14 16:14:25.842,1.82728,1.82751,1.09,1.19
2014.05.14 16:14:25.893,1.82728,1.82752,1.28,1.39
2014.05.14 16:14:26.897,1.82728,1.82746,1.00,1.39
2014.05.14 16:14:26.999,1.82724,1.82746,1.25,1.77
2014.05.14 16:14:27.100,1.8272,1.8274,1.19,1.20
2014.05.14 16:14:27.504,1.82719,1.8274,1.19,1.20
2014.05.14 16:14:28.414,1.82718,1.8274,1.19,1.39
2014.05.14 16:14:30.108,1.82716,1.82739,2.07,1.20
2014.05.14 16:14:30.209,1.82716,1.82742,1.19,1.32
2014.05.14 16:14:31.105,1.82716,1.82742,1.19,1.32
2014.05.14 16:14:31.957,1.82716,1.82742,1.84,1.13
2014.05.14 16:14:33.320,1.82719,1.82745,1.19,1.69
2014.05.14 16:14:34.351,1.82719,1.82743,1.19,1.57
2014.05.14 16:14:36.025,1.82716,1.82743,1.19,1.57
2014.05.14 16:14:39.035,1.82716,1.82743,1.19,1.57
2014.05.14 16:14:40.115,1.82716,1.82733,1.19,1.00
2014.05.14 16:14:41.490,1.82716,1.82733,1.19,1.00
2014.05.14 16:14:42.376,1.82715,1.82733,1.19,1.00
2014.05.14 16:14:42.903,1.82712,1.82732,1.69,1.28
2014.05.14 16:14:43.105,1.82712,1.82738,1.69,2.22
2014.05.14 16:14:43.659,1.82712,1.82736,1.69,1.77
2014.05.14 16:14:44.787,1.82708,1.82736,1.69,2.22
2014.05.14 16:14:45.891,1.82713,1.82736,1.32,2.22
2014.05.14 16:14:46.193,1.82715,1.82741,1.32,2.97
2014.05.14 16:14:46.294,1.82716,1.82741,1.39,1.32
2014.05.14 16:14:47.177,1.82716,1.82742,1.19,1.57
2014.05.14 16:14:47.821,1.82716,1.82739,1.19,1.19
2014.05.14 16:14:48.022,1.8271,1.82737,1.19,1.57
2014.05.14 16:14:49.784,1.8271,1.82736,1.19,1.77
2014.05.14 16:14:55.631,1.8271,1.82736,1.19,1.47
2014.05.14 16:14:56.795,1.8271,1.82736,1.19,1.47
2014.05.14 16:14:58.394,1.8271,1.82736,1.19,1.77
2014.05.14 16:14:59.399,1.8271,1.82736,1.19,2.22
2014.05.14 16:15:00.412,1.82709,1.82737,1.19,1.63
2014.05.14 16:15:01.370,1.82711,1.82739,1.19,2.97
2014.05.14 16:15:01.802,1.82711,1.82737,1.19,2.22
2014.05.14 16:15:04.868,1.82711,1.82738,1.19,1.77
2014.05.14 16:15:06.532,1.82712,1.82738,1.32,1.58
2014.05.14 16:15:07.937,1.82712,1.82738,1.32,1.47
2014.05.14 16:15:11.147,1.82712,1.82738,1.32,1.77
2014.05.14 16:15:13.293,1.8271,1.82737,1.77,1.57
2014.05.14 16:15:14.363,1.8271,1.82737,1.77,2.07
2014.05.14 16:15:15.969,1.8271,1.82737,1.77,2.07
2014.05.14 16:15:20.713,1.8271,1.82735,1.47,1.19
2014.05.14 16:15:22.187,1.8271,1.82736,1.47,1.32
2014.05.14 16:15:26.205,1.8271,1.82734,1.39,1.19
2014.05.14 16:15:28.714,1.82711,1.82734,1.25,1.19
2014.05.14 16:15:30.117,1.82711,1.82734,1.19,1.19
2014.05.14 16:15:32.849,1.82711,1.82734,1.19,1.19
2014.05.14 16:15:34.127,1.8271,1.82734,1.39,1.19
2014.05.14 16:15:39.558,1.8271,1.82734,1.39,1.19
2014.05.14 16:15:39.863,1.8271,1.82734,1.39,1.00
2014.05.14 16:15:41.511,1.8271,1.82734,1.39,1.00
2014.05.14 16:15:44.074,1.8271,1.82734,1.20,1.00
2014.05.14 16:15:44.447,1.82717,1.82737,1.20,1.19
2014.05.14 16:15:44.814,1.82717,1.82729,1.20,1.00
2014.05.14 16:15:44.965,1.82708,1.82729,2.07,1.00
2014.05.14 16:15:45.371,1.82709,1.82733,1.32,1.47
2014.05.14 16:15:45.878,1.82711,1.82734,1.20,2.07
2014.05.14 16:15:46.389,1.8271,1.82732,1.09,1.00
2014.05.14 16:15:46.490,1.8271,1.82732,1.39,1.00
2014.05.14 16:15:46.911,1.82712,1.82737,1.39,1.88
2014.05.14 16:15:47.012,1.82719,1.82743,1.75,1.00
2014.05.14 16:15:47.062,1.82718,1.82743,3.57,1.00
2014.05.14 16:15:47.364,1.82727,1.82743,1.13,1.00
2014.05.14 16:15:47.677,1.82736,1.82743,1.13,1.00
2014.05.14 16:15:47.931,1.82736,1.82751,1.13,1.13
2014.05.14 16:15:47.982,1.82738,1.82751,1.00,1.13
2014.05.14 16:15:48.133,1.82742,1.82763,1.13,1.00
2014.05.14 16:15:48.235,1.82743,1.82763,1.57,1.00
2014.05.14 16:15:48.543,1.82744,1.82763,2.59,1.00
2014.05.14 16:15:48.900,1.82749,1.82775,1.13,2.07
2014.05.14 16:15:49.410,1.82749,1.82775,1.57,1.25
2014.05.14 16:15:50.397,1.82755,1.82775,1.20,1.25
2014.05.14 16:15:50.448,1.82755,1.8278,2.59,1.00
2014.05.14 16:15:50.549,1.82755,1.8278,3.68,1.00
2014.05.14 16:15:50.650,1.8276,1.82786,2.22,1.00
2014.05.14 16:15:52.216,1.82762,1.82786,1.77,1.00
2014.05.14 16:15:53.710,1.82762,1.82786,1.19,1.38
2014.05.14 16:15:53.866,1.82759,1.82783,1.32,1.50
2014.05.14 16:15:54.118,1.82759,1.82783,1.19,2.07
2014.05.14 16:15:54.270,1.82754,1.82776,1.32,1.13
2014.05.14 16:15:55.431,1.8275,1.82776,1.57,1.13
2014.05.14 16:15:55.947,1.82754,1.82779,1.69,1.32
2014.05.14 16:15:57.201,1.82751,1.82776,1.57,1.20
2014.05.14 16:15:57.670,1.82753,1.82779,4.47,1.00
2014.05.14 16:15:58.229,1.82753,1.82781,4.09,1.19
2014.05.14 16:15:58.845,1.82754,1.82781,1.57,1.19
2014.05.14 16:15:59.387,1.82754,1.82779,1.32,1.20
2014.05.14 16:15:59.589,1.8275,1.82776,1.28,1.19
2014.05.14 16:15:59.966,1.82754,1.82776,1.32,1.13
2014.05.14 16:16:00.545,1.82753,1.82778,1.32,1.57
2014.05.14 16:16:01.475,1.82753,1.82778,2.07,1.57
2014.05.14 16:16:03.902,1.82752,1.82776,1.19,1.20
2014.05.14 16:16:04.104,1.8275,1.82773,1.57,1.00
2014.05.14 16:16:06.090,1.82746,1.82774,2.07,1.13
2014.05.14 16:16:07.524,1.82747,1.82774,1.57,2.78
2014.05.14 16:16:09.091,1.82748,1.82774,1.57,2.78
2014.05.14 16:16:13.207,1.8275,1.82774,1.57,1.00
2014.05.14 16:16:14.911,1.82749,1.82774,1.77,1.00
2014.05.14 16:16:16.119,1.82749,1.82774,1.77,1.19
2014.05.14 16:16:17.329,1.82749,1.82774,1.77,1.25
2014.05.14 16:16:19.232,1.82749,1.82776,1.77,1.57
2014.05.14 16:16:20.844,1.82749,1.82776,1.77,1.57
2014.05.14 16:16:22.164,1.82749,1.82776,1.77,1.57
2014.05.14 16:16:25.277,1.82749,1.82776,1.77,1.57
2014.05.14 16:16:26.972,1.82749,1.82771,1.77,1.00
2014.05.14 16:16:27.989,1.82749,1.82771,1.77,1.00
2014.05.14 16:16:29.010,1.82749,1.82771,1.77,1.00
2014.05.14 16:16:33.605,1.82749,1.82771,1.77,1.00
2014.05.14 16:16:33.791,1.82745,1.82771,1.84,1.47
2014.05.14 16:16:33.842,1.82745,1.82771,1.65,2.03
2014.05.14 16:16:33.893,1.82742,1.82758,1.38,1.00
2014.05.14 16:16:33.994,1.82735,1.82758,1.19,1.00
2014.05.14 16:16:34.044,1.82735,1.82758,1.00,1.38
2014.05.14 16:16:34.095,1.8273,1.82757,1.39,1.38
2014.05.14 16:16:34.146,1.82732,1.82756,1.53,1.19
2014.05.14 16:16:35.117,1.82732,1.82756,1.39,1.32
2014.05.14 16:16:37.223,1.82732,1.82756,1.39,1.32
2014.05.14 16:16:42.093,1.82732,1.82756,1.39,1.13
2014.05.14 16:16:44.602,1.82732,1.82756,1.39,1.13
2014.05.14 16:16:45.706,1.8273,1.82756,1.84,1.32
2014.05.14 16:16:48.013,1.8273,1.82756,1.84,1.32
2014.05.14 16:16:49.115,1.8273,1.82756,1.84,1.32
2014.05.14 16:16:50.751,1.8273,1.82756,1.84,1.32
2014.05.14 16:16:53.584,1.8273,1.82756,1.69,1.32
2014.05.14 16:16:56.846,1.8273,1.82756,1.69,1.32
2014.05.14 16:16:58.101,1.82731,1.82756,1.57,1.19
2014.05.14 16:16:59.078,1.8273,1.82756,2.07,1.25
2014.05.14 16:17:01.675,1.8273,1.82756,2.07,1.19
2014.05.14 16:17:11.150,1.82731,1.82756,1.90,1.00
2014.05.14 16:17:11.378,1.82735,1.8276,1.32,2.03
2014.05.14 16:17:12.210,1.82735,1.8276,1.32,2.22
2014.05.14 16:17:14.654,1.82736,1.8276,1.32,2.22
2014.05.14 16:17:15.541,1.82739,1.8276,1.19,1.13
2014.05.14 16:17:15.643,1.82738,1.82763,1.69,1.00
2014.05.14 16:17:15.894,1.82739,1.82767,1.57,1.38
2014.05.14 16:17:15.945,1.82739,1.82767,1.57,1.38
2014.05.14 16:17:15.996,1.82741,1.82767,1.32,1.00
2014.05.14 16:17:16.147,1.82744,1.82768,2.07,1.00
2014.05.14 16:17:16.449,1.82752,1.82768,1.00,1.00
2014.05.14 16:17:16.500,1.82752,1.82776,1.00,1.77
2014.05.14 16:17:16.903,1.82755,1.82778,1.38,1.39
2014.05.14 16:17:16.953,1.82755,1.82781,1.38,1.00
2014.05.14 16:17:17.004,1.82759,1.82786,1.38,1.58
2014.05.14 16:17:17.105,1.82762,1.82786,1.00,1.58
2014.05.14 16:17:19.152,1.82762,1.82786,1.00,1.20
2014.05.14 16:17:20.249,1.82762,1.82785,1.00,1.28
2014.05.14 16:17:20.300,1.8276,1.82785,1.00,1.28
2014.05.14 16:17:20.351,1.8276,1.82783,1.00,1.38
2014.05.14 16:17:20.552,1.82757,1.8278,1.00,1.20
2014.05.14 16:17:20.704,1.82757,1.82775,1.00,1.20
2014.05.14 16:17:23.716,1.82753,1.82775,1.19,1.20
2014.05.14 16:17:26.120,1.82756,1.82777,1.00,1.77
2014.05.14 16:17:32.642,1.82753,1.82777,1.19,1.77
2014.05.14 16:17:33.616,1.82753,1.82777,1.19,1.39
2014.05.14 16:17:33.667,1.82753,1.82777,1.19,1.39
2014.05.14 16:17:33.969,1.8275,1.82773,1.25,1.39
2014.05.14 16:17:34.070,1.8275,1.82772,1.00,1.19
2014.05.14 16:17:34.172,1.82746,1.82768,1.25,1.39
2014.05.14 16:17:35.140,1.82746,1.82769,1.25,1.77
2014.05.14 16:17:35.241,1.82744,1.82761,1.25,1.58
2014.05.14 16:17:35.291,1.82734,1.8276,1.19,1.50
2014.05.14 16:17:35.392,1.82734,1.82753,1.00,1.13
2014.05.14 16:17:35.493,1.82728,1.8275,1.00,1.58
2014.05.14 16:17:35.594,1.82719,1.82747,2.07,1.00
2014.05.14 16:17:35.796,1.82719,1.82747,1.00,1.32
2014.05.14 16:17:36.051,1.82719,1.82744,1.00,1.00
2014.05.14 16:17:36.379,1.82716,1.82744,1.50,1.19
2014.05.14 16:17:37.117,1.82716,1.82743,1.00,1.32
2014.05.14 16:17:38.991,1.82716,1.82743,1.00,1.32
2014.05.14 16:17:39.704,1.82716,1.82743,1.00,3.94
2014.05.14 16:17:39.805,1.82713,1.82737,1.00,3.53
2014.05.14 16:17:39.956,1.82713,1.82731,1.00,1.20
2014.05.14 16:17:40.208,1.82708,1.82731,1.00,1.28
2014.05.14 16:17:40.315,1.82705,1.82728,1.19,1.00
2014.05.14 16:17:41.645,1.82704,1.82731,1.13,2.22
2014.05.14 16:17:43.112,1.82704,1.82731,1.88,1.77
2014.05.14 16:17:43.652,1.82704,1.82727,1.13,1.20
2014.05.14 16:17:46.749,1.82704,1.82727,1.00,1.47
2014.05.14 16:17:48.931,1.82704,1.82727,1.69,1.77
2014.05.14 16:17:48.982,1.8271,1.82727,1.00,1.77
2014.05.14 16:17:49.592,1.82714,1.82727,1.00,1.39
2014.05.14 16:17:51.155,1.82714,1.82727,1.00,1.09
2014.05.14 16:17:52.142,1.82714,1.82729,1.00,1.39
2014.05.14 16:17:54.594,1.82714,1.82729,1.00,1.39
2014.05.14 16:17:59.074,1.82714,1.82729,1.00,1.39
2014.05.14 16:18:00.278,1.82714,1.82729,1.00,1.09
2014.05.14 16:18:00.480,1.82714,1.82729,1.00,1.84
2014.05.14 16:18:05.315,1.82714,1.82725,1.00,1.19
2014.05.14 16:18:06.334,1.82714,1.82725,1.00,1.19
2014.05.14 16:18:07.502,1.82714,1.82724,1.00,1.19
2014.05.14 16:18:09.450,1.82714,1.82725,1.00,1.19
2014.05.14 16:18:11.155,1.82714,1.82723,1.00,1.19
2014.05.14 16:18:13.619,1.82714,1.82726,1.00,1.19
2014.05.14 16:18:15.123,1.82714,1.82726,1.00,1.19
2014.05.14 16:18:16.328,1.82714,1.82726,1.00,1.19
2014.05.14 16:18:17.350,1.82714,1.82726,1.00,1.19
2014.05.14 16:18:20.143,1.82714,1.82726,1.00,1.69
2014.05.14 16:18:21.144,1.82714,1.82723,1.00,1.19
2014.05.14 16:18:22.249,1.82714,1.82723,1.00,1.19
2014.05.14 16:18:25.798,1.82713,1.82726,1.00,1.00
2014.05.14 16:18:25.899,1.82714,1.82732,1.00,1.19
2014.05.14 16:18:26.472,1.82713,1.82732,1.50,1.19
2014.05.14 16:18:27.008,1.82713,1.82734,1.50,1.69
2014.05.14 16:18:27.513,1.82714,1.82734,1.00,2.07
2014.05.14 16:18:28.072,1.82714,1.82733,1.00,1.57
2014.05.14 16:18:29.031,1.8271,1.82733,1.39,1.19
2014.05.14 16:18:29.308,1.82711,1.82735,1.25,1.57
2014.05.14 16:18:30.399,1.82711,1.82733,1.19,1.19
2014.05.14 16:18:31.492,1.82711,1.82734,1.19,1.32
2014.05.14 16:18:32.801,1.82711,1.82735,1.19,1.57
2014.05.14 16:18:34.098,1.82711,1.82737,1.00,1.57
2014.05.14 16:18:35.148,1.82716,1.82737,1.00,1.19
2014.05.14 16:18:35.387,1.82713,1.82737,1.00,1.32
2014.05.14 16:18:35.488,1.82711,1.82737,1.84,1.32
2014.05.14 16:18:35.753,1.82711,1.82737,2.22,1.32
2014.05.14 16:18:36.294,1.82711,1.82737,1.63,1.57
2014.05.14 16:18:36.809,1.82711,1.82737,1.19,1.57
2014.05.14 16:18:37.950,1.82711,1.82737,1.19,1.57
2014.05.14 16:18:39.378,1.82712,1.82737,1.39,1.19
2014.05.14 16:18:40.407,1.82711,1.82737,1.19,1.57
2014.05.14 16:18:40.910,1.82711,1.82737,1.19,1.57
2014.05.14 16:18:41.965,1.82711,1.82736,1.19,1.57
2014.05.14 16:18:42.607,1.82714,1.82737,1.19,1.25
2014.05.14 16:18:43.875,1.82716,1.82741,1.39,1.00
2014.05.14 16:18:43.925,1.82718,1.82743,1.19,1.00
2014.05.14 16:18:45.234,1.82722,1.82747,1.00,1.57
2014.05.14 16:18:45.743,1.82722,1.82748,1.19,1.63
2014.05.14 16:18:46.168,1.82722,1.82748,1.19,1.63
2014.05.14 16:18:46.637,1.82724,1.82752,1.00,2.82
2014.05.14 16:18:46.688,1.82723,1.82748,1.09,1.00
2014.05.14 16:18:46.990,1.82722,1.82748,1.19,1.00
2014.05.14 16:18:49.596,1.82722,1.82748,1.19,1.00
2014.05.14 16:18:50.099,1.82722,1.82748,1.19,1.25
2014.05.14 16:18:51.447,1.82722,1.82748,1.32,1.00
2014.05.14 16:18:52.920,1.82722,1.82748,1.32,1.25
2014.05.14 16:18:54.336,1.82722,1.82748,1.32,1.25
2014.05.14 16:18:54.513,1.82722,1.82748,1.94,1.25
2014.05.14 16:18:54.564,1.82725,1.82752,1.47,1.19
2014.05.14 16:18:55.779,1.82727,1.82755,2.03,1.57
2014.05.14 16:18:55.880,1.82727,1.82755,2.22,1.57
2014.05.14 16:18:57.588,1.82727,1.82755,1.19,2.97
2014.05.14 16:18:57.689,1.82725,1.82751,1.25,1.19
2014.05.14 16:18:58.193,1.82727,1.82751,2.25,1.32
2014.05.14 16:18:58.525,1.82748,1.82766,1.20,1.00
2014.05.14 16:18:58.676,1.82747,1.82772,1.99,1.00
2014.05.14 16:18:58.878,1.82749,1.82775,2.03,1.19
2014.05.14 16:18:58.928,1.82752,1.82775,1.20,1.19
2014.05.14 16:18:59.180,1.82754,1.8278,1.20,1.69
2014.05.14 16:18:59.382,1.82752,1.8278,2.59,1.32
2014.05.14 16:18:59.650,1.82758,1.82783,1.69,1.19
2014.05.14 16:18:59.902,1.82762,1.82787,1.39,1.19
2014.05.14 16:19:00.003,1.82762,1.82787,1.09,1.57
2014.05.14 16:19:00.104,1.82762,1.82787,1.09,1.57
2014.05.14 16:19:00.406,1.82756,1.82782,1.19,1.38
2014.05.14 16:19:00.608,1.82754,1.82778,1.00,1.25
2014.05.14 16:19:00.659,1.82754,1.82778,1.00,3.19
2014.05.14 16:19:00.709,1.82751,1.82777,1.00,1.38
2014.05.14 16:19:00.911,1.8275,1.8277,1.00,1.84
2014.05.14 16:19:01.012,1.82747,1.8277,1.25,2.59
2014.05.14 16:19:01.062,1.8274,1.82763,1.39,1.00
2014.05.14 16:19:01.891,1.8274,1.82763,1.39,1.25
2014.05.14 16:19:02.679,1.82738,1.8276,1.39,1.13
2014.05.14 16:19:02.831,1.82738,1.82761,1.39,1.00
2014.05.14 16:19:02.882,1.82736,1.82758,1.32,1.20
2014.05.14 16:19:03.033,1.82731,1.82756,1.19,1.00
2014.05.14 16:19:03.134,1.8273,1.82756,1.25,1.65
2014.05.14 16:19:03.185,1.8273,1.82753,1.25,1.00
2014.05.14 16:19:03.522,1.82729,1.82751,1.69,1.00
2014.05.14 16:19:04.411,1.82725,1.82751,1.19,1.69
2014.05.14 16:19:05.006,1.82724,1.82749,1.84,1.00
2014.05.14 16:19:05.614,1.82724,1.82749,1.39,1.19
2014.05.14 16:19:06.069,1.82724,1.82743,1.19,1.00
2014.05.14 16:19:06.819,1.82723,1.82743,1.19,1.38
2014.05.14 16:19:08.149,1.82723,1.82747,1.19,1.77
2014.05.14 16:19:10.330,1.82723,1.82743,1.19,1.13
2014.05.14 16:19:11.540,1.82723,1.82743,1.19,1.00
2014.05.14 16:19:12.452,1.82724,1.82743,1.19,1.13
2014.05.14 16:19:13.180,1.82723,1.82743,1.19,1.38
2014.05.14 16:19:13.808,1.82723,1.82743,1.19,1.38
2014.05.14 16:19:15.108,1.82723,1.82743,1.00,1.38
2014.05.14 16:19:15.159,1.82719,1.8274,1.69,1.20
2014.05.14 16:19:15.210,1.82719,1.8274,1.69,1.58
2014.05.14 16:19:15.311,1.82715,1.82735,1.00,1.28
2014.05.14 16:19:15.412,1.82711,1.82733,1.00,1.95
2014.05.14 16:19:15.613,1.82703,1.82729,1.69,1.38
2014.05.14 16:19:16.268,1.82708,1.82729,1.00,1.38
2014.05.14 16:19:16.319,1.82711,1.82729,1.00,1.00
2014.05.14 16:19:16.480,1.82711,1.82731,1.00,1.20
2014.05.14 16:19:17.627,1.82712,1.82731,1.00,1.58
2014.05.14 16:19:17.837,1.82712,1.82732,1.00,1.50
2014.05.14 16:19:21.747,1.82712,1.82727,1.00,1.20
2014.05.14 16:19:21.898,1.82712,1.82725,1.00,1.20
2014.05.14 16:19:22.201,1.82707,1.82721,1.00,1.38
2014.05.14 16:19:25.658,1.82706,1.82721,1.00,1.63
2014.05.14 16:19:26.346,1.82706,1.82718,1.00,1.00
2014.05.14 16:19:27.163,1.82706,1.82718,1.00,1.19
2014.05.14 16:19:28.879,1.82706,1.82722,1.00,2.22
2014.05.14 16:19:29.406,1.82706,1.82722,1.00,1.57
2014.05.14 16:19:34.777,1.82707,1.82719,1.00,1.38
2014.05.14 16:19:35.295,1.82706,1.82718,1.00,1.65
2014.05.14 16:19:35.863,1.82706,1.82716,1.00,1.58
2014.05.14 16:19:36.716,1.82706,1.82716,1.00,1.28
2014.05.14 16:19:37.707,1.82705,1.82716,1.00,1.28
2014.05.14 16:19:37.959,1.82692,1.82716,1.00,1.63
2014.05.14 16:19:38.060,1.82686,1.82711,1.39,1.00
2014.05.14 16:19:38.268,1.82684,1.82708,1.32,1.00
2014.05.14 16:19:39.207,1.82687,1.82708,1.39,1.00
2014.05.14 16:19:40.625,1.82687,1.82708,1.09,1.00
2014.05.14 16:19:41.237,1.82682,1.82708,1.84,1.25
2014.05.14 16:19:42.113,1.82682,1.82708,1.84,1.19
2014.05.14 16:19:44.445,1.82682,1.82708,1.84,1.19
2014.05.14 16:19:45.306,1.82684,1.82708,1.19,1.00
2014.05.14 16:19:46.523,1.82684,1.82708,1.19,1.00
2014.05.14 16:19:47.717,1.82683,1.82708,1.19,1.00
2014.05.14 16:19:48.246,1.82686,1.82713,1.19,1.69
2014.05.14 16:19:48.833,1.82686,1.82713,1.19,2.07
2014.05.14 16:19:49.135,1.82684,1.82709,1.19,1.32
2014.05.14 16:19:49.448,1.82683,1.82709,2.97,1.19
2014.05.14 16:19:49.866,1.82685,1.82709,1.19,1.00
2014.05.14 16:19:49.917,1.82685,1.82711,1.69,1.13
2014.05.14 16:19:52.335,1.82685,1.82711,1.19,1.13
2014.05.14 16:19:53.643,1.82685,1.82711,1.69,1.13
2014.05.14 16:19:53.944,1.82688,1.82711,1.19,2.03
2014.05.14 16:19:55.046,1.82687,1.82711,1.19,1.13
2014.05.14 16:19:58.059,1.82688,1.82711,1.19,1.13
2014.05.14 16:20:00.114,1.82687,1.82711,1.19,1.13
2014.05.14 16:20:00.479,1.82685,1.82711,1.19,1.13
2014.05.14 16:20:01.885,1.82685,1.82711,1.19,1.32
2014.05.14 16:20:03.090,1.82685,1.82711,1.19,1.32
2014.05.14 16:20:04.649,1.82685,1.82711,1.57,1.19
2014.05.14 16:20:06.037,1.82686,1.82711,1.32,1.19
2014.05.14 16:20:08.036,1.82685,1.82711,1.19,1.32
2014.05.14 16:20:08.828,1.82685,1.82711,1.19,1.13
2014.05.14 16:20:09.447,1.82686,1.82711,1.19,1.13
2014.05.14 16:20:10.172,1.82685,1.82711,1.19,1.13
2014.05.14 16:20:11.189,1.82685,1.82711,1.19,1.32
2014.05.14 16:20:11.550,1.82685,1.82711,1.19,1.13
2014.05.14 16:20:12.657,1.82686,1.82711,1.19,1.13
2014.05.14 16:20:14.504,1.82685,1.82711,1.69,1.13
2014.05.14 16:20:15.571,1.82688,1.82711,1.19,1.13
2014.05.14 16:20:16.710,1.82686,1.82711,1.19,1.13
2014.05.14 16:20:17.728,1.82691,1.82711,1.19,1.00
2014.05.14 16:20:18.036,1.82691,1.82708,1.19,1.20
2014.05.14 16:20:18.398,1.82691,1.82705,1.19,1.20
2014.05.14 16:20:18.622,1.82689,1.82708,1.57,1.20
2014.05.14 16:20:18.991,1.82689,1.82713,1.57,1.20
2014.05.14 16:20:19.194,1.82691,1.82711,1.19,1.20
2014.05.14 16:20:20.117,1.82691,1.82711,1.69,1.20
2014.05.14 16:20:20.621,1.82691,1.8271,1.69,1.20
2014.05.14 16:20:20.722,1.82691,1.82713,1.69,1.09
2014.05.14 16:20:21.577,1.82705,1.82714,1.00,1.19
2014.05.14 16:20:22.440,1.82704,1.82714,1.00,1.19
2014.05.14 16:20:22.592,1.82689,1.82714,1.00,1.69
2014.05.14 16:20:22.643,1.82689,1.82712,1.00,1.53
2014.05.14 16:20:22.744,1.82684,1.82703,1.00,1.65
2014.05.14 16:20:22.795,1.82681,1.82703,1.25,1.65
2014.05.14 16:20:23.047,1.82681,1.82703,1.00,1.39
2014.05.14 16:20:24.333,1.82681,1.82703,1.00,1.19
2014.05.14 16:20:24.434,1.82678,1.82703,1.19,1.84
2014.05.14 16:20:24.862,1.82681,1.82704,1.20,1.50
2014.05.14 16:20:24.913,1.82687,1.82709,1.00,1.19
2014.05.14 16:20:24.963,1.82687,1.82709,1.00,1.00
2014.05.14 16:20:25.014,1.82688,1.82714,1.00,1.19
2014.05.14 16:20:25.115,1.82691,1.82715,1.00,1.47
2014.05.14 16:20:26.044,1.82691,1.82715,1.00,1.47
2014.05.14 16:20:26.274,1.82691,1.82715,1.00,1.20
2014.05.14 16:20:26.788,1.82691,1.82717,1.00,1.39
2014.05.14 16:20:27.454,1.82691,1.82717,1.00,1.77
2014.05.14 16:20:28.954,1.82691,1.82717,1.19,1.77
2014.05.14 16:20:29.459,1.82691,1.82717,1.19,1.39
2014.05.14 16:20:29.997,1.82691,1.82717,1.19,1.09
2014.05.14 16:20:31.150,1.82691,1.82712,1.19,1.20
2014.05.14 16:20:31.749,1.82691,1.82712,1.19,1.20
2014.05.14 16:20:31.920,1.82691,1.82715,1.19,1.20
2014.05.14 16:20:32.367,1.82691,1.82715,1.19,1.20
2014.05.14 16:20:33.886,1.82691,1.82717,1.19,1.20
2014.05.14 16:20:34.912,1.82694,1.82717,1.19,1.20
2014.05.14 16:20:35.637,1.82694,1.82719,1.19,1.09
2014.05.14 16:20:35.814,1.82694,1.82719,1.69,1.20
2014.05.14 16:20:36.094,1.82695,1.82722,1.39,1.57
2014.05.14 16:20:38.217,1.82694,1.82719,1.19,1.19
2014.05.14 16:20:39.742,1.82694,1.82718,1.19,1.19
2014.05.14 16:20:41.315,1.82694,1.8272,1.19,1.69
2014.05.14 16:20:41.846,1.82694,1.82718,1.00,1.19
2014.05.14 16:20:42.249,1.8269,1.82717,1.19,1.39
2014.05.14 16:20:44.355,1.8269,1.82715,1.19,1.20
2014.05.14 16:20:45.275,1.8269,1.82715,1.25,1.39
2014.05.14 16:20:45.688,1.8269,1.82718,1.13,1.50
2014.05.14 16:20:46.745,1.8269,1.82718,1.32,1.69
2014.05.14 16:20:47.556,1.8269,1.82708,1.32,1.00
2014.05.14 16:20:47.909,1.82689,1.82711,1.39,1.13
2014.05.14 16:20:48.111,1.82689,1.82716,1.20,1.32
2014.05.14 16:20:49.068,1.82694,1.82716,1.20,1.32
2014.05.14 16:20:49.632,1.82689,1.82711,1.20,1.00
2014.05.14 16:20:50.231,1.82687,1.82713,2.03,1.19
2014.05.14 16:20:50.868,1.82687,1.82713,2.03,1.19
2014.05.14 16:20:51.785,1.82687,1.82713,1.65,1.19
2014.05.14 16:20:53.635,1.82695,1.82713,1.20,1.19
2014.05.14 16:20:53.686,1.82695,1.82713,1.20,1.19
2014.05.14 16:20:54.200,1.82694,1.82713,1.20,1.19
2014.05.14 16:20:55.387,1.82694,1.82713,1.20,1.19
2014.05.14 16:20:56.994,1.82694,1.82713,1.20,1.19
2014.05.14 16:20:57.515,1.82693,1.82713,1.09,1.19
2014.05.14 16:20:57.723,1.82689,1.82713,1.20,1.69
2014.05.14 16:20:57.925,1.82689,1.82713,1.20,1.57
2014.05.14 16:20:58.027,1.82687,1.82713,1.00,1.57
2014.05.14 16:20:59.217,1.82687,1.82713,1.00,1.19
2014.05.14 16:20:59.766,1.82688,1.82713,1.20,1.19
2014.05.14 16:20:59.816,1.82688,1.82713,1.39,1.00
2014.05.14 16:21:00.018,1.82692,1.82713,1.20,1.00
2014.05.14 16:21:00.320,1.82694,1.82713,1.20,1.00
2014.05.14 16:21:00.623,1.82702,1.82713,1.53,1.00
2014.05.14 16:21:00.673,1.82702,1.82727,1.53,1.77
2014.05.14 16:21:00.724,1.82702,1.82727,1.53,1.39
2014.05.14 16:21:00.775,1.8271,1.82725,1.20,1.00
2014.05.14 16:21:01.077,1.82708,1.82719,1.20,1.00
2014.05.14 16:21:01.128,1.82699,1.82719,1.20,1.00
2014.05.14 16:21:01.632,1.82699,1.82719,1.20,1.38
2014.05.14 16:21:01.683,1.82691,1.82719,1.32,1.38
2014.05.14 16:21:01.784,1.82699,1.82719,1.20,1.00
2014.05.14 16:21:04.499,1.82699,1.82719,1.20,1.19
2014.05.14 16:21:08.367,1.82699,1.82719,1.20,1.19
2014.05.14 16:21:09.374,1.82699,1.82718,1.20,1.19
2014.05.14 16:21:11.021,1.82699,1.82719,1.20,1.19
2014.05.14 16:21:11.985,1.82699,1.82719,1.20,1.19
2014.05.14 16:21:14.795,1.82699,1.82719,1.20,1.19
2014.05.14 16:21:17.236,1.82698,1.82719,1.20,1.19
2014.05.14 16:21:19.191,1.82698,1.82717,1.20,1.19
2014.05.14 16:21:20.797,1.82698,1.82718,1.20,1.19
2014.05.14 16:21:22.303,1.82698,1.82719,1.20,1.69
2014.05.14 16:21:24.816,1.82698,1.82719,1.20,1.19
2014.05.14 16:21:26.961,1.82695,1.82719,1.39,1.19
2014.05.14 16:21:27.502,1.82698,1.82719,1.20,1.19
2014.05.14 16:21:27.754,1.827,1.82722,1.20,1.00
2014.05.14 16:21:27.804,1.82701,1.82725,1.62,1.69
2014.05.14 16:21:28.107,1.82711,1.82729,1.20,1.69
2014.05.14 16:21:28.409,1.82713,1.82733,1.20,2.07
2014.05.14 16:21:28.896,1.82711,1.82733,1.20,1.32
2014.05.14 16:21:29.574,1.82711,1.82733,1.20,2.07
2014.05.14 16:21:30.258,1.8271,1.82733,1.20,1.32
2014.05.14 16:21:30.359,1.82707,1.82728,1.39,1.32
2014.05.14 16:21:30.410,1.82707,1.82728,1.20,1.57
2014.05.14 16:21:30.461,1.82701,1.82726,1.39,1.69
2014.05.14 16:21:30.512,1.82701,1.82726,1.20,1.69
2014.05.14 16:21:30.613,1.82701,1.82718,1.20,1.00
2014.05.14 16:21:30.663,1.82694,1.82718,1.57,1.00
2014.05.14 16:21:30.815,1.82693,1.82714,1.38,1.00
2014.05.14 16:21:31.017,1.82688,1.82714,1.19,1.88
2014.05.14 16:21:31.555,1.82688,1.82714,1.19,2.25
2014.05.14 16:21:32.073,1.82688,1.82714,1.25,2.25
2014.05.14 16:21:32.575,1.82688,1.82709,1.25,1.00
2014.05.14 16:21:33.336,1.82685,1.82711,1.19,1.00
2014.05.14 16:21:35.285,1.82685,1.82711,1.00,1.00
2014.05.14 16:21:35.336,1.82685,1.82708,1.00,1.00
2014.05.14 16:21:36.228,1.82685,1.82708,1.19,1.00
2014.05.14 16:21:37.339,1.82685,1.82711,1.19,1.00
2014.05.14 16:21:38.546,1.82685,1.82711,1.19,1.00
2014.05.14 16:21:38.868,1.82685,1.82711,1.19,1.38
2014.05.14 16:21:39.655,1.82685,1.82708,1.19,1.00
2014.05.14 16:21:39.756,1.82681,1.82708,1.39,1.69
2014.05.14 16:21:39.857,1.8268,1.82703,1.19,1.00
2014.05.14 16:21:39.958,1.82678,1.82703,1.39,1.32
2014.05.14 16:21:40.160,1.82677,1.82701,2.22,1.00
2014.05.14 16:21:40.362,1.82679,1.82703,1.47,1.00
2014.05.14 16:21:40.847,1.82679,1.82706,1.47,1.00
2014.05.14 16:21:43.736,1.82679,1.82706,1.47,1.00
2014.05.14 16:21:44.387,1.82678,1.82706,1.19,1.75
2014.05.14 16:21:44.539,1.82674,1.82695,1.25,1.00
2014.05.14 16:21:44.690,1.82672,1.82694,1.39,1.50
2014.05.14 16:21:45.236,1.82668,1.82694,1.19,2.44
2014.05.14 16:21:45.899,1.82668,1.82688,1.19,1.00
2014.05.14 16:21:46.207,1.82668,1.82694,1.19,3.34
2014.05.14 16:21:46.559,1.82668,1.82688,1.19,1.00
2014.05.14 16:21:47.089,1.82668,1.82688,1.19,1.00
2014.05.14 16:21:48.655,1.82674,1.82688,1.00,1.00
2014.05.14 16:21:48.857,1.82674,1.82693,1.19,1.00
2014.05.14 16:21:49.310,1.82673,1.82697,1.32,1.63
2014.05.14 16:21:49.411,1.82674,1.82699,1.19,1.38
2014.05.14 16:21:49.676,1.82678,1.82699,1.19,1.38
2014.05.14 16:21:51.071,1.82675,1.82688,1.32,1.00
2014.05.14 16:21:51.122,1.82675,1.82688,1.00,1.00
2014.05.14 16:21:51.273,1.82672,1.82679,1.00,1.00
2014.05.14 16:21:51.374,1.82666,1.82679,1.00,1.00
2014.05.14 16:21:51.425,1.82664,1.82669,1.00,1.20
2014.05.14 16:21:51.476,1.82664,1.82669,1.00,1.20
2014.05.14 16:21:51.577,1.82651,1.82669,1.19,1.20
2014.05.14 16:21:51.779,1.82649,1.82669,1.77,1.00
2014.05.14 16:21:51.829,1.82649,1.82674,1.77,1.13
2014.05.14 16:21:51.880,1.82657,1.82674,1.20,1.13
2014.05.14 16:21:51.931,1.82657,1.82676,1.20,1.00
2014.05.14 16:21:52.684,1.82656,1.82679,1.20,1.69
2014.05.14 16:21:53.485,1.82656,1.82679,1.39,1.69
2014.05.14 16:21:54.787,1.82656,1.82679,1.09,1.69
2014.05.14 16:21:59.211,1.82656,1.82676,1.09,1.00
2014.05.14 16:22:00.425,1.82656,1.82676,1.39,1.00
2014.05.14 16:22:01.466,1.82656,1.82676,1.39,1.38
2014.05.14 16:22:02.030,1.82656,1.82676,1.20,1.63
2014.05.14 16:22:04.431,1.82656,1.82676,1.09,1.63
2014.05.14 16:22:04.946,1.82658,1.82676,1.20,1.25
2014.05.14 16:22:06.044,1.82658,1.82679,1.20,1.50
2014.05.14 16:22:06.196,1.82662,1.82682,1.20,1.00
2014.05.14 16:22:06.297,1.82662,1.82686,1.20,1.50
2014.05.14 16:22:06.398,1.82666,1.82686,1.20,1.50
2014.05.14 16:22:06.759,1.82663,1.82689,1.84,1.13
2014.05.14 16:22:06.961,1.82667,1.82689,1.20,1.13
2014.05.14 16:22:07.473,1.82668,1.82689,1.20,1.13
2014.05.14 16:22:07.725,1.82664,1.82689,1.39,1.32
2014.05.14 16:22:09.400,1.82666,1.82689,1.39,1.32
2014.05.14 16:22:11.066,1.82666,1.82688,1.39,1.19
2014.05.14 16:22:12.067,1.82666,1.82689,1.39,1.19
2014.05.14 16:22:13.570,1.82666,1.82689,1.39,1.00
2014.05.14 16:22:14.136,1.82669,1.82689,1.20,1.00
2014.05.14 16:22:17.296,1.82669,1.82689,1.09,1.19
2014.05.14 16:22:21.375,1.82665,1.82689,1.39,1.19
2014.05.14 16:22:23.927,1.82667,1.82689,1.39,1.57
2014.05.14 16:22:26.854,1.82667,1.82683,1.09,1.00
2014.05.14 16:22:27.169,1.8267,1.82689,1.20,1.32
2014.05.14 16:22:27.430,1.82668,1.82693,1.20,2.44
2014.05.14 16:22:28.383,1.82668,1.82693,1.39,1.94
2014.05.14 16:22:29.447,1.82668,1.82693,1.09,1.94
2014.05.14 16:22:30.274,1.82668,1.82693,1.39,2.00
2014.05.14 16:22:30.324,1.82668,1.82693,1.47,1.25
2014.05.14 16:22:30.375,1.82668,1.82693,1.47,1.00
2014.05.14 16:22:30.779,1.8267,1.82695,1.20,2.44
2014.05.14 16:22:31.595,1.8267,1.82695,1.20,2.44
2014.05.14 16:22:32.110,1.82669,1.82695,1.25,1.94
2014.05.14 16:22:33.571,1.82669,1.82695,1.65,1.69
2014.05.14 16:22:37.535,1.82671,1.82695,1.57,1.19
2014.05.14 16:22:37.837,1.82677,1.82703,2.59,2.25
2014.05.14 16:22:37.940,1.82681,1.82703,1.39,1.88
2014.05.14 16:22:39.194,1.82682,1.82703,1.39,1.19
2014.05.14 16:22:39.989,1.82684,1.82706,1.58,1.19
2014.05.14 16:22:40.040,1.82684,1.82706,1.77,1.00
2014.05.14 16:22:40.091,1.82687,1.82709,1.00,1.19
2014.05.14 16:22:40.141,1.82687,1.82713,1.00,1.50
2014.05.14 16:22:40.192,1.8269,1.82709,1.58,1.00
2014.05.14 16:22:40.293,1.8269,1.82715,1.58,1.00
2014.05.14 16:22:41.441,1.8269,1.82715,2.22,1.00
2014.05.14 16:22:42.214,1.82689,1.82715,1.57,1.38
2014.05.14 16:22:42.316,1.82686,1.82712,1.63,1.19
2014.05.14 16:22:42.417,1.82686,1.82712,1.63,1.57
2014.05.14 16:22:42.957,1.82684,1.82712,1.57,1.57
2014.05.14 16:22:44.762,1.82684,1.82712,1.57,1.57
2014.05.14 16:22:45.280,1.82682,1.82708,1.57,1.63
2014.05.14 16:22:45.885,1.82682,1.82708,1.57,1.38
2014.05.14 16:22:47.651,1.82686,1.82712,1.84,1.94
2014.05.14 16:22:48.453,1.82686,1.82711,1.00,1.00
2014.05.14 16:22:49.889,1.82686,1.82712,1.25,1.57
2014.05.14 16:22:50.522,1.82686,1.82712,1.25,1.94
2014.05.14 16:22:52.714,1.82682,1.8271,1.19,1.57
2014.05.14 16:22:53.975,1.82682,1.8271,1.84,1.57
2014.05.14 16:22:54.481,1.82682,1.8271,1.84,1.57
2014.05.14 16:22:55.078,1.82682,1.8271,2.59,1.57
2014.05.14 16:22:58.393,1.82682,1.8271,1.19,1.57
2014.05.14 16:22:59.395,1.82682,1.8271,1.69,1.57
2014.05.14 16:23:00.601,1.82686,1.82712,1.19,1.94
2014.05.14 16:23:02.006,1.82686,1.82712,1.25,1.57
2014.05.14 16:23:07.841,1.82686,1.8271,1.19,1.47
2014.05.14 16:23:10.472,1.82686,1.8271,1.19,1.77
2014.05.14 16:23:15.470,1.82686,1.8271,1.19,1.77
2014.05.14 16:23:17.076,1.82686,1.8271,1.19,1.77
2014.05.14 16:23:20.011,1.82686,1.82712,1.84,1.57
2014.05.14 16:23:22.394,1.82686,1.82712,1.32,1.57
2014.05.14 16:23:23.944,1.82687,1.82712,1.19,1.57
2014.05.14 16:23:24.045,1.82687,1.82712,1.77,1.57
2014.05.14 16:23:24.147,1.82691,1.82715,1.57,1.38
2014.05.14 16:23:24.298,1.82695,1.82721,1.00,1.57
2014.05.14 16:23:24.602,1.82695,1.82721,1.19,1.57
2014.05.14 16:23:26.164,1.82695,1.82721,1.19,1.57
2014.05.14 16:23:28.176,1.82701,1.82726,1.39,1.63
2014.05.14 16:23:28.277,1.82701,1.82726,1.84,1.63
2014.05.14 16:23:28.328,1.82705,1.82731,1.19,2.22
2014.05.14 16:23:31.743,1.82705,1.82731,1.19,1.32
2014.05.14 16:23:33.046,1.82705,1.8273,1.25,1.19
2014.05.14 16:23:34.174,1.82702,1.82727,1.32,1.19
2014.05.14 16:23:35.705,1.82702,1.82728,1.00,2.07
2014.05.14 16:23:36.765,1.82702,1.82728,1.19,2.07
2014.05.14 16:23:37.650,1.82702,1.82728,1.19,3.34
2014.05.14 16:23:37.801,1.82695,1.82721,1.57,1.19
2014.05.14 16:23:43.594,1.82695,1.82721,1.00,1.69
2014.05.14 16:23:43.659,1.82695,1.82721,1.00,2.07
2014.05.14 16:23:43.710,1.82689,1.8271,1.20,1.00
2014.05.14 16:23:43.862,1.82689,1.82708,1.20,1.00
2014.05.14 16:23:44.179,1.82689,1.82703,1.20,1.19
2014.05.14 16:23:44.243,1.82682,1.82703,1.69,1.19
2014.05.14 16:23:44.445,1.82682,1.82703,1.00,1.19
2014.05.14 16:23:44.495,1.82677,1.82703,1.94,1.69
2014.05.14 16:23:45.025,1.82677,1.82703,1.94,1.69
2014.05.14 16:23:45.593,1.82677,1.82703,1.94,1.19
2014.05.14 16:23:50.123,1.82677,1.82703,1.19,2.07
2014.05.14 16:23:50.861,1.82677,1.82701,1.25,1.19
2014.05.14 16:23:51.950,1.82675,1.82701,1.39,1.69
2014.05.14 16:23:53.133,1.82675,1.82701,1.39,1.19
2014.05.14 16:23:58.048,1.82675,1.82701,1.39,1.00
2014.05.14 16:24:00.190,1.82675,1.82701,1.39,1.19
2014.05.14 16:24:01.175,1.82675,1.82701,1.20,1.19
2014.05.14 16:24:01.277,1.82673,1.82697,1.38,1.19
2014.05.14 16:24:01.428,1.8267,1.82694,1.39,1.19
2014.05.14 16:24:01.580,1.82669,1.82693,1.20,1.19
2014.05.14 16:24:02.109,1.82667,1.82693,1.39,1.19
2014.05.14 16:24:03.277,1.82667,1.82693,1.39,1.19
2014.05.14 16:24:05.700,1.82667,1.82694,1.39,1.19
2014.05.14 16:24:07.403,1.82667,1.82694,1.09,1.19
2014.05.14 16:24:09.359,1.82667,1.82693,1.39,1.19
2014.05.14 16:24:10.613,1.82667,1.82692,1.09,1.19
2014.05.14 16:24:13.523,1.82667,1.82694,1.09,1.57
2014.05.14 16:24:15.029,1.82667,1.82693,1.39,1.57
2014.05.14 16:24:18.085,1.82667,1.82692,1.39,1.19
2014.05.14 16:24:19.253,1.82667,1.82693,1.39,1.19
2014.05.14 16:24:21.549,1.82667,1.82692,1.39,1.19
2014.05.14 16:24:22.454,1.8267,1.82692,1.13,1.19
2014.05.14 16:24:22.505,1.82671,1.82696,1.20,1.19
2014.05.14 16:24:22.660,1.82673,1.82698,1.00,1.19
2014.05.14 16:24:23.234,1.82675,1.82698,1.20,1.19
2014.05.14 16:24:23.566,1.82675,1.827,1.39,1.19
2014.05.14 16:24:27.178,1.82675,1.82701,1.39,2.07
2014.05.14 16:24:28.318,1.82675,1.82701,1.39,2.07
2014.05.14 16:24:29.635,1.82675,1.82701,1.39,1.69
2014.05.14 16:24:29.736,1.8268,1.82701,1.09,1.25
2014.05.14 16:24:29.837,1.8268,1.82698,1.09,1.00
2014.05.14 16:24:30.319,1.82675,1.82698,1.25,1.19
2014.05.14 16:24:30.369,1.82675,1.82694,1.25,1.00
2014.05.14 16:24:30.630,1.82675,1.82698,1.25,1.39
2014.05.14 16:24:32.098,1.82675,1.82699,1.19,1.32
2014.05.14 16:24:33.483,1.82675,1.82693,1.19,1.00
2014.05.14 16:24:33.585,1.82675,1.82699,1.32,1.19
2014.05.14 16:24:33.787,1.82678,1.82701,1.00,1.19
2014.05.14 16:24:33.838,1.82678,1.82703,1.19,1.32
2014.05.14 16:24:34.351,1.82678,1.82699,1.19,1.00
2014.05.14 16:24:34.861,1.82678,1.82699,1.57,1.00
2014.05.14 16:24:34.912,1.82684,1.82706,1.20,1.57
2014.05.14 16:24:35.455,1.82683,1.82708,1.00,2.44
2014.05.14 16:24:36.170,1.82683,1.82708,1.19,1.69
2014.05.14 16:24:37.275,1.82683,1.82708,1.00,1.19
2014.05.14 16:24:39.163,1.82678,1.82704,2.59,1.00
2014.05.14 16:24:39.701,1.82678,1.82704,2.59,1.25
2014.05.14 16:24:40.483,1.82678,1.82704,1.69,1.19
2014.05.14 16:24:42.000,1.82674,1.82699,2.14,1.25
2014.05.14 16:24:43.264,1.82674,1.82699,1.84,1.19
2014.05.14 16:24:44.503,1.82676,1.82699,1.20,1.00
2014.05.14 16:24:45.974,1.82676,1.82699,1.20,1.50
2014.05.14 16:24:47.182,1.82676,1.82699,1.39,1.50
2014.05.14 16:24:50.168,1.82676,1.82696,1.39,1.00
2014.05.14 16:24:50.699,1.82676,1.82696,1.39,1.00
2014.05.14 16:24:52.102,1.82676,1.82696,1.09,1.00
2014.05.14 16:24:53.063,1.82673,1.82693,1.47,1.00
2014.05.14 16:24:53.114,1.82673,1.82693,1.20,1.88
2014.05.14 16:24:53.216,1.82673,1.82691,1.20,1.19
2014.05.14 16:24:53.266,1.82667,1.82691,1.32,1.19
2014.05.14 16:24:53.317,1.82667,1.82688,1.13,1.19
2014.05.14 16:24:53.469,1.82664,1.82688,1.00,2.22
2014.05.14 16:24:53.570,1.82657,1.82682,1.47,1.00
2014.05.14 16:24:54.416,1.82657,1.82682,1.47,1.19
2014.05.14 16:24:55.640,1.82657,1.82682,1.39,1.19
2014.05.14 16:24:58.432,1.82657,1.82681,1.39,1.19
2014.05.14 16:24:58.940,1.82656,1.82676,1.39,1.00
2014.05.14 16:24:59.743,1.82651,1.82676,1.77,1.19
2014.05.14 16:25:00.043,1.82656,1.82679,1.20,1.88
2014.05.14 16:25:00.177,1.82656,1.82677,1.20,1.00
2014.05.14 16:25:00.480,1.82649,1.82676,1.57,1.19
2014.05.14 16:25:01.766,1.82649,1.82677,2.44,1.19
2014.05.14 16:25:03.367,1.82649,1.82677,1.32,2.07
2014.05.14 16:25:03.569,1.82648,1.82669,1.77,1.00
2014.05.14 16:25:03.821,1.82648,1.82673,1.77,1.25
2014.05.14 16:25:04.281,1.82648,1.82673,1.84,1.19
2014.05.14 16:25:04.644,1.82651,1.82673,1.39,1.25
2014.05.14 16:25:05.638,1.82649,1.82677,2.22,1.32
2014.05.14 16:25:06.957,1.82651,1.82677,1.32,1.19
2014.05.14 16:25:17.697,1.82654,1.8268,1.19,1.57
2014.05.14 16:25:19.101,1.82654,1.8268,1.19,1.57
2014.05.14 16:25:22.413,1.82654,1.8268,1.19,1.32
2014.05.14 16:25:24.596,1.82654,1.8268,1.19,1.32
2014.05.14 16:25:29.489,1.82654,1.8268,1.19,1.32
2014.05.14 16:25:30.594,1.82654,1.8268,1.19,1.32
2014.05.14 16:25:36.225,1.82654,1.8268,1.19,1.32
2014.05.14 16:25:36.851,1.82654,1.8268,1.32,1.00
2014.05.14 16:25:37.395,1.82658,1.82684,1.39,1.19
2014.05.14 16:25:38.941,1.82658,1.82684,1.39,1.32
2014.05.14 16:25:40.671,1.82661,1.82687,1.19,1.69
2014.05.14 16:25:43.385,1.82661,1.82687,1.19,1.69
2014.05.14 16:25:44.608,1.82661,1.82687,1.19,1.69
2014.05.14 16:25:47.100,1.82661,1.82686,1.19,1.32
2014.05.14 16:25:49.908,1.82661,1.82685,1.19,1.19
2014.05.14 16:25:51.113,1.82661,1.82686,1.19,1.32
2014.05.14 16:25:52.319,1.82661,1.82687,1.19,2.44
2014.05.14 16:25:59.142,1.82661,1.82687,1.19,2.44
2014.05.14 16:26:01.148,1.82661,1.82686,1.19,1.32
2014.05.14 16:26:02.485,1.82661,1.82685,1.19,1.19
2014.05.14 16:26:02.865,1.82663,1.82687,1.39,1.57
2014.05.14 16:26:03.067,1.82661,1.82687,1.19,1.32
2014.05.14 16:26:04.291,1.82661,1.82687,1.19,1.32
2014.05.14 16:26:05.371,1.82661,1.82687,1.19,1.32
2014.05.14 16:26:11.702,1.82657,1.82683,1.84,1.19
2014.05.14 16:26:11.915,1.82657,1.82682,1.25,1.19
2014.05.14 16:26:13.922,1.82656,1.8268,1.47,1.19
2014.05.14 16:26:14.023,1.82658,1.8268,2.10,1.00
2014.05.14 16:26:14.074,1.8266,1.82684,1.32,1.25
2014.05.14 16:26:14.175,1.82667,1.82687,1.00,1.32
2014.05.14 16:26:14.275,1.82661,1.82688,1.57,1.57
2014.05.14 16:26:14.629,1.82666,1.8269,1.19,1.84
2014.05.14 16:26:15.921,1.82666,1.8269,1.57,1.19
2014.05.14 16:26:19.838,1.82666,1.82693,1.57,1.57
2014.05.14 16:26:23.549,1.82666,1.82693,1.57,1.32
2014.05.14 16:26:28.068,1.82666,1.82693,1.19,1.32
2014.05.14 16:26:29.096,1.82664,1.82691,1.19,1.57
2014.05.14 16:26:32.250,1.82663,1.82691,1.69,1.69
2014.05.14 16:26:33.412,1.82667,1.82691,1.19,1.69
2014.05.14 16:26:35.128,1.82667,1.82691,1.19,1.50
2014.05.14 16:26:41.638,1.82667,1.82691,1.19,1.57
2014.05.14 16:26:43.544,1.82667,1.82691,1.19,1.69
2014.05.14 16:26:51.571,1.82665,1.82691,1.39,1.19
2014.05.14 16:26:56.795,1.82665,1.82691,1.39,1.00
2014.05.14 16:26:58.701,1.82665,1.82691,1.39,1.19
2014.05.14 16:26:59.917,1.82667,1.82691,1.39,1.19
2014.05.14 16:27:01.629,1.82663,1.82689,2.22,1.19
2014.05.14 16:27:02.462,1.82663,1.82688,1.25,1.19
2014.05.14 16:27:02.563,1.82663,1.82687,1.00,2.44
2014.05.14 16:27:03.082,1.82655,1.82682,1.19,1.65
2014.05.14 16:27:03.632,1.82658,1.82682,1.39,1.50
2014.05.14 16:27:04.143,1.82657,1.82682,1.39,1.50
2014.05.14 16:27:04.669,1.82658,1.82682,1.39,1.88
2014.05.14 16:27:05.764,1.82659,1.82678,1.39,1.00
2014.05.14 16:27:07.347,1.82659,1.82678,1.39,1.00
2014.05.14 16:27:09.946,1.82656,1.8268,1.39,1.00
2014.05.14 16:27:12.581,1.82658,1.8268,1.39,1.00
2014.05.14 16:27:21.731,1.82658,1.8268,1.77,1.00
2014.05.14 16:27:24.137,1.82658,1.8268,1.77,1.00
2014.05.14 16:27:28.130,1.82658,1.8268,1.77,1.25
2014.05.14 16:27:32.140,1.82658,1.8268,1.77,1.00
2014.05.14 16:27:34.303,1.82656,1.8268,1.47,1.00
2014.05.14 16:27:38.618,1.82658,1.8268,1.47,1.19
2014.05.14 16:27:39.607,1.82658,1.8268,1.47,1.25
2014.05.14 16:27:40.789,1.82658,1.82684,1.47,1.57
2014.05.14 16:27:41.901,1.82658,1.82684,1.47,2.07
2014.05.14 16:27:43.398,1.82658,1.82684,1.47,2.07
2014.05.14 16:27:45.621,1.82658,1.82684,1.39,2.44
2014.05.14 16:27:47.549,1.82658,1.82684,1.39,1.69
2014.05.14 16:27:49.223,1.82658,1.82684,1.39,1.69
2014.05.14 16:27:50.851,1.82658,1.82684,1.39,1.69
2014.05.14 16:27:54.356,1.82658,1.82683,1.39,1.19
2014.05.14 16:27:56.871,1.82658,1.82683,1.39,1.19
2014.05.14 16:27:59.102,1.82658,1.82683,1.39,1.19
2014.05.14 16:28:00.784,1.82658,1.82683,1.39,1.19
2014.05.14 16:28:02.795,1.82658,1.82683,1.39,1.00
2014.05.14 16:28:04.502,1.82658,1.82683,1.39,1.19
2014.05.14 16:28:05.717,1.82658,1.82683,1.39,1.19
2014.05.14 16:28:07.424,1.82658,1.82683,1.39,1.19
2014.05.14 16:28:08.534,1.82659,1.82683,1.39,1.19
2014.05.14 16:28:11.743,1.82656,1.82683,2.40,1.57
2014.05.14 16:28:13.457,1.82656,1.82683,2.03,1.57
2014.05.14 16:28:14.553,1.82656,1.82683,2.03,1.57
2014.05.14 16:28:17.067,1.82656,1.82683,2.78,1.57
2014.05.14 16:28:18.085,1.82656,1.82683,2.03,1.57
2014.05.14 16:28:23.703,1.82656,1.82684,3.53,1.57
2014.05.14 16:28:27.119,1.82656,1.82684,2.03,2.07
2014.05.14 16:28:32.469,1.82656,1.82684,2.03,1.57
2014.05.14 16:28:33.071,1.82655,1.82678,2.93,1.00
2014.05.14 16:28:33.939,1.82655,1.82681,2.93,1.19
2014.05.14 16:28:34.345,1.82655,1.82681,2.93,1.19
2014.05.14 16:28:37.520,1.82655,1.82679,1.90,1.57
2014.05.14 16:28:37.622,1.82648,1.82675,2.44,1.19
2014.05.14 16:28:37.723,1.82648,1.82675,1.69,2.44
2014.05.14 16:28:37.824,1.82644,1.82667,1.47,1.25
2014.05.14 16:28:40.723,1.82643,1.82667,1.47,1.19
2014.05.14 16:28:42.527,1.82643,1.82667,1.47,1.00
2014.05.14 16:28:42.852,1.82651,1.82667,1.20,1.00
2014.05.14 16:28:43.005,1.82653,1.82673,1.20,1.00
2014.05.14 16:28:43.156,1.82653,1.82677,1.20,1.19
2014.05.14 16:28:43.207,1.8265,1.82677,1.19,1.19
2014.05.14 16:28:43.349,1.82647,1.82671,1.84,1.00
2014.05.14 16:28:43.706,1.82646,1.82671,1.77,1.00
2014.05.14 16:28:43.858,1.82646,1.82668,1.39,1.00
2014.05.14 16:28:44.359,1.82643,1.82667,1.47,1.00
2014.05.14 16:28:44.800,1.82643,1.82667,1.47,1.25
2014.05.14 16:28:46.199,1.82643,1.82667,1.47,1.19
2014.05.14 16:28:48.551,1.82643,1.82667,1.39,1.19
2014.05.14 16:28:48.753,1.82643,1.82667,1.39,1.25
2014.05.14 16:28:50.114,1.82643,1.82667,1.39,1.00
2014.05.14 16:28:52.520,1.82643,1.82667,1.39,1.25
2014.05.14 16:28:53.245,1.82643,1.82664,1.39,1.00
2014.05.14 16:28:55.175,1.82643,1.82664,1.39,1.00
2014.05.14 16:28:58.606,1.82645,1.82664,2.03,1.00
2014.05.14 16:28:58.910,1.82644,1.82664,1.57,1.00
2014.05.14 16:28:58.960,1.82644,1.82664,1.19,1.00
2014.05.14 16:28:59.900,1.82641,1.82665,1.57,1.00
2014.05.14 16:29:00.051,1.82646,1.82665,2.03,1.00
2014.05.14 16:29:00.353,1.82651,1.82669,1.62,1.69
2014.05.14 16:29:00.454,1.82644,1.82669,1.19,2.44
2014.05.14 16:29:00.505,1.82641,1.82669,1.28,2.44
2014.05.14 16:29:01.009,1.82642,1.82664,1.39,1.00
2014.05.14 16:29:02.188,1.82642,1.82664,1.39,1.00
2014.05.14 16:29:04.327,1.82642,1.82664,1.39,1.00
2014.05.14 16:29:07.459,1.82639,1.82664,1.77,1.38
2014.05.14 16:29:07.630,1.82639,1.82663,1.77,1.63
2014.05.14 16:29:07.681,1.82639,1.82663,1.77,1.63
2014.05.14 16:29:08.194,1.82635,1.82659,1.32,1.38
2014.05.14 16:29:09.160,1.82634,1.82659,2.07,1.38
2014.05.14 16:29:10.138,1.82634,1.82659,1.32,1.63
2014.05.14 16:29:10.800,1.82634,1.82653,1.32,1.00
2014.05.14 16:29:11.544,1.82634,1.82653,1.19,1.00
2014.05.14 16:29:15.351,1.82634,1.82653,1.84,1.00
2014.05.14 16:29:18.062,1.82634,1.82653,1.39,1.00
2014.05.14 16:29:18.617,1.82635,1.82658,1.39,1.19
2014.05.14 16:29:18.830,1.8264,1.82663,1.39,1.00
2014.05.14 16:29:18.881,1.82641,1.82663,1.28,1.00
2014.05.14 16:29:19.438,1.82645,1.82664,1.09,1.00
2014.05.14 16:29:19.917,1.82646,1.82664,1.84,1.00
2014.05.14 16:29:20.979,1.82646,1.82664,1.84,1.00
2014.05.14 16:29:21.030,1.82646,1.82668,1.84,1.57
2014.05.14 16:29:21.362,1.82646,1.82664,1.19,1.00
2014.05.14 16:29:21.591,1.82646,1.82668,1.19,1.57
2014.05.14 16:29:21.800,1.82646,1.82664,1.19,1.00
2014.05.14 16:29:22.305,1.82646,1.82669,1.19,1.57
2014.05.14 16:29:22.883,1.8265,1.82671,1.20,1.57
2014.05.14 16:29:22.933,1.8265,1.82673,1.39,1.57
2014.05.14 16:29:23.193,1.82654,1.82674,1.20,1.38
2014.05.14 16:29:23.244,1.82654,1.82674,1.20,1.00
2014.05.14 16:29:23.569,1.82654,1.82674,1.20,1.38
2014.05.14 16:29:23.670,1.82653,1.82676,1.20,2.07
2014.05.14 16:29:23.720,1.82653,1.82676,1.20,2.07
2014.05.14 16:29:24.023,1.82648,1.82673,1.00,2.00
2014.05.14 16:29:24.278,1.82646,1.8267,1.00,1.77
2014.05.14 16:29:24.685,1.82646,1.82663,1.00,1.00
2014.05.14 16:29:25.329,1.82646,1.82668,1.00,1.57
2014.05.14 16:29:25.729,1.82642,1.82668,1.25,1.57
2014.05.14 16:29:26.108,1.82642,1.82663,1.25,1.00
2014.05.14 16:29:26.410,1.82638,1.82663,1.25,1.69
2014.05.14 16:29:27.580,1.82638,1.82663,1.25,1.32
2014.05.14 16:29:27.882,1.82635,1.82663,1.57,1.69
2014.05.14 16:29:28.184,1.82635,1.82654,1.32,1.00
2014.05.14 16:29:29.060,1.82635,1.82662,1.32,1.77
2014.05.14 16:29:29.161,1.82635,1.82661,1.32,1.57
2014.05.14 16:29:29.362,1.82636,1.82662,2.18,1.57
2014.05.14 16:29:29.413,1.82642,1.82662,1.20,1.19
2014.05.14 16:29:30.170,1.82642,1.82662,1.09,1.19
2014.05.14 16:29:31.261,1.82642,1.82662,1.77,1.00
2014.05.14 16:29:31.413,1.82647,1.82669,1.00,1.19
2014.05.14 16:29:32.442,1.82647,1.82669,1.32,1.19
2014.05.14 16:29:33.575,1.82647,1.82669,1.32,1.19
2014.05.14 16:29:35.591,1.82647,1.82669,1.19,1.00
2014.05.14 16:29:38.298,1.82647,1.82673,1.19,2.44
2014.05.14 16:29:40.059,1.82647,1.82669,1.19,1.00
2014.05.14 16:29:40.606,1.82647,1.82669,1.00,1.19
2014.05.14 16:29:44.129,1.82647,1.82668,1.19,1.25
2014.05.14 16:29:44.578,1.82647,1.82664,1.19,1.00
2014.05.14 16:29:45.129,1.82647,1.82658,1.19,1.00
2014.05.14 16:29:45.380,1.82647,1.82664,1.19,1.00
2014.05.14 16:29:45.690,1.82647,1.82664,1.19,1.38
2014.05.14 16:29:45.743,1.82644,1.82661,1.00,1.00
2014.05.14 16:29:45.794,1.82644,1.82659,1.00,1.00
2014.05.14 16:29:45.844,1.82634,1.82659,1.47,1.50
2014.05.14 16:29:45.896,1.82634,1.82659,1.39,1.88
2014.05.14 16:29:46.448,1.82637,1.82659,1.00,2.07
2014.05.14 16:29:47.060,1.82634,1.82659,1.84,2.07
2014.05.14 16:29:47.572,1.82634,1.82659,1.84,1.57
2014.05.14 16:29:48.228,1.82641,1.8266,1.20,1.19
2014.05.14 16:29:48.278,1.82641,1.82664,1.20,1.50
2014.05.14 16:29:48.329,1.82641,1.82658,1.20,1.00
2014.05.14 16:29:48.581,1.82637,1.82664,1.19,1.57
2014.05.14 16:29:49.106,1.82637,1.82664,1.32,2.44
2014.05.14 16:29:49.795,1.82637,1.82664,1.19,2.82
2014.05.14 16:29:49.859,1.82637,1.82654,1.19,1.00
2014.05.14 16:29:49.960,1.82637,1.82654,1.00,1.00
2014.05.14 16:29:50.480,1.8263,1.82654,1.69,1.00
2014.05.14 16:29:51.020,1.8263,1.82654,1.19,1.00
2014.05.14 16:29:51.978,1.8263,1.82654,1.19,1.19
2014.05.14 16:29:53.873,1.8263,1.82654,1.57,1.19
2014.05.14 16:29:55.478,1.8263,1.82656,1.57,1.19
2014.05.14 16:29:57.092,1.8263,1.82656,2.44,1.19
2014.05.14 16:29:58.395,1.82629,1.82653,1.65,1.19
2014.05.14 16:29:59.422,1.82629,1.82653,1.57,1.19
2014.05.14 16:29:59.473,1.82629,1.82648,1.57,1.00
2014.05.14 16:30:00.682,1.82636,1.82648,1.00,1.00
2014.05.14 16:30:00.733,1.82636,1.82653,1.19,1.00
2014.05.14 16:30:00.889,1.82636,1.82659,1.19,1.00
2014.05.14 16:30:01.234,1.82636,1.82659,1.19,1.00
2014.05.14 16:30:02.039,1.82636,1.82659,1.19,1.13
2014.05.14 16:30:02.089,1.82636,1.82654,1.19,1.00
2014.05.14 16:30:02.140,1.82636,1.82654,1.00,1.00
2014.05.14 16:30:02.342,1.82636,1.82654,1.00,1.19
2014.05.14 16:30:02.443,1.82629,1.82654,1.32,1.32
2014.05.14 16:30:02.766,1.82629,1.82649,1.57,1.00
2014.05.14 16:30:03.464,1.82629,1.82649,1.19,1.00
2014.05.14 16:30:04.607,1.82629,1.82653,1.19,1.19
2014.05.14 16:30:05.500,1.82629,1.82648,1.19,1.00
2014.05.14 16:30:07.603,1.82629,1.82648,1.19,1.00
2014.05.14 16:30:07.809,1.82629,1.82654,1.19,1.32
2014.05.14 16:30:09.695,1.82629,1.82654,1.19,1.32
2014.05.14 16:30:10.672,1.82629,1.82654,1.19,1.32
2014.05.14 16:30:11.790,1.82629,1.82655,1.19,1.32
2014.05.14 16:30:12.390,1.82633,1.82655,1.39,1.00
2014.05.14 16:30:12.441,1.82633,1.82659,1.39,1.32
2014.05.14 16:30:13.407,1.82634,1.82662,1.19,1.57
2014.05.14 16:30:14.591,1.82634,1.82662,1.19,1.57
2014.05.14 16:30:18.853,1.82634,1.82662,1.25,2.82
2014.05.14 16:30:19.830,1.82634,1.82661,1.19,1.32
2014.05.14 16:30:20.618,1.82634,1.82662,2.97,1.57
2014.05.14 16:30:22.758,1.82636,1.82662,1.77,1.57
2014.05.14 16:30:23.747,1.82636,1.82662,1.77,1.57
2014.05.14 16:30:25.064,1.82636,1.82662,1.77,1.19
2014.05.14 16:30:25.115,1.82636,1.82662,1.77,1.19
2014.05.14 16:30:25.216,1.82639,1.82665,1.57,1.19
2014.05.14 16:30:26.242,1.82639,1.82665,1.57,1.19
2014.05.14 16:30:26.751,1.82643,1.82669,1.63,2.22
2014.05.14 16:30:27.244,1.82643,1.82669,1.63,2.22
2014.05.14 16:30:27.818,1.82643,1.82669,1.63,2.22
2014.05.14 16:30:29.253,1.82643,1.82668,1.57,1.39
2014.05.14 16:30:30.257,1.82643,1.82668,1.57,1.39
2014.05.14 16:30:32.246,1.82642,1.82669,2.07,1.47
2014.05.14 16:30:33.250,1.82642,1.82669,1.57,1.47
2014.05.14 16:30:33.753,1.82643,1.82669,1.57,1.47
2014.05.14 16:30:34.903,1.82644,1.8267,1.19,1.19
2014.05.14 16:30:37.279,1.82642,1.8267,1.94,1.19
2014.05.14 16:30:38.875,1.82642,1.8267,2.44,1.19
2014.05.14 16:30:40.180,1.82643,1.8267,1.94,1.19
2014.05.14 16:30:41.786,1.82642,1.8267,2.44,1.32
2014.05.14 16:30:42.090,1.82642,1.8267,1.69,1.32
2014.05.14 16:30:43.906,1.82642,1.82669,1.69,1.39
2014.05.14 16:30:46.107,1.82642,1.82669,1.69,1.39
2014.05.14 16:30:46.711,1.82642,1.82669,2.44,1.39
2014.05.14 16:30:47.724,1.82642,1.82667,1.69,1.39
2014.05.14 16:30:47.926,1.82642,1.82666,1.25,1.57
2014.05.14 16:30:49.393,1.82639,1.82665,1.32,1.19
2014.05.14 16:30:50.945,1.82639,1.82663,2.07,1.09
2014.05.14 16:30:51.723,1.82639,1.82661,2.07,1.20
2014.05.14 16:30:52.053,1.82639,1.82661,1.32,1.20
2014.05.14 16:30:55.657,1.82639,1.82659,1.32,1.20
2014.05.14 16:30:55.878,1.82639,1.82661,1.32,1.20
2014.05.14 16:30:56.668,1.82639,1.82661,1.32,1.39
2014.05.14 16:30:57.905,1.82639,1.82661,1.32,1.39
2014.05.14 16:30:58.898,1.82639,1.82659,1.32,1.09
2014.05.14 16:31:00.438,1.82639,1.82663,1.32,1.47
2014.05.14 16:31:02.528,1.82639,1.82661,1.32,1.09
2014.05.14 16:31:05.588,1.82639,1.82659,1.32,1.00
2014.05.14 16:31:05.689,1.82637,1.82659,1.32,1.84
2014.05.14 16:31:06.759,1.82635,1.82658,1.19,1.39
2014.05.14 16:31:08.866,1.82635,1.82658,1.19,1.39
2014.05.14 16:31:10.740,1.82635,1.82658,1.19,1.19
2014.05.14 16:31:12.548,1.82635,1.82658,1.19,1.84
2014.05.14 16:31:13.854,1.82635,1.82658,1.19,1.84
2014.05.14 16:31:15.458,1.82635,1.82658,1.19,1.84
2014.05.14 16:31:16.781,1.82635,1.82658,1.19,1.84
2014.05.14 16:31:18.324,1.82635,1.82658,1.19,1.84
2014.05.14 16:31:19.378,1.82635,1.82658,1.19,1.84
2014.05.14 16:31:19.921,1.82638,1.82657,1.19,1.20
2014.05.14 16:31:20.913,1.82638,1.82657,1.00,1.39
2014.05.14 16:31:23.425,1.82638,1.82658,1.00,1.84
2014.05.14 16:31:25.412,1.82635,1.82658,1.19,1.84
2014.05.14 16:31:27.608,1.82635,1.82658,1.19,1.84
2014.05.14 16:31:33.347,1.82635,1.82658,1.00,1.84
2014.05.14 16:31:33.868,1.82635,1.82653,1.00,1.20
2014.05.14 16:31:35.333,1.82635,1.82653,1.19,1.20
2014.05.14 16:31:36.337,1.82635,1.82653,1.25,1.20
2014.05.14 16:31:36.637,1.82635,1.82655,1.25,1.20
2014.05.14 16:31:37.653,1.82635,1.82655,1.19,1.20
2014.05.14 16:31:38.290,1.82635,1.82653,1.19,1.20
2014.05.14 16:31:38.616,1.82635,1.82655,1.19,1.20
2014.05.14 16:31:38.768,1.82635,1.82655,1.19,1.20
2014.05.14 16:31:39.887,1.82635,1.82655,1.19,1.20
2014.05.14 16:31:39.989,1.82635,1.82659,1.19,1.69
2014.05.14 16:31:41.578,1.82635,1.82659,1.25,1.77
2014.05.14 16:31:41.730,1.82635,1.82655,1.25,1.20
2014.05.14 16:31:42.150,1.82635,1.82657,1.25,1.28
2014.05.14 16:31:42.717,1.82635,1.82657,1.19,1.28
2014.05.14 16:31:50.467,1.82639,1.82655,1.00,1.20
2014.05.14 16:31:55.087,1.82639,1.82657,1.25,1.28
2014.05.14 16:31:55.607,1.82639,1.82657,1.19,1.47
2014.05.14 16:32:02.902,1.82639,1.82656,1.19,1.20
2014.05.14 16:32:03.448,1.82639,1.82658,1.19,1.77
2014.05.14 16:32:04.334,1.82639,1.82658,1.00,2.22
2014.05.14 16:32:04.839,1.82636,1.82657,1.19,1.28
2014.05.14 16:32:06.558,1.82636,1.82658,1.19,2.22
2014.05.14 16:32:08.078,1.82636,1.82658,1.19,2.03
2014.05.14 16:32:08.752,1.82636,1.82658,1.19,1.65
2014.05.14 16:32:09.569,1.82636,1.82658,1.19,1.84
2014.05.14 16:32:12.576,1.82636,1.82658,1.19,1.84
2014.05.14 16:32:14.482,1.82636,1.82658,1.19,1.65
2014.05.14 16:32:18.093,1.82636,1.82658,1.19,1.84
2014.05.14 16:32:26.628,1.82636,1.82658,1.00,1.47
2014.05.14 16:32:26.729,1.82636,1.82656,1.00,1.20
2014.05.14 16:32:26.979,1.82636,1.82659,1.00,2.22
2014.05.14 16:32:27.528,1.82636,1.82657,1.19,1.20
2014.05.14 16:32:28.045,1.82636,1.82658,1.19,1.28
2014.05.14 16:32:28.717,1.82636,1.82658,1.19,1.47
2014.05.14 16:32:30.437,1.82636,1.82659,1.19,1.57
2014.05.14 16:32:33.018,1.82636,1.82658,1.19,1.00
2014.05.14 16:32:36.119,1.82636,1.82661,1.19,1.47
2014.05.14 16:32:36.484,1.82636,1.82657,1.19,1.20
2014.05.14 16:32:36.535,1.82636,1.82659,1.19,1.25
2014.05.14 16:32:37.051,1.82636,1.82658,1.19,1.20
2014.05.14 16:32:37.581,1.82636,1.82658,1.19,1.39
2014.05.14 16:32:38.953,1.82636,1.8266,1.19,1.39
2014.05.14 16:32:39.698,1.82636,1.82657,1.19,1.20
2014.05.14 16:32:40.225,1.82636,1.82658,1.19,1.09
2014.05.14 16:32:46.716,1.82636,1.82658,1.19,1.00
2014.05.14 16:32:47.857,1.82636,1.82659,1.19,1.09
2014.05.14 16:32:48.007,1.82636,1.82657,1.19,1.20
2014.05.14 16:32:48.823,1.82636,1.8266,1.19,1.39
2014.05.14 16:32:52.612,1.82636,1.8266,1.19,1.39
2014.05.14 16:32:59.774,1.82636,1.8266,1.19,1.39
2014.05.14 16:33:01.235,1.82636,1.8266,1.19,1.09
2014.05.14 16:33:02.196,1.82636,1.82658,1.19,1.20
2014.05.14 16:33:02.745,1.82636,1.82659,1.19,1.20
2014.05.14 16:33:03.296,1.82636,1.82661,1.19,1.39
2014.05.14 16:33:03.843,1.82636,1.82661,1.69,1.39
2014.05.14 16:33:04.835,1.82636,1.82658,1.19,1.20
2014.05.14 16:33:06.179,1.82636,1.82659,1.19,1.25
2014.05.14 16:33:08.573,1.82638,1.82659,1.28,1.00
2014.05.14 16:33:08.725,1.82648,1.82667,1.00,1.57
2014.05.14 16:33:08.876,1.82647,1.82663,1.00,1.00
2014.05.14 16:33:08.927,1.82639,1.82663,2.07,1.00
2014.05.14 16:33:08.977,1.82639,1.82663,2.44,1.00
2014.05.14 16:33:09.609,1.82639,1.82667,1.69,1.69
2014.05.14 16:33:11.146,1.82639,1.82667,1.19,1.69
2014.05.14 16:33:13.560,1.82639,1.82667,1.19,1.69
2014.05.14 16:33:16.072,1.82639,1.82667,1.19,2.59
2014.05.14 16:33:17.176,1.82639,1.82667,1.19,2.59
2014.05.14 16:33:18.279,1.82639,1.82666,1.69,1.58
2014.05.14 16:33:19.585,1.82639,1.82666,1.19,1.47
2014.05.14 16:33:20.789,1.82639,1.82666,1.19,1.58
2014.05.14 16:33:22.015,1.82639,1.82667,1.69,1.69
2014.05.14 16:33:22.522,1.82639,1.82664,1.25,1.69
2014.05.14 16:33:22.825,1.82638,1.82655,1.00,1.00
2014.05.14 16:33:22.925,1.82633,1.82659,1.19,1.57
2014.05.14 16:33:22.976,1.82633,1.82659,1.19,1.19
2014.05.14 16:33:24.230,1.82633,1.82659,1.19,1.19
2014.05.14 16:33:24.332,1.82633,1.82659,1.25,2.07
2014.05.14 16:33:24.949,1.82633,1.82657,1.25,2.14
2014.05.14 16:33:25.536,1.82629,1.82657,1.69,2.59
2014.05.14 16:33:27.044,1.82629,1.82657,1.69,1.94
2014.05.14 16:33:27.612,1.82629,1.82657,2.44,1.94
2014.05.14 16:33:28.150,1.82629,1.82657,2.44,1.94
2014.05.14 16:33:29.656,1.82629,1.82657,2.44,1.94
2014.05.14 16:33:32.078,1.82629,1.82655,1.69,1.19
2014.05.14 16:33:33.149,1.82629,1.82655,1.19,1.19
2014.05.14 16:33:34.669,1.8263,1.82657,1.47,1.38
2014.05.14 16:33:34.720,1.8263,1.82657,1.47,1.00
2014.05.14 16:33:35.227,1.82632,1.8266,1.19,1.50
2014.05.14 16:33:35.624,1.82632,1.8266,1.19,1.50
2014.05.14 16:33:37.844,1.82632,1.8266,1.25,1.69
2014.05.14 16:33:37.945,1.82636,1.82662,1.00,1.94
2014.05.14 16:33:38.248,1.82636,1.82662,1.84,1.94
2014.05.14 16:33:38.399,1.82636,1.82662,1.84,1.94
2014.05.14 16:33:40.651,1.82637,1.82662,1.39,1.94
2014.05.14 16:33:41.155,1.82641,1.82665,2.03,1.57
2014.05.14 16:33:41.206,1.82641,1.82665,2.59,1.00
2014.05.14 16:33:41.258,1.82644,1.82669,1.50,1.13
2014.05.14 16:33:41.359,1.82648,1.82669,1.19,1.50
2014.05.14 16:33:41.762,1.82651,1.82676,1.09,2.44
2014.05.14 16:33:42.563,1.82651,1.82676,2.59,1.69
2014.05.14 16:33:43.062,1.82651,1.82676,1.84,1.69
2014.05.14 16:33:44.667,1.82651,1.82676,1.84,1.69
2014.05.14 16:33:44.908,1.82651,1.82674,1.25,1.09
2014.05.14 16:33:45.612,1.82652,1.82677,1.19,1.69
2014.05.14 16:33:46.692,1.82651,1.82677,1.19,1.32
2014.05.14 16:33:46.916,1.82651,1.82671,1.19,1.20
2014.05.14 16:33:47.017,1.82651,1.82674,1.19,1.84
2014.05.14 16:33:47.218,1.82655,1.82677,1.00,1.32
2014.05.14 16:33:47.602,1.82655,1.82677,1.19,1.32
2014.05.14 16:33:48.845,1.82655,1.8268,1.00,1.69
2014.05.14 16:33:51.205,1.82655,1.82677,1.25,1.47
2014.05.14 16:33:52.681,1.82652,1.82675,1.19,1.25
2014.05.14 16:33:53.703,1.82652,1.82673,1.19,1.20
2014.05.14 16:33:55.784,1.82652,1.82675,1.19,1.09
2014.05.14 16:33:57.033,1.82652,1.82675,1.19,1.20
2014.05.14 16:33:57.860,1.82652,1.82675,1.19,1.20
2014.05.14 16:33:59.075,1.82652,1.82675,1.19,1.20
2014.05.14 16:33:59.231,1.82652,1.82678,1.19,1.77
2014.05.14 16:34:00.046,1.82652,1.82678,1.19,1.77
2014.05.14 16:34:00.665,1.82652,1.82672,1.19,1.20
2014.05.14 16:34:00.766,1.82652,1.82675,1.19,1.09
2014.05.14 16:34:01.050,1.82652,1.82675,1.00,1.39
2014.05.14 16:34:02.556,1.82652,1.82675,1.00,1.39
2014.05.14 16:34:03.096,1.82652,1.82671,1.00,1.00
2014.05.14 16:34:03.752,1.82652,1.82672,1.00,1.00
2014.05.14 16:34:05.448,1.82652,1.82672,1.19,1.00
2014.05.14 16:34:08.153,1.82652,1.82672,1.19,1.00
2014.05.14 16:34:08.920,1.82652,1.82671,1.19,1.00
2014.05.14 16:34:10.185,1.82652,1.82671,1.19,1.00
2014.05.14 16:34:10.456,1.82652,1.82674,1.19,1.00
2014.05.14 16:34:12.624,1.82652,1.82674,1.19,1.00
2014.05.14 16:34:13.889,1.82652,1.82675,1.19,1.25
2014.05.14 16:34:15.137,1.82652,1.82675,1.19,1.63
2014.05.14 16:34:16.142,1.82652,1.82674,1.19,1.38
2014.05.14 16:34:17.698,1.82652,1.82674,1.19,1.57
2014.05.14 16:34:19.036,1.82652,1.82674,1.19,1.63
2014.05.14 16:34:20.124,1.82652,1.82674,1.19,1.38
2014.05.14 16:34:21.959,1.82652,1.82676,1.19,1.69
2014.05.14 16:34:24.037,1.82652,1.82676,1.19,2.00
2014.05.14 16:34:28.046,1.82652,1.82676,1.00,1.94
2014.05.14 16:34:28.683,1.82651,1.82672,1.00,1.13
2014.05.14 16:34:30.869,1.82651,1.82672,1.19,1.32
2014.05.14 16:34:32.061,1.82651,1.82672,1.00,1.32
2014.05.14 16:34:32.606,1.82652,1.82678,1.50,2.14
2014.05.14 16:34:33.367,1.82652,1.82678,1.69,2.14
2014.05.14 16:34:34.672,1.82652,1.82678,1.19,2.14
2014.05.14 16:34:34.723,1.8265,1.82671,1.19,1.38
2014.05.14 16:34:34.874,1.82646,1.82671,1.25,3.94
2014.05.14 16:34:34.925,1.82643,1.82666,1.69,1.95
2014.05.14 16:34:35.177,1.82643,1.82665,1.00,1.94
2014.05.14 16:34:35.846,1.82638,1.82664,1.19,2.44
2014.05.14 16:34:36.384,1.82638,1.82664,1.19,1.94
2014.05.14 16:34:37.800,1.82636,1.82662,1.39,1.50
2014.05.14 16:34:40.905,1.82636,1.82662,1.84,1.50
2014.05.14 16:34:43.549,1.82638,1.82662,1.19,1.94
2014.05.14 16:34:44.171,1.82638,1.82662,1.19,1.94
2014.05.14 16:34:45.172,1.82637,1.82662,1.19,1.94
2014.05.14 16:34:46.126,1.82636,1.82662,1.39,1.75
2014.05.14 16:34:47.530,1.82636,1.82664,2.59,2.44
2014.05.14 16:34:48.534,1.82639,1.82664,1.19,2.25
2014.05.14 16:34:48.635,1.82643,1.82664,1.39,1.13
2014.05.14 16:34:49.931,1.82641,1.82665,1.19,1.00
2014.05.14 16:34:49.982,1.82641,1.82665,1.19,1.65
2014.05.14 16:34:50.622,1.82641,1.82665,1.19,1.94
2014.05.14 16:34:51.282,1.82641,1.82665,1.19,1.94
2014.05.14 16:34:51.995,1.82641,1.82665,1.19,1.94
2014.05.14 16:34:56.113,1.82639,1.82664,1.00,2.00
2014.05.14 16:34:56.164,1.82637,1.82649,1.20,1.00
2014.05.14 16:34:56.215,1.8263,1.82648,1.19,1.13
2014.05.14 16:34:56.316,1.8263,1.82646,1.19,1.00
2014.05.14 16:34:56.417,1.8263,1.82646,1.19,1.00
2014.05.14 16:34:56.630,1.8263,1.82647,1.19,1.38
2014.05.14 16:34:56.731,1.8263,1.82643,1.00,1.13
2014.05.14 16:34:56.832,1.8263,1.82641,1.00,1.13
2014.05.14 16:34:57.184,1.82623,1.8264,1.19,1.13
2014.05.14 16:34:58.161,1.82624,1.82648,1.57,1.69
2014.05.14 16:34:58.211,1.82634,1.82648,1.19,1.50
2014.05.14 16:34:58.262,1.82634,1.8265,1.19,1.00
2014.05.14 16:34:58.414,1.82631,1.82648,1.19,1.00
2014.05.14 16:34:58.464,1.82631,1.82646,1.19,1.00
2014.05.14 16:34:58.767,1.82631,1.82648,1.19,1.00
2014.05.14 16:34:59.179,1.82631,1.82645,1.19,1.20
2014.05.14 16:34:59.229,1.82628,1.82645,1.19,1.20
2014.05.14 16:34:59.432,1.82628,1.82644,1.19,1.38
2014.05.14 16:35:00.069,1.82628,1.82644,1.19,2.63
2014.05.14 16:35:00.224,1.82624,1.82644,1.69,2.63
2014.05.14 16:35:01.510,1.82624,1.82644,1.19,2.63
2014.05.14 16:35:04.324,1.82622,1.82644,1.19,2.82
2014.05.14 16:35:05.427,1.82625,1.82644,1.19,2.63
2014.05.14 16:35:06.533,1.82626,1.82644,1.19,2.63
2014.05.14 16:35:07.053,1.82626,1.82643,1.19,1.00
2014.05.14 16:35:07.558,1.82631,1.82644,1.19,1.00
2014.05.14 16:35:07.861,1.82633,1.82643,1.19,1.00
2014.05.14 16:35:08.372,1.82633,1.82644,1.19,1.00
2014.05.14 16:35:08.574,1.82633,1.8265,1.19,1.47
2014.05.14 16:35:08.624,1.82633,1.82645,1.19,1.20
2014.05.14 16:35:08.725,1.82633,1.82649,1.19,1.24
2014.05.14 16:35:09.884,1.82633,1.82649,1.19,1.24
2014.05.14 16:35:13.274,1.82633,1.82647,1.19,1.84
2014.05.14 16:35:13.375,1.82628,1.82641,1.19,1.24
2014.05.14 16:35:13.426,1.82628,1.82639,1.19,1.47
2014.05.14 16:35:13.477,1.82626,1.82639,1.19,1.47
2014.05.14 16:35:13.628,1.82626,1.8264,1.19,1.13
2014.05.14 16:35:13.880,1.82628,1.82644,1.19,1.13
2014.05.14 16:35:14.785,1.82628,1.82643,1.19,1.00
2014.05.14 16:35:16.163,1.82627,1.82643,1.19,1.00
2014.05.14 16:35:17.806,1.82627,1.82644,1.69,1.88
2014.05.14 16:35:17.907,1.82632,1.82646,1.19,1.00
2014.05.14 16:35:17.959,1.82632,1.8265,1.19,1.00
2014.05.14 16:35:18.110,1.8263,1.8265,1.19,1.00
2014.05.14 16:35:19.116,1.82629,1.8265,1.19,1.00
2014.05.14 16:35:20.409,1.82633,1.8265,1.19,1.00
2014.05.14 16:35:21.818,1.82633,1.8265,1.19,1.20
2014.05.14 16:35:22.335,1.82633,1.82651,1.19,1.65
2014.05.14 16:35:22.385,1.82626,1.82651,1.19,1.65
2014.05.14 16:35:22.436,1.82626,1.82642,1.19,1.20
2014.05.14 16:35:22.638,1.82626,1.82647,1.19,1.00
2014.05.14 16:35:22.840,1.82626,1.82644,1.19,1.00
2014.05.14 16:35:23.144,1.82618,1.82634,1.19,1.20
2014.05.14 16:35:23.548,1.82618,1.82637,1.19,1.20
2014.05.14 16:35:24.066,1.82617,1.82638,1.19,1.32
2014.05.14 16:35:24.167,1.8262,1.82638,1.19,1.00
2014.05.14 16:35:24.218,1.8262,1.8264,1.19,1.00
2014.05.14 16:35:24.268,1.82623,1.8264,1.25,1.00
2014.05.14 16:35:24.319,1.82623,1.82646,1.25,1.00
2014.05.14 16:35:25.174,1.82624,1.82646,1.19,1.00
2014.05.14 16:35:25.957,1.82624,1.82647,1.19,1.28
2014.05.14 16:35:26.813,1.82626,1.82647,1.19,1.28
2014.05.14 16:35:27.584,1.82626,1.82645,1.19,1.20
2014.05.14 16:35:27.886,1.82621,1.82641,1.19,1.20
2014.05.14 16:35:27.936,1.82621,1.82637,1.19,1.20
2014.05.14 16:35:28.250,1.82621,1.82637,1.19,1.58
2014.05.14 16:35:28.759,1.82621,1.82636,1.19,1.13
2014.05.14 16:35:29.881,1.82616,1.82636,1.19,1.13
2014.05.14 16:35:33.303,1.82616,1.82635,1.19,1.20
2014.05.14 16:35:34.514,1.82616,1.82633,1.19,1.20
2014.05.14 16:35:36.703,1.82618,1.82633,1.19,1.20
2014.05.14 16:35:38.709,1.82618,1.82633,1.19,1.20
2014.05.14 16:35:40.253,1.82614,1.82633,1.19,1.20
2014.05.14 16:35:41.230,1.82616,1.82633,1.19,1.20
2014.05.14 16:35:44.193,1.82616,1.8263,1.19,1.20
2014.05.14 16:35:44.413,1.82616,1.82633,1.19,1.20
2014.05.14 16:35:45.041,1.8261,1.82633,1.19,1.20
2014.05.14 16:35:45.092,1.8261,1.82633,1.19,1.54
2014.05.14 16:35:45.394,1.82605,1.82624,1.19,2.03
2014.05.14 16:35:46.392,1.82604,1.82624,1.19,2.03
2014.05.14 16:35:49.357,1.82604,1.82624,1.19,2.40
2014.05.14 16:35:49.461,1.82599,1.82618,1.00,1.20
2014.05.14 16:35:49.512,1.82596,1.82618,1.19,1.58
2014.05.14 16:35:49.827,1.82595,1.82609,1.00,1.20
2014.05.14 16:35:49.878,1.8259,1.82609,1.13,1.20
2014.05.14 16:35:50.443,1.82586,1.82609,1.69,1.20
2014.05.14 16:35:50.494,1.82585,1.82609,1.00,1.47
2014.05.14 16:35:50.544,1.82583,1.82603,1.19,1.00
2014.05.14 16:35:50.847,1.82576,1.82595,1.19,1.00
2014.05.14 16:35:51.607,1.82576,1.82599,1.19,1.84
2014.05.14 16:35:52.293,1.82577,1.82599,1.19,1.28
2014.05.14 16:35:52.445,1.82577,1.82601,1.19,1.13
2014.05.14 16:35:52.697,1.8258,1.82606,1.19,1.84
2014.05.14 16:35:53.200,1.8258,1.82608,2.44,1.84
2014.05.14 16:35:54.106,1.82582,1.82608,1.19,1.84
2014.05.14 16:35:55.292,1.82584,1.8261,1.19,2.22
2014.05.14 16:35:55.394,1.82584,1.82603,1.19,1.20
2014.05.14 16:35:55.596,1.82581,1.82602,1.19,1.20
2014.05.14 16:35:55.861,1.82577,1.82599,1.69,1.20
2014.05.14 16:35:55.911,1.82577,1.82599,1.25,1.28
2014.05.14 16:35:56.423,1.82577,1.82599,1.19,1.47
2014.05.14 16:35:57.806,1.82574,1.82599,1.19,1.47
2014.05.14 16:35:59.350,1.82575,1.82599,1.19,1.47
2014.05.14 16:35:59.855,1.82575,1.82597,1.19,1.20
2014.05.14 16:36:00.419,1.82573,1.82597,1.19,1.39
2014.05.14 16:36:01.422,1.82575,1.82599,1.32,1.47
2014.05.14 16:36:02.649,1.82577,1.82599,1.19,1.39
2014.05.14 16:36:05.539,1.82577,1.82599,1.19,1.09
2014.05.14 16:36:06.844,1.82577,1.82599,1.69,1.20
2014.05.14 16:36:08.047,1.82577,1.82599,1.69,1.20
2014.05.14 16:36:08.149,1.82578,1.82602,1.57,1.20
2014.05.14 16:36:08.300,1.82584,1.82605,1.19,1.65
2014.05.14 16:36:08.603,1.82587,1.82603,1.00,1.20
2014.05.14 16:36:08.704,1.82587,1.82605,1.00,1.20
2014.05.14 16:36:10.776,1.82587,1.82605,1.19,1.20
2014.05.14 16:36:12.372,1.82587,1.8261,1.32,1.39
2014.05.14 16:36:13.318,1.82587,1.82611,1.32,1.09
2014.05.14 16:36:16.684,1.82587,1.82605,1.19,1.20
2014.05.14 16:36:16.793,1.82587,1.82608,1.19,1.20
2014.05.14 16:36:17.603,1.82587,1.82608,1.19,1.39
2014.05.14 16:36:18.933,1.82587,1.82606,1.19,1.20
2014.05.14 16:36:19.103,1.82587,1.82608,1.19,1.20
2014.05.14 16:36:19.638,1.82585,1.82609,1.32,1.20
2014.05.14 16:36:19.688,1.82585,1.82607,1.32,1.20
2014.05.14 16:36:20.657,1.82584,1.82607,2.82,1.09
2014.05.14 16:36:22.182,1.82586,1.82606,1.19,1.20
2014.05.14 16:36:22.412,1.82589,1.82611,1.32,1.20
2014.05.14 16:36:23.413,1.82592,1.82611,1.00,1.20
2014.05.14 16:36:23.564,1.82592,1.82611,1.19,1.20
2014.05.14 16:36:25.072,1.82595,1.82612,1.00,1.20
2014.05.14 16:36:25.173,1.8259,1.82611,1.00,1.20
2014.05.14 16:36:25.862,1.8259,1.82614,1.25,1.47
2014.05.14 16:36:26.800,1.8259,1.82614,1.19,1.47
2014.05.14 16:36:28.562,1.8259,1.82614,1.19,1.28
2014.05.14 16:36:28.663,1.82595,1.8262,1.38,1.20
2014.05.14 16:36:28.764,1.82595,1.82622,1.38,1.20
2014.05.14 16:36:28.865,1.82611,1.82622,1.00,1.20
2014.05.14 16:36:29.017,1.82611,1.82633,1.00,1.13
2014.05.14 16:36:29.269,1.8261,1.82633,1.57,1.00
2014.05.14 16:36:29.572,1.82624,1.82633,1.00,1.00
2014.05.14 16:36:29.673,1.82621,1.82641,1.57,1.00
2014.05.14 16:36:29.874,1.82624,1.82642,1.19,1.00
2014.05.14 16:36:29.975,1.82623,1.82649,1.19,1.00
2014.05.14 16:36:30.504,1.82626,1.8265,1.19,1.28
2014.05.14 16:36:30.774,1.82626,1.82648,1.19,1.20
2014.05.14 16:36:31.312,1.82626,1.8265,1.19,1.20
2014.05.14 16:36:31.983,1.82626,1.8265,1.25,1.20
2014.05.14 16:36:32.498,1.82627,1.82655,1.00,2.59
2014.05.14 16:36:34.888,1.82627,1.82655,1.19,2.59
2014.05.14 16:36:36.242,1.82627,1.82655,1.57,2.22
2014.05.14 16:36:36.572,1.82633,1.82651,1.00,1.20
2014.05.14 16:36:36.623,1.82633,1.82655,1.00,1.20
2014.05.14 16:36:37.127,1.82633,1.82657,1.00,1.39
2014.05.14 16:36:37.177,1.82633,1.82654,1.00,1.20
2014.05.14 16:36:37.379,1.82633,1.82658,1.25,1.84
2014.05.14 16:36:38.833,1.82633,1.82658,1.19,1.47
2014.05.14 16:36:39.295,1.82633,1.82658,1.19,1.84
2014.05.14 16:36:39.723,1.82633,1.82653,1.19,1.20
2014.05.14 16:36:40.234,1.82633,1.82653,1.19,1.20
2014.05.14 16:36:40.285,1.82633,1.82656,1.19,1.39
2014.05.14 16:36:41.321,1.82633,1.82657,1.19,1.39
2014.05.14 16:36:42.624,1.82633,1.82657,1.19,1.09
2014.05.14 16:36:43.336,1.82631,1.82657,1.19,1.39
2014.05.14 16:36:43.671,1.82631,1.82651,1.19,1.20
2014.05.14 16:36:43.779,1.82631,1.82657,1.19,1.84
2014.05.14 16:36:43.982,1.82629,1.82655,1.19,2.07
2014.05.14 16:36:44.083,1.82629,1.82655,1.00,1.00
2014.05.14 16:36:44.441,1.82629,1.82649,1.00,1.20
2014.05.14 16:36:44.643,1.82629,1.82655,1.00,1.13
2014.05.14 16:36:44.743,1.82629,1.82655,1.19,1.25
2014.05.14 16:36:45.771,1.82634,1.82658,1.19,1.28
2014.05.14 16:36:47.393,1.82634,1.82657,1.19,1.20
2014.05.14 16:36:48.156,1.82634,1.8266,1.19,2.59
2014.05.14 16:36:49.264,1.82634,1.8266,1.19,2.59
2014.05.14 16:36:51.313,1.82634,1.8266,1.19,2.59
2014.05.14 16:36:51.860,1.82634,1.82656,1.19,1.20
2014.05.14 16:36:51.911,1.82634,1.82653,1.00,1.20
2014.05.14 16:36:52.012,1.82631,1.82653,1.00,1.20
2014.05.14 16:36:52.167,1.82631,1.82646,1.00,1.20
2014.05.14 16:36:52.282,1.82631,1.82652,1.00,1.20
2014.05.14 16:36:52.875,1.82629,1.82652,1.32,1.20
2014.05.14 16:36:53.674,1.82629,1.82652,1.32,1.20
2014.05.14 16:36:55.211,1.82629,1.82652,1.32,1.20
2014.05.14 16:36:56.394,1.82629,1.82652,1.13,1.20
2014.05.14 16:36:56.444,1.82629,1.82645,1.13,1.20
2014.05.14 16:36:56.545,1.82632,1.8265,1.00,1.20
2014.05.14 16:36:57.368,1.8263,1.8265,1.00,1.20
2014.05.14 16:36:57.702,1.82633,1.82651,1.00,1.20
2014.05.14 16:36:58.172,1.82633,1.82653,1.00,1.20
2014.05.14 16:36:58.719,1.82633,1.82654,1.00,1.20
2014.05.14 16:36:59.430,1.82633,1.8265,1.25,1.20
2014.05.14 16:37:01.660,1.82631,1.8265,1.19,1.20
2014.05.14 16:37:01.962,1.82634,1.82652,1.00,1.20
2014.05.14 16:37:04.016,1.82634,1.8265,1.00,1.20
2014.05.14 16:37:04.117,1.8263,1.8265,1.25,1.20
2014.05.14 16:37:05.310,1.82633,1.8265,1.00,1.20
2014.05.14 16:37:06.642,1.82633,1.82651,1.00,1.20
2014.05.14 16:37:06.972,1.82633,1.82649,1.00,1.20
2014.05.14 16:37:11.159,1.82633,1.82649,1.19,1.20
2014.05.14 16:37:11.701,1.82633,1.82653,1.19,1.20
2014.05.14 16:37:12.791,1.82633,1.82655,1.19,1.20
2014.05.14 16:37:13.980,1.82633,1.82655,1.19,1.20
2014.05.14 16:37:16.056,1.82633,1.82654,1.19,1.00
2014.05.14 16:37:16.593,1.82633,1.82654,1.19,1.00
2014.05.14 16:37:20.860,1.82633,1.82655,1.19,1.20
2014.05.14 16:37:21.165,1.82636,1.8265,1.19,1.20
2014.05.14 16:37:22.801,1.82633,1.82652,1.19,1.20
2014.05.14 16:37:22.911,1.82633,1.82655,1.19,1.20
2014.05.14 16:37:24.924,1.82633,1.82652,1.19,1.20
2014.05.14 16:37:25.132,1.82633,1.82652,1.19,1.20
2014.05.14 16:37:25.371,1.82633,1.82654,1.19,1.20
2014.05.14 16:37:26.639,1.82633,1.82654,1.19,1.20
2014.05.14 16:37:29.503,1.82633,1.82654,1.19,1.20
2014.05.14 16:37:31.594,1.82633,1.82654,1.19,1.20
2014.05.14 16:37:32.679,1.82633,1.82654,1.19,1.20
2014.05.14 16:37:37.296,1.82633,1.82654,1.69,1.20
2014.05.14 16:37:39.963,1.82633,1.82655,1.19,1.20
2014.05.14 16:37:40.215,1.82636,1.82658,1.19,1.20
2014.05.14 16:37:40.540,1.82636,1.82662,2.82,1.65
2014.05.14 16:37:40.641,1.82645,1.82667,1.00,1.20
2014.05.14 16:37:40.973,1.82645,1.82668,1.19,1.20
2014.05.14 16:37:41.844,1.82645,1.82668,1.69,1.20
2014.05.14 16:37:42.361,1.82645,1.82667,1.69,1.20
2014.05.14 16:37:42.412,1.82645,1.82669,1.69,1.28
2014.05.14 16:37:42.603,1.82645,1.82665,1.69,1.20
2014.05.14 16:37:42.938,1.82645,1.82665,1.19,1.20
2014.05.14 16:37:43.151,1.82645,1.82667,1.19,1.20
2014.05.14 16:37:44.492,1.82645,1.82668,1.19,1.20
2014.05.14 16:37:46.352,1.82645,1.82666,1.19,1.20
2014.05.14 16:37:48.458,1.82645,1.82666,1.19,1.20
2014.05.14 16:37:49.095,1.82645,1.82668,1.19,1.20
2014.05.14 16:37:50.100,1.82645,1.82668,1.19,1.20
2014.05.14 16:37:51.476,1.82645,1.82668,1.19,1.20
2014.05.14 16:37:52.680,1.82645,1.82668,1.19,1.20
2014.05.14 16:37:56.495,1.82645,1.82668,1.19,1.20
2014.05.14 16:37:59.102,1.82646,1.82668,1.19,1.20
2014.05.14 16:38:00.215,1.82645,1.82668,1.19,1.20
2014.05.14 16:38:00.265,1.82645,1.82668,1.19,1.58
2014.05.14 16:38:04.324,1.82646,1.82668,1.19,1.95
2014.05.14 16:38:08.459,1.82645,1.82668,1.69,1.95
2014.05.14 16:38:09.075,1.82645,1.82667,1.69,1.00
2014.05.14 16:38:11.648,1.82646,1.82667,1.19,1.65
2014.05.14 16:38:12.753,1.82645,1.82667,1.69,1.65
2014.05.14 16:38:17.095,1.82645,1.82667,1.19,1.65
2014.05.14 16:38:18.086,1.82645,1.82667,1.19,1.65
2014.05.14 16:38:19.079,1.82645,1.82667,1.19,1.65
2014.05.14 16:38:21.390,1.82645,1.82667,1.19,1.65
2014.05.14 16:38:21.907,1.82644,1.82667,1.19,2.40
2014.05.14 16:38:22.617,1.82641,1.82667,1.19,2.59
2014.05.14 16:38:23.802,1.82641,1.82667,1.19,2.59
2014.05.14 16:38:24.955,1.8264,1.82666,1.19,1.94
2014.05.14 16:38:25.455,1.82639,1.82665,1.00,1.94
2014.05.14 16:38:25.770,1.82634,1.82654,1.69,1.38
2014.05.14 16:38:25.821,1.82634,1.82654,1.00,1.38
2014.05.14 16:38:25.878,1.82634,1.82654,1.00,1.38
2014.05.14 16:38:25.929,1.82628,1.82653,1.39,1.75
2014.05.14 16:38:26.140,1.82626,1.82653,1.84,1.75
2014.05.14 16:38:26.190,1.82626,1.82644,1.19,1.20
2014.05.14 16:38:26.291,1.8262,1.82643,1.00,1.95
2014.05.14 16:38:26.342,1.8262,1.82643,1.00,1.99
2014.05.14 16:38:26.644,1.82607,1.82633,1.69,1.75
2014.05.14 16:38:26.846,1.82607,1.82633,1.19,1.75
2014.05.14 16:38:26.947,1.82602,1.82627,1.69,1.38
2014.05.14 16:38:27.452,1.82606,1.82627,1.19,1.00
2014.05.14 16:38:27.502,1.82606,1.8263,1.19,1.00
2014.05.14 16:38:28.226,1.82606,1.8263,1.69,1.25
2014.05.14 16:38:28.636,1.82606,1.8263,1.69,1.63
2014.05.14 16:38:29.174,1.82606,1.82627,1.19,1.38
2014.05.14 16:38:29.631,1.82601,1.82627,1.19,1.38
2014.05.14 16:38:32.445,1.82603,1.82627,1.19,1.38
2014.05.14 16:38:32.970,1.82603,1.82627,1.19,1.00
2014.05.14 16:38:34.989,1.82603,1.82627,1.19,1.00
2014.05.14 16:38:36.434,1.82603,1.82627,1.19,1.38
2014.05.14 16:38:37.012,1.82602,1.82627,1.19,2.03
2014.05.14 16:38:39.540,1.82602,1.82624,1.19,1.20
2014.05.14 16:38:39.641,1.82601,1.82624,1.19,1.77
2014.05.14 16:38:40.000,1.82601,1.82622,1.19,1.38
2014.05.14 16:38:40.302,1.82601,1.82618,1.19,1.00
2014.05.14 16:38:40.605,1.82603,1.82618,1.19,1.00
2014.05.14 16:38:40.706,1.82606,1.82633,1.19,1.57
2014.05.14 16:38:40.757,1.82606,1.82633,1.19,1.57
2014.05.14 16:38:40.807,1.82607,1.82633,1.19,1.94
2014.05.14 16:38:42.710,1.82604,1.82627,1.19,1.13
2014.05.14 16:38:43.906,1.82603,1.82618,1.69,1.00
2014.05.14 16:38:44.336,1.82603,1.82624,1.19,1.00
2014.05.14 16:38:45.111,1.82601,1.82624,1.19,1.00
2014.05.14 16:38:46.090,1.82601,1.82624,1.19,1.88
2014.05.14 16:38:46.241,1.82595,1.82621,1.84,1.00
2014.05.14 16:38:46.342,1.82595,1.82619,1.47,1.00
2014.05.14 16:38:46.644,1.82593,1.82617,1.19,1.47
2014.05.14 16:38:46.924,1.82597,1.8262,1.39,1.38
2014.05.14 16:38:47.076,1.82597,1.8262,1.39,1.00
2014.05.14 16:38:47.816,1.82597,1.82623,1.39,1.38
2014.05.14 16:38:47.968,1.82596,1.82619,1.39,1.00
2014.05.14 16:38:49.128,1.82596,1.82619,1.39,1.00
2014.05.14 16:38:49.279,1.82596,1.82622,1.84,1.63
2014.05.14 16:38:49.492,1.82596,1.82618,1.39,1.00
2014.05.14 16:38:51.369,1.82596,1.82623,1.39,1.57
2014.05.14 16:38:51.873,1.82592,1.82618,1.19,1.19
2014.05.14 16:38:52.334,1.82591,1.82615,1.19,1.00
2014.05.14 16:38:52.876,1.82591,1.82615,1.19,1.38
2014.05.14 16:38:53.349,1.82589,1.82615,1.69,1.57
2014.05.14 16:38:54.959,1.82589,1.82615,2.07,1.19
2014.05.14 16:38:56.611,1.82589,1.82615,1.32,1.57
2014.05.14 16:38:57.124,1.82584,1.82609,1.32,1.00
2014.05.14 16:38:58.788,1.82584,1.82609,1.32,1.38
2014.05.14 16:39:00.060,1.82583,1.82606,1.57,1.00
2014.05.14 16:39:00.583,1.82583,1.82606,1.19,1.00
2014.05.14 16:39:01.677,1.82583,1.82609,1.19,1.38
2014.05.14 16:39:04.604,1.82581,1.82609,2.59,1.94
2014.05.14 16:39:05.285,1.82581,1.82609,2.59,1.94
2014.05.14 16:39:05.751,1.82581,1.826,1.19,1.00
2014.05.14 16:39:05.953,1.82574,1.826,1.19,1.75
2014.05.14 16:39:06.356,1.82569,1.82597,2.97,1.38
2014.05.14 16:39:06.860,1.82567,1.82593,2.07,1.00
2014.05.14 16:39:07.478,1.82567,1.82593,1.57,1.25
2014.05.14 16:39:07.535,1.82567,1.82593,1.57,1.63
2014.05.14 16:39:12.178,1.82564,1.82592,1.19,1.94
2014.05.14 16:39:14.516,1.82564,1.82592,1.84,1.94
2014.05.14 16:39:14.566,1.82564,1.82592,1.84,1.69
2014.05.14 16:39:15.322,1.82562,1.82585,1.39,1.00
2014.05.14 16:39:15.473,1.82563,1.82585,1.19,1.00
2014.05.14 16:39:15.675,1.82563,1.82587,1.19,1.13
2014.05.14 16:39:16.601,1.82562,1.82587,1.19,1.13
2014.05.14 16:39:19.377,1.82566,1.82592,1.19,1.94
2014.05.14 16:39:20.653,1.82566,1.82592,1.19,1.94
2014.05.14 16:39:21.217,1.82564,1.8259,1.19,1.32
2014.05.14 16:39:22.306,1.82573,1.82593,1.38,1.19
2014.05.14 16:39:22.508,1.82587,1.82603,1.20,1.13
2014.05.14 16:39:22.610,1.82589,1.82604,1.25,1.00
2014.05.14 16:39:23.119,1.82582,1.82605,2.22,1.00
2014.05.14 16:39:23.474,1.82582,1.82609,2.97,1.13
2014.05.14 16:39:24.110,1.82582,1.82609,2.22,1.32
2014.05.14 16:39:24.619,1.82589,1.8261,1.20,1.19
2014.05.14 16:39:25.506,1.82588,1.82614,2.40,2.82
2014.05.14 16:39:25.816,1.82589,1.82614,1.19,2.07
2014.05.14 16:39:26.671,1.82588,1.82614,1.84,2.44
2014.05.14 16:39:27.131,1.82583,1.82609,2.59,1.75
2014.05.14 16:39:28.138,1.82583,1.82609,2.59,1.75
2014.05.14 16:39:28.781,1.82583,1.82609,2.59,1.38
2014.05.14 16:39:28.983,1.82589,1.82613,1.09,1.57
2014.05.14 16:39:29.135,1.82589,1.82613,1.19,1.57
2014.05.14 16:39:30.382,1.82588,1.82613,1.84,1.63
2014.05.14 16:39:31.196,1.8259,1.82615,1.19,1.19
2014.05.14 16:39:31.551,1.8259,1.82613,1.00,2.22
2014.05.14 16:39:31.752,1.82587,1.82608,1.19,1.19
2014.05.14 16:39:31.854,1.82587,1.82605,1.00,1.39
2014.05.14 16:39:32.066,1.82584,1.82605,1.19,1.39
2014.05.14 16:39:32.959,1.82584,1.82605,1.25,1.47
2014.05.14 16:39:34.480,1.8258,1.82602,1.19,1.09
2014.05.14 16:39:35.082,1.8258,1.82601,1.19,1.20
2014.05.14 16:39:35.981,1.8258,1.82601,1.19,1.09
2014.05.14 16:39:37.186,1.8258,1.82601,1.19,1.39
2014.05.14 16:39:38.291,1.8258,1.82601,1.00,1.39
2014.05.14 16:39:39.409,1.82578,1.826,1.19,1.39
2014.05.14 16:39:40.923,1.82579,1.82606,1.47,1.63
2014.05.14 16:39:40.974,1.82583,1.82608,1.50,1.32
2014.05.14 16:39:41.289,1.82584,1.82609,1.19,1.69
2014.05.14 16:39:42.151,1.82583,1.82606,1.25,1.32
2014.05.14 16:39:43.149,1.82583,1.82602,1.19,1.09
2014.05.14 16:39:44.129,1.82583,1.82607,1.19,2.14
2014.05.14 16:39:45.529,1.82583,1.8261,1.69,2.18
2014.05.14 16:39:45.668,1.82583,1.8261,2.07,1.80
2014.05.14 16:39:46.659,1.82586,1.82611,1.19,2.03
2014.05.14 16:39:47.091,1.82589,1.82611,1.19,1.38
2014.05.14 16:39:47.615,1.82591,1.82616,1.19,1.84
2014.05.14 16:39:48.068,1.82589,1.82613,1.19,1.38
2014.05.14 16:39:48.629,1.82589,1.82613,1.69,1.38
2014.05.14 16:39:49.188,1.82591,1.82613,1.19,1.38
2014.05.14 16:39:49.784,1.82591,1.82615,1.19,1.38
2014.05.14 16:39:50.386,1.82588,1.82614,1.32,1.38
2014.05.14 16:39:50.942,1.82588,1.82614,1.32,1.38
2014.05.14 16:39:51.865,1.82589,1.82614,1.19,1.38
2014.05.14 16:39:53.735,1.82589,1.82614,1.19,1.38
2014.05.14 16:39:54.342,1.82589,1.82611,1.19,1.38
2014.05.14 16:39:55.612,1.82588,1.82611,1.19,1.38
2014.05.14 16:39:57.048,1.82588,1.82611,1.19,1.13
2014.05.14 16:39:59.288,1.82586,1.82611,1.32,1.32
2014.05.14 16:40:01.430,1.82589,1.82611,1.19,1.38
2014.05.14 16:40:02.471,1.82593,1.82611,1.39,1.00
2014.05.14 16:40:02.522,1.82593,1.82619,1.19,2.44
2014.05.14 16:40:02.623,1.82595,1.82619,1.19,2.44
2014.05.14 16:40:03.657,1.82596,1.82621,1.69,2.22
2014.05.14 16:40:06.526,1.82596,1.82621,1.19,2.22
2014.05.14 16:40:07.039,1.82593,1.82615,1.19,1.13
2014.05.14 16:40:07.631,1.82592,1.82615,1.19,1.13
2014.05.14 16:40:10.589,1.82589,1.82615,1.19,1.50
2014.05.14 16:40:11.780,1.82593,1.82617,1.19,1.63
2014.05.14 16:40:12.082,1.82585,1.8261,1.57,1.99
2014.05.14 16:40:12.183,1.82582,1.8261,1.69,3.15
2014.05.14 16:40:12.399,1.82582,1.82608,1.69,1.09
2014.05.14 16:40:12.600,1.82582,1.82605,1.00,1.84
2014.05.14 16:40:12.701,1.82582,1.82599,1.00,1.58
2014.05.14 16:40:12.752,1.82576,1.82599,1.19,1.58
2014.05.14 16:40:13.379,1.82574,1.82599,1.19,2.03
2014.05.14 16:40:13.530,1.82574,1.82599,1.19,2.40
2014.05.14 16:40:13.972,1.82573,1.82594,1.19,1.00
2014.05.14 16:40:14.128,1.82573,1.82598,1.19,1.75
2014.05.14 16:40:16.080,1.82574,1.82598,1.19,1.75
2014.05.14 16:40:16.410,1.82577,1.82598,1.19,1.00
2014.05.14 16:40:16.511,1.82577,1.826,1.19,1.32
2014.05.14 16:40:16.784,1.82579,1.826,1.19,1.13
2014.05.14 16:40:21.896,1.82578,1.826,1.19,1.32
2014.05.14 16:40:22.571,1.82578,1.82598,1.19,1.00
2014.05.14 16:40:22.622,1.82577,1.82598,1.00,1.84
2014.05.14 16:40:22.672,1.82573,1.82591,1.00,1.75
2014.05.14 16:40:22.916,1.82564,1.82588,1.57,1.28
2014.05.14 16:40:23.017,1.82563,1.82588,1.69,1.58
2014.05.14 16:40:23.358,1.82563,1.82585,1.25,1.58
2014.05.14 16:40:23.460,1.82563,1.82583,1.25,1.95
2014.05.14 16:40:23.713,1.82552,1.82571,1.19,1.00
2014.05.14 16:40:24.660,1.82548,1.82569,1.19,1.00
2014.05.14 16:40:24.962,1.82546,1.82569,1.19,1.00
2014.05.14 16:40:25.063,1.82546,1.82567,1.19,1.00
2014.05.14 16:40:25.736,1.82543,1.82563,1.19,1.00
2014.05.14 16:40:26.260,1.82542,1.82563,1.19,1.00
2014.05.14 16:40:26.751,1.82537,1.82561,2.07,1.00
2014.05.14 16:40:27.256,1.82539,1.82562,1.69,1.19
2014.05.14 16:40:27.763,1.8254,1.82562,1.19,1.00
2014.05.14 16:40:28.510,1.8254,1.82564,1.84,1.19
2014.05.14 16:40:29.450,1.82542,1.82564,1.19,1.00
2014.05.14 16:40:29.600,1.82538,1.82563,2.97,1.00
2014.05.14 16:40:29.702,1.82536,1.82562,1.19,1.58
2014.05.14 16:40:30.005,1.82538,1.82558,1.19,1.00
2014.05.14 16:40:30.170,1.82538,1.82557,1.19,1.20
2014.05.14 16:40:30.702,1.82534,1.82559,1.19,1.50
2014.05.14 16:40:30.982,1.82541,1.82559,1.19,1.13
2014.05.14 16:40:31.033,1.82541,1.82561,1.19,1.00
2014.05.14 16:40:31.134,1.82547,1.82564,1.00,1.00
2014.05.14 16:40:31.437,1.82554,1.8257,1.28,1.00
2014.05.14 16:40:32.804,1.82552,1.8257,1.19,1.00
2014.05.14 16:40:34.231,1.82551,1.8257,1.19,1.00
2014.05.14 16:40:35.100,1.82546,1.8257,1.32,1.00
2014.05.14 16:40:35.151,1.82546,1.8257,1.32,1.38
2014.05.14 16:40:35.500,1.82546,1.82566,1.32,1.00
2014.05.14 16:40:36.614,1.82545,1.82566,1.19,1.00
2014.05.14 16:40:37.442,1.82541,1.82566,1.19,1.38
2014.05.14 16:40:37.645,1.82541,1.82561,1.19,1.00
2014.05.14 16:40:37.960,1.82545,1.82561,1.19,1.00
2014.05.14 16:40:38.111,1.82539,1.82561,1.32,1.00
2014.05.14 16:40:41.316,1.8254,1.82561,1.19,1.00
2014.05.14 16:40:45.042,1.82541,1.82561,1.19,1.00
2014.05.14 16:40:45.297,1.82541,1.82563,1.32,1.00
2014.05.14 16:40:45.770,1.82547,1.82563,1.19,1.00
2014.05.14 16:40:47.748,1.82547,1.82565,1.19,1.00
2014.05.14 16:40:48.756,1.82547,1.82562,1.19,1.00
2014.05.14 16:40:49.564,1.82547,1.82562,1.19,1.00
2014.05.14 16:40:49.842,1.82547,1.82564,1.19,1.00
2014.05.14 16:40:51.117,1.82546,1.82564,1.19,1.00
2014.05.14 16:40:51.218,1.82542,1.82564,1.19,1.00
2014.05.14 16:40:51.269,1.82542,1.82562,1.19,1.00
2014.05.14 16:40:52.181,1.82544,1.82562,1.19,1.00
2014.05.14 16:40:52.382,1.82544,1.82564,1.19,1.00
2014.05.14 16:40:52.980,1.82544,1.82563,1.19,1.00
2014.05.14 16:40:53.339,1.82544,1.82565,1.19,1.00
2014.05.14 16:40:54.255,1.82544,1.82563,1.19,1.00
2014.05.14 16:40:56.128,1.82543,1.82563,1.32,1.00
2014.05.14 16:40:56.449,1.82544,1.82565,1.19,1.00
2014.05.14 16:40:56.780,1.82544,1.82561,1.19,1.00
2014.05.14 16:40:58.962,1.8254,1.82561,1.19,1.00
2014.05.14 16:40:59.064,1.82539,1.82557,1.09,1.00
2014.05.14 16:40:59.165,1.82538,1.82557,1.57,1.00
2014.05.14 16:40:59.317,1.82541,1.82562,1.19,1.00
2014.05.14 16:40:59.367,1.82543,1.82562,1.57,1.00
2014.05.14 16:40:59.739,1.82543,1.82567,1.57,1.00
2014.05.14 16:40:59.931,1.82549,1.82567,1.19,1.00
2014.05.14 16:41:00.305,1.82549,1.82571,2.07,1.00
2014.05.14 16:41:01.475,1.82549,1.8257,2.07,1.00
2014.05.14 16:41:01.981,1.82551,1.8257,1.32,1.00
2014.05.14 16:41:02.031,1.82551,1.82572,1.57,1.00
2014.05.14 16:41:02.456,1.82551,1.82576,1.57,1.84
2014.05.14 16:41:02.965,1.82551,1.82576,1.57,1.65
2014.05.14 16:41:03.167,1.82551,1.82574,1.57,1.20
2014.05.14 16:41:03.499,1.82551,1.82572,1.19,1.00
2014.05.14 16:41:03.847,1.82551,1.82569,1.19,1.00
2014.05.14 16:41:04.347,1.82549,1.82569,1.19,1.00
2014.05.14 16:41:05.548,1.82549,1.82569,1.57,1.00
2014.05.14 16:41:05.649,1.82548,1.82576,4.09,1.19
2014.05.14 16:41:05.701,1.82551,1.82576,1.94,1.00
2014.05.14 16:41:05.903,1.82554,1.8258,2.00,1.00
2014.05.14 16:41:06.004,1.82557,1.8258,1.19,1.00
2014.05.14 16:41:07.078,1.82557,1.82578,1.19,1.00
2014.05.14 16:41:07.592,1.82558,1.82579,1.19,1.00
2014.05.14 16:41:07.915,1.82554,1.82576,1.19,1.20
2014.05.14 16:41:10.126,1.82553,1.82577,1.57,1.00
2014.05.14 16:41:10.177,1.82553,1.82575,1.57,1.00
2014.05.14 16:41:10.494,1.82549,1.8257,1.69,1.00
2014.05.14 16:41:11.068,1.82549,1.82568,1.69,1.00
2014.05.14 16:41:16.096,1.82549,1.82571,1.19,1.00
2014.05.14 16:41:16.789,1.82551,1.82571,1.19,1.00
2014.05.14 16:41:17.680,1.82551,1.82569,1.19,1.00
2014.05.14 16:41:20.167,1.82549,1.82569,1.19,1.00
2014.05.14 16:41:23.635,1.82546,1.82569,1.19,1.00
2014.05.14 16:41:23.736,1.82546,1.82566,1.19,1.00
2014.05.14 16:41:24.464,1.82546,1.82569,1.57,1.65
2014.05.14 16:41:24.710,1.82551,1.82573,1.25,1.25
2014.05.14 16:41:24.760,1.82552,1.82573,1.32,1.00
2014.05.14 16:41:24.912,1.82554,1.82577,1.19,1.20
2014.05.14 16:41:25.164,1.82554,1.82579,1.57,1.09
2014.05.14 16:41:25.531,1.82554,1.82572,1.19,1.20
2014.05.14 16:41:25.949,1.82555,1.82578,1.32,1.20
2014.05.14 16:41:27.248,1.82555,1.82579,2.07,1.20
2014.05.14 16:41:27.299,1.82558,1.82579,1.19,1.20
2014.05.14 16:41:28.418,1.82559,1.82579,1.19,1.20
2014.05.14 16:41:28.620,1.82559,1.82581,1.19,1.65
2014.05.14 16:41:29.425,1.82556,1.82581,1.57,1.25
2014.05.14 16:41:31.125,1.82558,1.82581,1.19,1.00
2014.05.14 16:41:33.358,1.82558,1.82577,1.19,1.20
2014.05.14 16:41:33.900,1.82557,1.82578,1.32,1.20
2014.05.14 16:41:33.951,1.82557,1.82581,1.32,1.00
2014.05.14 16:41:34.944,1.82557,1.82577,1.19,1.20
2014.05.14 16:41:35.305,1.82545,1.82564,1.57,1.20
2014.05.14 16:41:35.456,1.82545,1.82572,1.57,1.09
2014.05.14 16:41:36.010,1.82545,1.8257,1.57,1.20
2014.05.14 16:41:36.111,1.82546,1.82573,1.57,1.00
2014.05.14 16:41:36.649,1.82551,1.82575,1.19,1.19
2014.05.14 16:41:36.997,1.82548,1.82569,1.57,1.20
2014.05.14 16:41:37.726,1.82546,1.82569,1.69,1.20
2014.05.14 16:41:38.665,1.82546,1.82572,2.44,1.25
2014.05.14 16:41:39.219,1.8255,1.82574,1.32,1.25
2014.05.14 16:41:39.848,1.8255,1.82572,1.32,1.20
2014.05.14 16:41:39.950,1.82548,1.82572,1.57,1.20
2014.05.14 16:41:40.001,1.82546,1.82569,2.07,1.20
2014.05.14 16:41:40.940,1.82546,1.82569,1.57,1.20
2014.05.14 16:41:44.968,1.82546,1.82569,1.57,1.20
2014.05.14 16:41:47.342,1.82546,1.82568,1.57,1.20
2014.05.14 16:41:47.443,1.82546,1.82571,1.57,1.20
2014.05.14 16:41:47.695,1.82546,1.82569,1.57,1.20
2014.05.14 16:41:48.455,1.82546,1.8257,1.57,1.20
2014.05.14 16:41:50.057,1.82546,1.8257,1.57,1.09
2014.05.14 16:41:51.053,1.82546,1.8257,1.57,1.20
2014.05.14 16:41:52.367,1.82547,1.8257,1.57,1.20
2014.05.14 16:41:52.418,1.82547,1.82572,1.57,1.00
2014.05.14 16:41:52.695,1.82549,1.82574,1.19,1.00
2014.05.14 16:41:53.199,1.82547,1.82571,1.57,1.00
2014.05.14 16:41:53.579,1.82546,1.82569,1.57,1.20
2014.05.14 16:41:54.587,1.82545,1.82569,1.69,1.20
2014.05.14 16:41:55.626,1.82547,1.82571,1.57,1.65
2014.05.14 16:41:56.016,1.82546,1.82569,1.57,1.20
2014.05.14 16:41:56.458,1.82547,1.82571,1.57,1.20
2014.05.14 16:41:57.077,1.82547,1.82571,1.57,1.20
2014.05.14 16:41:58.384,1.82547,1.82571,2.07,1.39
2014.05.14 16:41:59.826,1.82546,1.82571,1.57,1.39
2014.05.14 16:42:02.095,1.82546,1.82571,1.32,1.39
2014.05.14 16:42:02.601,1.82552,1.82571,1.00,1.39
2014.05.14 16:42:02.702,1.82552,1.82572,1.32,1.00
2014.05.14 16:42:03.182,1.82552,1.82574,1.32,1.00
2014.05.14 16:42:03.708,1.82552,1.82574,1.32,1.25
2014.05.14 16:42:12.127,1.82552,1.82574,1.32,1.19
2014.05.14 16:42:17.073,1.82552,1.82574,1.32,1.19
2014.05.14 16:42:17.751,1.82552,1.82574,1.32,1.19
2014.05.14 16:42:17.852,1.82556,1.82574,1.38,1.00
2014.05.14 16:42:17.953,1.82558,1.82577,1.00,1.00
2014.05.14 16:42:18.054,1.82558,1.82581,1.50,1.39
2014.05.14 16:42:18.780,1.82558,1.82581,2.07,1.20
2014.05.14 16:42:18.881,1.82558,1.8258,1.32,1.09
2014.05.14 16:42:19.133,1.82557,1.82578,1.19,1.00
2014.05.14 16:42:19.439,1.82552,1.82573,1.69,1.20
2014.05.14 16:42:19.590,1.82552,1.82573,1.69,1.20
2014.05.14 16:42:20.197,1.82548,1.82569,1.69,1.20
2014.05.14 16:42:21.620,1.82547,1.82571,1.69,1.39
2014.05.14 16:42:22.367,1.82547,1.82571,1.69,1.20
2014.05.14 16:42:25.170,1.82547,1.82571,1.19,1.84
2014.05.14 16:42:25.707,1.82549,1.82571,1.28,1.25
2014.05.14 16:42:26.067,1.82549,1.82573,1.69,1.19
2014.05.14 16:42:27.910,1.82548,1.8257,2.44,1.20
2014.05.14 16:42:28.494,1.82548,1.82569,1.32,1.20
2014.05.14 16:42:28.916,1.82543,1.82569,2.44,1.65
2014.05.14 16:42:32.180,1.82544,1.82569,1.57,1.00
2014.05.14 16:42:39.407,1.82544,1.82569,1.57,1.84
2014.05.14 16:42:40.713,1.82544,1.82569,1.57,1.65
2014.05.14 16:42:40.800,1.82544,1.82567,1.57,1.00
2014.05.14 16:42:41.920,1.82544,1.82567,1.57,1.00
2014.05.14 16:42:43.814,1.82544,1.8257,2.44,1.19
2014.05.14 16:42:43.865,1.82544,1.8257,2.44,1.19
2014.05.14 16:42:44.930,1.82546,1.8257,1.57,1.25
2014.05.14 16:42:45.450,1.82555,1.8257,1.00,1.25
2014.05.14 16:42:45.551,1.82557,1.8258,1.00,1.20
2014.05.14 16:42:45.602,1.82557,1.8258,1.38,1.20
2014.05.14 16:42:45.904,1.82562,1.82584,1.57,1.20
2014.05.14 16:42:46.206,1.82563,1.82585,1.57,1.00
2014.05.14 16:42:46.625,1.82563,1.82589,2.07,1.20
2014.05.14 16:42:47.385,1.82564,1.82589,1.57,1.20
2014.05.14 16:42:49.044,1.82563,1.82589,1.57,1.20
2014.05.14 16:42:49.671,1.82561,1.82588,1.69,1.00
2014.05.14 16:42:50.233,1.82561,1.82588,1.69,1.00
2014.05.14 16:42:51.511,1.82562,1.82585,1.19,1.00
2014.05.14 16:42:52.354,1.82561,1.82585,1.69,1.00
2014.05.14 16:42:54.961,1.82562,1.82585,1.19,1.00
2014.05.14 16:42:55.167,1.82561,1.82581,1.19,1.20
2014.05.14 16:42:55.267,1.82561,1.82584,1.19,1.20
2014.05.14 16:42:58.572,1.8256,1.82584,1.69,1.39
2014.05.14 16:43:00.076,1.82559,1.82584,2.44,1.09
2014.05.14 16:43:03.023,1.82562,1.82584,1.19,1.09
2014.05.14 16:43:07.112,1.8256,1.82584,1.69,1.65
2014.05.14 16:43:08.417,1.82561,1.82584,1.19,1.65
2014.05.14 16:43:09.075,1.82561,1.82579,1.19,1.20
2014.05.14 16:43:09.126,1.82555,1.82579,1.19,1.28
2014.05.14 16:43:09.177,1.82551,1.82573,2.07,1.00
2014.05.14 16:43:09.328,1.82548,1.82573,1.57,1.00
2014.05.14 16:43:09.530,1.82547,1.82571,1.57,1.20
2014.05.14 16:43:10.074,1.82548,1.82571,1.57,1.20
2014.05.14 16:43:10.427,1.82544,1.82569,1.94,1.00
2014.05.14 16:43:11.290,1.82552,1.82573,1.00,1.19
2014.05.14 16:43:12.134,1.82552,1.82573,1.19,1.00
2014.05.14 16:43:13.738,1.82552,1.82573,1.19,1.00
2014.05.14 16:43:17.196,1.82552,1.82573,1.19,1.25
2014.05.14 16:43:18.657,1.82552,1.82573,1.19,1.25
2014.05.14 16:43:20.571,1.82552,1.82578,1.19,1.25
2014.05.14 16:43:21.767,1.82553,1.82578,1.32,1.65
2014.05.14 16:43:27.687,1.82557,1.82578,1.19,1.00
2014.05.14 16:43:29.433,1.82555,1.82577,1.19,1.20
2014.05.14 16:43:29.534,1.82552,1.82576,1.19,1.20
2014.05.14 16:43:29.635,1.82552,1.82576,1.19,1.39
2014.05.14 16:43:29.736,1.82552,1.82578,1.32,1.84
2014.05.14 16:43:30.240,1.82556,1.82579,1.57,1.19
2014.05.14 16:43:30.756,1.82556,1.82579,1.57,1.19
2014.05.14 16:43:30.807,1.82556,1.82579,2.07,1.25
2014.05.14 16:43:31.226,1.82559,1.82579,1.57,1.00
2014.05.14 16:43:31.329,1.82562,1.82583,1.19,1.00
2014.05.14 16:43:31.864,1.82564,1.82586,1.19,1.39
2014.05.14 16:43:32.029,1.82563,1.82586,1.69,1.09
2014.05.14 16:43:34.056,1.82563,1.82586,1.57,1.20
2014.05.14 16:43:36.828,1.82563,1.82586,1.57,1.20
2014.05.14 16:43:38.885,1.82562,1.82581,2.07,1.20
2014.05.14 16:43:38.986,1.82562,1.82583,2.07,1.20
2014.05.14 16:43:40.408,1.82562,1.82583,1.57,1.20
2014.05.14 16:43:41.651,1.82562,1.82583,3.19,1.20
2014.05.14 16:43:42.004,1.82566,1.82583,1.19,1.20
2014.05.14 16:43:42.105,1.82567,1.82587,1.19,1.20
2014.05.14 16:43:42.509,1.82566,1.82585,1.32,1.20
2014.05.14 16:43:42.661,1.82566,1.82587,1.32,1.20
2014.05.14 16:43:43.250,1.82568,1.82587,1.19,1.20
2014.05.14 16:43:46.130,1.8257,1.82587,1.19,1.20
2014.05.14 16:43:50.056,1.82563,1.82583,1.94,1.20
2014.05.14 16:43:50.359,1.82558,1.82583,1.32,1.58
2014.05.14 16:43:50.410,1.82558,1.82579,1.25,1.20
2014.05.14 16:43:50.726,1.82552,1.82577,1.69,1.20
2014.05.14 16:43:51.376,1.82552,1.82576,1.69,1.20
2014.05.14 16:43:51.680,1.82553,1.82571,1.19,1.00
2014.05.14 16:43:51.782,1.82549,1.82571,1.57,1.00
2014.05.14 16:43:52.541,1.82549,1.82574,1.57,1.65
2014.05.14 16:43:52.869,1.82557,1.82574,1.00,1.65
2014.05.14 16:43:54.099,1.82549,1.82574,1.94,1.00
2014.05.14 16:43:54.300,1.82548,1.82574,2.44,1.00
2014.05.14 16:43:54.448,1.82548,1.82573,2.44,1.20
2014.05.14 16:43:54.499,1.82556,1.82576,1.69,1.00
2014.05.14 16:43:54.651,1.82561,1.8258,1.00,1.65
2014.05.14 16:43:54.701,1.82561,1.8258,2.07,1.00
2014.05.14 16:43:54.752,1.82561,1.82585,2.07,1.00
2014.05.14 16:43:55.514,1.82564,1.82588,1.38,1.20
2014.05.14 16:43:56.286,1.82565,1.82588,1.69,1.20
2014.05.14 16:43:56.441,1.82565,1.82591,1.69,1.09
2014.05.14 16:43:57.758,1.82565,1.82587,1.69,1.20
2014.05.14 16:43:58.270,1.82565,1.82588,1.69,1.20
2014.05.14 16:43:58.923,1.82566,1.82588,1.57,1.20
2014.05.14 16:44:00.002,1.82564,1.82588,2.44,1.20
2014.05.14 16:44:01.004,1.82568,1.82588,1.19,1.20
2014.05.14 16:44:01.606,1.82568,1.82591,1.19,1.20
2014.05.14 16:44:02.812,1.82569,1.82591,1.19,1.20
2014.05.14 16:44:05.547,1.8257,1.82591,1.19,1.20
2014.05.14 16:44:05.648,1.82565,1.82589,1.57,1.00
2014.05.14 16:44:05.699,1.82565,1.82585,1.32,1.20
2014.05.14 16:44:06.115,1.82564,1.82582,1.57,1.20
2014.05.14 16:44:06.225,1.82564,1.82585,1.57,1.20
2014.05.14 16:44:06.830,1.82566,1.82585,1.19,1.20
2014.05.14 16:44:07.037,1.82566,1.82587,1.19,1.20
2014.05.14 16:44:07.946,1.82563,1.82587,1.57,1.20
2014.05.14 16:44:09.294,1.82568,1.82587,1.19,1.20
2014.05.14 16:44:09.597,1.82568,1.82585,1.19,1.20
2014.05.14 16:44:09.698,1.82568,1.82587,1.32,1.20
2014.05.14 16:44:10.758,1.82567,1.82587,1.32,1.20
2014.05.14 16:44:10.859,1.82567,1.82585,1.32,1.20
2014.05.14 16:44:11.275,1.82565,1.82586,1.19,1.20
2014.05.14 16:44:12.076,1.82563,1.82588,2.44,1.84
2014.05.14 16:44:12.577,1.82564,1.82588,2.44,1.39
2014.05.14 16:44:12.939,1.82565,1.82583,1.19,1.20
2014.05.14 16:44:13.244,1.82565,1.82585,1.19,1.20
2014.05.14 16:44:13.557,1.82565,1.82589,1.19,1.39
2014.05.14 16:44:13.658,1.82567,1.82589,1.19,1.20
2014.05.14 16:44:13.708,1.82567,1.82587,1.19,1.20
2014.05.14 16:44:13.885,1.82567,1.82589,1.19,1.20
2014.05.14 16:44:14.779,1.82567,1.82589,1.32,1.20
2014.05.14 16:44:16.224,1.82568,1.82589,1.19,1.20
2014.05.14 16:44:16.920,1.82568,1.8259,1.19,1.00
2014.05.14 16:44:18.011,1.82569,1.8259,1.19,1.00
2014.05.14 16:44:20.409,1.8257,1.8259,1.19,1.00
2014.05.14 16:44:22.147,1.82571,1.8259,1.19,1.00
2014.05.14 16:44:22.690,1.82571,1.82592,1.19,1.65
2014.05.14 16:44:23.462,1.82569,1.82592,1.32,1.65
2014.05.14 16:44:24.924,1.8257,1.82592,1.19,1.65
2014.05.14 16:44:26.040,1.8257,1.82592,1.19,1.65
2014.05.14 16:44:31.246,1.82573,1.82592,1.19,1.65
2014.05.14 16:44:32.492,1.82571,1.82592,1.19,1.65
2014.05.14 16:44:33.356,1.82571,1.82588,1.19,1.20
2014.05.14 16:44:33.507,1.82571,1.82591,1.19,1.20
2014.05.14 16:44:34.033,1.82571,1.82592,1.19,1.65
2014.05.14 16:44:34.561,1.82568,1.82592,1.57,1.65
2014.05.14 16:44:37.169,1.82569,1.82592,1.32,1.65
2014.05.14 16:44:37.866,1.82569,1.82587,1.32,1.20
2014.05.14 16:44:37.974,1.82569,1.82589,1.32,1.20
2014.05.14 16:44:38.232,1.82569,1.82592,1.32,1.65
2014.05.14 16:44:41.464,1.82569,1.82593,1.32,1.00
2014.05.14 16:44:41.986,1.82569,1.82593,1.32,1.19
2014.05.14 16:44:43.030,1.82572,1.82593,1.19,1.65
2014.05.14 16:44:50.833,1.82572,1.82593,1.19,1.65
2014.05.14 16:44:52.137,1.82572,1.82593,1.69,1.65
2014.05.14 16:44:53.789,1.82573,1.82593,1.19,1.65
2014.05.14 16:44:54.987,1.82577,1.82593,1.25,1.00
2014.05.14 16:44:58.567,1.82572,1.82593,1.19,1.00
2014.05.14 16:44:58.654,1.82572,1.82591,1.19,1.20
2014.05.14 16:45:00.166,1.8257,1.82593,1.19,1.84
2014.05.14 16:45:01.869,1.82569,1.82593,1.32,1.84
2014.05.14 16:45:02.861,1.82569,1.82593,1.32,1.00
2014.05.14 16:45:04.568,1.8257,1.82593,1.19,1.00
2014.05.14 16:45:08.083,1.82572,1.82593,1.19,1.00
2014.05.14 16:45:09.131,1.82571,1.82593,1.19,1.00
2014.05.14 16:45:10.190,1.8257,1.82593,1.19,1.00
2014.05.14 16:45:11.195,1.82571,1.82593,1.19,1.00
2014.05.14 16:45:15.325,1.82571,1.82591,1.19,1.20
2014.05.14 16:45:15.806,1.82571,1.82593,1.19,1.65
2014.05.14 16:45:16.913,1.82571,1.82593,1.19,1.65
2014.05.14 16:45:17.790,1.82571,1.82591,1.19,1.20
2014.05.14 16:45:18.321,1.82571,1.82591,1.19,1.20
2014.05.14 16:45:19.797,1.82571,1.82591,1.19,1.20
2014.05.14 16:45:20.303,1.82571,1.82592,1.19,1.20
2014.05.14 16:45:20.807,1.82571,1.82593,1.19,1.00
2014.05.14 16:45:22.696,1.8257,1.82592,1.19,1.20
2014.05.14 16:45:23.246,1.8257,1.82593,1.19,1.00
2014.05.14 16:45:24.145,1.8257,1.82595,1.19,1.00
2014.05.14 16:45:25.445,1.82571,1.82594,1.19,1.20
2014.05.14 16:45:26.331,1.82571,1.82594,1.19,1.20
2014.05.14 16:45:30.065,1.82571,1.82595,1.19,1.25
2014.05.14 16:45:32.153,1.82571,1.82595,1.19,1.00
2014.05.14 16:45:33.159,1.82572,1.82595,1.19,1.00
2014.05.14 16:45:33.984,1.82572,1.82594,1.19,1.20
2014.05.14 16:45:34.497,1.82572,1.82595,1.19,1.00
2014.05.14 16:45:35.280,1.8257,1.82595,1.19,1.00
2014.05.14 16:45:36.580,1.82572,1.82595,1.19,1.00
2014.05.14 16:45:44.002,1.8257,1.82595,1.19,1.00
2014.05.14 16:45:44.654,1.8257,1.82594,1.19,1.20
2014.05.14 16:45:54.132,1.82571,1.82594,1.19,1.00
2014.05.14 16:45:55.136,1.82571,1.82594,1.19,1.00
2014.05.14 16:45:57.448,1.82571,1.82594,1.19,1.00
2014.05.14 16:46:01.616,1.8257,1.82594,1.19,1.00
2014.05.14 16:46:02.870,1.82571,1.82594,1.19,1.00
2014.05.14 16:46:04.374,1.8257,1.82594,1.19,1.00
2014.05.14 16:46:06.081,1.82571,1.82594,1.19,1.00
2014.05.14 16:46:07.134,1.82571,1.82591,1.19,1.20
2014.05.14 16:46:07.262,1.82571,1.82594,1.19,1.65
2014.05.14 16:46:07.837,1.8257,1.82594,1.19,1.84
2014.05.14 16:46:11.053,1.8257,1.82592,1.19,1.20
2014.05.14 16:46:11.335,1.82567,1.82591,1.19,1.19
2014.05.14 16:46:11.536,1.82565,1.82586,1.32,1.20
2014.05.14 16:46:12.702,1.82565,1.82586,1.32,1.20
2014.05.14 16:46:15.113,1.82563,1.82586,2.44,1.20
2014.05.14 16:46:15.164,1.82563,1.82588,2.44,1.20
2014.05.14 16:46:16.714,1.82566,1.82588,1.19,1.20
2014.05.14 16:46:17.458,1.82566,1.82589,1.19,1.20
2014.05.14 16:46:18.257,1.82567,1.82589,1.19,1.20
2014.05.14 16:46:21.787,1.82569,1.82589,1.19,1.20
2014.05.14 16:46:24.656,1.82567,1.82589,1.19,1.20
2014.05.14 16:46:26.273,1.82567,1.82591,1.19,1.65
2014.05.14 16:46:26.374,1.82567,1.82586,1.19,1.20
2014.05.14 16:46:26.475,1.82567,1.82591,1.19,1.65
2014.05.14 16:46:27.893,1.82565,1.8259,2.07,1.20
2014.05.14 16:46:29.068,1.82565,1.8259,1.32,1.09
2014.05.14 16:46:30.192,1.82565,1.8259,1.32,1.39
2014.05.14 16:46:31.508,1.82565,1.82588,1.32,1.20
2014.05.14 16:46:32.180,1.82565,1.82587,1.19,1.20
2014.05.14 16:46:32.281,1.82565,1.82587,1.19,1.39
2014.05.14 16:46:32.482,1.82565,1.8259,1.69,1.84
2014.05.14 16:46:34.194,1.82565,1.82587,2.07,1.20
2014.05.14 16:46:34.589,1.82565,1.82587,1.32,1.20
2014.05.14 16:46:35.413,1.82564,1.82588,1.57,1.00
2014.05.14 16:46:35.933,1.82565,1.82588,1.32,1.19
2014.05.14 16:46:36.700,1.82565,1.82588,1.32,1.00
2014.05.14 16:46:39.007,1.82566,1.82588,1.19,1.00
2014.05.14 16:46:42.833,1.82565,1.82588,1.32,1.00
2014.05.14 16:46:44.554,1.82566,1.8259,1.19,1.19
2014.05.14 16:46:45.553,1.82565,1.8259,1.69,1.19
2014.05.14 16:46:47.251,1.82567,1.8259,1.19,1.00
2014.05.14 16:46:47.819,1.82567,1.82591,1.32,1.25
2014.05.14 16:46:48.323,1.82567,1.82592,1.57,1.00
2014.05.14 16:46:48.653,1.82573,1.82597,1.19,1.19
2014.05.14 16:46:52.505,1.82574,1.82598,1.19,1.25
2014.05.14 16:46:55.175,1.82574,1.826,1.69,1.00
2014.05.14 16:46:56.880,1.82574,1.826,1.19,1.00
2014.05.14 16:46:59.031,1.82573,1.82598,1.32,1.00
2014.05.14 16:46:59.233,1.82572,1.82598,1.69,1.84
2014.05.14 16:46:59.776,1.82572,1.82597,1.19,1.28
2014.05.14 16:46:59.826,1.82571,1.82595,1.32,1.00
2014.05.14 16:47:01.839,1.82569,1.82595,1.57,1.00
2014.05.14 16:47:02.862,1.82569,1.82595,2.07,1.25
2014.05.14 16:47:05.336,1.82569,1.82595,1.32,1.25
2014.05.14 16:47:08.548,1.82569,1.82595,1.32,1.25
2014.05.14 16:47:10.157,1.82569,1.82595,1.32,1.19
2014.05.14 16:47:10.461,1.82565,1.82591,3.94,1.19
2014.05.14 16:47:10.884,1.82571,1.82591,1.25,1.00
2014.05.14 16:47:11.159,1.82571,1.82591,1.19,1.00
2014.05.14 16:47:11.487,1.82571,1.82593,1.19,1.00
2014.05.14 16:47:12.478,1.82571,1.82593,1.19,1.00
2014.05.14 16:47:14.317,1.82571,1.82593,1.69,1.25
2014.05.14 16:47:19.100,1.82571,1.82593,1.19,1.00
2014.05.14 16:47:20.705,1.82571,1.82593,1.19,1.19
2014.05.14 16:47:22.814,1.82571,1.82593,1.19,1.19
2014.05.14 16:47:24.121,1.82571,1.82593,1.19,1.00
2014.05.14 16:47:25.123,1.82571,1.82593,1.69,1.25
2014.05.14 16:47:29.882,1.82574,1.82593,1.19,1.65
2014.05.14 16:47:30.039,1.82569,1.82593,1.69,1.65
2014.05.14 16:47:30.240,1.8257,1.8259,1.19,1.20
2014.05.14 16:47:31.201,1.82569,1.82592,1.19,1.00
2014.05.14 16:47:32.473,1.82565,1.82592,1.94,1.00
2014.05.14 16:47:33.212,1.82565,1.82591,1.69,1.20
2014.05.14 16:47:33.861,1.82564,1.82591,2.44,1.20
2014.05.14 16:47:34.365,1.82569,1.82593,1.19,1.19
2014.05.14 16:47:35.368,1.82572,1.82593,1.19,1.25
2014.05.14 16:47:37.392,1.82573,1.82593,1.57,1.25
2014.05.14 16:47:37.543,1.82585,1.82602,1.00,1.00
2014.05.14 16:47:37.602,1.82592,1.82602,1.00,1.00
2014.05.14 16:47:37.927,1.82593,1.82602,2.00,1.00
2014.05.14 16:47:38.246,1.82596,1.8261,1.19,1.13
2014.05.14 16:47:38.397,1.82596,1.8261,1.19,1.13
2014.05.14 16:47:38.448,1.82596,1.82618,1.19,1.00
2014.05.14 16:47:38.549,1.82596,1.8262,1.19,1.20
2014.05.14 16:47:39.060,1.82596,1.82621,1.69,1.65
2014.05.14 16:47:39.680,1.82597,1.82621,1.19,1.65
2014.05.14 16:47:40.588,1.82596,1.82621,1.32,1.65
2014.05.14 16:47:41.132,1.82596,1.82619,1.19,1.28
2014.05.14 16:47:41.191,1.82593,1.82619,1.19,1.28
2014.05.14 16:47:41.342,1.82593,1.82616,1.19,1.00
2014.05.14 16:47:41.862,1.82591,1.82617,1.19,2.40
2014.05.14 16:47:42.280,1.82591,1.82614,1.19,1.00
2014.05.14 16:47:42.604,1.8259,1.82614,1.32,1.19
2014.05.14 16:47:43.599,1.8259,1.82614,1.32,1.19
2014.05.14 16:47:46.616,1.82589,1.82614,1.19,1.19
2014.05.14 16:47:47.642,1.82588,1.82613,1.19,1.84
2014.05.14 16:47:50.651,1.82588,1.82613,1.69,1.19
2014.05.14 16:47:51.926,1.82588,1.82613,1.19,1.69
2014.05.14 16:47:53.444,1.82587,1.82613,1.19,1.69
2014.05.14 16:47:55.871,1.82585,1.82613,1.94,2.44
2014.05.14 16:47:56.576,1.82587,1.82611,1.57,1.09
2014.05.14 16:47:56.628,1.82587,1.82609,1.57,1.00
2014.05.14 16:47:58.866,1.82587,1.82609,1.57,1.00
2014.05.14 16:48:00.281,1.82585,1.82609,2.07,1.25
2014.05.14 16:48:01.601,1.82587,1.82609,1.19,1.25
2014.05.14 16:48:02.780,1.82586,1.82609,1.19,1.19
2014.05.14 16:48:03.122,1.82585,1.82609,1.19,1.57
2014.05.14 16:48:03.634,1.82581,1.82607,2.07,1.00
2014.05.14 16:48:04.216,1.82581,1.82607,1.57,1.19
2014.05.14 16:48:05.594,1.82581,1.82607,1.57,1.25
2014.05.14 16:48:06.799,1.82581,1.82607,2.07,1.25
2014.05.14 16:48:08.903,1.82581,1.82602,2.07,1.20
2014.05.14 16:48:09.102,1.82581,1.82605,2.07,1.20
2014.05.14 16:48:09.851,1.82581,1.82605,1.57,1.20
2014.05.14 16:48:12.033,1.82581,1.82605,1.57,1.20
2014.05.14 16:48:13.151,1.82582,1.82605,1.32,1.20
2014.05.14 16:48:23.870,1.82581,1.82605,1.57,1.20
2014.05.14 16:48:23.921,1.82581,1.82602,1.57,1.20
2014.05.14 16:48:24.073,1.82581,1.82607,1.57,1.25
2014.05.14 16:48:24.174,1.82581,1.82603,1.57,1.20
2014.05.14 16:48:27.124,1.82581,1.82605,2.07,1.20
2014.05.14 16:48:28.998,1.82581,1.82607,2.07,1.25
2014.05.14 16:48:30.143,1.82581,1.82607,1.57,1.19
2014.05.14 16:48:30.863,1.82584,1.82607,1.77,1.00
2014.05.14 16:48:30.913,1.82587,1.82613,1.00,1.00
2014.05.14 16:48:31.916,1.82588,1.82613,1.19,1.19
2014.05.14 16:48:33.262,1.82586,1.82612,1.69,1.19
2014.05.14 16:48:34.229,1.82586,1.82612,1.25,2.22
2014.05.14 16:48:34.280,1.82583,1.82605,1.19,1.20
2014.05.14 16:48:34.534,1.82581,1.82605,1.19,1.39
2014.05.14 16:48:35.672,1.82578,1.82602,1.19,1.32
2014.05.14 16:48:36.335,1.82576,1.82602,1.32,1.32
2014.05.14 16:48:36.891,1.82581,1.82604,1.00,2.59
2014.05.14 16:48:37.762,1.82581,1.82601,1.25,1.00
2014.05.14 16:48:39.648,1.82581,1.82601,1.19,1.00
2014.05.14 16:48:41.148,1.82581,1.82601,1.19,1.00
2014.05.14 16:48:45.056,1.82581,1.82601,1.25,1.25
2014.05.14 16:48:45.157,1.82576,1.82599,1.32,1.20
2014.05.14 16:48:45.308,1.82576,1.82601,1.32,1.84
2014.05.14 16:48:47.979,1.82573,1.82601,2.44,1.65
2014.05.14 16:48:49.285,1.82574,1.82601,1.94,1.84
2014.05.14 16:48:50.388,1.82573,1.82601,2.44,1.65
2014.05.14 16:48:51.874,1.82573,1.82598,2.44,1.20
2014.05.14 16:48:52.104,1.82573,1.826,2.44,1.20
2014.05.14 16:48:52.898,1.82573,1.826,1.94,1.20
2014.05.14 16:48:54.101,1.82573,1.826,1.69,1.20
2014.05.14 16:48:55.306,1.82573,1.826,1.69,1.39
2014.05.14 16:48:55.508,1.82571,1.82597,1.94,1.00
2014.05.14 16:48:56.410,1.82571,1.82597,1.94,1.00
2014.05.14 16:49:01.133,1.82573,1.82598,1.69,1.20
2014.05.14 16:49:03.059,1.82573,1.82598,1.50,1.39
2014.05.14 16:49:04.128,1.82573,1.82598,1.13,1.39
2014.05.14 16:49:05.133,1.82573,1.82598,1.69,1.20
2014.05.14 16:49:07.160,1.82573,1.82598,1.69,1.39
2014.05.14 16:49:09.345,1.82572,1.82598,1.94,1.65
2014.05.14 16:49:12.099,1.82572,1.82598,1.69,1.19
2014.05.14 16:49:12.955,1.82572,1.82595,1.32,1.20
2014.05.14 16:49:13.486,1.82572,1.82595,1.32,1.20
2014.05.14 16:49:14.622,1.82572,1.82597,1.32,1.20
2014.05.14 16:49:15.132,1.82572,1.82598,1.32,1.25
2014.05.14 16:49:16.277,1.82572,1.82598,1.32,1.19
2014.05.14 16:49:16.580,1.8257,1.82594,1.57,1.28
2014.05.14 16:49:16.681,1.8257,1.82596,1.57,1.25
2014.05.14 16:49:17.682,1.82571,1.82597,1.32,1.00
2014.05.14 16:49:19.836,1.82569,1.82597,1.69,1.19
2014.05.14 16:49:21.595,1.82569,1.82597,1.69,1.19
2014.05.14 16:49:22.913,1.82569,1.82597,1.32,1.19
2014.05.14 16:49:24.844,1.82569,1.82597,1.32,1.19
2014.05.14 16:49:26.618,1.82569,1.82597,2.07,1.25
2014.05.14 16:49:32.539,1.8257,1.82597,1.19,1.00
2014.05.14 16:49:34.168,1.82569,1.82597,2.44,1.84
2014.05.14 16:49:36.890,1.82569,1.82597,2.44,1.65
2014.05.14 16:49:39.315,1.82571,1.82597,1.32,1.65
2014.05.14 16:49:40.533,1.82571,1.82597,1.32,2.03
2014.05.14 16:49:42.284,1.82574,1.82597,1.19,2.03
2014.05.14 16:49:42.471,1.82574,1.82597,1.19,1.00
2014.05.14 16:49:44.332,1.82574,1.82597,1.19,1.13
2014.05.14 16:49:44.821,1.82579,1.82597,1.19,1.00
2014.05.14 16:49:45.423,1.82574,1.82597,1.19,1.00
2014.05.14 16:49:46.183,1.82574,1.82597,1.19,1.38
2014.05.14 16:49:48.159,1.82571,1.82597,1.32,1.38
2014.05.14 16:49:49.317,1.82568,1.82596,2.07,1.19
2014.05.14 16:49:50.624,1.82569,1.82596,1.57,1.00
2014.05.14 16:49:52.230,1.8257,1.82596,1.57,1.00
2014.05.14 16:49:55.161,1.82569,1.82596,1.57,1.00
2014.05.14 16:49:55.693,1.82569,1.82595,1.57,1.20
2014.05.14 16:49:57.452,1.82569,1.82595,1.57,1.20
2014.05.14 16:49:58.771,1.82569,1.82596,1.57,1.84
2014.05.14 16:49:58.873,1.8257,1.82596,1.57,1.84
2014.05.14 16:49:59.883,1.82569,1.82596,1.57,1.00
2014.05.14 16:50:00.380,1.82568,1.82596,1.57,1.19
2014.05.14 16:50:00.861,1.82576,1.82596,1.20,1.19
2014.05.14 16:50:00.911,1.82576,1.82596,1.20,1.00
2014.05.14 16:50:00.962,1.82576,1.82601,1.20,1.19
2014.05.14 16:50:01.214,1.82577,1.82602,1.39,1.00
2014.05.14 16:50:02.311,1.82577,1.82602,1.39,1.00
2014.05.14 16:50:02.412,1.82577,1.82605,2.22,1.19
2014.05.14 16:50:02.843,1.82579,1.82605,1.57,1.00
2014.05.14 16:50:02.981,1.8258,1.82608,2.22,1.50
2014.05.14 16:50:04.030,1.82582,1.82608,1.77,1.00
2014.05.14 16:50:04.186,1.82585,1.8261,1.39,1.25
2014.05.14 16:50:04.438,1.82587,1.8261,1.19,1.00
2014.05.14 16:50:05.132,1.82587,1.82608,1.19,1.00
2014.05.14 16:50:05.816,1.82588,1.82608,1.19,1.00
2014.05.14 16:50:08.070,1.82587,1.82608,1.69,1.00
2014.05.14 16:50:12.941,1.82589,1.82608,1.19,1.00
2014.05.14 16:50:14.146,1.82585,1.82608,1.39,1.00
2014.05.14 16:50:14.626,1.82583,1.82605,1.19,1.00
2014.05.14 16:50:14.677,1.82579,1.82605,1.57,1.50
2014.05.14 16:50:14.727,1.82578,1.826,1.57,1.00
2014.05.14 16:50:14.929,1.82576,1.82595,1.19,1.00
2014.05.14 16:50:15.181,1.82576,1.82595,1.00,1.19
2014.05.14 16:50:15.801,1.82576,1.82592,1.00,1.00
2014.05.14 16:50:16.372,1.82579,1.82601,1.47,1.00
2014.05.14 16:50:16.473,1.82582,1.82601,1.00,1.00
2014.05.14 16:50:16.776,1.82592,1.82611,1.28,1.00
2014.05.14 16:50:17.090,1.82594,1.82611,1.19,1.00
2014.05.14 16:50:17.346,1.82594,1.82614,1.19,1.00
2014.05.14 16:50:18.577,1.82591,1.82614,1.39,1.19
2014.05.14 16:50:19.431,1.82591,1.82612,1.39,1.00
2014.05.14 16:50:19.956,1.82591,1.82612,1.39,1.19
2014.05.14 16:50:21.327,1.82587,1.82612,1.69,1.19
2014.05.14 16:50:22.494,1.82589,1.82612,1.19,1.19
2014.05.14 16:50:23.643,1.82587,1.82612,1.69,1.19
2014.05.14 16:50:25.212,1.82587,1.82612,1.19,1.19
2014.05.14 16:50:30.124,1.82587,1.82612,1.32,1.19
2014.05.14 16:50:31.163,1.82587,1.82612,1.19,1.69
2014.05.14 16:50:37.870,1.82587,1.82612,1.19,1.69
2014.05.14 16:50:38.873,1.82587,1.82612,1.19,1.69
2014.05.14 16:50:41.129,1.82587,1.82612,1.19,1.69
2014.05.14 16:50:42.287,1.82587,1.82612,1.19,1.69
2014.05.14 16:50:44.201,1.82584,1.8261,1.69,1.39
2014.05.14 16:50:45.696,1.82584,1.82611,1.69,1.19
2014.05.14 16:50:47.202,1.82584,1.82611,1.69,1.19
2014.05.14 16:50:49.107,1.82584,1.82612,2.44,2.59
2014.05.14 16:50:50.115,1.82584,1.82612,3.19,1.69
2014.05.14 16:50:51.243,1.82584,1.82608,2.44,1.39
2014.05.14 16:50:54.260,1.82585,1.82612,1.19,1.69
2014.05.14 16:50:57.173,1.82587,1.82612,1.19,1.69
2014.05.14 16:51:05.618,1.82588,1.82612,1.19,1.69
2014.05.14 16:51:05.921,1.82591,1.82612,1.19,1.50
2014.05.14 16:51:06.072,1.82591,1.82614,1.19,1.25
2014.05.14 16:51:06.777,1.82598,1.82614,1.19,1.00
2014.05.14 16:51:06.878,1.82607,1.8262,1.00,1.00
2014.05.14 16:51:06.980,1.82607,1.82626,1.00,1.00
2014.05.14 16:51:07.384,1.82601,1.82626,1.77,1.00
2014.05.14 16:51:07.656,1.82606,1.82626,1.00,1.00
2014.05.14 16:51:08.791,1.82606,1.82626,1.19,1.00
2014.05.14 16:51:09.899,1.82605,1.82626,1.39,1.00
2014.05.14 16:51:11.104,1.82605,1.82626,1.39,1.00
2014.05.14 16:51:12.149,1.82604,1.82626,1.19,1.00
2014.05.14 16:51:15.319,1.82604,1.82626,1.19,1.25
2014.05.14 16:51:16.461,1.82604,1.82626,1.19,1.00
2014.05.14 16:51:16.979,1.82604,1.8263,1.19,2.03
2014.05.14 16:51:17.527,1.82607,1.8263,1.19,2.03
2014.05.14 16:51:17.578,1.82609,1.8263,1.57,1.38
2014.05.14 16:51:17.628,1.82612,1.82637,1.94,1.00
2014.05.14 16:51:17.891,1.82621,1.82638,1.00,1.00
2014.05.14 16:51:18.093,1.82621,1.82642,1.00,1.25
2014.05.14 16:51:18.596,1.82619,1.82643,1.50,1.19
2014.05.14 16:51:18.849,1.82618,1.82645,1.75,1.39
2014.05.14 16:51:19.536,1.82618,1.82645,1.94,1.39
2014.05.14 16:51:19.953,1.82617,1.82641,1.19,1.65
2014.05.14 16:51:20.609,1.82617,1.82642,1.19,1.50
2014.05.14 16:51:20.659,1.82614,1.82642,1.94,1.50
2014.05.14 16:51:21.412,1.82614,1.8264,1.94,1.65
2014.05.14 16:51:21.564,1.82608,1.82635,1.19,1.65
2014.05.14 16:51:21.723,1.82603,1.82628,4.09,1.00
2014.05.14 16:51:22.285,1.82606,1.82628,1.19,1.00
2014.05.14 16:51:26.000,1.82607,1.82628,1.19,1.00
2014.05.14 16:51:27.846,1.82607,1.82628,1.19,1.19
2014.05.14 16:51:29.157,1.82607,1.82628,1.19,1.25
2014.05.14 16:51:30.358,1.82607,1.82628,1.19,1.25
2014.05.14 16:51:32.064,1.82607,1.82628,1.19,1.00
2014.05.14 16:51:32.399,1.82604,1.82628,1.00,1.25
2014.05.14 16:51:32.500,1.82601,1.82627,1.25,1.50
2014.05.14 16:51:32.861,1.82607,1.82627,1.00,1.00
2014.05.14 16:51:33.883,1.82607,1.82627,1.19,1.00
2014.05.14 16:51:34.886,1.82607,1.82627,1.19,1.25
2014.05.14 16:51:38.086,1.82607,1.82627,1.19,1.00
2014.05.14 16:51:39.591,1.82607,1.82627,1.19,1.00
2014.05.14 16:51:39.941,1.82607,1.82627,1.25,1.19
2014.05.14 16:51:41.096,1.82607,1.82627,1.00,1.19
2014.05.14 16:51:42.059,1.82612,1.82627,1.00,1.19
2014.05.14 16:51:42.110,1.82612,1.82627,1.00,1.19
2014.05.14 16:51:44.120,1.82612,1.82627,1.00,1.25
2014.05.14 16:51:44.650,1.82611,1.82627,1.00,1.25
2014.05.14 16:51:45.633,1.82611,1.8263,1.00,1.19
2014.05.14 16:51:46.639,1.82611,1.8263,1.00,1.19
2014.05.14 16:51:50.730,1.82612,1.8263,1.00,1.19
2014.05.14 16:51:51.402,1.82607,1.82627,1.19,1.13
2014.05.14 16:51:51.503,1.82607,1.82627,1.00,1.32
2014.05.14 16:51:51.841,1.82601,1.82623,1.19,1.19
2014.05.14 16:51:52.575,1.82601,1.82623,1.19,1.19
2014.05.14 16:51:55.598,1.82607,1.82623,1.00,1.00
2014.05.14 16:51:56.891,1.82607,1.82626,1.00,1.19
2014.05.14 16:51:57.667,1.82607,1.82626,1.00,1.25
2014.05.14 16:51:58.099,1.82611,1.82626,1.00,1.25
2014.05.14 16:51:59.865,1.826,1.82626,1.57,1.00
2014.05.14 16:52:01.247,1.826,1.82626,1.63,1.19
2014.05.14 16:52:01.298,1.82607,1.82626,1.00,1.19
2014.05.14 16:52:01.651,1.8261,1.82626,1.20,1.00
2014.05.14 16:52:01.753,1.8261,1.82633,1.65,1.00
2014.05.14 16:52:01.955,1.82612,1.82633,2.03,1.00
2014.05.14 16:52:02.106,1.82612,1.82637,2.03,1.25
2014.05.14 16:52:02.611,1.82614,1.82637,1.77,1.00
2014.05.14 16:52:02.940,1.82618,1.82637,1.20,1.00
2014.05.14 16:52:03.658,1.82618,1.82637,1.39,1.00
2014.05.14 16:52:03.931,1.82621,1.8264,1.19,1.00
2014.05.14 16:52:04.443,1.82621,1.8264,2.07,1.00
2014.05.14 16:52:04.493,1.82621,1.82643,2.07,1.00
2014.05.14 16:52:04.544,1.82621,1.82643,1.32,1.00
2014.05.14 16:52:05.850,1.82621,1.82643,2.22,1.00
2014.05.14 16:52:06.351,1.82621,1.82646,2.22,1.32
2014.05.14 16:52:06.890,1.8262,1.82643,1.57,1.20
2014.05.14 16:52:06.991,1.8262,1.82646,1.57,2.22
2014.05.14 16:52:07.889,1.82622,1.82646,1.19,1.00
2014.05.14 16:52:08.779,1.82622,1.82646,1.00,1.19
2014.05.14 16:52:09.031,1.82618,1.82643,2.44,1.00
2014.05.14 16:52:09.233,1.82619,1.82647,2.97,1.19
2014.05.14 16:52:10.082,1.82621,1.82647,1.32,1.19
2014.05.14 16:52:11.108,1.82619,1.82647,2.97,1.19
2014.05.14 16:52:11.683,1.82619,1.82643,1.57,1.00
2014.05.14 16:52:13.924,1.82617,1.82643,1.69,1.00
2014.05.14 16:52:15.104,1.82617,1.82643,1.69,1.00
2014.05.14 16:52:15.602,1.82617,1.82643,1.57,1.38
2014.05.14 16:52:15.652,1.82617,1.82643,1.19,2.59
2014.05.14 16:52:15.754,1.82613,1.82641,1.69,1.38
2014.05.14 16:52:15.955,1.82613,1.82641,1.19,2.03
2014.05.14 16:52:16.056,1.82609,1.82637,2.07,1.13
2014.05.14 16:52:16.181,1.82609,1.82633,1.32,1.00
2014.05.14 16:52:16.863,1.82609,1.82633,1.47,1.00
2014.05.14 16:52:16.913,1.82609,1.82635,2.22,1.00
2014.05.14 16:52:16.964,1.82609,1.82635,1.65,1.63
2014.05.14 16:52:17.065,1.82607,1.82627,1.20,1.00
2014.05.14 16:52:17.368,1.82602,1.82627,1.47,1.19
2014.05.14 16:52:18.092,1.82601,1.82627,1.19,1.57
2014.05.14 16:52:18.457,1.82599,1.82622,2.22,1.00
2014.05.14 16:52:19.346,1.82597,1.82622,1.47,1.00
2014.05.14 16:52:21.814,1.82598,1.82622,1.69,1.00
2014.05.14 16:52:24.288,1.82602,1.82622,1.00,1.00
2014.05.14 16:52:24.440,1.82604,1.82622,1.39,1.00
2014.05.14 16:52:24.541,1.82604,1.82631,1.84,2.07
2014.05.14 16:52:26.043,1.82604,1.82631,1.39,1.32
2014.05.14 16:52:27.065,1.82604,1.82631,1.39,1.32
2014.05.14 16:52:28.344,1.82604,1.82631,1.39,1.32
2014.05.14 16:52:29.545,1.82607,1.82631,1.19,1.32
2014.05.14 16:52:32.198,1.82603,1.82631,2.44,1.32
2014.05.14 16:52:33.260,1.82604,1.82631,1.19,1.32
2014.05.14 16:52:34.779,1.82603,1.82631,3.19,1.32
2014.05.14 16:52:36.890,1.82606,1.82631,1.57,1.19
2014.05.14 16:52:38.124,1.82606,1.82631,1.57,1.19
2014.05.14 16:52:39.201,1.82606,1.82631,1.57,1.19
2014.05.14 16:52:40.807,1.82603,1.82631,3.57,1.19
2014.05.14 16:52:44.435,1.82607,1.82626,1.19,1.00
2014.05.14 16:52:44.637,1.82602,1.82627,1.58,1.19
2014.05.14 16:52:44.877,1.82602,1.82622,1.20,1.00
2014.05.14 16:52:44.944,1.82598,1.82622,1.32,1.00
2014.05.14 16:52:44.995,1.82598,1.82626,1.32,1.32
2014.05.14 16:52:45.679,1.82598,1.82626,1.32,1.32
2014.05.14 16:52:47.083,1.82598,1.82626,1.32,1.32
2014.05.14 16:52:48.563,1.82598,1.82626,1.32,1.32
2014.05.14 16:52:49.367,1.82598,1.82626,1.57,1.19
2014.05.14 16:52:49.519,1.82596,1.8262,1.00,1.00
2014.05.14 16:52:49.569,1.82596,1.82616,1.00,1.00
2014.05.14 16:52:49.721,1.82589,1.82613,2.22,1.00
2014.05.14 16:52:49.822,1.8259,1.82616,1.32,1.84
2014.05.14 16:52:51.080,1.82586,1.82613,1.57,1.39
2014.05.14 16:52:51.367,1.82591,1.82613,1.00,1.39
2014.05.14 16:52:51.922,1.82586,1.82613,1.57,1.39
2014.05.14 16:52:52.987,1.82586,1.82613,1.57,1.39
2014.05.14 16:52:53.358,1.82592,1.82613,1.00,1.39
2014.05.14 16:52:53.577,1.82587,1.82614,1.77,1.19
2014.05.14 16:52:54.493,1.82586,1.82614,1.32,1.19
2014.05.14 16:52:55.887,1.82592,1.82614,1.00,1.19
2014.05.14 16:52:56.107,1.82586,1.82614,2.59,1.00
2014.05.14 16:52:56.228,1.82586,1.82614,2.59,1.00
2014.05.14 16:52:57.338,1.82586,1.82614,2.59,1.25
2014.05.14 16:52:57.844,1.82592,1.82614,1.00,1.25
2014.05.14 16:52:58.407,1.82592,1.82614,1.19,1.00
2014.05.14 16:53:02.463,1.82592,1.82614,1.25,1.19
2014.05.14 16:53:07.249,1.82592,1.82614,1.00,1.19
2014.05.14 16:53:10.661,1.82587,1.82614,2.07,1.19
2014.05.14 16:53:11.866,1.82586,1.82614,3.72,1.19
2014.05.14 16:53:12.973,1.82586,1.82614,2.07,1.19
2014.05.14 16:53:14.014,1.82586,1.82614,2.07,1.19
2014.05.14 16:53:14.725,1.82591,1.82614,1.57,1.00
2014.05.14 16:53:14.776,1.82591,1.82617,1.57,1.25
2014.05.14 16:53:14.854,1.82591,1.82617,1.57,1.19
2014.05.14 16:53:16.385,1.82591,1.82616,1.19,1.39
2014.05.14 16:53:20.399,1.82591,1.82617,1.19,1.32
2014.05.14 16:53:21.406,1.82593,1.82618,1.19,1.39
2014.05.14 16:53:22.927,1.82593,1.82618,1.19,1.39
2014.05.14 16:53:24.050,1.82596,1.82622,2.07,1.84
2014.05.14 16:53:24.150,1.82598,1.82621,1.19,1.20
2014.05.14 16:53:24.302,1.82604,1.82626,1.32,1.25
2014.05.14 16:53:24.353,1.82604,1.82627,2.40,1.20
2014.05.14 16:53:24.605,1.8261,1.82634,1.57,1.00
2014.05.14 16:53:25.157,1.8261,1.82636,1.19,1.50
2014.05.14 16:53:25.375,1.82609,1.82632,1.28,1.25
2014.05.14 16:53:25.677,1.82606,1.82632,1.69,1.19
2014.05.14 16:53:26.200,1.82606,1.82628,1.19,1.00
2014.05.14 16:53:26.544,1.82607,1.82628,1.19,1.00
2014.05.14 16:53:26.807,1.82607,1.82632,1.32,1.19
2014.05.14 16:53:27.167,1.82606,1.82629,1.63,1.09
2014.05.14 16:53:27.218,1.82602,1.82629,1.19,1.84
2014.05.14 16:53:27.269,1.82602,1.82621,1.00,1.20
2014.05.14 16:53:27.320,1.82596,1.82621,1.19,1.20
2014.05.14 16:53:27.471,1.82593,1.82619,1.32,1.00
2014.05.14 16:53:30.580,1.82593,1.82619,1.19,1.19
2014.05.14 16:53:31.570,1.82593,1.82619,1.19,1.19
2014.05.14 16:53:32.167,1.82593,1.82613,1.19,1.20
2014.05.14 16:53:32.470,1.8259,1.82608,1.69,1.20
2014.05.14 16:53:32.621,1.82586,1.82608,1.32,1.20
2014.05.14 16:53:32.931,1.82586,1.82611,1.32,1.20
2014.05.14 16:53:33.893,1.82586,1.82611,1.32,1.20
2014.05.14 16:53:34.390,1.82592,1.82611,1.00,1.20
2014.05.14 16:53:34.643,1.82591,1.82617,2.07,1.00
2014.05.14 16:53:34.794,1.82593,1.8262,2.44,1.20
2014.05.14 16:53:34.897,1.82607,1.82621,1.00,1.00
2014.05.14 16:53:34.948,1.82607,1.82623,1.00,1.00
2014.05.14 16:53:35.050,1.82607,1.82626,1.00,1.00
2014.05.14 16:53:35.151,1.82607,1.82632,1.19,1.57
2014.05.14 16:53:35.252,1.82604,1.82623,2.44,1.00
2014.05.14 16:53:35.302,1.82604,1.82623,1.50,1.00
2014.05.14 16:53:35.454,1.82601,1.82619,1.00,1.58
2014.05.14 16:53:35.605,1.82592,1.82617,1.32,1.50
2014.05.14 16:53:35.706,1.8259,1.82614,1.57,1.00
2014.05.14 16:53:35.807,1.8259,1.82617,1.57,1.38
2014.05.14 16:53:36.260,1.82594,1.82618,1.32,1.00
2014.05.14 16:53:36.361,1.82595,1.8262,1.19,1.00
2014.05.14 16:53:36.563,1.82597,1.82623,1.57,1.25
2014.05.14 16:53:37.134,1.82597,1.82623,1.13,1.00
2014.05.14 16:53:37.235,1.82594,1.8262,1.57,1.00
2014.05.14 16:53:38.161,1.82594,1.8262,1.57,1.00
2014.05.14 16:53:44.137,1.82596,1.8262,1.39,1.00
2014.05.14 16:53:45.157,1.82594,1.8262,2.07,1.00
2014.05.14 16:53:45.748,1.82594,1.8262,1.84,1.32
2014.05.14 16:53:45.913,1.82592,1.82617,1.84,1.00
2014.05.14 16:53:47.552,1.82592,1.82617,1.39,1.00
2014.05.14 16:53:48.674,1.82592,1.82617,1.39,1.00
2014.05.14 16:53:52.966,1.82592,1.82617,1.39,1.25
2014.05.14 16:53:53.576,1.82592,1.82617,1.39,1.00
2014.05.14 16:53:54.483,1.82592,1.82617,1.39,1.00
2014.05.14 16:53:58.660,1.82592,1.82617,1.39,1.25
2014.05.14 16:54:00.063,1.82592,1.82617,1.09,1.19
2014.05.14 16:54:00.366,1.82596,1.82617,1.00,1.00
2014.05.14 16:54:00.669,1.82602,1.82628,1.88,1.19
2014.05.14 16:54:01.568,1.82602,1.82628,2.07,1.19
2014.05.14 16:54:05.227,1.82602,1.82628,1.57,1.19
2014.05.14 16:54:08.146,1.82602,1.82628,1.57,1.19
2014.05.14 16:54:09.613,1.82602,1.82628,1.57,1.19
2014.05.14 16:54:10.814,1.82602,1.82628,1.57,1.19
2014.05.14 16:54:11.336,1.82602,1.82618,1.00,1.84
2014.05.14 16:54:11.537,1.82596,1.82609,1.00,1.28
2014.05.14 16:54:11.688,1.82591,1.82609,1.00,1.13
2014.05.14 16:54:11.739,1.82586,1.82609,2.22,1.13
2014.05.14 16:54:11.790,1.82587,1.82612,1.19,1.19
2014.05.14 16:54:11.840,1.82588,1.82612,1.19,1.00
2014.05.14 16:54:12.394,1.82589,1.82613,1.32,1.00
2014.05.14 16:54:13.038,1.82592,1.82613,1.19,1.00
2014.05.14 16:54:13.556,1.82592,1.82616,1.19,1.57
2014.05.14 16:54:14.627,1.82592,1.82614,1.19,1.84
2014.05.14 16:54:14.678,1.8259,1.82611,1.00,1.20
2014.05.14 16:54:14.728,1.82583,1.82608,1.57,1.13
2014.05.14 16:54:15.138,1.82581,1.82608,1.69,1.32
2014.05.14 16:54:16.057,1.82585,1.82611,1.65,1.19
2014.05.14 16:54:16.360,1.82588,1.82611,1.19,1.00
2014.05.14 16:54:16.512,1.8259,1.82618,1.19,2.22
2014.05.14 16:54:17.165,1.82589,1.82612,1.00,1.94
2014.05.14 16:54:17.267,1.82583,1.82609,1.19,1.32
2014.05.14 16:54:18.472,1.82583,1.82609,1.19,1.25
2014.05.14 16:54:19.407,1.82583,1.82609,1.32,1.69
2014.05.14 16:54:20.778,1.82583,1.82608,1.32,1.19
2014.05.14 16:54:24.139,1.82583,1.82609,1.19,2.07
2014.05.14 16:54:24.897,1.82583,1.82609,1.19,1.69
2014.05.14 16:54:26.799,1.82583,1.82608,1.19,1.39
2014.05.14 16:54:27.631,1.8258,1.82599,1.00,1.00
2014.05.14 16:54:27.732,1.82575,1.82599,1.63,1.69
2014.05.14 16:54:27.884,1.82572,1.82598,1.84,2.07
2014.05.14 16:54:27.935,1.82572,1.82598,1.84,2.82
2014.05.14 16:54:29.059,1.82569,1.82595,1.57,1.19
2014.05.14 16:54:31.522,1.82569,1.82595,1.57,1.19
2014.05.14 16:54:32.448,1.82569,1.82595,2.07,1.19
2014.05.14 16:54:34.563,1.82569,1.82595,1.57,1.19
2014.05.14 16:54:35.635,1.82569,1.82595,2.97,1.19
2014.05.14 16:54:38.196,1.82572,1.82595,1.39,1.19
2014.05.14 16:54:39.866,1.82572,1.82595,1.39,1.25
2014.05.14 16:54:40.884,1.82572,1.82595,1.39,1.19
2014.05.14 16:54:42.818,1.82572,1.82595,1.39,1.19
2014.05.14 16:54:45.184,1.82572,1.82595,1.84,1.25
2014.05.14 16:54:47.192,1.82572,1.82595,1.39,1.00
2014.05.14 16:54:47.243,1.82572,1.82593,1.39,1.00
2014.05.14 16:54:47.344,1.82572,1.82595,1.39,1.00
2014.05.14 16:54:47.995,1.82571,1.82593,1.47,1.00
2014.05.14 16:54:48.709,1.82571,1.82593,2.22,1.00
2014.05.14 16:54:50.547,1.82571,1.82593,1.47,1.00
2014.05.14 16:54:50.648,1.82571,1.82595,1.47,1.25
2014.05.14 16:54:51.315,1.82569,1.82595,1.57,1.57
2014.05.14 16:54:51.416,1.82569,1.82593,1.19,2.59
2014.05.14 16:54:51.517,1.82563,1.82586,1.00,1.00
2014.05.14 16:54:51.619,1.8256,1.82583,1.39,1.00
2014.05.14 16:54:52.659,1.8256,1.82583,1.39,1.00
2014.05.14 16:54:54.855,1.8256,1.82583,1.09,1.00
2014.05.14 16:54:55.980,1.82561,1.82583,1.20,1.00
2014.05.14 16:54:56.735,1.82558,1.82583,1.39,1.00
2014.05.14 16:54:56.987,1.82552,1.82577,1.20,1.88
2014.05.14 16:54:57.089,1.82551,1.82575,1.65,1.19
2014.05.14 16:54:57.428,1.82546,1.82572,1.84,1.38
2014.05.14 16:54:57.966,1.82546,1.82572,1.19,1.50
2014.05.14 16:54:58.469,1.82546,1.82571,1.84,1.13
2014.05.14 16:54:58.883,1.82546,1.82572,1.39,1.57
2014.05.14 16:55:01.186,1.82547,1.82572,1.19,1.57
2014.05.14 16:55:02.856,1.82546,1.82572,2.59,1.19
2014.05.14 16:55:03.008,1.82555,1.82576,1.00,1.00
2014.05.14 16:55:03.059,1.82557,1.82576,1.00,1.00
2014.05.14 16:55:03.361,1.82562,1.82585,1.20,1.19
2014.05.14 16:55:03.412,1.82562,1.82585,1.39,1.25
2014.05.14 16:55:04.639,1.82559,1.82585,2.22,1.00
2014.05.14 16:55:09.286,1.82563,1.82589,1.19,1.57
2014.05.14 16:55:10.126,1.82563,1.82589,1.00,1.19
2014.05.14 16:55:10.177,1.82561,1.82586,1.09,1.25
2014.05.14 16:55:10.228,1.82563,1.82586,1.20,1.25
2014.05.14 16:55:11.144,1.82563,1.82586,1.39,1.00
2014.05.14 16:55:11.295,1.82566,1.8259,1.20,1.32
2014.05.14 16:55:11.346,1.82566,1.8259,1.39,1.13
2014.05.14 16:55:11.859,1.82566,1.8259,1.39,1.50
2014.05.14 16:55:12.111,1.82564,1.8259,1.09,1.69
2014.05.14 16:55:13.145,1.82563,1.82586,1.39,1.32
2014.05.14 16:55:14.149,1.82559,1.82586,1.39,1.57
2014.05.14 16:55:15.186,1.8256,1.82586,1.39,1.57
2014.05.14 16:55:16.566,1.8256,1.82586,1.39,1.57
2014.05.14 16:55:17.587,1.82561,1.82586,1.39,1.57
2014.05.14 16:55:18.698,1.82564,1.82586,1.20,1.19
2014.05.14 16:55:19.202,1.82562,1.82589,1.47,1.32
2014.05.14 16:55:20.712,1.82564,1.82589,1.39,1.57
2014.05.14 16:55:21.322,1.82567,1.82589,1.20,1.32
2014.05.14 16:55:21.423,1.82567,1.82589,1.39,1.25
2014.05.14 16:55:21.524,1.82562,1.82589,1.39,2.00
2014.05.14 16:55:21.625,1.82562,1.82589,1.39,1.69
2014.05.14 16:55:22.129,1.82565,1.82589,1.20,1.69
2014.05.14 16:55:22.680,1.82564,1.82589,1.09,1.69
2014.05.14 16:55:22.999,1.82564,1.82589,1.39,1.69
2014.05.14 16:55:23.835,1.82564,1.82589,1.20,2.03
2014.05.14 16:55:24.151,1.82554,1.8258,1.00,1.94
2014.05.14 16:55:24.357,1.82552,1.82576,1.25,1.09
2014.05.14 16:55:24.458,1.82549,1.82571,1.25,1.50
2014.05.14 16:55:25.032,1.82547,1.8257,1.39,1.38
2014.05.14 16:55:25.715,1.82546,1.8257,1.84,1.38
2014.05.14 16:55:27.824,1.82546,1.8257,1.84,1.38
2014.05.14 16:55:28.347,1.82543,1.8257,1.39,1.13
2014.05.14 16:55:28.448,1.82542,1.8257,1.32,1.32
2014.05.14 16:55:28.751,1.82542,1.8257,1.94,1.19
2014.05.14 16:55:29.003,1.82559,1.82583,1.00,1.00
2014.05.14 16:55:29.255,1.82557,1.82583,1.32,1.00
2014.05.14 16:55:30.648,1.82561,1.82583,1.39,1.00
2014.05.14 16:55:31.756,1.82561,1.82583,1.39,1.00
2014.05.14 16:55:33.059,1.82561,1.82583,1.39,1.00
2014.05.14 16:55:33.307,1.82564,1.82588,1.47,1.25
2014.05.14 16:55:34.295,1.82563,1.82588,1.39,1.19
2014.05.14 16:55:34.396,1.82563,1.82584,1.39,1.00
2014.05.14 16:55:37.077,1.82561,1.82584,1.19,1.00
2014.05.14 16:55:37.634,1.82559,1.82582,1.77,1.00
2014.05.14 16:55:38.101,1.82554,1.82582,2.07,1.00
2014.05.14 16:55:40.325,1.82554,1.82582,2.22,1.25
2014.05.14 16:55:40.993,1.82558,1.82582,1.20,1.25
2014.05.14 16:55:41.540,1.82559,1.82582,1.20,1.25
2014.05.14 16:55:41.641,1.82559,1.82582,1.39,1.00
2014.05.14 16:55:41.742,1.82559,1.82585,1.77,1.19
2014.05.14 16:55:42.397,1.82559,1.82585,1.57,1.19
2014.05.14 16:55:43.536,1.8256,1.82585,2.22,1.00
2014.05.14 16:55:46.967,1.82561,1.82585,1.19,1.00
2014.05.14 16:55:48.060,1.8256,1.82585,2.22,1.00
2014.05.14 16:55:48.567,1.82563,1.82585,1.19,1.00
2014.05.14 16:55:48.669,1.82568,1.82588,1.39,1.00
2014.05.14 16:55:50.444,1.82564,1.82588,1.19,1.25
2014.05.14 16:55:52.149,1.82563,1.82588,1.19,1.50
2014.05.14 16:55:54.990,1.82564,1.82588,1.32,1.19
2014.05.14 16:55:56.539,1.82562,1.82584,1.19,1.00
2014.05.14 16:55:56.590,1.82558,1.82584,1.47,1.19
2014.05.14 16:55:58.422,1.82558,1.82583,1.32,1.00
2014.05.14 16:55:59.130,1.82558,1.82585,1.69,1.19
2014.05.14 16:56:00.221,1.82562,1.82585,1.19,1.25
2014.05.14 16:56:02.216,1.82564,1.82585,1.19,1.00
2014.05.14 16:56:03.865,1.82564,1.82589,1.32,1.69
2014.05.14 16:56:05.247,1.82564,1.82589,2.97,1.25
2014.05.14 16:56:05.347,1.82562,1.82579,1.39,1.00
2014.05.14 16:56:05.449,1.82558,1.82579,1.00,1.19
2014.05.14 16:56:05.499,1.82551,1.82572,2.18,1.00
2014.05.14 16:56:05.651,1.8255,1.82572,1.32,1.00
2014.05.14 16:56:06.583,1.8255,1.82572,1.39,1.25
2014.05.14 16:56:10.179,1.8255,1.82572,1.39,1.00
2014.05.14 16:56:11.169,1.82549,1.82572,1.39,1.19
2014.05.14 16:56:12.390,1.82551,1.82572,1.39,1.00
2014.05.14 16:56:14.683,1.82553,1.82572,1.57,1.00
2014.05.14 16:56:14.733,1.82556,1.82576,1.39,1.00
2014.05.14 16:56:14.784,1.82556,1.82576,1.39,1.00
2014.05.14 16:56:14.885,1.82556,1.82579,1.84,1.00
2014.05.14 16:56:15.288,1.82562,1.82582,1.20,1.00
2014.05.14 16:56:15.692,1.82554,1.82582,2.59,1.25
2014.05.14 16:56:16.732,1.82558,1.82582,1.47,1.00
2014.05.14 16:56:17.615,1.82554,1.82582,1.94,1.00
2014.05.14 16:56:17.666,1.82554,1.82582,1.19,1.75
2014.05.14 16:56:17.972,1.82547,1.82574,1.69,1.00
2014.05.14 16:56:18.813,1.82546,1.82574,2.59,1.19
2014.05.14 16:56:19.448,1.82551,1.82574,1.63,1.19
2014.05.14 16:56:19.826,1.82551,1.82574,1.57,1.00
2014.05.14 16:56:20.394,1.82557,1.82574,1.00,1.00
2014.05.14 16:56:20.863,1.82551,1.82574,1.09,1.25
2014.05.14 16:56:21.367,1.82552,1.82578,1.39,1.69
2014.05.14 16:56:24.052,1.82552,1.82578,1.47,1.19
2014.05.14 16:56:24.617,1.82557,1.82578,1.00,1.19
2014.05.14 16:56:25.172,1.82554,1.82578,1.39,1.19
2014.05.14 16:56:25.934,1.82557,1.82578,1.25,1.19
2014.05.14 16:56:26.866,1.82556,1.82578,1.19,1.19
2014.05.14 16:56:27.415,1.82547,1.82575,1.94,1.19
2014.05.14 16:56:28.483,1.82552,1.82575,1.19,1.25
2014.05.14 16:56:29.268,1.82556,1.82577,1.20,1.19
2014.05.14 16:56:29.789,1.82556,1.82577,1.84,1.19
2014.05.14 16:56:30.308,1.82556,1.82577,2.22,1.00
2014.05.14 16:56:30.713,1.82558,1.82581,1.77,1.19
2014.05.14 16:56:31.127,1.82558,1.82581,1.77,1.00
2014.05.14 16:56:31.386,1.8256,1.82583,1.77,1.00
2014.05.14 16:56:32.102,1.8256,1.82583,1.77,1.25
2014.05.14 16:56:34.147,1.82562,1.82583,1.39,1.00
2014.05.14 16:56:34.464,1.82558,1.82583,1.47,1.25
2014.05.14 16:56:34.565,1.82557,1.8258,1.77,1.00
2014.05.14 16:56:34.868,1.82556,1.82577,1.84,1.00
2014.05.14 16:56:35.657,1.82554,1.82577,1.77,1.25
2014.05.14 16:56:36.669,1.82554,1.82577,1.77,1.19
2014.05.14 16:56:38.141,1.82558,1.82577,1.39,1.00
2014.05.14 16:56:39.453,1.82556,1.82577,1.39,1.19
2014.05.14 16:56:41.053,1.82556,1.82577,1.39,1.25
2014.05.14 16:56:42.660,1.82553,1.82577,1.39,1.19
2014.05.14 16:56:45.617,1.82553,1.82577,1.20,1.32
2014.05.14 16:56:45.768,1.82548,1.82574,2.22,1.00
2014.05.14 16:56:47.932,1.82548,1.82574,1.57,1.25
2014.05.14 16:56:48.936,1.82548,1.82574,1.32,1.32
2014.05.14 16:56:48.986,1.82545,1.82571,2.14,1.00
2014.05.14 16:56:51.513,1.82547,1.82571,1.69,1.00
2014.05.14 16:56:52.255,1.82542,1.82568,1.69,1.13
2014.05.14 16:56:52.357,1.82542,1.82568,1.50,2.22
2014.05.14 16:56:52.659,1.82537,1.82561,2.07,2.03
2014.05.14 16:56:53.381,1.82535,1.82561,2.07,1.32
2014.05.14 16:56:54.651,1.8254,1.82561,1.39,1.00
2014.05.14 16:56:57.760,1.82539,1.82564,1.39,1.00
2014.05.14 16:56:58.285,1.82538,1.82564,1.32,1.25
2014.05.14 16:56:58.823,1.82539,1.82564,1.39,1.19
2014.05.14 16:57:00.128,1.82539,1.82564,2.22,1.19
2014.05.14 16:57:00.449,1.82545,1.82564,1.39,1.00
2014.05.14 16:57:00.500,1.82544,1.82568,1.39,1.25
2014.05.14 16:57:00.953,1.82548,1.82575,1.39,1.57
2014.05.14 16:57:01.473,1.82547,1.82575,1.19,1.94
2014.05.14 16:57:02.356,1.82547,1.82572,1.19,1.00
2014.05.14 16:57:02.900,1.8255,1.82574,1.39,1.32
2014.05.14 16:57:03.645,1.8255,1.82574,1.39,1.13
2014.05.14 16:57:04.392,1.82548,1.82574,1.00,1.32
2014.05.14 16:57:04.982,1.82548,1.82574,1.19,1.00
2014.05.14 16:57:05.371,1.82549,1.82574,1.09,1.19
2014.05.14 16:57:05.894,1.82544,1.8257,1.32,1.00
2014.05.14 16:57:05.995,1.82544,1.8257,1.32,1.19
2014.05.14 16:57:06.808,1.82544,1.8257,1.13,1.53
2014.05.14 16:57:06.909,1.82544,1.82568,1.13,1.19
2014.05.14 16:57:07.211,1.82538,1.82563,1.47,1.00
2014.05.14 16:57:08.311,1.82542,1.82568,1.19,1.19
2014.05.14 16:57:09.201,1.82542,1.82564,1.39,1.00
2014.05.14 16:57:12.766,1.82543,1.82564,1.39,1.00
2014.05.14 16:57:13.863,1.82542,1.82564,1.39,1.00
2014.05.14 16:57:16.265,1.82541,1.82564,1.47,1.00
2014.05.14 16:57:21.725,1.82541,1.82567,2.22,1.25
2014.05.14 16:57:22.493,1.82544,1.8257,1.19,1.32
2014.05.14 16:57:23.487,1.82544,1.8257,1.19,1.32
2014.05.14 16:57:25.383,1.82544,1.8257,1.19,1.32
2014.05.14 16:57:26.424,1.82544,1.8257,1.84,1.32
2014.05.14 16:57:27.894,1.82545,1.8257,1.32,1.19
2014.05.14 16:57:30.302,1.82545,1.8257,2.14,1.25
2014.05.14 16:57:32.534,1.82544,1.8257,3.19,1.59
2014.05.14 16:57:32.635,1.82544,1.82568,1.88,1.80
2014.05.14 16:57:32.686,1.82544,1.82568,1.50,2.18
2014.05.14 16:57:32.736,1.8254,1.82566,1.19,2.07
2014.05.14 16:57:33.250,1.82537,1.82564,1.77,1.25
2014.05.14 16:57:34.028,1.82538,1.82564,1.57,1.19
2014.05.14 16:57:36.379,1.82545,1.8257,1.00,2.03
2014.05.14 16:57:36.915,1.82545,1.8257,1.19,1.28
2014.05.14 16:57:37.546,1.82545,1.8257,1.19,1.28
2014.05.14 16:57:40.376,1.82545,1.8257,1.00,1.28
2014.05.14 16:57:44.280,1.82542,1.8257,1.19,2.03
2014.05.14 16:57:47.190,1.82543,1.8257,1.39,2.03
2014.05.14 16:57:48.194,1.82542,1.82568,1.19,1.28
2014.05.14 16:57:48.245,1.82542,1.82568,1.19,1.28
2014.05.14 16:57:49.486,1.82539,1.82565,1.19,1.77
2014.05.14 16:57:49.537,1.82539,1.82567,1.19,3.19
2014.05.14 16:57:49.588,1.82538,1.82562,1.47,1.25
2014.05.14 16:57:49.640,1.8254,1.82562,1.20,1.19
2014.05.14 16:57:49.893,1.82536,1.82562,1.00,1.47
2014.05.14 16:57:49.994,1.82534,1.82558,1.00,1.25
2014.05.14 16:57:50.347,1.82535,1.82557,1.20,1.19
2014.05.14 16:57:50.448,1.82531,1.82557,1.84,1.57
2014.05.14 16:57:52.114,1.82531,1.82557,1.00,1.57
2014.05.14 16:57:53.062,1.82537,1.82555,1.00,1.19
2014.05.14 16:57:53.282,1.82531,1.82555,1.00,1.19
2014.05.14 16:57:53.873,1.82536,1.82555,1.00,1.19
2014.05.14 16:57:54.053,1.82532,1.82555,1.00,1.19
2014.05.14 16:57:55.054,1.82532,1.82557,1.38,1.57
2014.05.14 16:57:55.732,1.82532,1.82557,1.38,2.07
2014.05.14 16:57:56.937,1.82532,1.82556,1.38,1.57
2014.05.14 16:57:59.081,1.82532,1.82557,1.38,2.07
2014.05.14 16:58:00.173,1.82532,1.82557,1.38,1.57
2014.05.14 16:58:00.745,1.82532,1.82557,1.38,1.32
2014.05.14 16:58:00.796,1.82534,1.82557,1.58,1.25
2014.05.14 16:58:00.997,1.82535,1.82563,1.38,1.69
2014.05.14 16:58:01.099,1.82535,1.82563,2.22,1.00
2014.05.14 16:58:01.733,1.82536,1.82563,2.14,1.00
2014.05.14 16:58:02.212,1.8254,1.82566,2.22,1.13
2014.05.14 16:58:05.942,1.8254,1.82566,2.22,1.00
2014.05.14 16:58:07.724,1.82543,1.82566,1.39,1.25
2014.05.14 16:58:08.143,1.82543,1.82566,1.20,1.00
2014.05.14 16:58:08.243,1.8254,1.82566,1.19,1.88
2014.05.14 16:58:08.294,1.82538,1.82563,1.47,1.00
2014.05.14 16:58:08.596,1.82543,1.82566,1.84,1.19
2014.05.14 16:58:10.111,1.82543,1.82571,1.19,2.44
2014.05.14 16:58:12.219,1.82543,1.82571,1.19,2.44
2014.05.14 16:58:15.262,1.82544,1.82571,1.39,1.69
2014.05.14 16:58:15.861,1.82547,1.82571,1.20,1.57
2014.05.14 16:58:16.604,1.82552,1.82571,1.00,1.57
2014.05.14 16:58:16.654,1.82552,1.82571,1.00,1.57
2014.05.14 16:58:17.158,1.82545,1.82571,2.22,1.19
2014.05.14 16:58:17.893,1.82545,1.82571,2.22,1.25
2014.05.14 16:58:18.515,1.82545,1.82571,2.22,1.63
2014.05.14 16:58:19.094,1.82545,1.82571,1.77,1.57
2014.05.14 16:58:20.833,1.82545,1.82571,1.77,1.57
2014.05.14 16:58:21.042,1.82543,1.82571,1.19,2.40
2014.05.14 16:58:21.143,1.82541,1.82567,1.39,1.65
2014.05.14 16:58:21.244,1.82539,1.82564,1.19,1.39
2014.05.14 16:58:24.362,1.82537,1.82564,1.19,2.22
2014.05.14 16:58:24.463,1.82534,1.82561,1.84,1.19
2014.05.14 16:58:25.733,1.82535,1.82561,1.84,1.19
2014.05.14 16:58:26.931,1.82537,1.82561,1.57,1.00
2014.05.14 16:58:28.267,1.82537,1.82563,2.07,1.19
2014.05.14 16:58:29.560,1.82538,1.82563,1.84,1.25
2014.05.14 16:58:31.018,1.82538,1.82561,1.39,1.00
2014.05.14 16:58:31.679,1.82538,1.82562,1.39,1.00
2014.05.14 16:58:32.265,1.82538,1.82562,1.39,1.19
2014.05.14 16:58:33.486,1.82537,1.82562,1.32,1.19
2014.05.14 16:58:35.321,1.82537,1.82563,1.32,1.19
2014.05.14 16:58:37.416,1.82541,1.82563,1.25,1.19
2014.05.14 16:58:37.924,1.82542,1.82563,1.20,1.19
2014.05.14 16:58:38.292,1.82547,1.82563,1.00,1.19
2014.05.14 16:58:39.053,1.82541,1.82563,1.19,1.19
2014.05.14 16:58:39.104,1.82541,1.82563,1.00,1.28
2014.05.14 16:58:40.142,1.82537,1.8256,1.19,1.57
2014.05.14 16:58:40.607,1.82537,1.8256,1.00,1.57
2014.05.14 16:58:41.164,1.82542,1.8256,1.00,1.57
2014.05.14 16:58:41.811,1.82542,1.8256,1.00,2.07
2014.05.14 16:58:42.947,1.82542,1.8256,1.00,1.57
2014.05.14 16:58:43.963,1.82542,1.8256,1.00,1.57
2014.05.14 16:58:45.122,1.82542,1.8256,1.00,2.07
2014.05.14 16:58:45.223,1.82537,1.8256,1.00,2.97
2014.05.14 16:58:45.324,1.82533,1.8256,1.19,2.07
2014.05.14 16:58:46.569,1.82531,1.82556,1.19,1.19
2014.05.14 16:58:47.681,1.82526,1.82552,1.84,1.25
2014.05.14 16:58:51.797,1.82526,1.82552,1.84,1.19
2014.05.14 16:58:52.907,1.82527,1.82552,1.32,1.19
2014.05.14 16:58:54.254,1.82526,1.82552,2.59,1.19
2014.05.14 16:58:56.118,1.82527,1.82552,1.32,1.19
2014.05.14 16:58:57.862,1.82531,1.82555,1.19,1.19
2014.05.14 16:58:59.149,1.82531,1.82557,2.07,1.19
2014.05.14 16:59:00.370,1.82532,1.82557,1.69,1.25
2014.05.14 16:59:00.571,1.82531,1.82557,1.19,1.25
2014.05.14 16:59:01.083,1.82531,1.82557,1.19,1.32
2014.05.14 16:59:01.407,1.82526,1.82551,1.47,1.00
2014.05.14 16:59:02.359,1.82526,1.82551,1.47,1.19
2014.05.14 16:59:03.973,1.82527,1.82554,1.39,1.57
2014.05.14 16:59:04.175,1.82527,1.82554,1.39,1.19
2014.05.14 16:59:04.678,1.82524,1.8255,1.19,1.00
2014.05.14 16:59:05.374,1.82524,1.8255,1.19,1.19
2014.05.14 16:59:07.080,1.82524,1.8255,1.19,1.63
2014.05.14 16:59:09.692,1.82524,1.82549,1.19,1.00
2014.05.14 16:59:09.844,1.82524,1.8255,1.19,2.25
2014.05.14 16:59:09.895,1.82522,1.82548,1.25,1.57
2014.05.14 16:59:09.995,1.82522,1.82543,1.84,1.00
2014.05.14 16:59:11.719,1.82519,1.82543,1.84,1.00
2014.05.14 16:59:12.700,1.82519,1.82543,1.84,1.00
2014.05.14 16:59:13.032,1.82517,1.82539,1.00,1.00
2014.05.14 16:59:13.133,1.82517,1.82527,1.00,1.92
2014.05.14 16:59:13.183,1.82509,1.82527,1.25,1.92
2014.05.14 16:59:13.234,1.82509,1.82528,1.25,2.22
2014.05.14 16:59:13.335,1.82501,1.82524,1.19,1.34
2014.05.14 16:59:13.436,1.82501,1.82524,1.00,1.84
2014.05.14 16:59:14.059,1.82501,1.82522,1.25,1.57
2014.05.14 16:59:14.569,1.82496,1.82521,1.25,2.44
2014.05.14 16:59:15.759,1.82496,1.82521,1.00,2.44
2014.05.14 16:59:15.861,1.82496,1.82519,1.00,2.22
2014.05.14 16:59:16.205,1.82492,1.82513,1.00,1.32
2014.05.14 16:59:16.533,1.82492,1.82511,1.00,1.19
2014.05.14 16:59:17.338,1.82491,1.82514,1.65,1.57
2014.05.14 16:59:17.848,1.82492,1.82514,1.00,1.69
2014.05.14 16:59:18.382,1.82491,1.82514,1.00,1.69
2014.05.14 16:59:18.641,1.82491,1.82514,1.00,1.69
2014.05.14 16:59:19.168,1.82493,1.82514,1.20,1.32
2014.05.14 16:59:19.470,1.82492,1.82514,1.39,1.19
2014.05.14 16:59:19.622,1.82492,1.82512,1.39,1.84
2014.05.14 16:59:19.723,1.82485,1.82508,1.00,1.72
2014.05.14 16:59:19.824,1.82481,1.82507,1.19,1.72
2014.05.14 16:59:20.280,1.82481,1.82506,1.19,1.09
2014.05.14 16:59:20.656,1.82481,1.82506,1.19,1.28
2014.05.14 16:59:20.982,1.82476,1.82501,1.84,1.65
2014.05.14 16:59:21.326,1.8248,1.82504,1.39,2.03
2014.05.14 16:59:21.667,1.82481,1.82504,1.39,1.34
2014.05.14 16:59:21.965,1.8248,1.82506,1.69,1.19
2014.05.14 16:59:23.075,1.8248,1.82506,1.19,1.19
2014.05.14 16:59:24.316,1.8248,1.82506,1.19,1.57
2014.05.14 16:59:25.521,1.8248,1.82506,1.19,1.57
2014.05.14 16:59:26.737,1.8248,1.82506,1.84,1.57
2014.05.14 16:59:26.792,1.82484,1.82506,1.20,1.57
2014.05.14 16:59:27.096,1.82483,1.82506,1.39,1.19
2014.05.14 16:59:27.404,1.82483,1.82506,1.39,1.19
2014.05.14 16:59:28.840,1.82483,1.82506,1.09,1.19
2014.05.14 16:59:29.432,1.82484,1.82506,1.20,1.19
2014.05.14 16:59:29.947,1.82484,1.82506,1.39,1.19
2014.05.14 16:59:30.966,1.82484,1.82506,1.39,1.19
2014.05.14 16:59:31.288,1.82484,1.82506,1.20,1.69
2014.05.14 16:59:31.340,1.8248,1.82503,1.39,1.19
2014.05.14 16:59:31.491,1.82477,1.82502,2.44,1.94
2014.05.14 16:59:31.874,1.82474,1.825,1.00,1.69
2014.05.14 16:59:31.925,1.82474,1.825,1.00,2.44
2014.05.14 16:59:32.450,1.82474,1.82494,1.09,1.19
2014.05.14 16:59:32.777,1.82476,1.82494,1.20,1.00
2014.05.14 16:59:32.878,1.82477,1.82496,1.00,1.00
2014.05.14 16:59:32.979,1.82476,1.825,1.20,1.32
2014.05.14 16:59:33.825,1.82477,1.82501,1.00,1.69
2014.05.14 16:59:33.875,1.82477,1.82501,1.19,1.69
2014.05.14 16:59:34.812,1.82482,1.825,1.00,1.25
2014.05.14 16:59:35.130,1.82482,1.82503,1.00,1.19
2014.05.14 16:59:36.641,1.82482,1.82504,1.00,1.57
2014.05.14 16:59:37.641,1.82482,1.82504,1.39,1.25
2014.05.14 16:59:37.692,1.82489,1.82509,1.20,1.57
2014.05.14 16:59:39.151,1.82489,1.82507,1.20,1.00
2014.05.14 16:59:39.963,1.82486,1.82507,1.20,1.00
2014.05.14 16:59:40.102,1.82492,1.82509,1.00,1.57
2014.05.14 16:59:40.354,1.82491,1.82509,1.20,1.25
2014.05.14 16:59:40.520,1.82487,1.82509,1.39,1.25
2014.05.14 16:59:41.869,1.82488,1.82509,1.20,1.19
2014.05.14 16:59:41.970,1.82483,1.82509,1.84,1.57
2014.05.14 16:59:42.816,1.82481,1.82507,1.84,1.63
2014.05.14 16:59:42.867,1.82481,1.82507,1.19,1.57
2014.05.14 16:59:43.866,1.82481,1.82507,1.19,1.57
2014.05.14 16:59:45.193,1.82483,1.82507,1.39,1.57
2014.05.14 16:59:45.857,1.82487,1.82507,1.00,1.57
2014.05.14 16:59:46.862,1.82487,1.82507,1.00,1.57
2014.05.14 16:59:47.401,1.82483,1.82507,1.39,1.19
2014.05.14 16:59:47.941,1.82483,1.82507,1.84,1.19
2014.05.14 16:59:49.025,1.82483,1.82507,1.39,1.19
2014.05.14 16:59:49.553,1.82486,1.82507,1.00,1.19
2014.05.14 16:59:50.070,1.82487,1.82507,1.00,1.19
2014.05.14 16:59:50.620,1.82484,1.82507,1.19,1.19
2014.05.14 16:59:52.509,1.82484,1.82507,1.39,1.19
2014.05.14 16:59:53.616,1.82482,1.82507,1.39,1.19
2014.05.14 16:59:54.735,1.82482,1.82507,1.84,1.19
2014.05.14 16:59:55.340,1.82484,1.82507,1.39,1.38
2014.05.14 16:59:55.391,1.82498,1.82511,1.20,1.57
2014.05.14 16:59:55.441,1.82498,1.82512,1.20,1.00
2014.05.14 16:59:55.493,1.82493,1.82512,1.20,1.00
2014.05.14 16:59:55.645,1.82489,1.82512,2.22,1.00
2014.05.14 16:59:55.746,1.82492,1.82514,1.20,1.19
2014.05.14 16:59:56.249,1.82492,1.82512,1.20,1.00
2014.05.14 16:59:56.922,1.82493,1.82512,1.20,1.25
2014.05.14 16:59:57.934,1.82493,1.82515,1.20,1.57
2014.05.14 16:59:58.238,1.82497,1.82515,1.65,1.25
2014.05.14 16:59:58.288,1.825,1.82521,1.20,1.57
2014.05.14 16:59:58.389,1.82497,1.82521,1.00,1.57
2014.05.14 16:59:58.591,1.82494,1.82518,1.20,1.32
2014.05.14 16:59:58.920,1.82497,1.82518,1.00,1.69
2014.05.14 16:59:59.273,1.82498,1.82518,1.39,1.25
