2017.12.14 21:00:00.270,1.71242,1.71276,0.56,0.75
2017.12.14 21:00:00.320,1.71243,1.71274,0.56,0.94
2017.12.14 21:00:01.009,1.71242,1.71275,0.19,0.75
2017.12.14 21:00:01.357,1.71239,1.71271,0.38,0.75
2017.12.14 21:00:01.869,1.71238,1.71271,0.19,0.94
2017.12.14 21:00:02.820,1.71238,1.71269,0.38,0.75
2017.12.14 21:00:03.299,1.71239,1.71273,0.19,0.94
2017.12.14 21:00:03.823,1.7124,1.71272,0.38,0.94
2017.12.14 21:00:03.925,1.71238,1.71271,0.75,0.19
2017.12.14 21:00:04.343,1.7124,1.71271,0.19,0.19
2017.12.14 21:00:04.599,1.71238,1.71271,0.56,0.75
2017.12.14 21:00:05.157,1.71239,1.71271,0.19,0.75
2017.12.14 21:00:06.107,1.71243,1.71275,0.19,1.69
2017.12.14 21:00:06.458,1.71252,1.71284,0.19,0.94
2017.12.14 21:00:06.785,1.71255,1.71283,0.19,0.75
2017.12.14 21:00:07.377,1.71254,1.71284,0.19,0.75
2017.12.14 21:00:07.479,1.71252,1.71285,0.37,0.75
2017.12.14 21:00:07.998,1.71253,1.71286,0.75,1.13
2017.12.14 21:00:08.101,1.71255,1.71286,0.19,0.75
2017.12.14 21:00:08.152,1.71253,1.71287,1.69,1.13
2017.12.14 21:00:08.254,1.71254,1.71283,0.75,0.19
2017.12.14 21:00:08.806,1.71253,1.71284,0.75,0.19
2017.12.14 21:00:09.655,1.71253,1.71285,0.75,0.94
2017.12.14 21:00:09.985,1.71264,1.71294,0.94,0.75
2017.12.14 21:00:10.037,1.71266,1.713,0.75,0.75
2017.12.14 21:00:10.765,1.71267,1.71299,0.56,0.75
2017.12.14 21:00:10.816,1.71271,1.713,0.75,0.19
2017.12.14 21:00:10.868,1.71272,1.71304,0.94,0.94
2017.12.14 21:00:11.118,1.71274,1.71307,0.19,0.75
2017.12.14 21:00:11.270,1.71278,1.71308,0.38,0.75
2017.12.14 21:00:11.321,1.71278,1.71311,0.94,0.38
2017.12.14 21:00:12.148,1.71274,1.71308,0.94,0.19
2017.12.14 21:00:12.302,1.71274,1.71305,0.75,0.19
2017.12.14 21:00:12.505,1.71269,1.71302,0.19,0.19
2017.12.14 21:00:13.546,1.71267,1.713,2.06,0.38
2017.12.14 21:00:14.037,1.71269,1.713,0.19,0.19
2017.12.14 21:00:14.240,1.71267,1.71299,0.75,0.19
2017.12.14 21:00:14.750,1.71267,1.71298,0.75,0.19
2017.12.14 21:00:14.808,1.71265,1.713,0.75,1.69
2017.12.14 21:00:14.859,1.7127,1.71299,0.19,0.75
2017.12.14 21:00:14.910,1.71274,1.71305,0.75,0.94
2017.12.14 21:00:15.299,1.71272,1.71302,0.75,1.69
2017.12.14 21:00:15.350,1.71268,1.71302,0.75,1.69
2017.12.14 21:00:15.401,1.71267,1.71298,0.75,0.19
2017.12.14 21:00:15.604,1.71265,1.71298,0.94,0.19
2017.12.14 21:00:16.170,1.71266,1.71299,0.75,1.69
2017.12.14 21:00:16.804,1.71266,1.713,1.50,0.75
2017.12.14 21:00:16.983,1.71267,1.71298,0.75,0.75
2017.12.14 21:00:17.136,1.71265,1.71297,0.75,0.19
2017.12.14 21:00:17.290,1.71266,1.71299,0.75,0.75
2017.12.14 21:00:17.392,1.71274,1.71301,0.19,0.75
2017.12.14 21:00:17.495,1.71275,1.71308,0.75,0.37
2017.12.14 21:00:17.755,1.71277,1.7131,0.19,0.94
2017.12.14 21:00:18.302,1.71276,1.71311,0.75,0.94
2017.12.14 21:00:18.870,1.71277,1.7131,0.75,0.75
2017.12.14 21:00:19.174,1.71274,1.71307,0.75,0.75
2017.12.14 21:00:20.251,1.71273,1.71308,1.50,1.50
2017.12.14 21:00:22.395,1.71274,1.71307,0.75,0.75
2017.12.14 21:00:22.701,1.71276,1.71309,0.75,0.94
2017.12.14 21:00:23.262,1.71275,1.71308,0.75,0.75
2017.12.14 21:00:23.672,1.71287,1.71311,0.19,0.75
2017.12.14 21:00:23.824,1.71295,1.71327,0.75,0.38
2017.12.14 21:00:24.383,1.71294,1.71328,0.75,1.13
2017.12.14 21:00:25.343,1.71294,1.71326,0.75,0.19
2017.12.14 21:00:26.902,1.71295,1.71326,0.75,0.19
2017.12.14 21:00:29.075,1.71294,1.71328,0.75,0.94
2017.12.14 21:00:29.613,1.71294,1.71327,0.75,0.94
2017.12.14 21:00:30.198,1.71295,1.71327,0.38,0.75
2017.12.14 21:00:30.249,1.71297,1.7133,1.88,0.75
2017.12.14 21:00:30.351,1.71301,1.7133,0.75,0.19
2017.12.14 21:00:30.402,1.713,1.71333,0.94,0.75
2017.12.14 21:00:30.453,1.71303,1.71333,0.75,0.19
2017.12.14 21:00:30.767,1.71305,1.71335,0.75,0.38
2017.12.14 21:00:30.818,1.71306,1.71337,0.75,0.19
2017.12.14 21:00:31.021,1.71308,1.71341,0.75,0.19
2017.12.14 21:00:31.621,1.71309,1.7134,0.75,0.19
2017.12.14 21:00:31.925,1.71307,1.71341,0.19,0.75
2017.12.14 21:00:32.451,1.71307,1.7134,0.94,0.94
2017.12.14 21:00:33.151,1.71306,1.71341,1.13,0.75
2017.12.14 21:00:33.559,1.71306,1.71339,1.50,0.38
2017.12.14 21:00:33.762,1.71298,1.71332,0.75,0.94
2017.12.14 21:00:34.294,1.71297,1.71331,0.94,1.69
2017.12.14 21:00:34.955,1.71295,1.71328,1.31,0.75
2017.12.14 21:00:35.342,1.71293,1.71324,0.19,1.50
2017.12.14 21:00:35.394,1.71291,1.71323,0.94,0.19
2017.12.14 21:00:35.445,1.71292,1.7132,0.75,0.19
2017.12.14 21:00:35.546,1.7129,1.71321,0.38,0.19
2017.12.14 21:00:36.053,1.71295,1.71323,0.75,0.75
2017.12.14 21:00:36.104,1.71299,1.71328,0.75,0.19
2017.12.14 21:00:36.155,1.71298,1.7133,0.75,1.31
2017.12.14 21:00:36.740,1.71294,1.71328,0.75,0.75
2017.12.14 21:00:36.792,1.71294,1.71325,0.94,0.19
2017.12.14 21:00:36.893,1.71293,1.71328,0.75,2.25
2017.12.14 21:00:37.046,1.71296,1.7133,0.75,0.19
2017.12.14 21:00:37.384,1.71297,1.71326,0.75,0.19
2017.12.14 21:00:37.436,1.71296,1.71329,1.50,1.12
2017.12.14 21:00:37.537,1.71296,1.71332,0.75,0.94
2017.12.14 21:00:40.012,1.71296,1.71331,1.50,0.75
2017.12.14 21:00:40.564,1.71296,1.7133,0.75,0.19
2017.12.14 21:00:41.224,1.71299,1.7133,0.75,0.75
2017.12.14 21:00:41.376,1.71299,1.71333,1.50,0.19
2017.12.14 21:00:42.151,1.713,1.71333,0.75,0.38
2017.12.14 21:00:42.875,1.71299,1.71333,1.50,0.38
2017.12.14 21:00:44.163,1.713,1.71333,0.75,0.38
2017.12.14 21:00:45.009,1.71299,1.71333,1.50,0.38
2017.12.14 21:00:45.344,1.71299,1.71328,1.50,0.75
2017.12.14 21:00:45.445,1.71296,1.71328,0.75,0.75
2017.12.14 21:00:46.226,1.71296,1.71327,0.75,0.75
2017.12.14 21:00:47.375,1.71297,1.71327,0.75,0.75
2017.12.14 21:00:47.425,1.71299,1.71327,0.19,0.75
2017.12.14 21:00:47.476,1.71299,1.7133,0.19,0.75
2017.12.14 21:00:47.578,1.71299,1.71327,0.38,0.75
2017.12.14 21:00:47.629,1.71297,1.71327,0.94,0.75
2017.12.14 21:00:47.680,1.71295,1.71325,0.75,0.19
2017.12.14 21:00:47.781,1.71293,1.71325,0.19,2.44
2017.12.14 21:00:48.385,1.71293,1.71326,0.19,0.75
2017.12.14 21:00:48.870,1.71296,1.71326,0.75,0.75
2017.12.14 21:00:48.921,1.71294,1.71328,0.75,0.94
2017.12.14 21:00:48.972,1.71294,1.71326,0.75,0.75
2017.12.14 21:00:49.459,1.71295,1.71324,0.75,0.75
2017.12.14 21:00:50.399,1.71294,1.71324,0.75,0.75
2017.12.14 21:00:50.700,1.71293,1.71326,0.75,0.94
2017.12.14 21:00:50.928,1.71292,1.71323,1.13,0.75
2017.12.14 21:00:51.989,1.71292,1.71322,0.19,0.75
2017.12.14 21:00:52.481,1.71292,1.7132,0.19,0.75
2017.12.14 21:00:53.674,1.71291,1.7132,0.19,0.75
2017.12.14 21:00:53.725,1.71288,1.7132,0.94,0.75
2017.12.14 21:00:54.461,1.71288,1.71319,0.94,0.75
2017.12.14 21:00:55.406,1.71289,1.71319,0.94,0.75
2017.12.14 21:00:55.908,1.71288,1.71319,0.19,0.75
2017.12.14 21:00:56.439,1.71288,1.7132,0.19,0.75
2017.12.14 21:00:57.151,1.71287,1.7132,0.94,0.75
2017.12.14 21:00:57.761,1.71288,1.71319,0.19,0.75
2017.12.14 21:00:59.014,1.71285,1.71319,0.19,1.50
2017.12.14 21:00:59.065,1.71285,1.71316,0.19,0.75
2017.12.14 21:01:00.122,1.71283,1.71316,1.69,0.75
2017.12.14 21:01:00.653,1.71284,1.71317,0.75,0.75
2017.12.14 21:01:00.704,1.71285,1.71319,0.19,1.50
2017.12.14 21:01:01.392,1.71285,1.71318,0.19,0.75
2017.12.14 21:01:01.627,1.71288,1.71319,0.75,0.75
2017.12.14 21:01:02.231,1.71287,1.7132,0.75,0.75
2017.12.14 21:01:02.311,1.71285,1.7132,0.38,1.50
2017.12.14 21:01:02.995,1.71286,1.71319,0.19,0.75
2017.12.14 21:01:03.605,1.71286,1.71318,0.19,0.75
2017.12.14 21:01:05.401,1.71285,1.71318,0.19,0.75
2017.12.14 21:01:06.602,1.71283,1.71317,0.75,1.50
2017.12.14 21:01:06.653,1.71277,1.71309,0.19,0.75
2017.12.14 21:01:07.228,1.71277,1.7131,0.75,0.75
2017.12.14 21:01:07.739,1.71277,1.71309,0.94,0.75
2017.12.14 21:01:08.254,1.71276,1.7131,0.94,0.75
2017.12.14 21:01:12.139,1.71277,1.71309,0.19,0.75
2017.12.14 21:01:12.661,1.71276,1.71308,0.19,0.75
2017.12.14 21:01:15.255,1.71279,1.7131,0.19,1.50
2017.12.14 21:01:15.306,1.71279,1.71313,0.19,0.75
2017.12.14 21:01:15.407,1.71281,1.71313,0.19,0.75
2017.12.14 21:01:16.394,1.7128,1.71313,0.19,0.75
2017.12.14 21:01:16.953,1.71282,1.71313,0.19,0.75
2017.12.14 21:01:17.386,1.71279,1.71313,0.19,1.50
2017.12.14 21:01:17.953,1.71278,1.71313,0.94,0.94
2017.12.14 21:01:18.088,1.7128,1.71313,0.19,0.75
2017.12.14 21:01:18.606,1.71282,1.71313,0.19,0.75
2017.12.14 21:01:19.128,1.7128,1.7131,0.19,0.75
2017.12.14 21:01:19.331,1.7128,1.71313,0.38,1.50
2017.12.14 21:01:20.964,1.71283,1.71313,0.38,0.75
2017.12.14 21:01:21.493,1.71283,1.71314,0.56,0.75
2017.12.14 21:01:21.866,1.71285,1.71314,0.19,0.75
2017.12.14 21:01:22.433,1.71285,1.71313,0.19,0.75
2017.12.14 21:01:23.084,1.71285,1.71314,0.19,0.75
2017.12.14 21:01:23.886,1.71285,1.71313,0.19,0.75
2017.12.14 21:01:25.064,1.71284,1.71313,0.19,0.75
2017.12.14 21:01:25.569,1.71285,1.71313,0.19,0.75
2017.12.14 21:01:27.238,1.71285,1.71314,0.19,0.75
2017.12.14 21:01:27.778,1.71284,1.71314,0.19,0.75
2017.12.14 21:01:28.836,1.71284,1.71313,0.19,0.75
2017.12.14 21:01:29.815,1.71283,1.71313,0.19,0.75
2017.12.14 21:01:30.208,1.71283,1.71316,0.19,0.75
2017.12.14 21:01:30.360,1.71281,1.71316,0.19,0.75
2017.12.14 21:01:30.662,1.7128,1.71309,0.75,0.19
2017.12.14 21:01:30.714,1.71271,1.71303,0.19,0.75
2017.12.14 21:01:30.815,1.71269,1.71303,0.94,0.75
2017.12.14 21:01:30.866,1.71267,1.71294,1.12,0.75
2017.12.14 21:01:30.970,1.71258,1.71291,0.94,0.75
2017.12.14 21:01:31.022,1.71262,1.7129,0.19,0.75
2017.12.14 21:01:31.074,1.71258,1.71292,1.69,0.75
2017.12.14 21:01:31.327,1.7126,1.71293,0.37,0.75
2017.12.14 21:01:31.908,1.71261,1.71293,0.19,0.75
2017.12.14 21:01:32.468,1.71261,1.71292,0.56,0.75
2017.12.14 21:01:33.214,1.71261,1.71293,0.19,0.75
2017.12.14 21:01:34.020,1.71264,1.71293,0.19,1.50
2017.12.14 21:01:34.301,1.71262,1.71293,0.19,0.75
2017.12.14 21:01:35.076,1.71262,1.71296,0.19,0.75
2017.12.14 21:01:35.533,1.71264,1.71296,0.19,0.75
2017.12.14 21:01:35.840,1.71268,1.71299,0.19,0.75
2017.12.14 21:01:36.382,1.71267,1.71298,0.19,0.75
2017.12.14 21:01:37.090,1.71266,1.71298,0.19,0.75
2017.12.14 21:01:39.248,1.71267,1.71297,0.19,0.75
2017.12.14 21:01:39.996,1.71266,1.71298,0.19,0.94
2017.12.14 21:01:42.451,1.71267,1.71297,0.19,1.13
2017.12.14 21:01:42.554,1.7127,1.71301,0.19,0.75
2017.12.14 21:01:43.079,1.7127,1.713,0.19,0.75
2017.12.14 21:01:46.814,1.7127,1.71301,0.19,0.75
2017.12.14 21:01:47.360,1.71271,1.71301,0.19,1.50
2017.12.14 21:01:47.968,1.7127,1.71301,0.19,0.75
2017.12.14 21:01:48.279,1.71271,1.71303,0.38,0.75
2017.12.14 21:01:49.892,1.7127,1.71304,0.38,0.75
2017.12.14 21:01:51.220,1.7127,1.71303,0.19,0.19
2017.12.14 21:01:57.108,1.71269,1.71303,0.94,0.38
2017.12.14 21:01:59.104,1.7127,1.71302,0.94,0.38
2017.12.14 21:01:59.155,1.71272,1.71302,0.19,0.19
2017.12.14 21:01:59.256,1.71269,1.71303,1.69,0.19
2017.12.14 21:01:59.483,1.71267,1.71297,0.75,0.19
2017.12.14 21:01:59.585,1.71264,1.71298,0.19,0.94
2017.12.14 21:02:00.225,1.71263,1.71295,1.50,0.19
2017.12.14 21:02:00.800,1.71262,1.71295,0.19,0.75
2017.12.14 21:02:01.698,1.71262,1.71294,0.19,0.19
2017.12.14 21:02:02.215,1.71261,1.71295,0.37,0.94
2017.12.14 21:02:02.767,1.71263,1.71293,0.19,0.19
2017.12.14 21:02:03.584,1.71262,1.71294,0.19,0.19
2017.12.14 21:02:04.173,1.71262,1.71295,0.38,0.75
2017.12.14 21:02:04.478,1.71262,1.71293,0.56,0.19
2017.12.14 21:02:05.488,1.71261,1.71294,0.75,0.94
2017.12.14 21:02:05.896,1.71264,1.71294,0.19,1.69
2017.12.14 21:02:11.936,1.7126,1.71294,0.19,0.75
2017.12.14 21:02:12.447,1.71259,1.71293,1.13,0.19
2017.12.14 21:02:12.649,1.7126,1.71291,0.19,0.75
2017.12.14 21:02:13.241,1.71259,1.71292,0.19,1.50
2017.12.14 21:02:13.748,1.71259,1.71291,0.19,0.75
2017.12.14 21:02:14.465,1.71259,1.71292,0.19,1.50
2017.12.14 21:02:14.776,1.71257,1.71292,0.94,1.50
2017.12.14 21:02:16.162,1.71259,1.71292,0.75,1.50
2017.12.14 21:02:16.213,1.71257,1.71292,0.94,1.50
2017.12.14 21:02:16.264,1.71262,1.71293,0.75,0.75
2017.12.14 21:02:16.578,1.7126,1.71293,0.75,0.38
2017.12.14 21:02:17.553,1.7126,1.71292,0.75,0.19
2017.12.14 21:02:18.002,1.7126,1.71294,0.75,1.50
2017.12.14 21:02:18.313,1.7126,1.71292,0.75,0.19
2017.12.14 21:02:20.576,1.7126,1.71294,0.75,1.69
2017.12.14 21:02:20.729,1.71263,1.71295,0.75,0.75
2017.12.14 21:02:20.976,1.71261,1.71295,0.19,1.50
2017.12.14 21:02:21.555,1.71261,1.71294,0.75,0.75
2017.12.14 21:02:22.257,1.7126,1.71294,1.50,0.75
2017.12.14 21:02:22.919,1.7126,1.71295,1.50,0.75
2017.12.14 21:02:27.487,1.71262,1.71294,0.19,0.75
2017.12.14 21:02:27.538,1.71263,1.71297,1.31,1.50
2017.12.14 21:02:27.589,1.71265,1.71298,0.75,0.75
2017.12.14 21:02:28.055,1.71262,1.71291,0.75,0.19
2017.12.14 21:02:28.359,1.7126,1.71292,0.75,0.19
2017.12.14 21:02:28.410,1.7126,1.71294,0.75,0.75
2017.12.14 21:02:28.512,1.71262,1.71296,0.75,0.94
2017.12.14 21:02:29.191,1.71261,1.71297,0.75,0.75
2017.12.14 21:02:29.706,1.71262,1.71296,0.75,0.75
2017.12.14 21:02:31.629,1.71262,1.71297,0.37,0.75
2017.12.14 21:02:32.174,1.71264,1.71298,0.75,0.75
2017.12.14 21:02:37.264,1.71264,1.71297,0.75,0.75
2017.12.14 21:02:39.438,1.71264,1.71298,0.75,0.75
2017.12.14 21:02:41.193,1.71264,1.71299,1.50,1.50
2017.12.14 21:02:42.702,1.71266,1.713,0.75,0.75
2017.12.14 21:02:43.532,1.71266,1.71301,0.75,0.75
2017.12.14 21:02:43.837,1.71265,1.71296,0.75,0.75
2017.12.14 21:02:43.939,1.71261,1.71295,0.75,0.75
2017.12.14 21:02:44.789,1.71261,1.71296,0.75,1.50
2017.12.14 21:02:45.130,1.71263,1.71296,0.75,0.19
2017.12.14 21:02:50.759,1.71264,1.71295,0.75,0.38
2017.12.14 21:02:52.947,1.71263,1.71296,1.50,1.13
2017.12.14 21:02:53.640,1.71264,1.71295,0.75,0.19
2017.12.14 21:02:54.800,1.71263,1.71296,0.75,0.94
2017.12.14 21:02:54.852,1.71263,1.71298,1.69,0.94
2017.12.14 21:02:54.903,1.71267,1.71298,0.19,0.75
2017.12.14 21:02:54.954,1.71268,1.713,0.75,0.19
2017.12.14 21:02:55.621,1.71267,1.71301,1.50,0.19
2017.12.14 21:02:56.666,1.71268,1.713,0.94,0.19
2017.12.14 21:02:58.642,1.71267,1.71301,0.94,0.38
2017.12.14 21:02:58.744,1.71267,1.71298,0.19,0.19
2017.12.14 21:02:59.084,1.71264,1.71295,0.75,0.19
2017.12.14 21:02:59.237,1.71262,1.71294,0.19,1.50
2017.12.14 21:02:59.289,1.71259,1.71293,0.94,0.19
2017.12.14 21:02:59.901,1.7126,1.71292,0.38,0.38
2017.12.14 21:03:00.263,1.71262,1.71295,0.19,0.94
2017.12.14 21:03:00.314,1.71266,1.71296,0.75,0.38
2017.12.14 21:03:00.821,1.71267,1.71295,0.75,0.38
2017.12.14 21:03:01.558,1.71267,1.71296,0.75,0.19
2017.12.14 21:03:04.701,1.71266,1.71294,0.75,0.19
2017.12.14 21:03:05.210,1.71266,1.71295,0.75,0.38
2017.12.14 21:03:05.741,1.71266,1.71294,0.75,0.38
2017.12.14 21:03:06.910,1.71266,1.71296,0.75,0.19
2017.12.14 21:03:07.430,1.71266,1.71295,0.75,0.19
2017.12.14 21:03:07.946,1.71265,1.71295,0.75,0.19
2017.12.14 21:03:08.323,1.71264,1.71292,0.75,0.19
2017.12.14 21:03:09.648,1.71265,1.71294,0.19,0.19
2017.12.14 21:03:10.221,1.71264,1.71294,0.75,0.38
2017.12.14 21:03:10.920,1.71263,1.71295,0.75,0.38
2017.12.14 21:03:11.959,1.71262,1.71293,0.19,0.19
2017.12.14 21:03:12.563,1.71263,1.71292,0.19,0.19
2017.12.14 21:03:13.066,1.71262,1.71293,0.19,0.19
2017.12.14 21:03:14.268,1.71262,1.71295,0.19,0.19
2017.12.14 21:03:15.128,1.71262,1.71293,0.94,0.19
2017.12.14 21:03:18.446,1.71261,1.7129,0.75,0.19
2017.12.14 21:03:18.598,1.71258,1.7129,0.75,0.19
2017.12.14 21:03:19.411,1.71259,1.71291,0.19,0.19
2017.12.14 21:03:19.734,1.71261,1.71292,0.19,0.19
2017.12.14 21:03:20.174,1.71261,1.71294,1.13,0.19
2017.12.14 21:03:23.245,1.71264,1.71293,0.19,0.19
2017.12.14 21:03:25.707,1.71263,1.71294,0.19,0.19
2017.12.14 21:03:28.488,1.71263,1.71296,0.94,0.19
2017.12.14 21:03:28.792,1.71264,1.71293,0.75,0.19
2017.12.14 21:03:29.404,1.71264,1.71292,0.75,0.19
2017.12.14 21:03:30.064,1.71263,1.71293,0.75,0.19
2017.12.14 21:03:30.656,1.71264,1.71292,0.75,0.38
2017.12.14 21:03:34.551,1.71263,1.71293,0.75,0.19
2017.12.14 21:03:35.071,1.71264,1.71292,0.75,0.38
2017.12.14 21:03:35.728,1.71263,1.71294,0.75,0.19
2017.12.14 21:03:38.049,1.71267,1.71296,0.75,0.19
2017.12.14 21:03:38.438,1.7127,1.71297,0.75,0.19
2017.12.14 21:03:38.681,1.7127,1.713,0.75,0.75
2017.12.14 21:03:39.261,1.71271,1.71301,0.75,0.19
2017.12.14 21:03:40.348,1.7127,1.71302,1.50,0.19
2017.12.14 21:03:40.898,1.7127,1.71303,1.50,0.19
2017.12.14 21:03:41.402,1.71271,1.71303,0.75,0.19
2017.12.14 21:03:42.026,1.7127,1.71303,1.69,0.19
2017.12.14 21:03:43.394,1.71271,1.71303,0.75,0.19
2017.12.14 21:03:43.446,1.71271,1.713,1.69,0.19
2017.12.14 21:03:45.240,1.71276,1.71306,0.94,0.75
2017.12.14 21:03:45.291,1.71279,1.71309,0.75,0.94
2017.12.14 21:03:45.932,1.7128,1.71309,0.75,0.19
2017.12.14 21:03:48.233,1.7128,1.7131,0.75,0.19
2017.12.14 21:03:48.979,1.71279,1.71312,0.75,0.19
2017.12.14 21:03:51.225,1.7128,1.71312,1.50,0.19
2017.12.14 21:03:53.259,1.71279,1.71313,1.88,0.38
2017.12.14 21:03:54.944,1.7128,1.71313,0.75,0.38
2017.12.14 21:03:55.159,1.71282,1.71313,0.19,0.19
2017.12.14 21:04:02.576,1.71288,1.71317,1.69,1.00
2017.12.14 21:04:02.628,1.71288,1.71321,1.38,1.50
2017.12.14 21:04:03.251,1.71291,1.71323,1.00,1.38
2017.12.14 21:04:03.571,1.71288,1.71323,1.44,1.38
2017.12.14 21:04:03.881,1.71289,1.71324,1.38,1.38
2017.12.14 21:04:09.073,1.71288,1.71324,1.25,1.19
2017.12.14 21:04:09.174,1.71289,1.71323,1.25,1.69
2017.12.14 21:04:09.686,1.71289,1.71323,1.44,1.25
2017.12.14 21:04:09.899,1.71288,1.71324,1.88,2.63
2017.12.14 21:04:10.862,1.71289,1.71323,1.25,1.38
2017.12.14 21:04:14.793,1.71288,1.71324,1.25,1.88
2017.12.14 21:04:16.324,1.71288,1.71324,1.69,1.88
2017.12.14 21:04:18.327,1.71288,1.71324,1.00,1.25
2017.12.14 21:04:18.849,1.71289,1.71323,1.00,1.25
2017.12.14 21:04:19.315,1.71287,1.71323,1.12,1.00
2017.12.14 21:04:19.416,1.71288,1.71322,1.12,1.19
2017.12.14 21:04:20.500,1.71287,1.71322,1.12,1.19
2017.12.14 21:04:21.159,1.71287,1.71323,1.00,1.19
2017.12.14 21:04:21.821,1.71287,1.71323,1.00,1.25
2017.12.14 21:04:22.217,1.71288,1.71322,1.25,1.69
2017.12.14 21:04:22.268,1.7129,1.71324,1.00,1.69
2017.12.14 21:04:22.770,1.71291,1.71324,1.00,1.69
2017.12.14 21:04:23.293,1.7129,1.71325,1.50,1.69
2017.12.14 21:04:23.800,1.7129,1.71325,1.50,1.19
2017.12.14 21:04:24.453,1.71291,1.71324,1.00,1.25
2017.12.14 21:04:26.362,1.7129,1.71324,1.50,1.19
2017.12.14 21:04:27.151,1.7129,1.71325,1.50,2.44
2017.12.14 21:04:28.643,1.71291,1.71325,1.00,2.44
2017.12.14 21:04:29.411,1.7129,1.71324,1.50,1.19
2017.12.14 21:04:30.254,1.71291,1.71324,1.00,1.19
2017.12.14 21:04:31.063,1.7129,1.71324,1.50,1.19
2017.12.14 21:04:34.194,1.7129,1.71324,1.50,1.69
2017.12.14 21:04:34.720,1.71291,1.71322,1.00,1.19
2017.12.14 21:04:36.113,1.71295,1.7133,1.12,1.69
2017.12.14 21:04:36.164,1.713,1.71332,1.00,1.19
2017.12.14 21:04:38.372,1.71299,1.71333,1.00,1.69
2017.12.14 21:04:41.344,1.71299,1.71333,1.00,1.19
2017.12.14 21:04:43.364,1.71299,1.71335,1.50,2.81
2017.12.14 21:04:43.706,1.713,1.71332,1.00,1.19
2017.12.14 21:04:45.183,1.71299,1.71333,1.00,1.19
2017.12.14 21:04:45.234,1.71299,1.71335,1.00,2.06
2017.12.14 21:04:45.285,1.713,1.71331,1.00,1.19
2017.12.14 21:04:45.440,1.71295,1.7133,1.69,1.19
2017.12.14 21:04:45.541,1.71296,1.71328,1.00,1.19
2017.12.14 21:04:45.694,1.71294,1.71328,1.00,1.19
2017.12.14 21:04:45.746,1.71295,1.71327,1.19,1.00
2017.12.14 21:04:46.255,1.71297,1.71332,1.00,1.50
2017.12.14 21:04:47.171,1.71298,1.71331,1.00,1.00
2017.12.14 21:04:47.749,1.71297,1.71332,1.00,1.50
2017.12.14 21:04:48.368,1.71296,1.71329,1.19,1.00
2017.12.14 21:04:48.900,1.71295,1.71329,1.19,1.00
2017.12.14 21:04:50.820,1.71295,1.71328,2.44,1.00
2017.12.14 21:04:51.531,1.71295,1.71329,1.19,1.00
2017.12.14 21:04:52.272,1.71297,1.71328,1.19,1.00
2017.12.14 21:04:52.425,1.71295,1.71328,2.44,1.00
2017.12.14 21:04:53.157,1.71295,1.71329,1.25,1.00
2017.12.14 21:04:53.307,1.71298,1.71331,1.25,1.50
2017.12.14 21:04:53.805,1.71294,1.71329,2.44,1.00
2017.12.14 21:04:54.309,1.71297,1.71332,1.00,1.50
2017.12.14 21:04:54.747,1.71296,1.71328,1.19,1.00
2017.12.14 21:04:54.798,1.71297,1.71332,1.69,1.50
2017.12.14 21:04:54.850,1.71305,1.71332,1.25,1.00
2017.12.14 21:04:55.003,1.71308,1.7134,1.25,1.00
2017.12.14 21:04:55.614,1.71307,1.71341,1.25,2.44
2017.12.14 21:04:56.326,1.71307,1.7134,1.25,1.19
2017.12.14 21:04:57.499,1.71306,1.71341,1.19,1.19
2017.12.14 21:04:57.789,1.71309,1.71341,1.00,1.19
2017.12.14 21:04:58.259,1.71309,1.71344,1.00,1.25
2017.12.14 21:04:58.310,1.7131,1.71343,1.00,1.19
2017.12.14 21:04:58.852,1.71311,1.71345,1.00,2.81
2017.12.14 21:04:59.476,1.71311,1.71345,1.00,2.44
2017.12.14 21:05:00.335,1.71312,1.71344,1.00,1.19
2017.12.14 21:05:00.910,1.71311,1.71345,1.50,1.19
2017.12.14 21:05:01.875,1.71311,1.71347,1.50,1.69
2017.12.14 21:05:02.382,1.71312,1.71345,1.00,1.19
2017.12.14 21:05:03.863,1.71312,1.71347,1.00,1.69
2017.12.14 21:05:04.422,1.71311,1.71347,1.50,1.69
2017.12.14 21:05:04.946,1.71312,1.71346,1.50,1.19
2017.12.14 21:05:05.265,1.71316,1.71347,1.19,1.00
2017.12.14 21:05:05.390,1.7132,1.71356,1.00,1.25
2017.12.14 21:05:05.593,1.71321,1.71355,1.69,1.00
2017.12.14 21:05:08.399,1.7132,1.71356,2.44,1.50
2017.12.14 21:05:14.364,1.7132,1.71356,1.00,1.00
2017.12.14 21:05:14.669,1.7131,1.71345,1.37,1.00
2017.12.14 21:05:14.771,1.71309,1.71343,1.00,1.00
2017.12.14 21:05:15.195,1.71307,1.71341,1.69,1.00
2017.12.14 21:05:15.297,1.71314,1.71348,1.00,1.50
2017.12.14 21:05:15.348,1.71316,1.71351,1.00,1.25
2017.12.14 21:05:15.399,1.71316,1.71349,1.00,1.00
2017.12.14 21:05:16.115,1.71315,1.71349,1.00,1.00
2017.12.14 21:05:16.709,1.71313,1.71346,1.19,1.00
2017.12.14 21:05:16.984,1.71314,1.71348,1.00,1.00
2017.12.14 21:05:17.136,1.71312,1.71346,1.19,1.00
2017.12.14 21:05:17.566,1.7131,1.71344,1.00,1.00
2017.12.14 21:05:17.667,1.71306,1.71341,1.50,1.50
2017.12.14 21:05:18.457,1.71305,1.71338,1.00,1.00
2017.12.14 21:05:21.079,1.71306,1.71338,1.00,1.00
2017.12.14 21:05:21.704,1.71306,1.71339,1.00,1.00
2017.12.14 21:05:23.096,1.71303,1.71337,1.00,1.00
2017.12.14 21:05:23.619,1.71303,1.71338,1.00,1.00
2017.12.14 21:05:31.164,1.71309,1.71337,1.00,1.00
2017.12.14 21:05:31.266,1.71309,1.71343,1.00,1.00
2017.12.14 21:05:31.428,1.7131,1.71344,1.19,1.00
2017.12.14 21:05:35.573,1.71307,1.71343,1.19,1.00
2017.12.14 21:05:35.624,1.71306,1.7134,1.25,1.00
2017.12.14 21:05:36.140,1.71305,1.71339,1.25,1.50
2017.12.14 21:05:38.502,1.71304,1.71339,1.25,1.00
2017.12.14 21:05:40.963,1.71305,1.71339,1.25,1.50
2017.12.14 21:05:41.279,1.71308,1.71339,1.00,1.00
2017.12.14 21:05:41.387,1.71306,1.7134,1.25,1.50
2017.12.14 21:05:42.083,1.71307,1.71339,1.25,1.50
2017.12.14 21:05:42.135,1.71307,1.71339,1.19,1.50
2017.12.14 21:05:44.691,1.71305,1.7134,1.19,1.50
2017.12.14 21:05:44.742,1.71307,1.71342,1.50,1.00
2017.12.14 21:05:45.382,1.71308,1.71341,1.00,1.00
2017.12.14 21:05:50.962,1.71307,1.71342,1.25,1.00
2017.12.14 21:06:00.652,1.71307,1.7134,1.00,1.00
2017.12.14 21:06:00.956,1.71313,1.71347,1.00,1.19
2017.12.14 21:06:01.294,1.7131,1.71343,1.00,1.00
2017.12.14 21:06:01.518,1.71311,1.71345,1.00,1.00
2017.12.14 21:06:02.864,1.71316,1.71349,1.00,1.00
2017.12.14 21:06:03.240,1.71313,1.71349,1.50,1.50
2017.12.14 21:06:03.294,1.71312,1.71346,1.00,1.00
2017.12.14 21:06:03.598,1.71317,1.7135,1.00,1.00
2017.12.14 21:06:03.952,1.71319,1.71353,1.50,1.25
2017.12.14 21:06:06.022,1.71319,1.71353,1.00,1.19
2017.12.14 21:06:08.272,1.71319,1.71353,1.00,1.00
2017.12.14 21:06:08.817,1.7132,1.71353,1.00,1.25
2017.12.14 21:06:09.339,1.71319,1.71354,1.00,1.69
2017.12.14 21:06:11.025,1.71319,1.71354,1.00,1.19
2017.12.14 21:06:11.605,1.7132,1.71353,1.00,1.00
2017.12.14 21:06:13.066,1.71321,1.71355,1.00,1.25
2017.12.14 21:06:13.733,1.71322,1.71355,1.00,2.44
2017.12.14 21:06:20.726,1.71322,1.71354,1.00,1.19
2017.12.14 21:06:21.286,1.71321,1.71354,1.00,1.19
2017.12.14 21:06:22.242,1.71322,1.71354,1.00,1.25
2017.12.14 21:06:22.802,1.71322,1.71354,1.00,1.19
2017.12.14 21:06:23.549,1.71322,1.71354,1.00,1.19
2017.12.14 21:06:28.802,1.71322,1.71355,1.00,1.19
2017.12.14 21:06:29.567,1.71323,1.71356,1.00,1.87
2017.12.14 21:06:30.145,1.71322,1.71356,1.00,1.00
2017.12.14 21:06:30.883,1.71323,1.71356,1.00,1.00
2017.12.14 21:06:33.029,1.71322,1.71356,1.00,1.00
2017.12.14 21:06:33.854,1.71322,1.71357,1.00,1.50
2017.12.14 21:06:34.482,1.71323,1.71356,1.00,1.00
2017.12.14 21:06:35.141,1.71323,1.71357,1.00,1.00
2017.12.14 21:06:35.193,1.71341,1.7136,1.00,1.00
2017.12.14 21:06:35.420,1.71394,1.71414,1.00,1.00
2017.12.14 21:06:35.471,1.71393,1.71416,1.00,1.12
2017.12.14 21:06:35.522,1.71391,1.71422,1.00,1.00
2017.12.14 21:06:35.574,1.71385,1.71419,1.00,1.50
2017.12.14 21:06:35.745,1.71382,1.71416,1.00,1.00
2017.12.14 21:06:36.438,1.71378,1.71412,1.00,1.50
2017.12.14 21:06:36.786,1.71356,1.71392,2.24,1.00
2017.12.14 21:06:36.938,1.71362,1.71392,1.00,1.00
2017.12.14 21:06:37.462,1.71355,1.71392,1.00,1.00
2017.12.14 21:06:37.868,1.71358,1.71396,1.00,1.25
2017.12.14 21:06:38.393,1.71359,1.71395,1.00,1.19
2017.12.14 21:06:38.927,1.71358,1.71396,1.00,1.69
2017.12.14 21:06:39.393,1.71359,1.71395,1.00,1.38
2017.12.14 21:06:39.444,1.71358,1.71396,1.00,1.44
2017.12.14 21:06:39.495,1.71357,1.71392,1.00,1.00
2017.12.14 21:06:40.128,1.71357,1.71393,1.00,1.00
2017.12.14 21:06:40.512,1.71365,1.71397,1.36,1.00
2017.12.14 21:06:40.563,1.71362,1.71399,1.18,1.00
2017.12.14 21:06:40.614,1.71366,1.71399,1.00,1.00
2017.12.14 21:06:40.665,1.71366,1.71401,1.00,1.00
2017.12.14 21:06:40.871,1.71369,1.71406,2.25,1.19
2017.12.14 21:06:40.973,1.71369,1.71407,1.00,1.19
2017.12.14 21:06:41.024,1.71368,1.71403,1.00,1.00
2017.12.14 21:06:41.329,1.71384,1.71415,1.50,1.19
2017.12.14 21:06:41.431,1.71383,1.7142,1.37,1.69
2017.12.14 21:06:41.482,1.71383,1.7142,1.37,1.69
2017.12.14 21:06:41.685,1.71382,1.71417,1.68,1.00
2017.12.14 21:06:42.232,1.71382,1.71417,1.50,1.69
2017.12.14 21:06:42.800,1.71381,1.71416,1.00,1.19
2017.12.14 21:06:43.402,1.71382,1.71415,1.00,1.19
2017.12.14 21:06:43.708,1.71402,1.71433,1.00,1.19
2017.12.14 21:06:43.912,1.71397,1.7143,1.00,1.27
2017.12.14 21:06:44.114,1.71396,1.7143,1.00,1.52
2017.12.14 21:06:44.323,1.71413,1.71445,1.00,1.25
2017.12.14 21:06:44.729,1.71414,1.71447,1.42,1.50
2017.12.14 21:06:44.781,1.71415,1.7145,1.30,1.25
2017.12.14 21:06:44.833,1.71416,1.71451,1.36,1.50
2017.12.14 21:06:44.935,1.71419,1.71454,1.12,1.25
2017.12.14 21:06:45.465,1.7142,1.71454,1.01,1.00
2017.12.14 21:06:45.621,1.71423,1.71458,1.00,1.19
2017.12.14 21:06:45.672,1.71425,1.7146,1.00,1.25
2017.12.14 21:06:45.723,1.71423,1.71458,1.01,1.00
2017.12.14 21:06:46.232,1.71421,1.71459,2.26,1.19
2017.12.14 21:06:46.666,1.7145,1.71466,1.87,1.00
2017.12.14 21:06:46.769,1.71457,1.71483,1.00,1.37
2017.12.14 21:06:46.871,1.71456,1.71491,1.00,1.50
2017.12.14 21:06:46.973,1.71461,1.71499,1.00,1.87
2017.12.14 21:06:47.116,1.71458,1.71489,1.00,1.00
2017.12.14 21:06:47.168,1.71456,1.7149,1.00,1.00
2017.12.14 21:06:47.219,1.71458,1.7149,1.00,1.00
2017.12.14 21:06:47.270,1.7146,1.71496,1.00,1.00
2017.12.14 21:06:47.321,1.71458,1.71497,1.00,1.50
2017.12.14 21:06:47.422,1.71458,1.71494,1.00,1.00
2017.12.14 21:06:47.474,1.71458,1.71497,1.00,3.00
2017.12.14 21:06:47.676,1.71459,1.7149,1.00,1.00
2017.12.14 21:06:47.728,1.71456,1.71491,1.00,1.00
2017.12.14 21:06:48.031,1.71458,1.71492,1.00,1.00
2017.12.14 21:06:48.203,1.71458,1.71494,1.00,1.00
2017.12.14 21:06:48.412,1.71462,1.71499,1.00,1.69
2017.12.14 21:06:48.717,1.71473,1.71509,1.00,1.00
2017.12.14 21:06:48.921,1.71474,1.71514,1.00,1.00
2017.12.14 21:06:48.972,1.71474,1.71513,1.00,1.19
2017.12.14 21:06:49.277,1.71469,1.71507,1.00,1.19
2017.12.14 21:06:49.531,1.71469,1.71509,1.00,2.06
2017.12.14 21:06:50.051,1.71468,1.71507,1.50,1.12
2017.12.14 21:06:50.204,1.71465,1.715,1.00,2.06
2017.12.14 21:06:50.508,1.71445,1.71483,1.00,1.37
2017.12.14 21:06:50.559,1.71443,1.71483,1.00,1.37
2017.12.14 21:06:50.610,1.71442,1.71478,1.50,1.00
2017.12.14 21:06:51.344,1.71441,1.71478,1.00,1.50
2017.12.14 21:06:51.685,1.71439,1.71473,1.00,1.25
2017.12.14 21:06:51.787,1.71434,1.71473,1.00,1.19
2017.12.14 21:06:51.978,1.71434,1.71471,1.50,1.19
2017.12.14 21:06:52.503,1.71433,1.71472,2.25,1.19
2017.12.14 21:06:53.051,1.71434,1.71471,1.87,1.19
2017.12.14 21:06:53.590,1.71434,1.71472,1.00,1.31
2017.12.14 21:06:54.233,1.71433,1.71472,1.12,1.31
2017.12.14 21:06:54.565,1.71433,1.7147,1.00,1.19
2017.12.14 21:06:54.888,1.71433,1.71473,1.00,1.00
2017.12.14 21:06:55.003,1.71435,1.7147,1.87,1.00
2017.12.14 21:06:55.059,1.71441,1.71478,1.00,2.81
2017.12.14 21:06:55.791,1.71441,1.71478,1.00,1.00
2017.12.14 21:06:56.331,1.71442,1.71477,1.00,1.00
2017.12.14 21:06:57.069,1.71442,1.71478,1.51,1.69
2017.12.14 21:06:57.305,1.71444,1.71483,1.70,2.44
2017.12.14 21:06:57.357,1.71446,1.71484,1.00,1.69
2017.12.14 21:06:57.459,1.7145,1.71485,1.00,1.00
2017.12.14 21:06:58.014,1.7145,1.71488,1.00,2.44
2017.12.14 21:06:58.491,1.7145,1.71486,1.00,1.19
2017.12.14 21:06:58.542,1.71449,1.71486,1.00,1.00
2017.12.14 21:06:58.674,1.71457,1.71494,1.00,1.69
2017.12.14 21:06:58.979,1.7146,1.71497,1.00,1.19
2017.12.14 21:06:59.512,1.71479,1.71501,1.00,1.00
2017.12.14 21:06:59.666,1.71483,1.71519,1.51,1.37
2017.12.14 21:06:59.717,1.71487,1.71521,1.00,1.56
2017.12.14 21:06:59.768,1.71487,1.71521,1.00,1.19
2017.12.14 21:06:59.935,1.71485,1.71518,1.00,1.00
2017.12.14 21:06:59.986,1.71483,1.7152,1.67,1.00
2017.12.14 21:07:00.037,1.71486,1.71522,1.00,1.25
2017.12.14 21:07:00.342,1.71488,1.71523,1.17,1.50
2017.12.14 21:07:00.595,1.71485,1.71522,1.17,1.00
2017.12.14 21:07:00.697,1.71484,1.71522,1.50,1.00
2017.12.14 21:07:01.315,1.71483,1.71517,1.02,1.50
2017.12.14 21:07:01.950,1.71484,1.71517,1.00,1.00
2017.12.14 21:07:02.713,1.71484,1.71516,1.00,1.00
2017.12.14 21:07:03.182,1.71485,1.71518,1.00,1.00
2017.12.14 21:07:03.436,1.71487,1.71518,1.00,1.00
2017.12.14 21:07:03.573,1.71485,1.7152,1.00,1.00
2017.12.14 21:07:03.624,1.71483,1.7152,1.00,1.00
2017.12.14 21:07:03.929,1.71482,1.7152,1.00,1.69
2017.12.14 21:07:04.461,1.71482,1.71519,1.50,1.69
2017.12.14 21:07:05.433,1.71482,1.7152,1.00,1.69
2017.12.14 21:07:05.976,1.71482,1.71519,1.50,1.69
2017.12.14 21:07:06.298,1.71486,1.71521,1.00,1.19
2017.12.14 21:07:07.004,1.71486,1.71523,1.00,1.19
2017.12.14 21:07:07.055,1.71486,1.71525,1.50,1.19
2017.12.14 21:07:07.469,1.71498,1.7153,1.34,1.12
2017.12.14 21:07:07.712,1.71542,1.71581,1.00,1.00
2017.12.14 21:07:07.815,1.71543,1.71583,1.00,1.00
2017.12.14 21:07:07.866,1.71551,1.71586,1.00,1.00
2017.12.14 21:07:08.221,1.71549,1.71582,1.00,1.00
2017.12.14 21:07:08.323,1.71545,1.7158,1.00,1.00
2017.12.14 21:07:08.424,1.7154,1.71579,1.00,1.00
2017.12.14 21:07:08.612,1.71538,1.71579,1.00,1.25
2017.12.14 21:07:08.935,1.71538,1.71576,1.00,1.00
2017.12.14 21:07:09.240,1.71529,1.71572,1.50,1.19
2017.12.14 21:07:09.291,1.71529,1.71564,1.50,1.50
2017.12.14 21:07:09.841,1.71529,1.71558,1.00,1.00
2017.12.14 21:07:10.006,1.71522,1.71558,1.00,1.00
2017.12.14 21:07:10.057,1.71522,1.71556,1.00,1.00
2017.12.14 21:07:10.217,1.71519,1.71556,1.00,1.00
2017.12.14 21:07:10.635,1.71518,1.71553,1.00,1.50
2017.12.14 21:07:10.686,1.71518,1.71556,1.00,1.00
2017.12.14 21:07:10.991,1.71516,1.71557,1.00,1.50
2017.12.14 21:07:11.341,1.71518,1.71557,1.00,1.00
2017.12.14 21:07:11.495,1.71527,1.71567,1.50,1.00
2017.12.14 21:07:11.546,1.71539,1.71569,1.00,1.00
2017.12.14 21:07:11.597,1.71541,1.71575,1.00,1.50
2017.12.14 21:07:11.801,1.71539,1.7157,1.00,1.00
2017.12.14 21:07:11.852,1.71537,1.71569,1.00,1.00
2017.12.14 21:07:11.903,1.71547,1.7157,1.00,1.00
2017.12.14 21:07:11.954,1.71541,1.7157,1.00,1.00
2017.12.14 21:07:12.005,1.71548,1.71576,1.00,1.00
2017.12.14 21:07:12.056,1.71548,1.71578,1.00,1.00
2017.12.14 21:07:12.158,1.71548,1.71581,1.00,1.50
2017.12.14 21:07:12.412,1.71548,1.71578,1.00,1.00
2017.12.14 21:07:12.463,1.71545,1.71578,1.00,1.00
2017.12.14 21:07:12.764,1.71541,1.71579,1.00,1.00
2017.12.14 21:07:12.918,1.71539,1.71575,1.00,1.00
2017.12.14 21:07:13.224,1.71533,1.71564,1.50,1.00
2017.12.14 21:07:13.275,1.71533,1.71567,1.00,1.50
2017.12.14 21:07:13.326,1.71538,1.71567,1.00,1.00
2017.12.14 21:07:13.377,1.71535,1.71567,1.00,1.00
2017.12.14 21:07:13.428,1.71536,1.7157,1.00,1.00
2017.12.14 21:07:13.627,1.71537,1.71575,1.00,1.50
2017.12.14 21:07:14.290,1.71538,1.71574,1.00,1.00
2017.12.14 21:07:14.793,1.71538,1.71575,1.00,2.25
2017.12.14 21:07:15.298,1.71538,1.71574,1.00,1.00
2017.12.14 21:07:15.679,1.71557,1.71575,1.00,1.50
2017.12.14 21:07:16.139,1.71554,1.71575,1.00,2.25
2017.12.14 21:07:16.191,1.71557,1.71575,1.00,1.50
2017.12.14 21:07:16.526,1.71563,1.71579,1.00,1.50
2017.12.14 21:07:17.133,1.71564,1.71579,1.00,1.50
2017.12.14 21:07:17.675,1.71564,1.7158,1.00,1.00
2017.12.14 21:07:18.500,1.7156,1.7158,1.00,1.00
2017.12.14 21:07:19.035,1.71559,1.71579,1.00,1.00
2017.12.14 21:07:19.413,1.71558,1.71582,1.00,1.00
2017.12.14 21:07:19.464,1.71558,1.71585,1.00,1.00
2017.12.14 21:07:19.566,1.71566,1.71588,1.00,1.00
2017.12.14 21:07:19.617,1.71566,1.7159,1.00,1.50
2017.12.14 21:07:19.668,1.71566,1.71595,1.00,1.19
2017.12.14 21:07:19.719,1.71566,1.71592,1.00,1.00
2017.12.14 21:07:20.252,1.71566,1.71593,1.00,1.50
2017.12.14 21:07:21.192,1.71568,1.71593,1.00,1.50
2017.12.14 21:07:21.294,1.71562,1.71592,1.00,1.00
2017.12.14 21:07:21.889,1.71568,1.71597,1.17,1.00
2017.12.14 21:07:22.253,1.71596,1.71622,1.50,1.50
2017.12.14 21:07:22.409,1.71618,1.71647,1.00,1.00
2017.12.14 21:07:22.511,1.71615,1.71644,1.00,1.00
2017.12.14 21:07:22.664,1.71619,1.7165,1.00,1.25
2017.12.14 21:07:22.766,1.71616,1.71645,1.00,1.00
2017.12.14 21:07:23.105,1.71609,1.71641,1.00,1.00
2017.12.14 21:07:23.157,1.71607,1.71641,1.00,1.00
2017.12.14 21:07:23.209,1.71607,1.71638,1.00,1.00
2017.12.14 21:07:23.803,1.71606,1.71638,1.00,1.00
2017.12.14 21:07:24.114,1.71609,1.71638,1.00,1.50
2017.12.14 21:07:24.598,1.71608,1.71645,1.00,2.44
2017.12.14 21:07:25.173,1.71608,1.71644,1.00,2.06
2017.12.14 21:07:25.808,1.71608,1.71645,1.00,2.44
2017.12.14 21:07:25.859,1.71608,1.71645,1.00,1.50
2017.12.14 21:07:25.910,1.71617,1.71647,1.00,1.00
2017.12.14 21:07:25.962,1.71617,1.71651,1.00,1.00
2017.12.14 21:07:26.013,1.7162,1.71651,1.50,1.00
2017.12.14 21:07:26.064,1.7163,1.71663,1.00,1.00
2017.12.14 21:07:26.167,1.7163,1.71666,1.00,1.69
2017.12.14 21:07:26.417,1.71633,1.71666,1.00,1.25
2017.12.14 21:07:26.752,1.71633,1.71662,1.00,1.00
2017.12.14 21:07:27.058,1.71646,1.71663,1.00,1.00
2017.12.14 21:07:27.109,1.71648,1.71667,1.00,1.00
2017.12.14 21:07:27.160,1.71646,1.71676,1.00,1.00
2017.12.14 21:07:27.213,1.71643,1.71676,1.00,1.00
2017.12.14 21:07:27.416,1.7165,1.71678,1.00,1.00
2017.12.14 21:07:27.759,1.71634,1.71661,1.00,1.50
2017.12.14 21:07:27.810,1.71632,1.71661,1.12,1.00
2017.12.14 21:07:27.912,1.71638,1.71661,1.00,1.00
2017.12.14 21:07:27.963,1.71643,1.71667,1.00,1.00
2017.12.14 21:07:28.014,1.71643,1.71671,1.00,1.00
2017.12.14 21:07:28.065,1.71642,1.71677,1.00,1.00
2017.12.14 21:07:28.218,1.71644,1.71677,1.00,1.00
2017.12.14 21:07:28.346,1.71639,1.71677,1.50,1.00
2017.12.14 21:07:28.397,1.71639,1.71673,1.00,1.00
2017.12.14 21:07:28.905,1.7164,1.71673,1.00,1.00
2017.12.14 21:07:29.237,1.71641,1.7167,1.00,1.00
2017.12.14 21:07:29.542,1.71649,1.71679,1.00,1.00
2017.12.14 21:07:29.643,1.71649,1.71682,1.50,1.00
2017.12.14 21:07:29.747,1.71649,1.71684,1.00,1.00
2017.12.14 21:07:29.900,1.71655,1.71684,1.00,1.50
2017.12.14 21:07:30.002,1.71651,1.71683,1.00,1.00
2017.12.14 21:07:30.512,1.71651,1.71682,1.00,1.00
2017.12.14 21:07:30.614,1.71645,1.71677,1.00,1.00
2017.12.14 21:07:30.666,1.71645,1.71672,1.00,1.00
2017.12.14 21:07:30.717,1.71637,1.7167,1.00,1.00
2017.12.14 21:07:30.768,1.71647,1.71673,1.00,1.00
2017.12.14 21:07:30.820,1.71657,1.71684,1.00,1.50
2017.12.14 21:07:30.871,1.7166,1.71685,1.00,1.00
2017.12.14 21:07:30.922,1.71658,1.71692,1.00,1.50
2017.12.14 21:07:30.973,1.71664,1.71693,1.00,1.00
2017.12.14 21:07:31.025,1.71652,1.71686,1.50,1.00
2017.12.14 21:07:31.178,1.71659,1.71687,1.00,1.00
2017.12.14 21:07:31.229,1.71659,1.71691,1.00,1.17
2017.12.14 21:07:31.330,1.71657,1.71691,1.00,1.17
2017.12.14 21:07:31.381,1.71654,1.71688,1.00,1.00
2017.12.14 21:07:31.433,1.71652,1.7169,1.00,1.67
2017.12.14 21:07:31.484,1.7166,1.7169,1.00,1.00
2017.12.14 21:07:31.535,1.71654,1.71687,1.00,1.00
2017.12.14 21:07:31.586,1.7165,1.71683,1.00,1.00
2017.12.14 21:07:31.917,1.71659,1.71694,1.00,1.73
2017.12.14 21:07:32.018,1.7165,1.71685,1.00,1.50
2017.12.14 21:07:32.120,1.71648,1.71684,1.00,1.00
2017.12.14 21:07:32.171,1.71653,1.71685,1.00,1.50
2017.12.14 21:07:32.426,1.71677,1.7171,1.00,1.50
2017.12.14 21:07:32.478,1.71679,1.71713,1.00,1.50
2017.12.14 21:07:32.530,1.71679,1.71709,1.00,1.00
2017.12.14 21:07:32.734,1.71682,1.71717,1.00,1.17
2017.12.14 21:07:32.829,1.71685,1.71718,1.00,1.17
2017.12.14 21:07:33.119,1.71685,1.71719,1.00,1.00
2017.12.14 21:07:33.556,1.71683,1.71718,1.00,1.00
2017.12.14 21:07:34.152,1.71684,1.71719,1.00,1.69
2017.12.14 21:07:34.472,1.71682,1.71719,1.50,1.69
2017.12.14 21:07:34.624,1.71682,1.71711,1.00,1.17
2017.12.14 21:07:34.727,1.71674,1.71706,1.00,1.36
2017.12.14 21:07:34.828,1.71674,1.71703,1.00,1.42
2017.12.14 21:07:35.235,1.71672,1.71698,1.00,1.00
2017.12.14 21:07:35.286,1.7167,1.71698,1.00,1.00
2017.12.14 21:07:35.337,1.71675,1.71698,1.50,1.00
2017.12.14 21:07:35.596,1.71695,1.71721,1.00,1.00
2017.12.14 21:07:35.754,1.71686,1.71718,1.00,1.00
2017.12.14 21:07:35.806,1.71692,1.71716,1.00,1.00
2017.12.14 21:07:35.960,1.71704,1.71729,1.00,1.00
2017.12.14 21:07:36.011,1.71704,1.71718,1.00,1.00
2017.12.14 21:07:36.062,1.717,1.71718,1.00,1.00
2017.12.14 21:07:36.364,1.71685,1.71717,1.05,1.17
2017.12.14 21:07:36.415,1.71693,1.71719,1.67,1.00
2017.12.14 21:07:36.467,1.71699,1.71726,1.67,1.00
2017.12.14 21:07:36.518,1.71688,1.71722,1.67,1.00
2017.12.14 21:07:36.620,1.71684,1.71719,2.17,1.00
2017.12.14 21:07:37.043,1.71673,1.71693,1.37,1.00
2017.12.14 21:07:37.095,1.71678,1.71695,1.00,1.00
2017.12.14 21:07:37.147,1.71678,1.71689,1.00,1.00
2017.12.14 21:07:37.198,1.71663,1.71695,1.67,1.50
2017.12.14 21:07:37.249,1.71656,1.71688,1.67,1.00
2017.12.14 21:07:37.300,1.71655,1.71688,1.67,1.00
2017.12.14 21:07:37.351,1.71656,1.71681,1.00,1.00
2017.12.14 21:07:37.960,1.71655,1.71681,1.00,1.00
2017.12.14 21:07:38.250,1.71669,1.71698,1.00,1.00
2017.12.14 21:07:38.352,1.71669,1.71702,1.00,1.00
2017.12.14 21:07:38.403,1.71668,1.71699,1.00,1.00
2017.12.14 21:07:38.505,1.71672,1.71704,1.00,1.00
2017.12.14 21:07:38.556,1.71675,1.71689,1.00,1.00
2017.12.14 21:07:38.607,1.71662,1.7169,1.00,1.00
2017.12.14 21:07:38.658,1.71662,1.71687,1.00,1.00
2017.12.14 21:07:39.050,1.7166,1.71691,1.37,1.67
2017.12.14 21:07:39.101,1.71657,1.71687,1.37,1.00
2017.12.14 21:07:39.203,1.71659,1.7169,1.37,1.23
2017.12.14 21:07:39.305,1.71653,1.71683,1.00,1.00
2017.12.14 21:07:39.622,1.71646,1.71674,1.00,1.00
2017.12.14 21:07:39.724,1.71639,1.71674,1.87,1.00
2017.12.14 21:07:39.777,1.71635,1.71666,1.37,1.00
2017.12.14 21:07:39.880,1.71631,1.71663,1.00,1.00
2017.12.14 21:07:39.931,1.71634,1.71665,1.00,1.00
2017.12.14 21:07:40.282,1.71634,1.71662,1.00,1.00
2017.12.14 21:07:40.586,1.71632,1.71659,1.00,1.00
2017.12.14 21:07:40.931,1.7163,1.7166,1.00,1.00
2017.12.14 21:07:41.366,1.71631,1.71656,1.00,1.00
2017.12.14 21:07:41.418,1.71623,1.71651,1.00,1.50
2017.12.14 21:07:41.469,1.71621,1.71648,1.00,1.50
2017.12.14 21:07:41.621,1.71619,1.71648,1.00,1.50
2017.12.14 21:07:41.791,1.71616,1.71648,1.00,1.50
2017.12.14 21:07:42.002,1.71615,1.71645,1.00,1.00
2017.12.14 21:07:42.205,1.71612,1.71644,1.00,1.00
2017.12.14 21:07:42.256,1.71618,1.71646,1.00,1.00
2017.12.14 21:07:42.358,1.71618,1.7165,1.00,1.00
2017.12.14 21:07:42.460,1.71621,1.71651,1.00,1.00
2017.12.14 21:07:43.942,1.71621,1.7165,1.00,1.00
2017.12.14 21:07:44.622,1.71622,1.7165,1.00,1.00
2017.12.14 21:07:45.278,1.71622,1.71651,1.00,1.00
2017.12.14 21:07:45.906,1.71622,1.7165,1.00,1.00
2017.12.14 21:07:46.268,1.71624,1.7165,1.00,1.00
2017.12.14 21:07:46.615,1.71615,1.7164,1.00,1.19
2017.12.14 21:07:46.717,1.71607,1.71636,1.50,1.00
2017.12.14 21:07:46.768,1.71607,1.71638,1.50,1.00
2017.12.14 21:07:46.869,1.71616,1.71641,1.00,1.50
2017.12.14 21:07:46.971,1.71619,1.71647,1.00,3.19
2017.12.14 21:07:47.022,1.71617,1.71644,1.00,1.00
2017.12.14 21:07:47.073,1.71613,1.71644,1.00,1.00
2017.12.14 21:07:47.225,1.71617,1.71647,1.00,2.44
2017.12.14 21:07:47.813,1.71617,1.71646,1.00,1.00
2017.12.14 21:07:48.403,1.71618,1.71646,1.00,1.00
2017.12.14 21:07:48.708,1.71607,1.71636,1.00,1.00
2017.12.14 21:07:48.810,1.71606,1.71634,1.00,1.00
2017.12.14 21:07:49.194,1.71602,1.71631,1.00,1.00
2017.12.14 21:07:49.524,1.71602,1.71628,1.00,1.50
2017.12.14 21:07:50.043,1.71601,1.71628,1.00,1.00
2017.12.14 21:07:50.496,1.71599,1.71628,1.00,1.50
2017.12.14 21:07:51.090,1.716,1.71629,1.00,1.00
2017.12.14 21:07:51.828,1.716,1.71628,1.00,1.00
2017.12.14 21:07:52.481,1.71601,1.71628,1.00,1.00
2017.12.14 21:07:53.015,1.71601,1.71629,1.00,1.00
2017.12.14 21:07:53.650,1.71601,1.71628,1.00,1.00
2017.12.14 21:07:54.191,1.71603,1.71628,1.00,1.50
2017.12.14 21:07:54.242,1.71603,1.7163,1.00,1.00
2017.12.14 21:07:54.293,1.71603,1.71637,1.00,1.87
2017.12.14 21:07:54.344,1.71603,1.71635,1.00,1.00
2017.12.14 21:07:54.648,1.71616,1.71644,1.00,1.00
2017.12.14 21:07:55.161,1.71616,1.71645,1.00,1.00
2017.12.14 21:07:55.688,1.71616,1.71644,1.00,1.00
2017.12.14 21:07:55.790,1.71616,1.71647,1.00,1.50
2017.12.14 21:07:56.255,1.71616,1.71637,1.00,1.00
2017.12.14 21:07:56.306,1.7161,1.71635,1.00,1.00
2017.12.14 21:07:56.357,1.7161,1.71633,1.00,1.00
2017.12.14 21:07:56.408,1.71604,1.71633,1.50,1.00
2017.12.14 21:07:56.459,1.71604,1.71636,1.00,1.00
2017.12.14 21:07:57.008,1.71603,1.71637,1.00,1.00
2017.12.14 21:07:57.078,1.71603,1.71634,1.00,1.00
2017.12.14 21:07:57.450,1.71604,1.71631,1.00,1.00
2017.12.14 21:07:57.931,1.71602,1.71629,1.00,1.00
2017.12.14 21:07:58.250,1.71602,1.71632,1.00,1.00
2017.12.14 21:07:58.352,1.71602,1.71629,1.00,1.00
2017.12.14 21:07:58.663,1.71599,1.71628,1.00,1.88
2017.12.14 21:07:58.714,1.71592,1.71623,1.00,1.00
2017.12.14 21:07:58.918,1.71592,1.71627,1.00,1.00
2017.12.14 21:07:59.020,1.71598,1.71626,1.00,1.00
2017.12.14 21:07:59.362,1.71598,1.71623,1.00,1.00
2017.12.14 21:07:59.413,1.71595,1.71623,1.00,1.00
2017.12.14 21:07:59.515,1.71594,1.71621,1.00,1.00
2017.12.14 21:08:00.270,1.71594,1.7162,1.00,1.00
2017.12.14 21:08:00.910,1.71593,1.71621,1.00,1.00
2017.12.14 21:08:01.424,1.71594,1.71622,1.00,1.00
2017.12.14 21:08:01.755,1.71597,1.71621,1.00,1.00
2017.12.14 21:08:02.273,1.71597,1.71622,1.00,1.00
2017.12.14 21:08:02.932,1.71597,1.71621,1.00,1.00
2017.12.14 21:08:03.279,1.71595,1.71622,1.00,1.00
2017.12.14 21:08:04.062,1.71595,1.71621,1.00,1.00
2017.12.14 21:08:04.563,1.71595,1.71624,1.00,1.00
2017.12.14 21:08:04.665,1.71594,1.71621,1.00,1.50
2017.12.14 21:08:04.817,1.71594,1.71624,1.00,1.50
2017.12.14 21:08:04.975,1.71597,1.71624,1.00,1.50
2017.12.14 21:08:05.917,1.716,1.71629,1.00,1.00
2017.12.14 21:08:06.174,1.71598,1.71629,1.00,1.00
2017.12.14 21:08:07.053,1.71598,1.71628,1.00,1.00
2017.12.14 21:08:07.473,1.71598,1.71632,1.00,1.00
2017.12.14 21:08:07.524,1.71602,1.71635,1.00,1.00
2017.12.14 21:08:07.676,1.71603,1.71637,1.00,1.00
2017.12.14 21:08:08.420,1.71602,1.71637,1.50,1.00
2017.12.14 21:08:08.522,1.71605,1.71636,1.00,1.00
2017.12.14 21:08:08.805,1.71603,1.71637,1.00,1.50
2017.12.14 21:08:10.616,1.71605,1.71637,1.00,1.00
2017.12.14 21:08:12.785,1.71607,1.71637,1.00,1.00
2017.12.14 21:08:14.970,1.71605,1.71637,1.00,1.00
2017.12.14 21:08:15.275,1.71609,1.7164,1.00,1.00
2017.12.14 21:08:15.326,1.71612,1.71644,1.00,1.00
2017.12.14 21:08:15.833,1.71613,1.71645,1.00,1.50
2017.12.14 21:08:16.168,1.71613,1.71644,1.00,1.44
2017.12.14 21:08:16.702,1.71612,1.71644,1.00,1.44
2017.12.14 21:08:16.904,1.71612,1.71645,1.00,1.25
2017.12.14 21:08:16.955,1.71614,1.71646,1.00,1.38
2017.12.14 21:08:17.698,1.71613,1.71646,1.00,1.44
2017.12.14 21:08:18.360,1.71612,1.71645,1.00,1.25
2017.12.14 21:08:18.667,1.71633,1.71648,1.00,1.00
2017.12.14 21:08:18.719,1.71631,1.71652,1.00,1.00
2017.12.14 21:08:18.770,1.71632,1.71666,1.00,1.19
2017.12.14 21:08:19.286,1.71631,1.71667,1.50,1.38
2017.12.14 21:08:20.008,1.71632,1.71666,1.00,1.19
2017.12.14 21:08:21.257,1.71631,1.71667,1.50,1.19
2017.12.14 21:08:23.531,1.71632,1.71667,1.00,1.44
2017.12.14 21:08:23.582,1.7165,1.71671,1.00,1.00
2017.12.14 21:08:23.684,1.71653,1.71678,1.00,1.00
2017.12.14 21:08:23.736,1.71652,1.71687,1.25,1.37
2017.12.14 21:08:23.787,1.71655,1.71688,1.00,1.37
2017.12.14 21:08:24.017,1.71656,1.7169,1.50,1.00
2017.12.14 21:08:24.220,1.7165,1.71686,2.25,1.00
2017.12.14 21:08:24.272,1.71648,1.71686,1.00,1.50
2017.12.14 21:08:24.909,1.7165,1.71686,1.00,1.50
2017.12.14 21:08:25.235,1.71647,1.71682,1.00,1.00
2017.12.14 21:08:25.822,1.71646,1.71682,1.00,1.00
2017.12.14 21:08:26.735,1.71646,1.71681,1.00,1.00
2017.12.14 21:08:27.285,1.71646,1.71682,1.00,1.00
2017.12.14 21:08:27.592,1.71641,1.7168,1.50,1.00
2017.12.14 21:08:27.643,1.71644,1.7168,1.00,1.00
2017.12.14 21:08:27.948,1.71646,1.71674,1.00,1.00
2017.12.14 21:08:28.049,1.71642,1.71674,1.00,1.00
2017.12.14 21:08:28.894,1.71642,1.71673,1.00,1.00
2017.12.14 21:08:29.629,1.71641,1.71674,1.00,1.00
2017.12.14 21:08:30.013,1.71643,1.71673,1.00,1.00
2017.12.14 21:08:30.064,1.71643,1.71678,1.00,1.00
2017.12.14 21:08:30.343,1.71641,1.71678,1.00,1.50
2017.12.14 21:08:30.547,1.71639,1.71678,1.50,1.25
2017.12.14 21:08:30.649,1.71639,1.71674,1.00,1.00
2017.12.14 21:08:30.751,1.71637,1.71673,1.00,1.00
2017.12.14 21:08:31.363,1.71637,1.71674,1.00,1.00
2017.12.14 21:08:31.924,1.71638,1.71675,1.00,1.00
2017.12.14 21:08:32.603,1.71639,1.71674,1.00,1.00
2017.12.14 21:08:33.296,1.71638,1.71674,1.50,1.00
2017.12.14 21:08:33.808,1.71638,1.71675,1.50,1.00
2017.12.14 21:08:33.911,1.71638,1.71672,1.00,1.00
2017.12.14 21:08:33.962,1.71636,1.71675,1.50,2.25
2017.12.14 21:08:34.014,1.71634,1.71669,1.00,1.50
2017.12.14 21:08:34.167,1.71635,1.71671,1.00,1.00
2017.12.14 21:08:34.218,1.71635,1.71673,1.00,1.00
2017.12.14 21:08:34.896,1.71637,1.71673,1.00,1.00
2017.12.14 21:08:35.438,1.71637,1.71674,1.50,1.00
2017.12.14 21:08:36.608,1.7166,1.71679,1.38,1.50
2017.12.14 21:08:36.863,1.71678,1.71714,1.00,1.19
2017.12.14 21:08:37.117,1.71675,1.71712,1.00,1.25
2017.12.14 21:08:37.519,1.71672,1.71708,1.00,1.00
2017.12.14 21:08:37.841,1.71668,1.71704,1.00,1.13
2017.12.14 21:08:38.382,1.71669,1.71705,1.00,2.44
2017.12.14 21:08:38.484,1.71665,1.71701,1.00,1.00
2017.12.14 21:08:39.139,1.71664,1.71701,1.00,1.00
2017.12.14 21:08:41.000,1.71665,1.71701,1.00,1.00
2017.12.14 21:08:41.590,1.71664,1.71701,1.00,1.00
2017.12.14 21:08:42.072,1.71673,1.717,1.19,1.50
2017.12.14 21:08:42.276,1.71699,1.7173,1.00,1.19
2017.12.14 21:08:42.327,1.71696,1.71729,1.50,1.25
2017.12.14 21:08:42.428,1.71699,1.71729,1.00,1.19
2017.12.14 21:08:42.683,1.71692,1.71728,1.00,2.44
2017.12.14 21:08:42.785,1.71688,1.71727,1.87,1.00
2017.12.14 21:08:42.878,1.71688,1.71724,1.87,1.00
2017.12.14 21:08:42.983,1.7169,1.71726,1.00,1.00
2017.12.14 21:08:43.034,1.71694,1.71731,1.50,1.00
2017.12.14 21:08:43.085,1.71698,1.71735,1.50,1.00
2017.12.14 21:08:43.187,1.71703,1.71742,1.00,1.69
2017.12.14 21:08:44.995,1.71711,1.71743,1.00,1.19
2017.12.14 21:08:45.249,1.7171,1.71746,1.50,1.19
2017.12.14 21:08:46.478,1.7171,1.71749,1.00,2.44
2017.12.14 21:08:46.845,1.7171,1.71749,1.50,1.50
2017.12.14 21:08:46.896,1.71714,1.71751,1.00,1.69
2017.12.14 21:08:48.348,1.71713,1.71751,1.00,1.19
2017.12.14 21:08:50.194,1.71711,1.71751,1.00,2.44
2017.12.14 21:08:50.350,1.71709,1.71748,1.00,1.25
2017.12.14 21:08:50.401,1.71709,1.71746,1.00,1.44
2017.12.14 21:08:50.706,1.71697,1.71717,1.00,1.00
2017.12.14 21:08:50.757,1.71689,1.71728,1.50,1.56
2017.12.14 21:08:50.809,1.71697,1.71733,1.00,3.37
2017.12.14 21:08:50.860,1.71697,1.71733,1.00,1.00
2017.12.14 21:08:50.911,1.71699,1.71735,1.00,1.25
2017.12.14 21:08:50.963,1.71695,1.71732,1.00,1.00
2017.12.14 21:08:51.014,1.71695,1.71736,1.50,1.19
2017.12.14 21:08:51.273,1.71694,1.71732,1.00,1.00
2017.12.14 21:08:51.376,1.7169,1.7173,1.00,1.00
2017.12.14 21:08:51.427,1.71689,1.71723,1.00,1.00
2017.12.14 21:08:51.478,1.71686,1.71724,1.00,1.50
2017.12.14 21:08:51.529,1.71684,1.71723,1.00,1.00
2017.12.14 21:08:52.221,1.71687,1.71724,1.00,1.50
2017.12.14 21:08:52.527,1.71714,1.71746,1.50,1.19
2017.12.14 21:08:52.578,1.71714,1.7175,1.00,1.50
2017.12.14 21:08:52.730,1.71709,1.71748,1.00,1.00
2017.12.14 21:08:52.781,1.71708,1.7174,1.50,1.50
2017.12.14 21:08:53.088,1.71698,1.71736,1.37,1.00
2017.12.14 21:08:53.262,1.71698,1.71736,1.00,1.50
2017.12.14 21:08:53.814,1.71698,1.71735,1.50,1.00
2017.12.14 21:08:54.324,1.71698,1.71736,1.00,1.00
2017.12.14 21:08:54.465,1.71698,1.7174,2.25,1.50
2017.12.14 21:08:54.517,1.71701,1.7174,1.00,1.50
2017.12.14 21:08:54.861,1.71698,1.71736,1.50,1.50
2017.12.14 21:08:55.166,1.71681,1.71705,1.00,1.50
2017.12.14 21:08:55.319,1.71665,1.717,2.25,1.00
2017.12.14 21:08:55.863,1.71665,1.71701,1.00,1.50
2017.12.14 21:08:57.448,1.71665,1.717,2.44,1.00
2017.12.14 21:08:57.500,1.71668,1.71705,1.50,1.69
2017.12.14 21:08:57.551,1.71665,1.71696,1.00,1.00
2017.12.14 21:08:57.603,1.7166,1.71695,1.19,1.00
2017.12.14 21:08:57.704,1.71659,1.71696,2.25,1.50
2017.12.14 21:08:58.506,1.71659,1.71696,1.87,1.00
2017.12.14 21:08:58.609,1.71664,1.71699,1.00,1.50
2017.12.14 21:08:58.933,1.71666,1.71701,1.00,1.00
2017.12.14 21:08:59.435,1.71667,1.71701,1.00,1.50
2017.12.14 21:09:00.105,1.71663,1.71696,1.00,1.00
2017.12.14 21:09:00.439,1.7166,1.71697,1.00,1.50
2017.12.14 21:09:00.490,1.71659,1.71692,1.31,1.00
2017.12.14 21:09:00.592,1.71656,1.71693,1.37,1.50
2017.12.14 21:09:00.644,1.71654,1.71689,1.69,1.00
2017.12.14 21:09:01.153,1.71652,1.71688,2.44,1.00
2017.12.14 21:09:01.254,1.71653,1.71688,1.12,1.00
2017.12.14 21:09:01.992,1.71651,1.71684,1.12,1.00
2017.12.14 21:09:02.596,1.7165,1.71685,1.00,1.00
2017.12.14 21:09:02.927,1.71651,1.71687,2.06,1.00
2017.12.14 21:09:03.278,1.7165,1.7168,1.19,1.00
2017.12.14 21:09:03.329,1.71646,1.71676,1.00,1.00
2017.12.14 21:09:03.380,1.7164,1.71676,3.94,1.50
2017.12.14 21:09:03.786,1.7164,1.71676,2.06,1.00
2017.12.14 21:09:05.490,1.71637,1.71668,1.00,1.00
2017.12.14 21:09:05.683,1.7163,1.71668,1.25,1.00
2017.12.14 21:09:05.846,1.71629,1.71664,1.37,1.00
2017.12.14 21:09:06.000,1.71628,1.71668,1.94,1.00
2017.12.14 21:09:06.102,1.71629,1.71667,1.56,1.00
2017.12.14 21:09:06.305,1.71628,1.71668,1.56,1.00
2017.12.14 21:09:06.457,1.71626,1.71668,1.75,1.00
2017.12.14 21:09:06.793,1.71627,1.71668,2.06,1.50
2017.12.14 21:09:07.364,1.71627,1.71668,1.75,1.00
2017.12.14 21:09:07.617,1.71627,1.71668,2.81,1.00
2017.12.14 21:09:07.668,1.71629,1.71668,1.38,1.00
2017.12.14 21:09:08.006,1.71626,1.71664,1.25,1.00
2017.12.14 21:09:08.108,1.71624,1.71663,2.81,1.00
2017.12.14 21:09:08.209,1.71624,1.71664,1.69,1.00
2017.12.14 21:09:08.444,1.71624,1.71664,2.06,1.50
2017.12.14 21:09:08.961,1.71624,1.71664,1.31,1.00
2017.12.14 21:09:11.266,1.71624,1.71663,2.06,1.00
2017.12.14 21:09:11.317,1.71624,1.71664,1.31,1.00
2017.12.14 21:09:12.884,1.71624,1.71663,2.06,1.00
2017.12.14 21:09:13.580,1.71624,1.71664,1.31,1.00
2017.12.14 21:09:14.128,1.71624,1.71663,2.06,1.00
2017.12.14 21:09:15.488,1.71624,1.71664,1.31,1.00
2017.12.14 21:09:16.122,1.71624,1.71664,1.56,1.00
2017.12.14 21:09:16.882,1.71624,1.71663,2.06,1.00
2017.12.14 21:09:17.192,1.71624,1.71661,1.37,1.00
2017.12.14 21:09:17.293,1.7162,1.71658,2.06,1.00
2017.12.14 21:09:17.446,1.71619,1.71655,1.56,1.00
2017.12.14 21:09:17.548,1.71619,1.71658,1.75,1.00
2017.12.14 21:09:18.204,1.71619,1.71659,1.75,1.50
2017.12.14 21:09:18.530,1.71619,1.71659,2.25,1.50
2017.12.14 21:09:18.624,1.71619,1.71658,1.75,1.00
2017.12.14 21:09:19.190,1.71619,1.71659,1.75,1.50
2017.12.14 21:09:19.955,1.71619,1.71659,1.75,1.50
2017.12.14 21:09:21.405,1.71619,1.71658,1.88,1.00
2017.12.14 21:09:21.714,1.71623,1.71663,2.25,2.25
2017.12.14 21:09:21.765,1.71623,1.71661,1.31,1.00
2017.12.14 21:09:22.206,1.71622,1.71661,1.56,1.00
2017.12.14 21:09:22.385,1.71622,1.71661,1.56,1.00
2017.12.14 21:09:22.700,1.71622,1.71661,1.81,1.00
2017.12.14 21:09:22.848,1.71622,1.71661,2.25,1.00
2017.12.14 21:09:22.899,1.71622,1.71663,1.75,1.00
2017.12.14 21:09:23.922,1.71622,1.71664,1.75,1.50
2017.12.14 21:09:24.252,1.71622,1.71653,1.00,1.00
2017.12.14 21:09:24.304,1.7162,1.71653,1.00,1.25
2017.12.14 21:09:24.355,1.71614,1.71652,1.44,1.00
2017.12.14 21:09:24.485,1.71616,1.71656,1.00,1.00
2017.12.14 21:09:24.537,1.71612,1.7165,1.37,1.00
2017.12.14 21:09:24.689,1.71612,1.7165,1.00,1.00
2017.12.14 21:09:25.245,1.71611,1.71651,1.50,1.00
2017.12.14 21:09:26.520,1.71614,1.71647,1.00,1.00
2017.12.14 21:09:26.571,1.71609,1.71646,1.44,1.00
2017.12.14 21:09:26.716,1.71608,1.71645,1.00,1.44
2017.12.14 21:09:26.818,1.71606,1.71646,1.81,1.69
2017.12.14 21:09:27.410,1.71606,1.71646,1.50,3.00
2017.12.14 21:09:29.966,1.71607,1.71645,1.00,1.00
2017.12.14 21:09:32.338,1.71606,1.71646,1.50,3.38
2017.12.14 21:09:32.389,1.71603,1.71642,1.50,1.00
2017.12.14 21:09:32.897,1.71605,1.71643,1.00,1.50
2017.12.14 21:09:33.231,1.71604,1.71641,1.75,1.00
2017.12.14 21:09:33.891,1.71603,1.71642,1.75,1.00
2017.12.14 21:09:34.263,1.71603,1.7164,1.25,1.00
2017.12.14 21:09:34.550,1.71599,1.71638,1.31,1.00
2017.12.14 21:09:35.153,1.71599,1.71638,1.50,1.50
2017.12.14 21:09:37.231,1.71599,1.71637,1.00,1.38
2017.12.14 21:09:37.333,1.71595,1.71633,1.50,1.38
2017.12.14 21:09:37.385,1.71595,1.71631,1.00,1.38
2017.12.14 21:09:37.487,1.7159,1.71628,1.25,1.38
2017.12.14 21:09:37.690,1.71589,1.71625,1.00,1.38
2017.12.14 21:09:38.104,1.71587,1.71622,1.88,1.25
2017.12.14 21:09:38.606,1.71586,1.71626,1.00,2.63
2017.12.14 21:09:40.679,1.71586,1.71624,1.00,1.38
2017.12.14 21:09:41.248,1.71587,1.71623,1.00,1.38
2017.12.14 21:09:41.580,1.71587,1.71625,1.00,1.88
2017.12.14 21:09:41.783,1.71584,1.71621,1.50,1.38
2017.12.14 21:09:42.088,1.7158,1.71617,1.00,1.38
2017.12.14 21:09:42.813,1.7158,1.71616,1.00,1.38
2017.12.14 21:09:44.514,1.71582,1.71617,1.00,1.38
2017.12.14 21:09:44.762,1.71582,1.71618,1.00,1.38
2017.12.14 21:09:45.340,1.71587,1.71621,1.00,1.00
2017.12.14 21:09:45.493,1.71587,1.71627,1.50,1.44
2017.12.14 21:09:45.646,1.71587,1.71625,2.25,1.38
2017.12.14 21:09:45.748,1.71583,1.71623,1.00,1.38
2017.12.14 21:09:45.801,1.71586,1.71616,1.00,1.38
2017.12.14 21:09:45.854,1.71582,1.71619,1.00,1.38
2017.12.14 21:09:45.906,1.71584,1.71618,1.00,1.44
2017.12.14 21:09:46.093,1.71579,1.71615,1.00,1.00
2017.12.14 21:09:46.346,1.7158,1.71615,1.00,1.38
2017.12.14 21:09:46.623,1.7158,1.71618,1.00,1.88
2017.12.14 21:09:46.804,1.7158,1.71618,1.00,1.69
2017.12.14 21:09:47.369,1.71579,1.71618,1.50,1.00
2017.12.14 21:09:48.290,1.71579,1.71618,1.50,1.38
2017.12.14 21:09:49.272,1.7158,1.71618,1.00,1.88
2017.12.14 21:09:49.774,1.71579,1.71618,1.50,1.44
2017.12.14 21:09:50.320,1.7158,1.71618,1.00,1.88
2017.12.14 21:09:50.966,1.71583,1.71617,1.00,1.38
2017.12.14 21:09:51.665,1.71584,1.71616,1.00,1.38
2017.12.14 21:09:52.618,1.71581,1.71617,1.00,1.38
2017.12.14 21:09:52.842,1.71581,1.7162,1.00,1.38
2017.12.14 21:09:52.893,1.71583,1.7162,1.00,1.88
2017.12.14 21:09:53.467,1.71581,1.7162,1.00,1.25
2017.12.14 21:09:53.722,1.71582,1.71619,1.38,1.00
2017.12.14 21:09:54.248,1.71582,1.7162,1.38,1.00
2017.12.14 21:09:55.122,1.71584,1.71621,1.13,1.00
2017.12.14 21:09:55.625,1.71584,1.7162,1.13,1.00
2017.12.14 21:09:56.112,1.71586,1.71625,1.00,1.88
2017.12.14 21:09:56.617,1.71586,1.71622,1.00,1.25
2017.12.14 21:09:56.731,1.7158,1.71616,1.00,1.00
2017.12.14 21:09:56.863,1.71578,1.71616,1.69,1.00
2017.12.14 21:09:57.141,1.7158,1.71616,1.00,1.00
2017.12.14 21:09:57.603,1.71578,1.71613,1.00,1.38
2017.12.14 21:09:57.654,1.71574,1.71613,1.87,1.88
2017.12.14 21:09:57.756,1.71574,1.71613,1.12,1.00
2017.12.14 21:09:57.807,1.71578,1.71614,1.00,1.00
2017.12.14 21:09:57.909,1.71581,1.71619,1.00,1.44
2017.12.14 21:09:58.595,1.71582,1.71619,1.00,1.50
2017.12.14 21:10:00.123,1.71581,1.71619,1.00,1.00
2017.12.14 21:10:00.174,1.71579,1.71617,1.00,1.00
2017.12.14 21:10:01.107,1.71576,1.71615,1.00,1.50
2017.12.14 21:10:01.285,1.71581,1.71615,1.38,1.00
2017.12.14 21:10:01.336,1.71585,1.71617,1.50,1.00
2017.12.14 21:10:01.388,1.71585,1.71622,1.00,1.25
2017.12.14 21:10:01.492,1.71578,1.71616,1.00,1.00
2017.12.14 21:10:01.932,1.71577,1.71615,1.50,1.38
2017.12.14 21:10:01.984,1.71573,1.71612,1.50,1.00
2017.12.14 21:10:02.086,1.71575,1.71612,1.00,1.00
2017.12.14 21:10:02.696,1.71575,1.71613,1.50,1.00
2017.12.14 21:10:03.227,1.71576,1.71614,1.00,1.00
2017.12.14 21:10:03.553,1.71574,1.71611,1.00,1.00
2017.12.14 21:10:04.217,1.71573,1.71612,1.00,1.00
2017.12.14 21:10:04.600,1.71591,1.71626,1.00,1.19
2017.12.14 21:10:05.419,1.71592,1.71625,1.00,1.19
2017.12.14 21:10:07.507,1.71589,1.71625,1.00,1.19
2017.12.14 21:10:10.866,1.71587,1.71622,1.00,1.19
2017.12.14 21:10:10.917,1.71585,1.71621,1.00,1.00
2017.12.14 21:10:12.726,1.71586,1.71621,1.00,1.00
2017.12.14 21:10:13.231,1.71585,1.71621,1.00,1.00
2017.12.14 21:10:16.075,1.71586,1.71621,1.00,1.00
2017.12.14 21:10:16.637,1.71585,1.71621,1.00,1.00
2017.12.14 21:10:16.738,1.71586,1.71624,1.00,1.69
2017.12.14 21:10:18.759,1.71586,1.71624,1.50,3.19
2017.12.14 21:10:21.500,1.71586,1.71623,1.00,1.19
2017.12.14 21:10:21.551,1.71586,1.71624,1.00,2.44
2017.12.14 21:10:22.092,1.71586,1.71623,1.00,1.19
2017.12.14 21:10:22.247,1.71587,1.71622,1.00,1.19
2017.12.14 21:10:23.168,1.71585,1.71619,1.00,1.19
2017.12.14 21:10:23.270,1.71583,1.71616,1.00,1.00
2017.12.14 21:10:23.321,1.71581,1.71616,1.00,1.00
2017.12.14 21:10:23.549,1.71582,1.71619,1.00,1.69
2017.12.14 21:10:24.313,1.71583,1.71618,1.00,1.00
2017.12.14 21:10:26.571,1.71582,1.71619,1.00,1.50
2017.12.14 21:10:29.563,1.71583,1.71618,1.00,1.00
2017.12.14 21:10:30.154,1.71582,1.71619,1.00,1.00
2017.12.14 21:10:30.918,1.71582,1.71619,2.44,1.50
2017.12.14 21:10:31.020,1.71587,1.71624,1.50,1.69
2017.12.14 21:10:31.291,1.71591,1.71624,1.00,1.19
2017.12.14 21:10:31.393,1.71587,1.71624,1.00,1.25
2017.12.14 21:10:32.118,1.71587,1.71624,1.00,1.19
2017.12.14 21:10:33.508,1.71584,1.71619,1.19,1.00
2017.12.14 21:10:33.675,1.71582,1.71619,1.19,1.00
2017.12.14 21:10:33.776,1.71583,1.71619,1.19,1.00
2017.12.14 21:10:33.949,1.71582,1.71619,1.25,1.00
2017.12.14 21:10:36.319,1.71585,1.7162,1.00,1.00
2017.12.14 21:10:36.370,1.71582,1.71619,1.25,1.00
2017.12.14 21:10:36.572,1.71582,1.71619,1.19,1.00
2017.12.14 21:10:37.003,1.71579,1.71615,1.19,1.00
2017.12.14 21:10:37.846,1.71579,1.71615,1.19,1.00
2017.12.14 21:10:38.317,1.71578,1.71615,1.00,1.69
2017.12.14 21:10:38.368,1.71575,1.71609,1.50,1.00
2017.12.14 21:10:38.673,1.71579,1.71613,1.00,1.00
2017.12.14 21:10:39.514,1.71578,1.71614,1.00,1.50
2017.12.14 21:10:39.858,1.71578,1.71611,1.00,1.00
2017.12.14 21:10:40.660,1.71593,1.71614,1.00,1.00
2017.12.14 21:10:40.823,1.71648,1.71677,1.00,1.00
2017.12.14 21:10:40.875,1.71648,1.71663,1.50,1.00
2017.12.14 21:10:41.006,1.71643,1.7168,1.00,1.50
2017.12.14 21:10:41.057,1.71648,1.71681,1.00,1.00
2017.12.14 21:10:41.159,1.71652,1.71686,1.00,1.00
2017.12.14 21:10:41.210,1.71651,1.71688,1.69,1.00
2017.12.14 21:10:41.312,1.71651,1.71692,1.88,1.00
2017.12.14 21:10:41.566,1.71655,1.71697,1.00,1.00
2017.12.14 21:10:41.786,1.71655,1.7169,1.00,1.00
2017.12.14 21:10:42.313,1.71654,1.71691,1.44,1.00
2017.12.14 21:10:44.485,1.71651,1.71689,1.44,1.00
2017.12.14 21:10:44.980,1.7165,1.71686,1.38,1.00
2017.12.14 21:10:45.507,1.71649,1.71685,1.69,1.00
2017.12.14 21:10:45.609,1.71649,1.71686,1.25,1.50
2017.12.14 21:10:46.052,1.71649,1.71683,1.00,1.00
2017.12.14 21:10:46.284,1.71644,1.71683,1.25,1.00
2017.12.14 21:10:46.795,1.71644,1.71683,1.44,1.00
2017.12.14 21:10:48.817,1.7165,1.71685,1.19,1.00
2017.12.14 21:10:48.919,1.71647,1.71686,1.44,1.50
2017.12.14 21:10:49.021,1.71655,1.71688,1.88,1.00
2017.12.14 21:10:49.123,1.71658,1.71694,1.38,1.00
2017.12.14 21:10:49.174,1.71658,1.71698,1.19,1.00
2017.12.14 21:10:49.225,1.71663,1.71698,1.38,1.50
2017.12.14 21:10:49.327,1.71666,1.71704,1.00,1.00
2017.12.14 21:10:49.378,1.71668,1.71705,1.00,1.50
2017.12.14 21:10:49.429,1.71666,1.71705,1.00,1.00
2017.12.14 21:10:49.480,1.71668,1.71709,1.00,1.69
2017.12.14 21:10:50.172,1.71667,1.71709,1.25,1.00
2017.12.14 21:10:50.934,1.71669,1.71709,1.00,1.00
2017.12.14 21:10:51.256,1.71694,1.71711,1.19,1.00
2017.12.14 21:10:51.307,1.71696,1.71713,1.00,1.00
2017.12.14 21:10:51.359,1.71707,1.71715,1.00,1.00
2017.12.14 21:10:51.410,1.71722,1.71736,1.00,1.00
2017.12.14 21:10:51.461,1.71719,1.71745,1.00,1.37
2017.12.14 21:10:51.512,1.7172,1.71761,1.00,1.37
2017.12.14 21:10:51.615,1.71721,1.71762,1.16,1.00
2017.12.14 21:10:51.666,1.71721,1.71765,1.16,1.00
2017.12.14 21:10:51.717,1.71721,1.71762,1.16,1.00
2017.12.14 21:10:51.934,1.71719,1.71761,1.00,1.00
2017.12.14 21:10:51.985,1.71717,1.71759,1.66,1.38
2017.12.14 21:10:52.189,1.71718,1.71761,1.35,2.44
2017.12.14 21:10:52.584,1.7172,1.7176,1.16,1.00
2017.12.14 21:10:53.146,1.71719,1.71761,1.16,1.50
2017.12.14 21:10:53.665,1.71719,1.71761,1.35,1.50
2017.12.14 21:10:53.767,1.71718,1.71759,1.41,1.00
2017.12.14 21:10:53.920,1.71718,1.7176,1.85,1.44
2017.12.14 21:10:54.224,1.7172,1.7176,1.35,1.00
2017.12.14 21:10:54.808,1.7172,1.7176,1.16,1.00
2017.12.14 21:10:55.424,1.71719,1.71761,1.16,1.50
2017.12.14 21:10:56.026,1.71719,1.71761,1.35,1.50
2017.12.14 21:10:56.365,1.71721,1.71761,1.35,1.50
2017.12.14 21:10:56.467,1.71718,1.71761,1.66,2.25
2017.12.14 21:10:56.569,1.71716,1.71756,1.35,1.00
2017.12.14 21:10:56.620,1.71717,1.7176,1.85,1.00
2017.12.14 21:10:56.772,1.71717,1.71757,1.16,1.00
2017.12.14 21:10:56.824,1.71717,1.7176,2.60,1.50
2017.12.14 21:10:56.875,1.71717,1.71757,1.35,1.00
2017.12.14 21:10:57.179,1.7172,1.7176,1.35,2.25
2017.12.14 21:10:57.361,1.71721,1.71762,1.41,1.50
2017.12.14 21:10:57.513,1.71721,1.7176,1.25,1.00
2017.12.14 21:10:58.547,1.71721,1.71759,1.00,1.00
2017.12.14 21:10:58.856,1.7171,1.7175,1.87,1.38
2017.12.14 21:10:58.907,1.7171,1.71751,1.00,1.69
2017.12.14 21:10:59.262,1.71711,1.71753,1.00,1.50
2017.12.14 21:10:59.313,1.71713,1.71753,1.00,1.50
2017.12.14 21:10:59.364,1.71718,1.71759,1.00,1.00
2017.12.14 21:10:59.416,1.71721,1.71759,1.00,1.00
2017.12.14 21:10:59.816,1.71721,1.71761,1.00,1.00
2017.12.14 21:11:00.142,1.7172,1.71757,1.00,1.00
2017.12.14 21:11:00.808,1.7172,1.71756,1.00,1.00
2017.12.14 21:11:01.326,1.7172,1.71757,1.00,1.00
2017.12.14 21:11:01.670,1.71725,1.71764,1.35,1.50
2017.12.14 21:11:01.721,1.71724,1.71764,1.85,1.00
2017.12.14 21:11:01.873,1.71725,1.71764,1.35,1.00
2017.12.14 21:11:02.454,1.71734,1.71765,1.22,1.00
2017.12.14 21:11:02.607,1.71785,1.7182,1.00,1.00
2017.12.14 21:11:02.659,1.71792,1.71825,1.00,1.37
2017.12.14 21:11:02.944,1.71807,1.71841,1.00,1.00
2017.12.14 21:11:02.995,1.71804,1.71841,1.50,1.00
2017.12.14 21:11:03.046,1.71804,1.71846,1.00,1.69
2017.12.14 21:11:03.148,1.71805,1.71848,1.00,1.00
2017.12.14 21:11:03.199,1.71814,1.71852,1.00,1.37
2017.12.14 21:11:03.618,1.71814,1.71856,1.50,1.17
2017.12.14 21:11:03.669,1.71818,1.71854,1.00,1.22
2017.12.14 21:11:03.822,1.71816,1.71853,1.00,1.22
2017.12.14 21:11:03.938,1.71812,1.71854,1.37,1.22
2017.12.14 21:11:04.256,1.7181,1.71853,1.00,1.41
2017.12.14 21:11:04.307,1.71808,1.71851,1.00,1.00
2017.12.14 21:11:04.856,1.71808,1.7185,1.25,1.00
2017.12.14 21:11:05.453,1.71809,1.7185,1.00,1.00
2017.12.14 21:11:05.555,1.71809,1.71851,1.56,1.00
2017.12.14 21:11:05.910,1.71809,1.71854,1.37,1.50
2017.12.14 21:11:06.278,1.71808,1.71851,1.12,1.00
2017.12.14 21:11:07.242,1.71808,1.7185,1.63,1.00
2017.12.14 21:11:07.954,1.71809,1.71851,1.00,1.00
2017.12.14 21:11:08.148,1.71807,1.7185,1.12,1.50
2017.12.14 21:11:08.686,1.71803,1.71849,2.44,1.00
2017.12.14 21:11:08.737,1.71806,1.71851,1.56,1.50
2017.12.14 21:11:09.126,1.71801,1.71844,2.42,1.00
2017.12.14 21:11:09.431,1.71798,1.71842,1.17,1.00
2017.12.14 21:11:09.532,1.71794,1.71838,1.48,1.00
2017.12.14 21:11:09.757,1.71791,1.71835,2.80,1.00
2017.12.14 21:11:10.391,1.7179,1.71835,1.55,1.00
2017.12.14 21:11:10.442,1.71789,1.71832,1.48,1.00
2017.12.14 21:11:10.953,1.71787,1.71832,1.73,1.00
2017.12.14 21:11:11.498,1.71787,1.71831,1.73,1.00
2017.12.14 21:11:11.967,1.71788,1.71827,1.73,1.00
2017.12.14 21:11:12.272,1.71781,1.71826,1.86,1.00
2017.12.14 21:11:12.324,1.71783,1.71829,1.86,1.50
2017.12.14 21:11:12.375,1.71787,1.7183,1.30,1.00
2017.12.14 21:11:12.680,1.7179,1.71834,1.55,1.00
2017.12.14 21:11:12.877,1.71789,1.71835,2.05,1.50
2017.12.14 21:11:13.030,1.71796,1.71839,1.50,1.00
2017.12.14 21:11:13.380,1.71805,1.7185,1.37,1.00
2017.12.14 21:11:13.904,1.71805,1.71851,2.05,3.37
2017.12.14 21:11:15.344,1.71806,1.7185,1.17,1.50
2017.12.14 21:11:15.980,1.71805,1.71851,1.17,2.25
2017.12.14 21:11:16.364,1.71805,1.71846,1.17,1.00
2017.12.14 21:11:17.390,1.71806,1.71846,1.17,1.00
2017.12.14 21:11:18.134,1.71805,1.71849,1.67,1.21
2017.12.14 21:11:18.286,1.71805,1.71847,1.11,1.21
2017.12.14 21:11:18.786,1.71805,1.71851,1.11,1.02
2017.12.14 21:11:18.838,1.71804,1.71849,1.74,1.02
2017.12.14 21:11:18.890,1.71811,1.71853,1.36,1.71
2017.12.14 21:11:18.942,1.71814,1.71854,1.36,1.00
2017.12.14 21:11:19.101,1.71816,1.71859,1.88,2.46
2017.12.14 21:11:19.966,1.71817,1.71858,1.38,1.21
2017.12.14 21:11:20.017,1.71815,1.7185,1.88,1.02
2017.12.14 21:11:20.322,1.71853,1.71885,1.00,1.37
2017.12.14 21:11:20.373,1.71852,1.71886,1.00,1.87
2017.12.14 21:11:20.471,1.71844,1.71885,1.00,1.37
2017.12.14 21:11:20.522,1.71847,1.71886,1.12,1.00
2017.12.14 21:11:20.573,1.71852,1.71887,1.12,1.00
2017.12.14 21:11:20.828,1.71846,1.71882,1.00,1.00
2017.12.14 21:11:20.880,1.71844,1.71883,1.00,1.00
2017.12.14 21:11:20.931,1.71841,1.71879,1.87,1.00
2017.12.14 21:11:21.236,1.71836,1.71877,1.75,1.00
2017.12.14 21:11:21.498,1.71833,1.71873,1.75,1.25
2017.12.14 21:11:22.039,1.71833,1.71873,1.75,1.69
2017.12.14 21:11:22.191,1.71833,1.71872,1.38,1.69
2017.12.14 21:11:22.293,1.71836,1.71876,1.38,1.00
2017.12.14 21:11:22.395,1.71836,1.71879,1.38,1.69
2017.12.14 21:11:22.498,1.71835,1.71876,1.19,1.00
2017.12.14 21:11:22.550,1.71836,1.71879,1.00,1.38
2017.12.14 21:11:22.651,1.71835,1.71877,1.00,1.88
2017.12.14 21:11:22.975,1.71837,1.71876,1.00,1.38
2017.12.14 21:11:23.076,1.71833,1.71877,1.50,1.88
2017.12.14 21:11:23.229,1.71833,1.71876,1.69,1.19
2017.12.14 21:11:23.701,1.71834,1.71876,1.00,1.45
2017.12.14 21:11:24.159,1.71838,1.71881,1.00,1.07
2017.12.14 21:11:24.544,1.71839,1.7188,1.50,1.07
2017.12.14 21:11:25.097,1.71838,1.71881,1.81,1.07
2017.12.14 21:11:25.756,1.71839,1.7188,1.81,1.07
2017.12.14 21:11:26.275,1.71838,1.71881,1.56,1.07
2017.12.14 21:11:26.326,1.71848,1.71888,1.38,1.12
2017.12.14 21:11:26.377,1.71851,1.7189,1.38,1.37
2017.12.14 21:11:26.428,1.7185,1.71892,1.38,1.31
2017.12.14 21:11:26.540,1.71851,1.71892,1.38,1.12
2017.12.14 21:11:27.167,1.71849,1.71887,1.50,1.00
2017.12.14 21:11:27.472,1.71852,1.71891,1.38,1.00
2017.12.14 21:11:27.523,1.71856,1.71895,1.00,1.00
2017.12.14 21:11:27.574,1.71858,1.71898,1.00,1.00
2017.12.14 21:11:27.625,1.71862,1.719,1.00,1.00
2017.12.14 21:11:27.940,1.71865,1.71905,1.50,1.38
2017.12.14 21:11:28.147,1.71867,1.71907,1.00,1.25
2017.12.14 21:11:28.249,1.71872,1.71906,1.00,1.00
2017.12.14 21:11:28.351,1.71897,1.71937,1.00,1.21
2017.12.14 21:11:28.504,1.71901,1.7194,1.00,1.13
2017.12.14 21:11:28.606,1.71895,1.71934,1.50,1.00
2017.12.14 21:11:29.177,1.71894,1.71935,1.00,1.17
2017.12.14 21:11:29.385,1.71895,1.71934,1.00,1.13
2017.12.14 21:11:29.923,1.71895,1.71934,1.00,1.63
2017.12.14 21:11:30.076,1.71893,1.71932,1.00,1.00
2017.12.14 21:11:30.128,1.71892,1.71926,1.00,1.31
2017.12.14 21:11:30.179,1.71887,1.71921,1.00,1.00
2017.12.14 21:11:30.281,1.71882,1.7192,1.62,1.00
2017.12.14 21:11:30.848,1.71881,1.71921,2.06,1.50
2017.12.14 21:11:30.900,1.7188,1.71919,1.50,1.06
2017.12.14 21:11:30.951,1.71883,1.71921,1.00,1.13
2017.12.14 21:11:31.207,1.71901,1.71941,1.00,1.31
2017.12.14 21:11:31.715,1.71904,1.71944,1.00,1.13
2017.12.14 21:11:32.255,1.71903,1.71942,1.00,1.31
2017.12.14 21:11:32.457,1.71901,1.71941,1.00,1.81
2017.12.14 21:11:32.509,1.71897,1.71932,1.00,1.50
2017.12.14 21:11:32.560,1.71894,1.71932,1.00,1.00
2017.12.14 21:11:32.661,1.71891,1.71933,1.00,1.81
2017.12.14 21:11:32.864,1.71891,1.71932,1.00,1.31
2017.12.14 21:11:32.917,1.71889,1.71928,1.50,1.16
2017.12.14 21:11:33.019,1.71891,1.71931,1.00,1.00
2017.12.14 21:11:33.070,1.71904,1.71933,1.00,1.00
2017.12.14 21:11:33.122,1.71909,1.71945,1.00,1.12
2017.12.14 21:11:33.325,1.71909,1.71943,1.50,1.12
2017.12.14 21:11:33.376,1.71904,1.71937,1.00,1.00
2017.12.14 21:11:33.427,1.71899,1.71937,1.00,1.00
2017.12.14 21:11:33.479,1.71895,1.71933,1.00,1.00
2017.12.14 21:11:33.631,1.71898,1.71937,1.00,1.50
2017.12.14 21:11:33.817,1.71898,1.71939,1.50,1.00
2017.12.14 21:11:33.920,1.71907,1.71941,1.00,1.00
2017.12.14 21:11:33.971,1.71907,1.71943,1.00,1.00
2017.12.14 21:11:34.023,1.71906,1.71947,1.00,1.25
2017.12.14 21:11:34.125,1.71906,1.71944,1.00,1.00
2017.12.14 21:11:34.569,1.71904,1.71943,1.00,1.00
2017.12.14 21:11:34.671,1.71898,1.71939,1.00,1.00
2017.12.14 21:11:34.722,1.71897,1.71936,1.00,1.00
2017.12.14 21:11:34.773,1.71898,1.71939,1.00,1.00
2017.12.14 21:11:35.593,1.71897,1.71936,1.00,1.00
2017.12.14 21:11:36.507,1.71899,1.71938,1.00,1.00
2017.12.14 21:11:37.356,1.719,1.71938,1.38,1.00
2017.12.14 21:11:37.408,1.71904,1.71942,1.00,1.00
2017.12.14 21:11:37.561,1.71903,1.71944,1.00,1.00
2017.12.14 21:11:37.612,1.71908,1.71946,1.00,1.50
2017.12.14 21:11:37.713,1.71909,1.71949,1.00,2.44
2017.12.14 21:11:37.765,1.7191,1.71948,1.00,1.31
2017.12.14 21:11:38.070,1.71905,1.71944,1.00,1.00
2017.12.14 21:11:38.273,1.71913,1.71946,1.25,1.00
2017.12.14 21:11:38.325,1.71912,1.7195,1.25,1.00
2017.12.14 21:11:38.477,1.7191,1.71947,1.50,1.00
2017.12.14 21:11:38.746,1.71911,1.71951,1.00,1.16
2017.12.14 21:11:38.953,1.7191,1.71948,1.00,1.00
2017.12.14 21:11:39.262,1.71906,1.71945,1.50,1.00
2017.12.14 21:11:40.829,1.71907,1.71944,1.00,1.00
2017.12.14 21:11:41.750,1.71906,1.71945,1.00,1.00
2017.12.14 21:11:41.801,1.71903,1.71942,1.00,1.00
2017.12.14 21:11:42.308,1.71902,1.71942,1.00,1.00
2017.12.14 21:11:42.655,1.71905,1.71943,1.00,1.00
2017.12.14 21:11:43.310,1.71906,1.71944,1.00,1.00
2017.12.14 21:11:43.493,1.71902,1.71942,1.00,1.00
2017.12.14 21:11:46.409,1.71903,1.71941,1.00,1.00
2017.12.14 21:11:47.620,1.71902,1.71942,1.50,1.50
2017.12.14 21:11:47.671,1.71912,1.71942,1.19,1.00
2017.12.14 21:11:47.827,1.71915,1.71953,1.25,1.24
2017.12.14 21:11:47.982,1.71927,1.71957,1.00,1.25
2017.12.14 21:11:48.033,1.71927,1.71964,1.00,1.50
2017.12.14 21:11:48.084,1.71925,1.71963,1.00,1.25
2017.12.14 21:11:48.186,1.71933,1.7197,1.00,1.37
2017.12.14 21:11:48.237,1.71932,1.71968,1.00,1.18
2017.12.14 21:11:48.290,1.71925,1.71961,1.19,1.00
2017.12.14 21:11:48.341,1.71932,1.71965,1.00,1.00
2017.12.14 21:11:48.444,1.71938,1.71974,1.00,1.00
2017.12.14 21:11:48.546,1.71942,1.71974,1.00,1.00
2017.12.14 21:11:48.598,1.71945,1.71982,1.00,2.25
2017.12.14 21:11:48.650,1.71938,1.71978,1.00,1.50
2017.12.14 21:11:48.701,1.71933,1.71972,1.00,1.00
2017.12.14 21:11:49.041,1.71942,1.71971,1.00,1.00
2017.12.14 21:11:49.092,1.7194,1.71974,1.25,1.00
2017.12.14 21:11:49.143,1.71943,1.71979,1.00,1.00
2017.12.14 21:11:49.194,1.71945,1.7198,1.00,1.00
2017.12.14 21:11:49.245,1.71945,1.71984,1.00,1.00
2017.12.14 21:11:49.550,1.71945,1.71984,1.88,1.50
2017.12.14 21:11:49.855,1.71942,1.71963,1.00,1.00
2017.12.14 21:11:49.906,1.71942,1.71965,1.00,1.00
2017.12.14 21:11:49.957,1.71927,1.7196,1.87,1.00
2017.12.14 21:11:50.008,1.71931,1.71969,1.37,1.50
2017.12.14 21:11:50.110,1.71931,1.71963,1.37,1.00
2017.12.14 21:11:50.262,1.7193,1.71966,1.00,1.00
2017.12.14 21:11:50.646,1.71927,1.71965,1.12,1.00
2017.12.14 21:11:50.948,1.71931,1.71968,1.00,1.00
2017.12.14 21:11:51.454,1.71931,1.71969,1.00,1.00
2017.12.14 21:11:52.034,1.71932,1.71966,1.35,1.00
2017.12.14 21:11:52.085,1.71936,1.71971,1.00,1.50
2017.12.14 21:11:52.288,1.71933,1.7197,1.00,1.00
2017.12.14 21:11:52.339,1.71936,1.71971,1.00,1.00
2017.12.14 21:11:52.640,1.71936,1.71971,1.50,1.37
2017.12.14 21:11:52.691,1.71932,1.71968,1.00,1.87
2017.12.14 21:11:52.742,1.7193,1.71966,1.00,1.44
2017.12.14 21:11:53.289,1.71929,1.71965,1.00,1.00
2017.12.14 21:11:53.786,1.71926,1.71963,1.50,1.00
2017.12.14 21:11:54.316,1.71922,1.71959,1.00,1.00
2017.12.14 21:11:54.738,1.71921,1.71955,1.00,1.00
2017.12.14 21:11:54.789,1.71919,1.71955,1.00,1.00
2017.12.14 21:11:54.941,1.71921,1.71956,1.00,1.00
2017.12.14 21:11:55.093,1.71919,1.71955,1.00,1.00
2017.12.14 21:11:55.986,1.7192,1.71954,1.25,1.00
2017.12.14 21:11:56.088,1.71917,1.71953,1.00,1.00
2017.12.14 21:11:56.241,1.7192,1.71954,1.25,1.00
2017.12.14 21:11:56.445,1.71923,1.71959,1.00,1.00
2017.12.14 21:11:56.496,1.71927,1.71959,1.00,1.00
2017.12.14 21:11:57.097,1.71927,1.7196,1.00,1.00
2017.12.14 21:11:57.344,1.71926,1.71962,1.50,1.00
2017.12.14 21:11:57.446,1.71929,1.71963,1.00,1.00
2017.12.14 21:11:58.084,1.71929,1.71964,1.00,1.00
2017.12.14 21:11:59.472,1.71929,1.71965,1.50,1.00
2017.12.14 21:12:00.013,1.7193,1.71965,1.00,1.00
2017.12.14 21:12:00.475,1.71926,1.7196,1.00,1.00
2017.12.14 21:12:01.110,1.71925,1.71957,1.00,1.00
2017.12.14 21:12:01.263,1.71923,1.71957,1.50,1.00
2017.12.14 21:12:01.739,1.71921,1.71957,1.00,1.00
2017.12.14 21:12:01.790,1.7192,1.71947,1.50,1.00
2017.12.14 21:12:01.964,1.71912,1.71948,2.22,1.50
2017.12.14 21:12:04.150,1.71912,1.71948,1.25,1.00
2017.12.14 21:12:04.688,1.71912,1.71948,1.40,1.00
2017.12.14 21:12:04.739,1.71916,1.7195,1.50,1.00
2017.12.14 21:12:05.087,1.71917,1.71949,1.00,1.19
2017.12.14 21:12:05.138,1.71916,1.71951,1.00,1.00
2017.12.14 21:12:05.768,1.71915,1.71944,1.00,1.19
2017.12.14 21:12:05.870,1.7191,1.71946,1.38,1.00
2017.12.14 21:12:06.123,1.71911,1.71945,1.38,1.00
2017.12.14 21:12:06.628,1.71923,1.71947,1.19,1.00
2017.12.14 21:12:06.785,1.71924,1.71957,1.69,1.25
2017.12.14 21:12:06.836,1.71927,1.71961,1.00,1.00
2017.12.14 21:12:06.887,1.71929,1.71965,1.25,2.44
2017.12.14 21:12:07.557,1.71929,1.71965,1.00,1.88
2017.12.14 21:12:08.052,1.71929,1.71964,1.00,1.38
2017.12.14 21:12:08.255,1.71924,1.71959,1.50,1.50
2017.12.14 21:12:09.876,1.71928,1.71962,1.50,1.00
2017.12.14 21:12:10.282,1.71922,1.71949,1.00,1.00
2017.12.14 21:12:10.333,1.71922,1.71951,1.50,1.00
2017.12.14 21:12:10.385,1.7192,1.7195,1.00,1.00
2017.12.14 21:12:10.487,1.71917,1.7195,1.00,1.00
2017.12.14 21:12:11.076,1.71916,1.71951,1.00,1.00
2017.12.14 21:12:11.127,1.71919,1.71952,1.00,1.44
2017.12.14 21:12:11.280,1.71922,1.71958,1.00,1.00
2017.12.14 21:12:11.333,1.71928,1.71958,1.00,1.00
2017.12.14 21:12:11.385,1.71929,1.71961,1.00,1.00
2017.12.14 21:12:11.892,1.71929,1.71962,1.00,1.00
2017.12.14 21:12:12.044,1.71929,1.71962,1.00,1.07
2017.12.14 21:12:12.486,1.71936,1.71969,1.00,1.25
2017.12.14 21:12:12.639,1.71936,1.71971,1.50,1.25
2017.12.14 21:12:13.077,1.71935,1.71968,1.00,1.00
2017.12.14 21:12:13.506,1.71933,1.71969,1.00,1.00
2017.12.14 21:12:13.703,1.71936,1.71969,1.00,1.00
2017.12.14 21:12:13.755,1.71933,1.71969,1.50,1.50
2017.12.14 21:12:13.857,1.71937,1.7197,1.00,1.50
2017.12.14 21:12:14.902,1.71936,1.71971,1.50,1.00
2017.12.14 21:12:15.804,1.71937,1.7197,1.00,1.00
2017.12.14 21:12:16.065,1.71939,1.71973,1.00,1.50
2017.12.14 21:12:16.339,1.71947,1.71974,1.19,1.50
2017.12.14 21:12:16.440,1.71951,1.71984,1.00,1.69
2017.12.14 21:12:16.643,1.71952,1.71984,1.00,1.19
2017.12.14 21:12:16.811,1.71952,1.71983,1.50,1.19
2017.12.14 21:12:16.969,1.71949,1.71982,1.00,1.19
2017.12.14 21:12:17.070,1.71948,1.71983,1.00,1.25
2017.12.14 21:12:17.807,1.71949,1.71982,1.25,1.25
2017.12.14 21:12:19.546,1.71951,1.71984,1.00,1.25
2017.12.14 21:12:19.851,1.71953,1.71985,1.00,1.19
2017.12.14 21:12:20.493,1.71949,1.71984,1.00,1.19
2017.12.14 21:12:20.545,1.71948,1.71981,1.50,1.19
2017.12.14 21:12:20.873,1.71951,1.71985,1.00,1.69
2017.12.14 21:12:21.929,1.71948,1.71984,1.50,1.19
2017.12.14 21:12:22.417,1.71951,1.71986,1.25,1.69
2017.12.14 21:12:22.849,1.71954,1.71988,1.50,1.19
2017.12.14 21:12:23.909,1.71957,1.71991,1.25,1.00
2017.12.14 21:12:23.960,1.71958,1.71991,1.19,1.00
2017.12.14 21:12:24.164,1.71973,1.72006,1.00,1.00
2017.12.14 21:12:24.266,1.71974,1.72008,1.00,1.00
2017.12.14 21:12:24.318,1.71978,1.72012,1.00,1.00
2017.12.14 21:12:24.369,1.71978,1.72014,1.50,1.00
2017.12.14 21:12:24.505,1.71984,1.72019,1.12,1.00
2017.12.14 21:12:24.810,1.71986,1.72022,1.00,2.43
2017.12.14 21:12:25.398,1.71986,1.72022,1.00,2.43
2017.12.14 21:12:25.850,1.71984,1.72019,2.06,1.00
2017.12.14 21:12:26.158,1.71986,1.72022,1.00,2.43
2017.12.14 21:12:26.476,1.71983,1.7202,1.50,1.00
2017.12.14 21:12:26.527,1.71986,1.72022,1.00,2.25
2017.12.14 21:12:26.925,1.71986,1.72017,1.00,1.00
2017.12.14 21:12:27.028,1.71984,1.72017,1.00,1.00
2017.12.14 21:12:27.515,1.71984,1.72019,1.69,1.24
2017.12.14 21:12:27.566,1.71987,1.72022,1.00,1.68
2017.12.14 21:12:27.885,1.71992,1.72027,1.00,1.18
2017.12.14 21:12:28.097,1.71992,1.72029,1.50,1.68
2017.12.14 21:12:28.557,1.71999,1.72033,1.50,1.68
2017.12.14 21:12:28.846,1.71999,1.72036,1.00,1.18
2017.12.14 21:12:29.318,1.72003,1.72039,1.00,1.37
2017.12.14 21:12:29.713,1.72014,1.72046,1.00,1.00
2017.12.14 21:12:29.868,1.7202,1.72058,1.00,1.24
2017.12.14 21:12:29.920,1.72026,1.7206,1.19,1.37
2017.12.14 21:12:29.971,1.72027,1.72063,1.19,1.10
2017.12.14 21:12:30.022,1.7203,1.72064,1.00,1.10
2017.12.14 21:12:30.074,1.72034,1.72068,1.00,1.00
2017.12.14 21:12:30.125,1.72041,1.72073,1.00,1.22
2017.12.14 21:12:30.176,1.72042,1.72072,1.00,1.00
2017.12.14 21:12:30.228,1.72041,1.72077,1.00,1.12
2017.12.14 21:12:30.329,1.72038,1.72076,1.00,1.00
2017.12.14 21:12:30.381,1.72036,1.72075,1.25,1.00
2017.12.14 21:12:30.575,1.72038,1.72078,1.50,1.00
2017.12.14 21:12:30.626,1.72043,1.72079,1.00,1.00
2017.12.14 21:12:30.829,1.72039,1.72078,1.87,1.00
2017.12.14 21:12:30.880,1.72045,1.72082,2.44,1.00
2017.12.14 21:12:30.931,1.72045,1.72084,2.44,1.00
2017.12.14 21:12:31.286,1.72045,1.72083,1.69,1.50
2017.12.14 21:12:31.337,1.72042,1.72075,1.31,1.00
2017.12.14 21:12:32.216,1.72042,1.72079,1.37,1.00
2017.12.14 21:12:32.318,1.72041,1.72079,1.69,1.00
2017.12.14 21:12:32.369,1.72042,1.72079,1.37,1.00
2017.12.14 21:12:32.420,1.72041,1.7208,1.87,1.00
2017.12.14 21:12:32.944,1.72043,1.72079,1.19,1.50
2017.12.14 21:12:33.683,1.72042,1.72079,1.87,1.50
2017.12.14 21:12:33.888,1.72052,1.7209,1.19,1.00
2017.12.14 21:12:33.939,1.72052,1.72088,1.37,1.00
2017.12.14 21:12:33.990,1.72049,1.72088,2.25,1.00
2017.12.14 21:12:34.041,1.72048,1.72088,1.81,1.00
2017.12.14 21:12:34.263,1.72048,1.72088,1.25,1.00
2017.12.14 21:12:35.018,1.72049,1.72088,1.25,1.00
2017.12.14 21:12:35.120,1.72044,1.72082,1.37,1.00
2017.12.14 21:12:35.373,1.72046,1.72084,1.37,1.00
2017.12.14 21:12:36.008,1.72045,1.72084,1.37,1.50
2017.12.14 21:12:36.167,1.72045,1.72077,1.37,1.00
2017.12.14 21:12:36.269,1.72042,1.72076,1.44,1.00
2017.12.14 21:12:36.320,1.72043,1.72076,1.37,1.00
2017.12.14 21:12:36.965,1.72044,1.72076,1.37,1.00
2017.12.14 21:12:37.067,1.72042,1.72077,1.87,1.00
2017.12.14 21:12:37.259,1.7203,1.72065,2.25,1.50
2017.12.14 21:12:37.412,1.72024,1.72061,1.37,1.00
2017.12.14 21:12:37.513,1.72025,1.72064,1.44,1.00
2017.12.14 21:12:37.564,1.72022,1.72061,2.25,1.50
2017.12.14 21:12:37.870,1.71997,1.72028,1.37,1.00
2017.12.14 21:12:38.022,1.7199,1.72027,2.25,1.00
2017.12.14 21:12:38.566,1.7199,1.72028,2.25,1.00
2017.12.14 21:12:38.668,1.71989,1.72017,1.37,1.00
2017.12.14 21:12:38.719,1.71991,1.72016,1.12,1.00
2017.12.14 21:12:39.023,1.71977,1.72017,1.75,1.00
2017.12.14 21:12:39.613,1.71978,1.72016,1.56,1.01
2017.12.14 21:12:39.664,1.71978,1.72016,1.19,1.01
2017.12.14 21:12:39.767,1.7198,1.72017,1.37,1.00
2017.12.14 21:12:40.347,1.7198,1.72016,1.37,1.00
2017.12.14 21:12:40.550,1.71985,1.72021,1.19,1.00
2017.12.14 21:12:40.803,1.71987,1.7202,1.19,1.00
2017.12.14 21:12:40.853,1.71986,1.72022,1.37,1.00
2017.12.14 21:12:41.006,1.71988,1.72022,1.44,1.00
2017.12.14 21:12:41.149,1.71987,1.72024,1.37,1.00
2017.12.14 21:12:41.467,1.71984,1.72016,1.19,1.00
2017.12.14 21:12:41.974,1.71981,1.72016,1.37,1.00
2017.12.14 21:12:42.333,1.7198,1.72016,1.19,1.00
2017.12.14 21:12:42.486,1.71981,1.72016,1.37,1.25
2017.12.14 21:12:42.588,1.71978,1.72016,1.87,1.69
2017.12.14 21:12:42.690,1.71981,1.72016,1.44,1.00
2017.12.14 21:12:43.190,1.71979,1.72016,1.44,1.19
2017.12.14 21:12:44.036,1.71979,1.72015,1.37,1.19
2017.12.14 21:12:44.087,1.71976,1.72014,1.25,1.19
2017.12.14 21:12:44.138,1.71973,1.72008,1.12,1.19
2017.12.14 21:12:44.189,1.71968,1.72007,1.25,1.19
2017.12.14 21:12:44.240,1.71965,1.72004,1.62,1.19
2017.12.14 21:12:44.896,1.71965,1.72003,1.75,1.38
2017.12.14 21:12:45.197,1.71963,1.72003,1.38,1.88
2017.12.14 21:12:46.015,1.71966,1.72001,1.00,1.38
2017.12.14 21:12:46.326,1.71964,1.72001,1.25,1.38
2017.12.14 21:12:46.377,1.7196,1.71999,1.50,1.38
2017.12.14 21:12:46.429,1.71958,1.71999,1.87,1.38
2017.12.14 21:12:46.480,1.71959,1.71997,1.00,1.38
2017.12.14 21:12:46.531,1.71956,1.71997,1.37,1.38
2017.12.14 21:12:46.996,1.71966,1.72001,1.25,1.00
2017.12.14 21:12:47.047,1.71966,1.72007,1.50,1.37
2017.12.14 21:12:47.099,1.71971,1.72008,1.00,1.62
2017.12.14 21:12:47.353,1.71969,1.7201,1.00,1.19
2017.12.14 21:12:47.455,1.71964,1.72005,1.31,1.19
2017.12.14 21:12:47.608,1.71962,1.72005,1.88,1.00
2017.12.14 21:12:47.709,1.71962,1.72005,1.00,1.00
2017.12.14 21:12:47.760,1.71959,1.72005,1.31,1.00
2017.12.14 21:12:47.811,1.71958,1.72001,1.88,1.00
2017.12.14 21:12:47.913,1.71957,1.72001,1.25,1.25
2017.12.14 21:12:48.539,1.71958,1.72,1.13,1.00
2017.12.14 21:12:48.902,1.7196,1.72002,1.25,1.69
2017.12.14 21:12:49.418,1.7196,1.72003,1.50,1.00
2017.12.14 21:12:49.799,1.71962,1.72002,1.00,1.25
2017.12.14 21:12:50.109,1.7196,1.71997,1.00,1.00
2017.12.14 21:12:50.160,1.71958,1.71998,1.00,1.25
2017.12.14 21:12:50.211,1.7196,1.71999,1.00,1.00
2017.12.14 21:12:50.538,1.71963,1.72002,1.00,1.25
2017.12.14 21:12:50.590,1.7196,1.72001,1.50,1.00
2017.12.14 21:12:51.436,1.71961,1.72,1.00,1.13
2017.12.14 21:12:51.487,1.71957,1.71996,1.00,1.00
2017.12.14 21:12:51.837,1.71954,1.71983,1.00,1.38
2017.12.14 21:12:51.888,1.71946,1.71982,1.75,1.38
2017.12.14 21:12:51.939,1.71944,1.71981,1.75,1.44
2017.12.14 21:12:52.041,1.71942,1.71982,1.87,1.50
2017.12.14 21:12:52.307,1.71942,1.71974,1.37,1.44
2017.12.14 21:12:52.563,1.71939,1.71977,1.00,1.88
2017.12.14 21:12:52.665,1.71939,1.71972,1.00,1.38
2017.12.14 21:12:52.716,1.71933,1.71972,2.25,1.38
2017.12.14 21:12:53.294,1.71934,1.71971,1.75,1.38
2017.12.14 21:12:53.396,1.71937,1.71974,1.19,1.88
2017.12.14 21:12:53.499,1.71939,1.71977,1.38,1.19
2017.12.14 21:12:53.551,1.71945,1.71979,1.00,1.50
2017.12.14 21:12:53.755,1.71952,1.71991,1.00,1.88
2017.12.14 21:12:54.199,1.7195,1.71989,1.00,1.44
2017.12.14 21:12:54.251,1.71948,1.71975,1.00,1.38
2017.12.14 21:12:54.302,1.71942,1.71975,1.27,1.38
2017.12.14 21:12:54.403,1.71939,1.71974,1.31,1.88
2017.12.14 21:12:54.454,1.7194,1.71977,1.88,1.00
2017.12.14 21:12:54.505,1.7194,1.71979,1.44,1.25
2017.12.14 21:12:54.860,1.7194,1.71981,1.50,1.50
2017.12.14 21:12:54.961,1.71937,1.71977,3.19,1.50
2017.12.14 21:12:55.436,1.7194,1.71978,1.00,1.38
2017.12.14 21:12:55.857,1.71937,1.71977,1.88,1.44
2017.12.14 21:12:56.193,1.71951,1.71982,1.19,1.00
2017.12.14 21:12:56.295,1.71959,1.7199,1.00,1.00
2017.12.14 21:12:56.346,1.71956,1.71989,1.00,1.00
2017.12.14 21:12:56.398,1.71951,1.71989,1.37,1.00
2017.12.14 21:12:56.500,1.71951,1.71989,1.00,1.00
2017.12.14 21:12:57.064,1.71951,1.71988,1.00,1.44
2017.12.14 21:12:57.277,1.71947,1.71986,1.50,1.00
2017.12.14 21:12:57.536,1.71955,1.71986,1.38,1.00
2017.12.14 21:12:57.587,1.71957,1.71988,1.69,1.00
2017.12.14 21:12:57.638,1.71958,1.71996,1.38,1.63
2017.12.14 21:12:57.824,1.71959,1.71995,1.19,1.25
2017.12.14 21:12:57.926,1.71956,1.7199,1.25,1.00
2017.12.14 21:12:58.028,1.71952,1.7199,1.50,1.50
2017.12.14 21:12:58.079,1.71955,1.71991,1.00,1.00
2017.12.14 21:12:58.589,1.71952,1.7199,1.69,1.00
2017.12.14 21:12:59.277,1.71952,1.7199,1.69,1.50
2017.12.14 21:12:59.603,1.71951,1.71987,1.50,1.00
2017.12.14 21:12:59.904,1.71948,1.71984,1.25,1.00
2017.12.14 21:13:00.479,1.71949,1.71985,1.00,1.88
2017.12.14 21:13:00.632,1.71941,1.7198,1.75,1.00
2017.12.14 21:13:00.683,1.71944,1.71981,1.44,1.00
2017.12.14 21:13:00.785,1.71947,1.71985,1.50,2.62
2017.12.14 21:13:01.051,1.71948,1.71984,1.00,1.38
2017.12.14 21:13:01.587,1.71947,1.71985,1.00,1.88
2017.12.14 21:13:01.731,1.71947,1.71985,1.00,1.69
2017.12.14 21:13:02.477,1.71947,1.71983,1.00,1.00
2017.12.14 21:13:02.528,1.71943,1.71981,1.25,1.00
2017.12.14 21:13:03.501,1.71941,1.71972,1.00,1.38
2017.12.14 21:13:03.755,1.71932,1.71966,1.75,1.88
2017.12.14 21:13:04.160,1.71929,1.71966,1.19,1.25
2017.12.14 21:13:04.211,1.71928,1.71966,1.19,1.69
2017.12.14 21:13:04.263,1.71925,1.71962,1.62,1.00
2017.12.14 21:13:04.772,1.71926,1.71962,1.19,1.00
2017.12.14 21:13:05.947,1.71925,1.71956,1.00,1.00
2017.12.14 21:13:06.049,1.71928,1.71961,1.19,1.25
2017.12.14 21:13:06.201,1.71925,1.71962,1.00,1.00
2017.12.14 21:13:06.347,1.71922,1.71956,1.19,1.00
2017.12.14 21:13:06.869,1.71921,1.71957,1.87,1.69
2017.12.14 21:13:06.920,1.71918,1.71952,2.81,1.00
2017.12.14 21:13:07.123,1.71917,1.71953,2.44,1.50
2017.12.14 21:13:07.652,1.71918,1.71953,1.19,1.00
2017.12.14 21:13:07.703,1.71924,1.71954,1.25,1.00
2017.12.14 21:13:07.754,1.71923,1.71956,1.19,1.00
2017.12.14 21:13:07.806,1.71923,1.71958,1.19,1.50
2017.12.14 21:13:07.860,1.71922,1.71958,1.69,1.50
2017.12.14 21:13:07.911,1.71926,1.71959,1.19,1.00
2017.12.14 21:13:08.063,1.71929,1.71962,1.50,1.00
2017.12.14 21:13:08.150,1.71929,1.71964,1.00,1.00
2017.12.14 21:13:08.201,1.71933,1.71968,1.00,1.00
2017.12.14 21:13:08.685,1.71929,1.71965,1.00,1.50
2017.12.14 21:13:09.162,1.71929,1.71962,1.00,1.00
2017.12.14 21:13:09.365,1.71921,1.71957,1.00,1.00
2017.12.14 21:13:09.416,1.71925,1.71961,1.00,1.00
2017.12.14 21:13:09.919,1.71925,1.71962,1.00,1.50
2017.12.14 21:13:11.213,1.71924,1.71959,1.00,1.00
2017.12.14 21:13:11.770,1.71925,1.71959,1.00,1.00
2017.12.14 21:13:12.165,1.71922,1.71958,1.00,1.00
2017.12.14 21:13:12.716,1.71922,1.71959,1.00,1.50
2017.12.14 21:13:13.488,1.7192,1.71955,1.00,1.00
2017.12.14 21:13:14.091,1.71921,1.71955,1.00,1.00
2017.12.14 21:13:15.138,1.7192,1.71955,1.00,1.00
2017.12.14 21:13:18.702,1.71918,1.71954,1.00,1.00
2017.12.14 21:13:19.777,1.71918,1.71955,1.00,1.50
2017.12.14 21:13:20.177,1.71916,1.71952,1.50,1.00
2017.12.14 21:13:20.279,1.71913,1.7195,1.00,1.00
2017.12.14 21:13:22.391,1.71913,1.71949,1.50,1.00
2017.12.14 21:13:22.442,1.71912,1.71946,1.00,1.00
2017.12.14 21:13:22.544,1.71907,1.71942,1.00,1.00
2017.12.14 21:13:22.938,1.71902,1.71939,1.87,1.50
2017.12.14 21:13:23.866,1.71902,1.71938,1.37,1.00
2017.12.14 21:13:24.381,1.71902,1.71938,1.00,1.00
2017.12.14 21:13:24.580,1.71908,1.71942,1.00,1.00
2017.12.14 21:13:24.924,1.71898,1.71931,1.00,1.38
2017.12.14 21:13:25.077,1.71887,1.71924,1.69,1.50
2017.12.14 21:13:25.471,1.71892,1.71927,1.00,1.50
2017.12.14 21:13:25.980,1.71891,1.71927,1.00,1.00
2017.12.14 21:13:26.609,1.71891,1.71928,1.00,1.00
2017.12.14 21:13:26.971,1.71894,1.71928,1.00,1.00
2017.12.14 21:13:27.568,1.7189,1.71921,1.00,1.38
2017.12.14 21:13:27.619,1.71888,1.71923,1.00,1.38
2017.12.14 21:13:27.670,1.71891,1.71923,1.00,1.38
2017.12.14 21:13:27.823,1.71886,1.71921,1.00,1.88
2017.12.14 21:13:28.026,1.71885,1.71923,1.25,1.00
2017.12.14 21:13:28.148,1.71887,1.71923,1.00,1.00
2017.12.14 21:13:28.454,1.71882,1.7192,2.25,1.38
2017.12.14 21:13:28.621,1.71885,1.71923,1.25,1.00
2017.12.14 21:13:28.673,1.71885,1.71923,1.00,1.88
2017.12.14 21:13:28.977,1.71885,1.7192,1.00,1.38
2017.12.14 21:13:29.642,1.71886,1.7192,1.00,1.38
2017.12.14 21:13:29.694,1.71887,1.71924,1.00,1.38
2017.12.14 21:13:29.813,1.71891,1.71922,1.00,1.44
2017.12.14 21:13:29.864,1.71883,1.7192,1.00,1.38
2017.12.14 21:13:30.068,1.71887,1.71917,1.00,1.00
2017.12.14 21:13:30.119,1.71885,1.71917,1.50,1.44
2017.12.14 21:13:30.221,1.7188,1.71917,1.50,1.88
2017.12.14 21:13:30.693,1.71877,1.71909,1.00,1.00
2017.12.14 21:13:30.744,1.71872,1.7191,2.25,1.25
2017.12.14 21:13:31.416,1.71872,1.7191,1.50,1.38
2017.12.14 21:13:32.057,1.71872,1.7191,1.69,1.38
2017.12.14 21:13:32.362,1.71877,1.71913,1.00,1.38
2017.12.14 21:13:33.046,1.71878,1.71912,1.00,1.38
2017.12.14 21:13:33.299,1.71877,1.71914,1.00,1.38
2017.12.14 21:13:34.241,1.71877,1.71914,1.00,1.38
2017.12.14 21:13:35.214,1.71872,1.71899,1.00,1.38
2017.12.14 21:13:35.317,1.71862,1.71894,1.37,1.00
2017.12.14 21:13:35.469,1.71858,1.71893,1.37,1.19
2017.12.14 21:13:35.673,1.71862,1.71895,1.37,1.00
2017.12.14 21:13:35.724,1.71862,1.71897,1.50,1.00
2017.12.14 21:13:35.775,1.71862,1.71899,1.50,1.00
2017.12.14 21:13:35.826,1.71868,1.71903,1.00,2.44
2017.12.14 21:13:36.261,1.71867,1.71904,1.50,1.50
2017.12.14 21:13:36.311,1.71867,1.71904,1.50,1.88
2017.12.14 21:13:36.744,1.71867,1.71904,1.00,1.00
2017.12.14 21:13:36.896,1.71871,1.71908,1.00,1.88
2017.12.14 21:13:37.565,1.71871,1.71908,1.00,1.50
2017.12.14 21:13:38.673,1.71867,1.71902,1.00,1.00
2017.12.14 21:13:39.230,1.71866,1.71903,1.00,1.00
2017.12.14 21:13:39.558,1.71862,1.71899,1.69,1.50
2017.12.14 21:13:39.914,1.71861,1.71894,1.00,1.00
2017.12.14 21:13:40.222,1.71851,1.71885,1.75,1.50
2017.12.14 21:13:40.527,1.71844,1.71881,1.37,1.00
2017.12.14 21:13:40.578,1.71844,1.71881,1.37,1.00
2017.12.14 21:13:40.781,1.71847,1.71881,1.12,1.50
2017.12.14 21:13:42.628,1.71847,1.7188,1.12,1.00
2017.12.14 21:13:42.881,1.71847,1.71878,1.12,1.00
2017.12.14 21:13:43.034,1.71844,1.71878,1.25,1.00
2017.12.14 21:13:43.560,1.71843,1.71877,1.87,1.00
2017.12.14 21:13:44.002,1.71843,1.71878,1.00,1.00
2017.12.14 21:13:44.539,1.71844,1.71877,1.00,1.00
2017.12.14 21:13:45.077,1.71843,1.71878,1.00,1.00
2017.12.14 21:13:45.581,1.71844,1.71881,1.00,1.00
2017.12.14 21:13:45.683,1.71849,1.71886,1.00,1.44
2017.12.14 21:13:45.785,1.71845,1.71883,1.00,1.13
2017.12.14 21:13:46.248,1.71846,1.71882,1.44,1.25
2017.12.14 21:13:46.814,1.71846,1.71883,1.13,1.50
2017.12.14 21:13:47.275,1.71849,1.71884,1.00,1.00
2017.12.14 21:13:47.579,1.71864,1.7189,1.00,1.00
2017.12.14 21:13:47.681,1.71867,1.71901,1.00,1.12
2017.12.14 21:13:48.263,1.71867,1.71902,1.00,1.12
2017.12.14 21:13:48.835,1.71868,1.71902,1.00,1.12
2017.12.14 21:13:50.610,1.71867,1.71904,1.50,1.37
2017.12.14 21:13:51.319,1.71868,1.71903,1.00,1.37
2017.12.14 21:13:51.844,1.71868,1.71903,1.00,1.00
2017.12.14 21:13:52.098,1.71871,1.71906,1.00,1.00
2017.12.14 21:13:52.459,1.71872,1.71906,1.44,1.00
2017.12.14 21:13:52.562,1.71875,1.71912,1.50,2.25
2017.12.14 21:13:52.826,1.71878,1.71912,1.00,1.00
2017.12.14 21:13:53.158,1.7188,1.71913,1.00,1.00
2017.12.14 21:13:53.376,1.71883,1.71918,1.25,1.50
2017.12.14 21:13:53.478,1.71886,1.71922,1.50,1.50
2017.12.14 21:13:53.530,1.71882,1.71918,2.25,1.00
2017.12.14 21:13:53.834,1.71888,1.71924,1.88,1.00
2017.12.14 21:13:54.667,1.7189,1.71924,1.13,1.00
2017.12.14 21:13:54.769,1.71895,1.7193,1.00,1.00
2017.12.14 21:13:55.022,1.71894,1.71928,1.00,1.44
2017.12.14 21:13:55.073,1.7189,1.71925,1.00,1.25
2017.12.14 21:13:55.124,1.71888,1.71925,3.00,1.38
2017.12.14 21:13:55.475,1.71891,1.71926,1.00,1.38
2017.12.14 21:13:55.841,1.71891,1.71924,1.00,1.38
2017.12.14 21:13:55.965,1.71887,1.71922,1.50,1.44
2017.12.14 21:13:56.017,1.71882,1.71917,1.12,1.25
2017.12.14 21:13:57.135,1.71883,1.71917,1.00,1.25
2017.12.14 21:13:57.671,1.71884,1.71919,1.00,1.38
2017.12.14 21:13:58.148,1.71884,1.71919,1.00,1.00
2017.12.14 21:13:59.317,1.71886,1.7192,1.00,1.00
2017.12.14 21:13:59.368,1.71888,1.71923,1.00,1.00
2017.12.14 21:13:59.572,1.71903,1.71926,1.44,1.00
2017.12.14 21:13:59.673,1.71912,1.71939,1.50,1.00
2017.12.14 21:13:59.753,1.71912,1.71946,1.50,1.00
2017.12.14 21:13:59.839,1.71955,1.71966,1.00,2.39
2017.12.14 21:13:59.890,1.71958,1.71998,1.00,1.12
2017.12.14 21:14:00.093,1.71961,1.71998,1.00,1.00
2017.12.14 21:14:00.145,1.71961,1.72002,1.00,1.00
2017.12.14 21:14:00.297,1.71959,1.72,1.00,1.00
2017.12.14 21:14:00.350,1.71956,1.72,1.00,1.00
2017.12.14 21:14:00.604,1.71961,1.72003,1.00,1.00
2017.12.14 21:14:01.134,1.7196,1.72003,1.50,1.00
2017.12.14 21:14:01.816,1.7196,1.7199,1.00,1.87
2017.12.14 21:14:01.968,1.71951,1.71979,1.00,1.50
2017.12.14 21:14:02.019,1.71943,1.71971,1.12,1.00
2017.12.14 21:14:02.121,1.71929,1.71971,1.87,1.00
2017.12.14 21:14:02.346,1.71932,1.71974,1.37,1.00
2017.12.14 21:14:02.492,1.71932,1.71974,1.00,1.00
2017.12.14 21:14:02.797,1.7193,1.71974,1.00,1.50
2017.12.14 21:14:04.327,1.71931,1.71974,1.00,1.50
2017.12.14 21:14:04.870,1.71933,1.71974,1.00,1.00
2017.12.14 21:14:05.274,1.71931,1.71974,1.00,1.00
2017.12.14 21:14:06.074,1.7193,1.71974,1.50,1.00
2017.12.14 21:14:06.966,1.71931,1.71974,1.00,1.50
2017.12.14 21:14:07.556,1.71937,1.71976,1.19,1.50
2017.12.14 21:14:07.759,1.71949,1.71992,1.00,1.00
2017.12.14 21:14:07.810,1.71947,1.7199,2.25,1.00
2017.12.14 21:14:07.862,1.71948,1.71992,1.00,1.00
2017.12.14 21:14:08.413,1.71948,1.71991,1.00,1.00
2017.12.14 21:14:08.935,1.71948,1.71992,1.00,1.00
2017.12.14 21:14:10.265,1.71947,1.71983,1.50,1.38
2017.12.14 21:14:10.404,1.71942,1.71983,1.50,1.19
2017.12.14 21:14:10.456,1.7194,1.71979,1.00,1.00
2017.12.14 21:14:10.761,1.71925,1.71965,1.37,1.44
2017.12.14 21:14:11.775,1.71921,1.71951,1.37,1.25
2017.12.14 21:14:11.827,1.71911,1.7195,1.37,1.25
2017.12.14 21:14:11.929,1.71908,1.7195,1.87,1.69
2017.12.14 21:14:12.632,1.71907,1.7195,1.87,1.00
2017.12.14 21:14:12.773,1.71908,1.7195,1.00,1.88
2017.12.14 21:14:13.417,1.71907,1.7195,1.87,1.38
2017.12.14 21:14:13.877,1.71907,1.71948,2.62,1.38
2017.12.14 21:14:13.980,1.71905,1.71946,1.31,1.13
2017.12.14 21:14:14.708,1.71905,1.71947,1.00,1.25
2017.12.14 21:14:14.759,1.71905,1.71946,1.44,1.44
2017.12.14 21:14:15.437,1.71906,1.71948,1.00,1.88
2017.12.14 21:14:15.944,1.71906,1.71948,1.00,1.88
2017.12.14 21:14:16.377,1.71907,1.71948,1.44,2.63
2017.12.14 21:14:16.428,1.71906,1.71948,1.25,1.44
2017.12.14 21:14:16.678,1.71905,1.71946,1.00,1.38
2017.12.14 21:14:16.729,1.71903,1.71946,1.50,1.00
2017.12.14 21:14:16.780,1.719,1.71943,1.31,1.25
2017.12.14 21:14:17.326,1.71899,1.71943,1.87,1.13
2017.12.14 21:14:17.637,1.71899,1.71937,2.25,1.00
2017.12.14 21:14:17.789,1.71905,1.71946,1.00,1.44
2017.12.14 21:14:18.296,1.71905,1.71946,1.00,1.00
2017.12.14 21:14:20.765,1.71904,1.71945,1.00,1.00
2017.12.14 21:14:21.383,1.71903,1.71945,1.50,1.00
2017.12.14 21:14:21.892,1.71903,1.71944,1.50,1.00
2017.12.14 21:14:22.393,1.71903,1.71945,1.50,1.38
2017.12.14 21:14:22.908,1.719,1.71936,1.00,1.38
2017.12.14 21:14:22.959,1.71897,1.71934,1.37,1.38
2017.12.14 21:14:23.010,1.71892,1.7193,2.44,1.13
2017.12.14 21:14:23.061,1.71892,1.7193,1.00,1.38
2017.12.14 21:14:23.113,1.71889,1.71927,1.87,1.38
2017.12.14 21:14:23.164,1.71889,1.71926,1.12,1.38
2017.12.14 21:14:23.215,1.71884,1.71927,1.00,1.50
2017.12.14 21:14:23.398,1.71884,1.71926,1.00,1.38
2017.12.14 21:14:23.653,1.71887,1.71929,1.19,1.25
2017.12.14 21:14:23.756,1.71886,1.71929,1.00,1.00
2017.12.14 21:14:24.964,1.71885,1.71929,1.50,1.00
2017.12.14 21:14:25.949,1.71886,1.71926,1.00,1.38
2017.12.14 21:14:26.442,1.71884,1.71924,1.88,1.38
2017.12.14 21:14:26.493,1.71884,1.7192,1.25,1.00
2017.12.14 21:14:26.665,1.71878,1.71916,1.19,1.00
2017.12.14 21:14:26.817,1.71878,1.71918,1.44,1.00
2017.12.14 21:14:27.361,1.71878,1.71919,1.69,1.50
2017.12.14 21:14:29.118,1.71886,1.71918,1.38,1.00
2017.12.14 21:14:29.220,1.71893,1.71928,1.50,1.00
2017.12.14 21:14:29.271,1.71898,1.71936,1.00,1.00
2017.12.14 21:14:29.322,1.719,1.71941,1.19,1.37
2017.12.14 21:14:29.476,1.71903,1.71946,1.00,1.25
2017.12.14 21:14:29.527,1.71903,1.71941,1.00,1.00
2017.12.14 21:14:29.578,1.71903,1.71945,1.50,2.44
2017.12.14 21:14:29.730,1.71901,1.71942,1.00,1.00
2017.12.14 21:14:30.207,1.71903,1.71943,1.00,1.00
2017.12.14 21:14:30.803,1.71904,1.71943,1.00,1.00
2017.12.14 21:14:31.437,1.71903,1.71943,1.38,1.00
2017.12.14 21:14:31.747,1.71905,1.71944,1.38,1.00
2017.12.14 21:14:31.798,1.71908,1.71948,1.19,1.50
2017.12.14 21:14:31.849,1.71908,1.7195,1.19,2.25
2017.12.14 21:14:32.369,1.71907,1.7195,1.38,1.50
2017.12.14 21:14:33.279,1.71906,1.71949,1.88,1.00
2017.12.14 21:14:33.431,1.71906,1.71949,1.69,1.00
2017.12.14 21:14:34.066,1.71906,1.7195,1.00,1.00
2017.12.14 21:14:34.269,1.71906,1.71947,1.00,1.00
2017.12.14 21:14:34.576,1.7192,1.71954,1.19,1.00
2017.12.14 21:14:34.678,1.7192,1.71958,1.19,1.50
2017.12.14 21:14:34.891,1.71921,1.71957,1.19,1.69
2017.12.14 21:14:35.438,1.7192,1.71958,1.19,1.69
2017.12.14 21:14:36.091,1.7192,1.71957,1.19,1.00
2017.12.14 21:14:36.772,1.71919,1.71958,1.19,3.19
2017.12.14 21:14:37.341,1.71919,1.71958,1.19,2.44
2017.12.14 21:14:38.369,1.7192,1.71952,1.19,1.00
2017.12.14 21:14:38.873,1.7192,1.71952,1.19,1.00
2017.12.14 21:14:39.546,1.7192,1.71952,1.19,1.00
2017.12.14 21:14:42.046,1.71919,1.71953,1.19,1.00
2017.12.14 21:14:42.355,1.7192,1.71951,1.19,1.00
2017.12.14 21:14:43.240,1.71919,1.71952,1.19,1.00
2017.12.14 21:14:43.568,1.71913,1.71946,1.19,1.00
2017.12.14 21:14:43.758,1.71911,1.71949,1.31,1.00
2017.12.14 21:14:44.367,1.71912,1.71948,1.31,1.00
2017.12.14 21:14:44.746,1.7191,1.71949,1.37,1.00
2017.12.14 21:14:45.320,1.7191,1.71945,1.62,1.00
2017.12.14 21:14:45.589,1.7191,1.71946,1.00,1.00
2017.12.14 21:14:46.097,1.71909,1.71945,1.19,1.00
2017.12.14 21:14:46.951,1.71909,1.71946,1.19,1.50
2017.12.14 21:14:47.709,1.71917,1.71946,1.25,1.50
2017.12.14 21:14:47.761,1.71917,1.71953,1.25,1.00
2017.12.14 21:14:47.812,1.71917,1.71955,1.25,1.50
2017.12.14 21:14:48.117,1.71916,1.71951,1.19,1.00
2017.12.14 21:14:48.655,1.71913,1.7195,1.19,1.00
2017.12.14 21:14:48.757,1.71911,1.71951,1.19,1.00
2017.12.14 21:14:48.808,1.7191,1.71951,1.69,1.00
2017.12.14 21:14:49.644,1.7191,1.71951,1.00,1.00
2017.12.14 21:14:52.054,1.7191,1.7195,1.50,1.00
2017.12.14 21:14:52.576,1.7191,1.71951,1.00,1.00
2017.12.14 21:14:52.711,1.7191,1.71949,1.00,1.00
2017.12.14 21:14:52.762,1.71907,1.71948,1.25,1.00
2017.12.14 21:14:53.320,1.71907,1.71949,1.25,1.50
2017.12.14 21:14:56.753,1.71907,1.71948,1.00,1.00
2017.12.14 21:14:57.014,1.71906,1.71945,2.06,1.00
2017.12.14 21:14:57.695,1.71906,1.71946,1.50,1.00
2017.12.14 21:14:58.108,1.71905,1.71944,1.62,1.00
2017.12.14 21:14:58.715,1.71905,1.71945,2.06,1.00
2017.12.14 21:14:58.934,1.71908,1.71948,1.00,1.00
2017.12.14 21:14:58.986,1.71906,1.71945,1.50,1.19
2017.12.14 21:14:59.087,1.719,1.7194,1.12,1.25
2017.12.14 21:14:59.291,1.719,1.71939,1.00,1.19
2017.12.14 21:14:59.821,1.71899,1.7194,1.00,1.69
2017.12.14 21:15:00.229,1.71895,1.71936,1.37,1.00
2017.12.14 21:15:00.381,1.71898,1.7194,1.87,3.19
2017.12.14 21:15:00.484,1.71897,1.71936,1.00,1.69
2017.12.14 21:15:00.815,1.71894,1.71927,1.00,1.69
2017.12.14 21:15:00.867,1.71889,1.71925,1.50,1.00
2017.12.14 21:15:00.918,1.71897,1.71932,1.00,1.50
2017.12.14 21:15:01.020,1.71895,1.71935,1.00,1.69
2017.12.14 21:15:01.072,1.71891,1.71932,2.81,1.00
2017.12.14 21:15:01.227,1.71894,1.71933,1.00,1.00
2017.12.14 21:15:01.328,1.71891,1.71932,2.81,1.00
2017.12.14 21:15:02.590,1.71892,1.71931,1.37,1.00
2017.12.14 21:15:02.968,1.71888,1.71927,2.06,1.00
2017.12.14 21:15:03.189,1.7189,1.71929,1.62,1.00
2017.12.14 21:15:04.187,1.7189,1.71929,1.00,1.00
2017.12.14 21:15:04.238,1.71888,1.71927,1.69,1.00
2017.12.14 21:15:04.624,1.71889,1.71929,1.00,1.50
2017.12.14 21:15:05.140,1.71889,1.71928,1.00,1.00
2017.12.14 21:15:05.658,1.71888,1.71927,1.00,1.00
2017.12.14 21:15:06.045,1.71891,1.71931,1.00,1.50
2017.12.14 21:15:06.096,1.71888,1.71927,1.25,1.00
2017.12.14 21:15:06.650,1.71888,1.71926,1.25,1.00
2017.12.14 21:15:07.227,1.71888,1.71927,1.00,1.50
2017.12.14 21:15:07.829,1.71885,1.71917,1.12,1.00
2017.12.14 21:15:07.880,1.7188,1.71918,1.37,1.00
2017.12.14 21:15:08.084,1.71877,1.71912,1.75,1.61
2017.12.14 21:15:08.287,1.71873,1.71909,1.00,1.00
2017.12.14 21:15:08.612,1.71873,1.7191,1.75,1.50
2017.12.14 21:15:08.663,1.7187,1.7191,1.37,1.50
2017.12.14 21:15:09.294,1.7187,1.71909,1.87,1.00
2017.12.14 21:15:09.662,1.71871,1.71909,1.87,1.50
2017.12.14 21:15:09.865,1.7187,1.71909,1.87,1.00
2017.12.14 21:15:10.419,1.7187,1.7191,1.37,1.50
2017.12.14 21:15:10.737,1.71874,1.7191,1.00,1.00
2017.12.14 21:15:10.788,1.71874,1.71914,1.00,1.50
2017.12.14 21:15:12.102,1.71875,1.71913,1.00,1.00
2017.12.14 21:15:17.014,1.71874,1.71914,1.00,1.50
2017.12.14 21:15:17.065,1.71873,1.71911,1.00,1.00
2017.12.14 21:15:17.116,1.71874,1.71914,1.00,1.50
2017.12.14 21:15:18.637,1.71873,1.71912,1.00,1.25
2017.12.14 21:15:18.688,1.71871,1.71911,1.00,1.00
2017.12.14 21:15:20.283,1.7187,1.71908,1.00,1.00
2017.12.14 21:15:21.643,1.71871,1.71911,1.00,1.00
2017.12.14 21:15:22.145,1.71872,1.71911,1.00,1.69
2017.12.14 21:15:22.406,1.71874,1.71911,1.00,1.00
2017.12.14 21:15:22.458,1.71876,1.71914,1.00,1.00
2017.12.14 21:15:22.843,1.71874,1.71914,1.69,1.00
2017.12.14 21:15:23.562,1.71875,1.71913,1.25,1.00
2017.12.14 21:15:23.864,1.71877,1.71914,1.00,1.00
2017.12.14 21:15:24.465,1.71877,1.71915,1.00,1.00
2017.12.14 21:15:25.289,1.71877,1.71916,1.00,1.00
2017.12.14 21:15:25.797,1.71876,1.71917,2.44,1.00
2017.12.14 21:15:26.519,1.71878,1.71917,1.00,1.00
2017.12.14 21:15:26.839,1.71883,1.7192,1.00,1.19
2017.12.14 21:15:27.370,1.71878,1.71918,1.50,1.50
2017.12.14 21:15:28.638,1.71878,1.71915,1.00,1.19
2017.12.14 21:15:30.109,1.71882,1.71914,1.00,1.19
2017.12.14 21:15:30.261,1.71881,1.71916,1.50,1.19
2017.12.14 21:15:30.364,1.71886,1.71918,1.00,1.50
2017.12.14 21:15:30.415,1.71885,1.71924,1.00,1.56
2017.12.14 21:15:31.068,1.71886,1.71924,1.00,1.50
2017.12.14 21:15:31.743,1.71885,1.71924,1.00,1.00
2017.12.14 21:15:35.206,1.71886,1.71924,1.00,1.50
2017.12.14 21:15:36.464,1.71885,1.71924,1.50,1.69
2017.12.14 21:15:37.060,1.71884,1.71922,1.50,1.00
2017.12.14 21:15:39.944,1.71885,1.71922,1.00,1.00
2017.12.14 21:15:40.494,1.71885,1.71921,1.50,1.00
2017.12.14 21:15:41.043,1.71884,1.71922,1.00,1.50
2017.12.14 21:15:43.875,1.71885,1.71921,1.00,1.00
2017.12.14 21:15:44.181,1.71883,1.71919,1.00,1.00
2017.12.14 21:15:48.104,1.71883,1.71917,1.00,1.19
2017.12.14 21:15:48.526,1.71881,1.71914,1.00,1.19
2017.12.14 21:15:49.111,1.7188,1.71915,1.50,1.19
2017.12.14 21:15:49.536,1.71876,1.71913,1.00,1.19
2017.12.14 21:15:52.174,1.71874,1.71909,1.00,1.50
2017.12.14 21:15:52.723,1.71874,1.71908,1.00,1.00
2017.12.14 21:15:53.411,1.71875,1.71908,1.00,1.50
2017.12.14 21:15:54.301,1.71874,1.71908,1.00,1.00
2017.12.14 21:15:55.952,1.71876,1.71908,1.25,1.00
2017.12.14 21:15:56.105,1.71885,1.71918,1.00,1.00
2017.12.14 21:15:57.143,1.71886,1.71918,1.00,1.00
2017.12.14 21:15:57.661,1.71886,1.71919,1.00,1.00
2017.12.14 21:15:58.211,1.71885,1.71919,1.50,1.00
2017.12.14 21:16:00.300,1.71889,1.71919,1.00,1.00
2017.12.14 21:16:00.351,1.71889,1.71921,1.00,1.00
2017.12.14 21:16:01.435,1.71888,1.71921,1.00,1.00
2017.12.14 21:16:01.639,1.71891,1.71924,1.00,1.00
2017.12.14 21:16:02.173,1.7189,1.71924,1.00,1.69
2017.12.14 21:16:03.451,1.7189,1.71922,1.00,1.19
2017.12.14 21:16:04.115,1.71889,1.71921,1.00,1.19
2017.12.14 21:16:04.535,1.7187,1.71898,1.37,1.50
2017.12.14 21:16:04.637,1.7187,1.71897,1.37,1.38
2017.12.14 21:16:04.688,1.71868,1.71899,1.00,1.38
2017.12.14 21:16:05.195,1.71866,1.71897,1.00,1.38
2017.12.14 21:16:05.710,1.71867,1.71896,1.00,1.38
2017.12.14 21:16:06.731,1.71865,1.71896,1.00,1.38
2017.12.14 21:16:07.276,1.71864,1.71896,1.50,1.38
2017.12.14 21:16:08.035,1.71865,1.71895,1.00,1.38
2017.12.14 21:16:09.351,1.7186,1.71894,1.00,1.00
2017.12.14 21:16:09.453,1.71859,1.71895,1.50,1.88
2017.12.14 21:16:10.475,1.71859,1.71895,1.00,1.38
2017.12.14 21:16:10.793,1.71864,1.71895,1.00,1.38
2017.12.14 21:16:11.416,1.71863,1.71895,1.00,1.38
2017.12.14 21:16:12.073,1.71862,1.71896,1.00,1.38
2017.12.14 21:16:12.620,1.71861,1.71895,1.00,1.38
2017.12.14 21:16:14.121,1.71861,1.71896,1.00,1.69
2017.12.14 21:16:14.274,1.71863,1.71899,1.25,1.38
2017.12.14 21:16:14.904,1.71863,1.71899,1.00,1.19
2017.12.14 21:16:15.265,1.71864,1.71898,1.25,1.38
2017.12.14 21:16:15.592,1.71866,1.719,1.00,1.19
2017.12.14 21:16:16.624,1.71863,1.71899,1.25,1.19
2017.12.14 21:16:17.896,1.71864,1.71898,1.00,1.00
2017.12.14 21:16:17.947,1.71868,1.719,1.00,1.19
2017.12.14 21:16:18.495,1.71867,1.71903,1.00,1.38
2017.12.14 21:16:23.345,1.71867,1.71903,1.00,1.38
2017.12.14 21:16:23.649,1.71868,1.71901,1.00,1.38
2017.12.14 21:16:24.156,1.71867,1.719,1.00,1.88
2017.12.14 21:16:24.463,1.71869,1.71901,1.00,1.38
2017.12.14 21:16:29.347,1.71867,1.71901,1.00,1.38
2017.12.14 21:16:30.108,1.7187,1.71901,1.00,1.38
2017.12.14 21:16:31.170,1.7187,1.71904,1.00,1.38
2017.12.14 21:16:31.221,1.71867,1.71903,1.00,1.13
2017.12.14 21:16:31.272,1.71873,1.71905,1.00,1.38
2017.12.14 21:16:31.526,1.71874,1.71907,1.00,1.25
2017.12.14 21:16:32.085,1.71873,1.71908,1.00,1.88
2017.12.14 21:16:32.629,1.71873,1.71908,1.00,1.69
2017.12.14 21:16:32.680,1.71874,1.71907,1.00,1.38
2017.12.14 21:16:32.833,1.71873,1.71908,1.50,2.44
2017.12.14 21:16:33.079,1.71873,1.71908,1.50,2.63
2017.12.14 21:16:33.397,1.71873,1.71908,1.50,2.44
2017.12.14 21:16:33.526,1.71873,1.71908,1.50,2.63
2017.12.14 21:16:33.779,1.71874,1.71907,1.00,1.25
2017.12.14 21:16:34.019,1.71873,1.71908,1.00,1.88
2017.12.14 21:16:34.222,1.71873,1.71908,1.00,1.69
2017.12.14 21:16:34.547,1.71873,1.71908,1.00,1.88
2017.12.14 21:16:35.044,1.71872,1.71906,1.00,1.38
2017.12.14 21:16:35.563,1.71874,1.71907,1.00,1.25
2017.12.14 21:16:41.178,1.71873,1.71907,1.50,1.38
2017.12.14 21:16:41.280,1.71873,1.71908,1.50,2.25
2017.12.14 21:16:41.900,1.71874,1.71906,1.00,1.38
2017.12.14 21:16:41.951,1.71873,1.71908,1.00,1.88
2017.12.14 21:16:42.697,1.71874,1.71907,1.00,1.00
2017.12.14 21:16:46.226,1.71874,1.71906,1.00,1.38
2017.12.14 21:16:46.430,1.71873,1.71908,1.50,1.88
2017.12.14 21:16:47.245,1.71873,1.71908,1.50,1.19
2017.12.14 21:16:47.794,1.71873,1.71908,1.50,1.38
2017.12.14 21:16:48.206,1.71873,1.71908,1.50,1.00
2017.12.14 21:16:48.257,1.71874,1.71907,1.00,1.44
2017.12.14 21:16:48.409,1.71873,1.71908,1.50,1.00
2017.12.14 21:16:49.340,1.71874,1.71908,1.00,1.00
2017.12.14 21:16:51.473,1.71874,1.71907,1.50,1.00
2017.12.14 21:16:52.274,1.71874,1.71908,1.00,1.00
2017.12.14 21:16:53.035,1.71875,1.71911,1.00,1.50
2017.12.14 21:16:53.086,1.71879,1.71913,1.00,1.00
2017.12.14 21:16:53.138,1.71879,1.71915,1.00,1.00
2017.12.14 21:16:53.189,1.71883,1.71917,1.00,1.25
2017.12.14 21:16:53.562,1.71884,1.71915,1.00,1.38
2017.12.14 21:16:53.665,1.71879,1.71915,1.00,1.38
2017.12.14 21:16:53.716,1.71878,1.71908,1.00,1.00
2017.12.14 21:16:53.768,1.71874,1.71908,2.25,1.38
2017.12.14 21:16:53.869,1.71874,1.7191,1.50,1.44
2017.12.14 21:16:55.238,1.71875,1.71909,1.00,1.25
2017.12.14 21:16:55.289,1.71878,1.71911,1.00,1.88
2017.12.14 21:16:55.442,1.71885,1.71919,1.00,2.25
2017.12.14 21:16:55.815,1.71887,1.7192,1.00,2.25
2017.12.14 21:16:56.119,1.71886,1.71915,1.00,1.38
2017.12.14 21:16:56.461,1.71882,1.71916,1.50,1.38
2017.12.14 21:16:56.774,1.71887,1.71915,1.00,1.38
2017.12.14 21:16:56.825,1.71883,1.71916,1.00,1.38
2017.12.14 21:16:58.060,1.71886,1.71916,1.00,1.38
2017.12.14 21:16:58.111,1.71883,1.71915,1.00,1.38
2017.12.14 21:16:58.162,1.71886,1.71915,1.00,1.38
2017.12.14 21:16:58.212,1.71882,1.71916,1.50,1.38
2017.12.14 21:16:58.415,1.71885,1.71916,1.00,1.38
2017.12.14 21:16:58.470,1.71883,1.71915,1.00,1.38
2017.12.14 21:16:58.520,1.71885,1.71916,1.00,1.38
2017.12.14 21:16:58.571,1.71882,1.71916,1.50,1.38
2017.12.14 21:16:58.622,1.71886,1.71915,1.00,1.38
2017.12.14 21:16:58.825,1.71885,1.71919,1.00,1.88
2017.12.14 21:16:58.876,1.71882,1.71918,1.50,1.00
2017.12.14 21:16:58.927,1.71886,1.7192,1.00,1.38
2017.12.14 21:16:59.231,1.71886,1.71917,1.00,1.38
2017.12.14 21:16:59.574,1.7188,1.71907,1.00,1.00
2017.12.14 21:16:59.741,1.71878,1.71908,1.00,1.00
2017.12.14 21:16:59.792,1.71881,1.71915,1.00,1.38
2017.12.14 21:16:59.997,1.71881,1.71916,1.50,1.88
2017.12.14 21:17:00.526,1.71881,1.71915,1.50,1.38
2017.12.14 21:17:02.516,1.7188,1.71914,1.00,1.38
2017.12.14 21:17:03.802,1.71878,1.71914,1.00,2.63
2017.12.14 21:17:04.410,1.71879,1.71913,1.00,1.88
2017.12.14 21:17:07.218,1.71876,1.7191,1.00,1.00
2017.12.14 21:17:07.269,1.71876,1.71907,1.00,1.00
2017.12.14 21:17:07.320,1.71871,1.71907,4.31,1.50
2017.12.14 21:17:08.244,1.71872,1.71906,1.13,1.00
2017.12.14 21:17:08.296,1.71867,1.71903,1.88,1.00
2017.12.14 21:17:08.809,1.71867,1.71903,1.50,1.50
2017.12.14 21:17:13.188,1.7187,1.71905,1.50,1.00
2017.12.14 21:17:13.723,1.7187,1.71906,1.50,1.25
2017.12.14 21:17:14.043,1.71871,1.71905,1.00,1.88
2017.12.14 21:17:14.094,1.71868,1.71902,1.00,1.00
2017.12.14 21:17:15.662,1.71867,1.71903,1.00,1.00
2017.12.14 21:17:15.777,1.71868,1.719,1.00,1.38
2017.12.14 21:17:15.828,1.71866,1.719,1.00,1.44
2017.12.14 21:17:15.929,1.71868,1.71901,1.00,1.38
2017.12.14 21:17:16.411,1.71868,1.71902,1.00,1.44
2017.12.14 21:17:17.094,1.71867,1.71903,1.50,1.88
2017.12.14 21:17:21.540,1.71867,1.71903,1.50,1.50
2017.12.14 21:17:22.662,1.71868,1.719,1.00,1.38
2017.12.14 21:17:22.865,1.71864,1.71898,1.50,1.13
2017.12.14 21:17:23.407,1.71863,1.71899,1.50,1.88
2017.12.14 21:17:24.872,1.71864,1.71898,1.00,1.44
2017.12.14 21:17:25.339,1.71863,1.71893,1.00,1.44
2017.12.14 21:17:25.471,1.7186,1.71893,1.50,1.44
2017.12.14 21:17:25.523,1.71866,1.71899,1.00,1.00
2017.12.14 21:17:26.136,1.71865,1.71899,1.00,1.25
2017.12.14 21:17:26.309,1.71863,1.71899,1.50,1.69
2017.12.14 21:17:27.310,1.71863,1.71898,1.50,1.00
2017.12.14 21:17:29.637,1.71866,1.719,1.00,1.38
2017.12.14 21:17:29.865,1.71866,1.71902,1.00,2.63
2017.12.14 21:17:30.039,1.71866,1.71899,1.50,1.38
2017.12.14 21:17:30.141,1.71863,1.71898,1.00,1.38
2017.12.14 21:17:30.690,1.71862,1.71898,1.50,2.63
2017.12.14 21:17:31.754,1.71862,1.71898,1.00,1.88
2017.12.14 21:17:32.039,1.71862,1.7189,1.00,1.38
2017.12.14 21:17:32.090,1.71859,1.7189,1.00,1.38
2017.12.14 21:17:32.142,1.71855,1.71891,1.50,1.88
2017.12.14 21:17:32.295,1.71859,1.71893,1.00,1.25
2017.12.14 21:17:36.307,1.71859,1.71895,1.00,1.44
2017.12.14 21:17:37.363,1.71859,1.71895,1.50,1.69
2017.12.14 21:17:37.696,1.71856,1.71891,1.50,1.38
2017.12.14 21:17:38.001,1.7187,1.71904,1.00,1.44
2017.12.14 21:17:38.514,1.7187,1.71904,1.00,1.25
2017.12.14 21:17:41.162,1.7187,1.71905,1.00,1.25
2017.12.14 21:17:41.700,1.71871,1.71904,1.00,1.00
2017.12.14 21:17:42.238,1.7187,1.71905,1.00,1.00
2017.12.14 21:17:43.263,1.71883,1.71909,1.00,1.00
2017.12.14 21:17:43.365,1.71883,1.71914,1.00,1.37
2017.12.14 21:17:43.467,1.71883,1.71918,1.00,2.06
2017.12.14 21:17:44.163,1.71884,1.71918,1.00,1.31
2017.12.14 21:17:44.748,1.71883,1.71918,1.00,1.31
2017.12.14 21:17:46.443,1.71882,1.71918,1.00,1.38
2017.12.14 21:17:46.596,1.71875,1.71911,2.25,1.00
2017.12.14 21:17:47.045,1.71875,1.71911,1.88,1.00
2017.12.14 21:17:47.638,1.71879,1.71911,1.19,1.00
2017.12.14 21:17:47.689,1.71876,1.7191,1.44,1.00
2017.12.14 21:17:49.082,1.71876,1.71909,1.00,1.38
2017.12.14 21:17:49.183,1.71872,1.71905,1.00,1.00
2017.12.14 21:17:49.755,1.7187,1.71905,1.44,1.00
2017.12.14 21:17:51.171,1.71873,1.71907,1.00,1.25
2017.12.14 21:17:52.824,1.71871,1.71904,1.00,1.44
2017.12.14 21:17:52.875,1.7187,1.71905,1.50,1.25
2017.12.14 21:17:53.822,1.71871,1.71904,1.00,1.38
2017.12.14 21:17:53.873,1.7187,1.71905,1.00,1.44
2017.12.14 21:17:54.871,1.7187,1.71905,1.00,1.25
2017.12.14 21:17:55.416,1.71871,1.71904,1.00,1.00
2017.12.14 21:17:55.809,1.71869,1.71903,1.50,1.00
2017.12.14 21:17:59.143,1.71869,1.71902,1.50,1.00
2017.12.14 21:17:59.758,1.7187,1.71903,1.63,1.00
2017.12.14 21:18:00.064,1.71894,1.71928,2.81,1.37
2017.12.14 21:18:00.216,1.71893,1.71928,1.31,1.00
2017.12.14 21:18:00.267,1.71894,1.71927,1.00,1.00
2017.12.14 21:18:00.861,1.71893,1.71928,1.00,1.00
2017.12.14 21:18:02.607,1.71893,1.71926,1.00,1.00
2017.12.14 21:18:03.113,1.71892,1.71926,1.00,1.00
2017.12.14 21:18:04.982,1.71892,1.71925,1.00,1.00
2017.12.14 21:18:05.804,1.71893,1.71925,1.00,1.00
2017.12.14 21:18:06.311,1.71892,1.71925,1.00,1.00
2017.12.14 21:18:07.141,1.71893,1.71925,1.00,1.00
2017.12.14 21:18:07.721,1.71893,1.71926,1.00,1.00
2017.12.14 21:18:10.495,1.71895,1.71925,1.19,1.00
2017.12.14 21:18:10.547,1.71897,1.71927,1.00,1.25
2017.12.14 21:18:10.599,1.71893,1.71923,1.00,1.00
2017.12.14 21:18:10.650,1.71891,1.71924,1.25,1.00
2017.12.14 21:18:11.492,1.7189,1.71924,1.69,1.00
2017.12.14 21:18:12.460,1.7189,1.71923,2.44,1.00
2017.12.14 21:18:13.018,1.71889,1.71924,1.00,1.50
2017.12.14 21:18:15.851,1.71889,1.71923,1.00,1.00
2017.12.14 21:18:16.604,1.71889,1.71923,1.00,1.19
2017.12.14 21:18:18.577,1.71889,1.71923,1.00,1.00
2017.12.14 21:18:18.628,1.71892,1.71926,1.00,1.19
2017.12.14 21:18:24.097,1.7189,1.71924,1.00,1.19
2017.12.14 21:18:24.467,1.71892,1.71924,1.00,1.19
2017.12.14 21:18:24.979,1.71892,1.71925,1.00,1.19
2017.12.14 21:18:26.091,1.7189,1.71925,1.00,1.69
2017.12.14 21:18:26.721,1.71894,1.71927,1.00,1.19
2017.12.14 21:18:27.184,1.71899,1.71927,1.00,1.00
2017.12.14 21:18:27.235,1.71901,1.71932,1.00,1.00
2017.12.14 21:18:27.388,1.71897,1.71933,1.87,1.00
2017.12.14 21:18:27.528,1.71908,1.71936,1.00,1.00
2017.12.14 21:18:27.579,1.71908,1.71942,1.00,1.19
2017.12.14 21:18:27.949,1.7191,1.71943,1.00,1.69
2017.12.14 21:18:28.462,1.71907,1.71941,1.50,1.69
2017.12.14 21:18:28.564,1.71904,1.71939,2.25,1.50
2017.12.14 21:18:29.134,1.71903,1.71935,1.00,1.25
2017.12.14 21:18:29.187,1.71901,1.71935,1.00,1.00
2017.12.14 21:18:29.239,1.71901,1.71934,1.69,1.00
2017.12.14 21:18:29.364,1.719,1.71935,1.50,1.00
2017.12.14 21:18:29.878,1.719,1.71935,2.44,1.00
2017.12.14 21:18:31.372,1.71904,1.71939,1.00,1.00
2017.12.14 21:18:31.629,1.71903,1.71936,1.00,1.00
2017.12.14 21:18:33.334,1.71902,1.71936,1.00,1.50
2017.12.14 21:18:34.988,1.71901,1.71936,1.00,1.00
2017.12.14 21:18:36.505,1.719,1.71933,1.00,1.00
2017.12.14 21:18:38.742,1.719,1.71935,2.25,1.69
2017.12.14 21:18:38.794,1.719,1.71933,1.00,1.00
2017.12.14 21:18:39.141,1.71894,1.71926,1.00,1.00
2017.12.14 21:18:40.884,1.71893,1.71926,1.50,1.00
2017.12.14 21:18:41.385,1.71892,1.71925,1.69,1.50
2017.12.14 21:18:41.888,1.71893,1.71925,1.25,1.00
2017.12.14 21:18:42.496,1.71892,1.71924,1.19,1.00
2017.12.14 21:18:43.157,1.71892,1.71925,1.00,1.50
2017.12.14 21:18:44.929,1.71892,1.71924,1.00,1.00
2017.12.14 21:18:45.284,1.71893,1.71926,1.00,1.00
2017.12.14 21:18:45.335,1.71893,1.71924,1.50,1.00
2017.12.14 21:18:45.385,1.71889,1.71925,2.44,2.25
2017.12.14 21:18:45.496,1.71889,1.71922,1.25,1.00
2017.12.14 21:18:45.547,1.71886,1.71922,1.50,1.00
2017.12.14 21:18:45.598,1.71884,1.71919,1.50,1.25
2017.12.14 21:18:45.944,1.71892,1.71925,1.00,1.00
2017.12.14 21:18:46.119,1.71886,1.71922,1.12,1.00
2017.12.14 21:18:46.787,1.71887,1.71921,1.00,1.00
2017.12.14 21:18:48.714,1.71883,1.71917,1.00,1.50
2017.12.14 21:18:48.969,1.71881,1.71917,1.87,1.50
2017.12.14 21:18:49.020,1.71878,1.71911,1.87,1.00
2017.12.14 21:18:49.071,1.71881,1.71917,1.00,1.00
2017.12.14 21:18:49.502,1.7188,1.71913,1.00,1.00
2017.12.14 21:18:49.861,1.71881,1.71909,1.00,1.00
2017.12.14 21:18:49.912,1.71878,1.71909,1.00,1.00
2017.12.14 21:18:50.014,1.71876,1.7191,1.00,1.00
2017.12.14 21:18:50.412,1.71876,1.71911,1.87,1.00
2017.12.14 21:18:50.565,1.71886,1.7192,1.00,1.50
2017.12.14 21:18:51.530,1.71884,1.71919,1.00,1.00
2017.12.14 21:18:51.792,1.71887,1.7192,1.00,1.00
2017.12.14 21:18:52.263,1.71885,1.71918,1.00,1.00
2017.12.14 21:18:53.033,1.71886,1.7192,1.00,1.00
2017.12.14 21:18:54.553,1.71889,1.71925,1.00,1.50
2017.12.14 21:18:54.604,1.71888,1.71922,1.00,1.00
2017.12.14 21:18:55.442,1.71888,1.71922,1.19,1.50
2017.12.14 21:18:55.493,1.71886,1.71922,1.25,1.50
2017.12.14 21:18:57.024,1.71887,1.71921,1.00,1.00
2017.12.14 21:18:59.081,1.71886,1.71922,1.00,1.50
2017.12.14 21:18:59.449,1.71889,1.71925,1.50,2.25
2017.12.14 21:19:01.690,1.7189,1.71924,1.00,1.00
2017.12.14 21:19:02.467,1.71892,1.71926,1.00,1.00
2017.12.14 21:19:03.024,1.71893,1.71927,1.00,1.00
2017.12.14 21:19:04.039,1.71893,1.71926,1.00,1.00
2017.12.14 21:19:04.141,1.71894,1.71929,1.00,1.00
2017.12.14 21:19:06.590,1.71894,1.7193,1.00,1.50
2017.12.14 21:19:06.894,1.71897,1.7193,1.00,1.00
2017.12.14 21:19:06.945,1.71898,1.71932,1.00,1.00
2017.12.14 21:19:06.996,1.719,1.71934,1.00,1.00
2017.12.14 21:19:07.500,1.71904,1.71938,1.00,1.00
2017.12.14 21:19:08.013,1.71901,1.71937,1.50,1.00
2017.12.14 21:19:08.285,1.71918,1.71938,1.00,1.00
2017.12.14 21:19:08.337,1.71923,1.71946,1.00,1.50
2017.12.14 21:19:08.388,1.71925,1.71953,1.00,1.37
2017.12.14 21:19:08.439,1.71921,1.71957,1.50,1.37
2017.12.14 21:19:08.490,1.71925,1.71958,1.00,1.87
2017.12.14 21:19:08.541,1.71921,1.71957,1.50,1.37
2017.12.14 21:19:08.592,1.71926,1.71961,1.69,1.37
2017.12.14 21:19:08.695,1.71929,1.71965,1.00,1.37
2017.12.14 21:19:08.797,1.71928,1.71962,1.00,1.00
2017.12.14 21:19:09.341,1.71928,1.71961,1.00,1.00
2017.12.14 21:19:09.951,1.71929,1.71961,1.00,1.00
2017.12.14 21:19:11.418,1.71925,1.71959,1.00,1.00
2017.12.14 21:19:11.969,1.71921,1.71957,1.50,1.00
2017.12.14 21:19:13.490,1.71922,1.71956,1.00,1.00
2017.12.14 21:19:13.694,1.71921,1.71953,1.00,1.00
2017.12.14 21:19:14.254,1.71921,1.71954,1.00,1.00
2017.12.14 21:19:14.913,1.71921,1.71953,1.25,1.00
2017.12.14 21:19:15.232,1.7192,1.71951,1.19,1.00
2017.12.14 21:19:15.283,1.71915,1.7195,1.25,1.00
2017.12.14 21:19:16.132,1.71927,1.71953,1.50,1.00
2017.12.14 21:19:16.235,1.71933,1.71967,1.69,1.00
2017.12.14 21:19:16.387,1.71934,1.71969,1.00,1.50
2017.12.14 21:19:16.852,1.71932,1.71966,1.19,1.00
2017.12.14 21:19:17.157,1.71928,1.71961,1.69,1.00
2017.12.14 21:19:17.741,1.71928,1.71962,1.00,1.00
2017.12.14 21:19:20.072,1.71928,1.71961,1.50,1.00
2017.12.14 21:19:21.433,1.71928,1.71962,1.00,1.00
2017.12.14 21:19:24.513,1.71928,1.71961,1.50,1.00
2017.12.14 21:19:25.021,1.71925,1.71959,1.50,1.00
2017.12.14 21:19:25.072,1.71931,1.71962,1.00,1.00
2017.12.14 21:19:25.174,1.71936,1.71968,1.00,1.50
2017.12.14 21:19:25.764,1.71935,1.71968,1.00,1.00
2017.12.14 21:19:26.310,1.71934,1.71967,1.00,1.00
2017.12.14 21:19:26.868,1.71933,1.71967,1.00,1.00
2017.12.14 21:19:27.211,1.71931,1.71966,2.25,1.00
2017.12.14 21:19:29.003,1.7193,1.71963,1.00,1.00
2017.12.14 21:19:29.507,1.71929,1.71964,1.25,1.00
2017.12.14 21:19:30.049,1.71929,1.71964,1.19,1.00
2017.12.14 21:19:30.447,1.71927,1.71962,1.00,1.00
2017.12.14 21:19:31.936,1.71927,1.71961,1.50,1.00
2017.12.14 21:19:35.502,1.71926,1.71959,1.50,1.00
2017.12.14 21:19:36.110,1.71927,1.71959,1.00,1.00
2017.12.14 21:19:36.924,1.71924,1.71959,1.00,1.50
2017.12.14 21:19:37.073,1.71923,1.71956,1.69,1.00
2017.12.14 21:19:37.224,1.71924,1.71959,1.00,1.50
2017.12.14 21:19:37.276,1.71923,1.71956,1.00,1.00
2017.12.14 21:19:37.893,1.71924,1.71957,1.00,1.00
2017.12.14 21:19:40.136,1.71923,1.71958,1.50,1.00
2017.12.14 21:19:40.782,1.71926,1.71959,1.00,1.00
2017.12.14 21:19:41.560,1.71926,1.71958,1.00,1.00
2017.12.14 21:19:42.245,1.71926,1.71959,1.00,1.00
2017.12.14 21:19:42.499,1.71941,1.71975,1.50,1.00
2017.12.14 21:19:42.550,1.71943,1.71976,1.00,1.50
2017.12.14 21:19:42.602,1.7194,1.71976,1.00,1.00
2017.12.14 21:19:43.333,1.71941,1.71975,1.00,1.00
2017.12.14 21:19:43.811,1.71936,1.71972,2.25,1.50
2017.12.14 21:19:46.070,1.71937,1.71971,1.00,1.00
2017.12.14 21:19:47.999,1.71937,1.7197,1.00,1.00
2017.12.14 21:19:48.050,1.71931,1.71967,1.00,1.00
2017.12.14 21:19:50.064,1.71934,1.71967,1.00,1.00
2017.12.14 21:19:50.580,1.71934,1.71968,1.00,1.00
2017.12.14 21:19:50.983,1.71932,1.71966,1.00,1.00
2017.12.14 21:19:51.136,1.71928,1.71965,3.19,1.00
2017.12.14 21:19:51.187,1.71936,1.71972,1.00,1.50
2017.12.14 21:19:51.492,1.71933,1.71967,1.00,1.00
2017.12.14 21:19:52.814,1.71934,1.71969,1.00,1.00
2017.12.14 21:19:52.865,1.71934,1.71967,1.00,1.00
2017.12.14 21:19:53.439,1.71933,1.71968,1.00,1.00
2017.12.14 21:19:53.771,1.71939,1.71972,1.00,1.00
2017.12.14 21:19:53.823,1.71935,1.71969,1.00,1.00
2017.12.14 21:19:54.015,1.71937,1.7197,1.00,1.00
2017.12.14 21:19:54.588,1.71937,1.71972,1.00,1.00
2017.12.14 21:19:54.690,1.71939,1.71974,1.00,1.00
2017.12.14 21:19:55.020,1.71937,1.71972,1.00,1.00
2017.12.14 21:19:56.166,1.71935,1.71967,1.00,1.00
2017.12.14 21:19:56.217,1.71931,1.71967,1.50,1.00
2017.12.14 21:19:56.902,1.71932,1.71966,1.00,1.00
2017.12.14 21:19:57.452,1.7193,1.71964,1.00,1.00
2017.12.14 21:19:57.553,1.71926,1.71962,1.00,1.00
2017.12.14 21:19:58.444,1.71925,1.71959,1.50,1.00
2017.12.14 21:19:59.388,1.71925,1.71958,2.25,1.00
2017.12.14 21:19:59.913,1.71926,1.71958,1.00,1.00
2017.12.14 21:20:00.452,1.71925,1.71958,2.25,1.00
2017.12.14 21:20:00.909,1.71921,1.71957,1.00,1.00
2017.12.14 21:20:02.295,1.71922,1.71956,1.75,1.00
2017.12.14 21:20:03.285,1.71925,1.71957,1.00,1.00
2017.12.14 21:20:03.387,1.71929,1.71962,1.00,1.00
2017.12.14 21:20:03.895,1.71929,1.71963,1.00,1.00
2017.12.14 21:20:05.141,1.71929,1.71962,1.00,1.00
2017.12.14 21:20:05.876,1.7193,1.71962,1.00,1.00
2017.12.14 21:20:06.192,1.71932,1.71967,1.00,1.00
2017.12.14 21:20:07.542,1.71933,1.71967,1.19,1.50
2017.12.14 21:20:10.558,1.7194,1.71971,1.00,1.00
2017.12.14 21:20:10.761,1.71948,1.71981,1.00,1.00
2017.12.14 21:20:10.812,1.71949,1.71983,1.00,1.00
2017.12.14 21:20:11.241,1.71947,1.71982,1.00,1.00
2017.12.14 21:20:11.292,1.71942,1.71978,2.25,1.50
2017.12.14 21:20:11.343,1.71941,1.71974,1.50,1.00
2017.12.14 21:20:11.496,1.71944,1.71979,1.00,1.50
2017.12.14 21:20:11.547,1.71944,1.71979,2.25,1.50
2017.12.14 21:20:11.700,1.71952,1.71984,1.00,1.00
2017.12.14 21:20:11.751,1.7195,1.71986,1.00,1.50
2017.12.14 21:20:11.955,1.71948,1.71978,1.00,1.50
2017.12.14 21:20:12.006,1.71943,1.71977,2.06,1.00
2017.12.14 21:20:12.513,1.71946,1.71978,1.00,1.00
2017.12.14 21:20:13.068,1.71945,1.71979,1.00,1.00
2017.12.14 21:20:13.220,1.71945,1.71981,1.50,1.00
2017.12.14 21:20:13.322,1.71948,1.71983,1.00,1.50
2017.12.14 21:20:13.652,1.71944,1.71977,1.37,1.00
2017.12.14 21:20:15.341,1.71944,1.71978,1.37,1.00
2017.12.14 21:20:17.903,1.71945,1.71979,1.37,1.00
2017.12.14 21:20:22.441,1.71947,1.71979,1.37,1.00
2017.12.14 21:20:22.764,1.71946,1.71976,1.12,1.00
2017.12.14 21:20:23.421,1.71941,1.71976,1.87,1.00
2017.12.14 21:20:28.103,1.7194,1.71971,1.12,1.00
2017.12.14 21:20:28.786,1.71936,1.7197,1.37,1.00
2017.12.14 21:20:29.122,1.71934,1.71966,1.12,1.00
2017.12.14 21:20:29.442,1.71932,1.71966,2.25,1.00
2017.12.14 21:20:29.493,1.71932,1.71965,1.00,1.00
2017.12.14 21:20:29.595,1.7193,1.71966,1.00,1.68
2017.12.14 21:20:29.728,1.71926,1.7196,3.00,1.50
2017.12.14 21:20:30.091,1.71925,1.71958,1.75,1.00
2017.12.14 21:20:31.568,1.71925,1.7196,2.25,1.00
2017.12.14 21:20:31.772,1.71931,1.71964,1.00,1.00
2017.12.14 21:20:32.127,1.71928,1.71959,1.37,1.00
2017.12.14 21:20:32.178,1.71926,1.71959,3.00,1.00
2017.12.14 21:20:32.835,1.71926,1.7196,1.50,1.00
2017.12.14 21:20:33.362,1.71926,1.71958,1.87,1.00
2017.12.14 21:20:33.565,1.71927,1.71961,1.31,1.00
2017.12.14 21:20:34.642,1.71928,1.71963,1.69,1.00
2017.12.14 21:20:35.971,1.71928,1.71962,2.25,1.00
2017.12.14 21:20:36.519,1.71928,1.71963,1.69,1.00
2017.12.14 21:20:38.021,1.71931,1.71964,1.56,1.00
2017.12.14 21:20:39.603,1.71931,1.71965,1.56,1.00
2017.12.14 21:20:39.906,1.71932,1.71967,1.31,1.00
2017.12.14 21:20:39.957,1.71937,1.7197,1.00,1.00
2017.12.14 21:20:40.459,1.71938,1.71971,1.00,1.25
2017.12.14 21:20:41.443,1.71937,1.71972,1.00,1.25
2017.12.14 21:20:43.946,1.71936,1.7197,1.00,1.00
2017.12.14 21:20:46.901,1.71934,1.71969,1.00,1.00
2017.12.14 21:20:47.422,1.71935,1.71969,1.00,1.50
2017.12.14 21:20:48.425,1.71934,1.71969,1.00,1.00
2017.12.14 21:20:51.206,1.71934,1.71968,1.00,1.00
2017.12.14 21:20:51.833,1.71934,1.71969,1.00,1.00
2017.12.14 21:20:53.655,1.71935,1.71969,1.00,1.50
2017.12.14 21:20:54.140,1.71942,1.71975,1.00,1.50
2017.12.14 21:20:54.473,1.71944,1.71977,1.00,1.00
2017.12.14 21:20:54.739,1.71945,1.7198,1.00,1.00
2017.12.14 21:20:58.665,1.7194,1.71976,2.44,1.00
2017.12.14 21:20:59.383,1.7194,1.71975,2.06,1.00
2017.12.14 21:20:59.485,1.71943,1.71978,2.06,1.00
2017.12.14 21:21:00.031,1.71944,1.71979,1.56,1.00
2017.12.14 21:21:00.589,1.71944,1.71978,1.37,1.00
2017.12.14 21:21:01.069,1.71948,1.71981,1.00,1.00
2017.12.14 21:21:01.461,1.71944,1.7198,1.37,1.00
2017.12.14 21:21:02.051,1.71944,1.7198,1.56,1.00
2017.12.14 21:21:02.677,1.71944,1.7198,1.87,1.50
2017.12.14 21:21:02.986,1.71948,1.71981,1.00,1.00
2017.12.14 21:21:03.601,1.71947,1.7198,1.00,1.00
2017.12.14 21:21:04.615,1.71946,1.71981,2.06,1.00
2017.12.14 21:21:04.937,1.71947,1.71983,1.94,1.00
2017.12.14 21:21:05.039,1.71947,1.71983,1.50,1.00
2017.12.14 21:21:05.090,1.7195,1.71985,1.00,2.44
2017.12.14 21:21:05.428,1.71948,1.71981,1.44,1.00
2017.12.14 21:21:05.687,1.71947,1.71981,1.00,1.00
2017.12.14 21:21:05.947,1.71947,1.71983,1.50,1.00
2017.12.14 21:21:06.498,1.71948,1.71982,1.00,1.00
2017.12.14 21:21:07.333,1.71951,1.71985,1.00,1.00
2017.12.14 21:21:07.435,1.71954,1.71989,1.50,1.50
2017.12.14 21:21:07.963,1.71955,1.71988,1.00,1.00
2017.12.14 21:21:08.141,1.71953,1.71986,1.00,1.00
2017.12.14 21:21:08.293,1.71955,1.7199,1.00,1.00
2017.12.14 21:21:08.344,1.71954,1.71988,1.00,1.00
2017.12.14 21:21:09.278,1.71953,1.71987,1.51,1.00
2017.12.14 21:21:09.885,1.71953,1.71988,1.01,1.00
2017.12.14 21:21:19.113,1.7195,1.71985,1.51,1.50
2017.12.14 21:21:20.392,1.71957,1.71988,1.01,1.00
2017.12.14 21:21:20.443,1.71957,1.71991,1.01,1.31
2017.12.14 21:21:21.016,1.71956,1.71992,1.51,2.06
2017.12.14 21:21:21.430,1.71953,1.71987,1.01,1.00
2017.12.14 21:21:21.956,1.71952,1.71988,1.51,1.00
2017.12.14 21:21:23.003,1.71953,1.71987,1.20,1.00
2017.12.14 21:21:23.504,1.71952,1.71988,1.70,1.00
2017.12.14 21:21:24.034,1.71953,1.71987,1.01,1.00
2017.12.14 21:21:28.266,1.71952,1.71988,1.01,1.00
2017.12.14 21:21:28.831,1.71955,1.71989,1.01,1.00
2017.12.14 21:21:29.371,1.71955,1.71988,1.01,1.00
2017.12.14 21:21:30.345,1.71955,1.71989,1.01,1.00
2017.12.14 21:21:32.365,1.71953,1.71988,1.88,1.00
2017.12.14 21:21:32.416,1.71956,1.7199,1.45,1.00
2017.12.14 21:21:32.517,1.71958,1.71992,1.13,1.69
2017.12.14 21:21:33.135,1.71957,1.71993,1.26,1.50
2017.12.14 21:21:33.742,1.71957,1.71992,1.26,1.00
2017.12.14 21:21:34.247,1.71958,1.71992,1.26,1.13
2017.12.14 21:21:34.785,1.71957,1.71992,1.01,1.00
2017.12.14 21:21:35.253,1.71955,1.7199,1.51,1.00
2017.12.14 21:21:36.114,1.71958,1.71991,1.00,1.37
2017.12.14 21:21:36.475,1.71958,1.71992,1.00,1.87
2017.12.14 21:21:37.196,1.71957,1.71993,1.00,1.87
2017.12.14 21:21:37.348,1.71952,1.71985,1.87,1.00
2017.12.14 21:21:37.548,1.7196,1.71993,1.50,1.12
2017.12.14 21:21:37.599,1.7196,1.71995,1.00,1.00
2017.12.14 21:21:37.804,1.71965,1.71996,1.00,1.00
2017.12.14 21:21:37.855,1.71965,1.71998,1.00,1.00
2017.12.14 21:21:38.552,1.71964,1.71999,1.00,1.00
2017.12.14 21:21:41.307,1.71964,1.71997,1.00,1.00
2017.12.14 21:21:41.815,1.71963,1.71997,1.00,1.00
2017.12.14 21:21:42.903,1.71963,1.71996,1.00,1.00
2017.12.14 21:21:43.470,1.71963,1.71997,1.00,1.00
2017.12.14 21:21:46.295,1.71963,1.71996,1.00,1.00
2017.12.14 21:21:46.600,1.71955,1.7199,1.87,1.00
2017.12.14 21:21:48.472,1.71956,1.71989,1.00,1.00
2017.12.14 21:21:51.107,1.71955,1.7199,1.00,1.00
2017.12.14 21:21:51.536,1.71957,1.7199,1.00,1.00
2017.12.14 21:21:51.637,1.71961,1.71996,1.00,1.00
2017.12.14 21:21:52.187,1.71961,1.71997,1.00,1.00
2017.12.14 21:21:52.921,1.71962,1.71996,1.19,1.00
2017.12.14 21:21:53.375,1.71965,1.71998,1.00,1.50
2017.12.14 21:21:55.474,1.71964,1.71998,1.00,1.00
2017.12.14 21:21:56.050,1.71965,1.71999,1.00,1.00
2017.12.14 21:21:56.843,1.71964,1.71999,1.50,1.00
2017.12.14 21:21:57.129,1.71977,1.72013,1.50,1.00
2017.12.14 21:21:57.698,1.71978,1.72012,1.00,1.00
2017.12.14 21:21:58.133,1.71975,1.7201,1.00,1.50
2017.12.14 21:22:04.352,1.71971,1.72006,1.00,1.00
2017.12.14 21:22:04.695,1.71975,1.7201,1.00,1.50
2017.12.14 21:22:15.076,1.71973,1.72003,1.00,1.19
2017.12.14 21:22:15.178,1.71969,1.72005,1.00,1.00
2017.12.14 21:22:15.279,1.7197,1.72005,1.38,1.00
2017.12.14 21:22:15.860,1.71972,1.72006,1.00,1.25
2017.12.14 21:22:16.265,1.71975,1.7201,1.00,1.38
2017.12.14 21:22:17.450,1.71974,1.72008,1.00,1.13
2017.12.14 21:22:17.551,1.71969,1.72005,1.69,1.50
2017.12.14 21:22:18.004,1.7197,1.72004,1.44,1.00
2017.12.14 21:22:18.334,1.71969,1.72001,1.38,1.00
2017.12.14 21:22:18.945,1.71969,1.72002,1.44,1.00
2017.12.14 21:22:22.952,1.71968,1.72001,1.69,1.00
2017.12.14 21:22:23.215,1.71965,1.72,1.31,1.00
2017.12.14 21:22:26.143,1.71964,1.72,1.87,1.00
2017.12.14 21:22:28.872,1.71968,1.72001,1.00,1.00
2017.12.14 21:22:29.076,1.71964,1.71998,1.00,1.00
2017.12.14 21:22:29.127,1.71962,1.71995,1.00,1.00
2017.12.14 21:22:29.468,1.7196,1.71996,2.25,1.00
2017.12.14 21:22:35.475,1.71968,1.71996,1.00,1.00
2017.12.14 21:22:35.526,1.71968,1.72001,1.00,1.00
2017.12.14 21:22:39.242,1.71967,1.72002,1.00,1.00
2017.12.14 21:22:40.811,1.71965,1.71999,1.12,1.00
2017.12.14 21:22:44.774,1.71966,1.71999,1.12,1.00
2017.12.14 21:22:47.238,1.71965,1.71999,1.12,1.00
2017.12.14 21:22:50.181,1.71964,1.71997,2.06,1.00
2017.12.14 21:22:50.370,1.71963,1.71998,1.69,1.00
2017.12.14 21:22:50.904,1.7196,1.71994,1.00,1.00
2017.12.14 21:22:51.209,1.71953,1.71989,1.37,1.00
2017.12.14 21:22:51.375,1.71953,1.71989,1.00,1.00
2017.12.14 21:22:51.597,1.71952,1.71985,1.50,1.00
2017.12.14 21:22:51.699,1.71949,1.71985,1.69,1.50
2017.12.14 21:22:52.229,1.7195,1.71984,1.00,1.00
2017.12.14 21:22:53.015,1.71949,1.71985,1.25,1.00
2017.12.14 21:22:55.423,1.71949,1.71985,1.69,1.50
2017.12.14 21:22:55.626,1.71948,1.71982,1.69,1.00
2017.12.14 21:22:55.962,1.71945,1.7198,1.31,1.00
2017.12.14 21:22:56.392,1.71944,1.7198,2.06,1.00
2017.12.14 21:22:56.494,1.71946,1.7198,1.19,1.00
2017.12.14 21:22:56.709,1.71945,1.71979,1.62,1.00
2017.12.14 21:22:56.761,1.71947,1.71979,1.19,1.00
2017.12.14 21:22:56.964,1.71946,1.7198,1.19,1.00
2017.12.14 21:23:00.252,1.71945,1.71979,1.00,1.00
2017.12.14 21:23:01.569,1.71944,1.7198,1.50,1.00
2017.12.14 21:23:02.085,1.71945,1.71979,1.25,1.00
2017.12.14 21:23:03.313,1.71944,1.7198,1.69,1.00
2017.12.14 21:23:06.441,1.71945,1.7198,1.00,1.00
2017.12.14 21:23:08.081,1.71945,1.71979,1.50,1.00
2017.12.14 21:23:08.609,1.71945,1.7198,1.00,1.00
2017.12.14 21:23:10.580,1.71945,1.7198,1.19,1.00
2017.12.14 21:23:12.624,1.71948,1.71981,1.00,1.00
2017.12.14 21:23:13.805,1.71946,1.7198,1.00,1.00
2017.12.14 21:23:18.156,1.71947,1.71982,1.00,1.00
2017.12.14 21:23:20.576,1.71948,1.71981,1.00,1.00
2017.12.14 21:23:23.080,1.71947,1.71982,1.50,1.50
2017.12.14 21:23:28.482,1.7195,1.71984,1.00,1.25
2017.12.14 21:23:29.762,1.71948,1.71981,1.00,1.00
2017.12.14 21:23:29.864,1.71943,1.71978,2.25,1.00
2017.12.14 21:23:30.626,1.71946,1.71977,1.00,1.00
2017.12.14 21:23:30.677,1.71947,1.71981,1.25,1.50
2017.12.14 21:23:30.779,1.71946,1.71979,1.31,1.00
2017.12.14 21:23:30.830,1.71947,1.71981,1.00,1.00
2017.12.14 21:23:30.881,1.71944,1.7198,2.06,1.00
2017.12.14 21:23:31.033,1.71948,1.71984,1.50,2.06
2017.12.14 21:23:31.084,1.71947,1.71981,1.00,1.00
2017.12.14 21:23:31.135,1.71943,1.71979,1.50,1.50
2017.12.14 21:23:31.186,1.71947,1.71979,1.00,1.00
2017.12.14 21:23:31.288,1.71946,1.71981,1.50,1.00
2017.12.14 21:23:31.549,1.71948,1.71984,1.00,1.50
2017.12.14 21:23:32.161,1.71948,1.71983,1.00,1.00
2017.12.14 21:23:33.261,1.71948,1.71984,1.00,1.50
2017.12.14 21:23:35.421,1.71946,1.7198,1.00,1.00
2017.12.14 21:23:39.910,1.71946,1.71979,1.00,1.00
2017.12.14 21:23:40.016,1.71942,1.71977,1.12,1.00
2017.12.14 21:23:43.161,1.71943,1.71976,1.00,1.00
2017.12.14 21:23:43.664,1.71942,1.71977,1.00,1.00
2017.12.14 21:23:44.991,1.71943,1.71976,1.00,1.00
2017.12.14 21:23:45.090,1.7194,1.71971,1.87,1.00
2017.12.14 21:23:45.611,1.71938,1.71972,1.37,1.00
2017.12.14 21:23:46.210,1.71938,1.71971,1.37,1.00
2017.12.14 21:23:46.846,1.71938,1.71972,1.37,1.00
2017.12.14 21:23:47.627,1.71938,1.71971,1.37,1.00
2017.12.14 21:23:48.438,1.71938,1.71972,1.37,1.00
2017.12.14 21:23:48.947,1.71938,1.71971,1.37,1.00
2017.12.14 21:23:49.484,1.71938,1.71972,1.37,1.00
2017.12.14 21:23:50.132,1.71936,1.71972,1.00,1.00
2017.12.14 21:23:51.511,1.7194,1.71972,1.00,1.00
2017.12.14 21:23:52.248,1.7194,1.71973,1.00,1.00
2017.12.14 21:23:52.891,1.7194,1.71972,1.00,1.00
2017.12.14 21:23:52.993,1.71937,1.71971,1.00,1.00
2017.12.14 21:23:54.191,1.71936,1.71972,1.00,1.00
2017.12.14 21:23:54.293,1.71934,1.71968,1.00,1.50
2017.12.14 21:23:54.888,1.71933,1.71968,1.50,1.00
2017.12.14 21:23:55.499,1.71934,1.71967,1.00,1.00
2017.12.14 21:23:56.360,1.71933,1.71968,1.50,1.00
2017.12.14 21:23:58.873,1.71934,1.71967,1.00,1.00
2017.12.14 21:23:59.240,1.71933,1.71965,1.00,1.00
2017.12.14 21:23:59.902,1.71932,1.71965,1.12,1.00
2017.12.14 21:24:00.416,1.71933,1.71968,1.00,1.00
2017.12.14 21:24:00.580,1.71939,1.71973,1.12,1.00
2017.12.14 21:24:00.784,1.71939,1.71975,2.81,1.00
2017.12.14 21:24:00.835,1.71944,1.71976,1.50,1.00
2017.12.14 21:24:00.887,1.71945,1.7198,1.00,1.00
2017.12.14 21:24:05.848,1.71945,1.71981,1.00,1.50
2017.12.14 21:24:06.509,1.71946,1.7198,1.00,1.25
2017.12.14 21:24:07.747,1.71949,1.71981,1.00,1.38
2017.12.14 21:24:08.002,1.71934,1.71969,1.50,1.50
2017.12.14 21:24:08.103,1.71932,1.71966,1.00,1.38
2017.12.14 21:24:08.206,1.7193,1.71963,1.12,1.00
2017.12.14 21:24:08.358,1.71927,1.71963,1.56,1.38
2017.12.14 21:24:08.663,1.71931,1.71963,1.37,1.00
2017.12.14 21:24:08.989,1.71933,1.71961,1.31,1.00
2017.12.14 21:24:09.514,1.71929,1.71963,1.56,1.88
2017.12.14 21:24:09.829,1.71927,1.7196,2.81,1.25
2017.12.14 21:24:10.515,1.71926,1.71961,3.56,1.25
2017.12.14 21:24:10.769,1.71926,1.71959,2.06,1.00
2017.12.14 21:24:11.460,1.71926,1.71959,1.69,1.00
2017.12.14 21:24:13.012,1.71927,1.71959,1.31,1.50
2017.12.14 21:24:13.554,1.71927,1.71959,1.31,1.88
2017.12.14 21:24:14.100,1.71926,1.71958,2.44,1.00
2017.12.14 21:24:15.067,1.71926,1.71959,1.69,1.00
2017.12.14 21:24:15.577,1.71926,1.71958,2.44,1.00
2017.12.14 21:24:16.081,1.71926,1.71959,1.69,1.00
2017.12.14 21:24:16.407,1.71923,1.71959,1.31,1.00
2017.12.14 21:24:16.932,1.71923,1.71959,1.00,1.44
2017.12.14 21:24:16.983,1.71923,1.71957,1.50,1.38
2017.12.14 21:24:17.035,1.71924,1.71958,1.25,1.44
2017.12.14 21:24:17.086,1.71926,1.7196,1.00,1.00
2017.12.14 21:24:17.188,1.71926,1.71959,1.00,1.44
2017.12.14 21:24:17.289,1.71923,1.71956,1.00,1.00
2017.12.14 21:24:17.493,1.71921,1.71955,1.00,1.00
2017.12.14 21:24:17.594,1.71921,1.71955,1.50,1.88
2017.12.14 21:24:17.798,1.71931,1.71964,1.00,1.25
2017.12.14 21:24:18.309,1.71932,1.71966,1.00,1.56
2017.12.14 21:24:22.601,1.71931,1.71964,1.00,1.00
2017.12.14 21:24:22.652,1.71933,1.71968,1.00,2.25
2017.12.14 21:24:22.855,1.71931,1.71965,1.25,1.00
2017.12.14 21:24:22.906,1.71934,1.71967,1.00,1.00
2017.12.14 21:24:23.109,1.71936,1.71972,3.00,1.50
2017.12.14 21:24:23.160,1.71941,1.71975,1.00,2.25
2017.12.14 21:24:23.465,1.71943,1.71977,1.00,1.25
2017.12.14 21:24:23.769,1.7194,1.71973,1.50,1.00
2017.12.14 21:24:24.007,1.71941,1.71977,1.00,1.00
2017.12.14 21:24:25.285,1.7194,1.71973,1.50,1.00
2017.12.14 21:24:25.823,1.7194,1.71974,1.00,1.00
2017.12.14 21:24:26.371,1.71941,1.71974,1.00,1.00
2017.12.14 21:24:26.422,1.71939,1.71974,1.50,1.50
2017.12.14 21:24:26.749,1.71939,1.71972,1.00,1.00
2017.12.14 21:24:27.491,1.71934,1.71969,1.00,1.38
2017.12.14 21:24:27.644,1.71931,1.71965,1.00,1.00
2017.12.14 21:24:28.154,1.71931,1.71966,1.00,1.50
2017.12.14 21:24:28.367,1.71931,1.71963,1.00,1.25
2017.12.14 21:24:28.672,1.71921,1.71954,1.50,1.50
2017.12.14 21:24:29.072,1.7192,1.7195,1.00,1.00
2017.12.14 21:24:29.123,1.71917,1.7195,1.00,1.00
2017.12.14 21:24:29.645,1.71915,1.7195,1.31,1.00
2017.12.14 21:24:31.358,1.71917,1.71951,1.31,1.00
2017.12.14 21:24:31.990,1.71917,1.71953,1.87,1.00
2017.12.14 21:24:32.510,1.71917,1.71953,1.69,1.00
2017.12.14 21:24:33.092,1.71915,1.7195,1.00,1.00
2017.12.14 21:24:33.930,1.71918,1.71951,1.00,1.00
2017.12.14 21:24:34.272,1.71932,1.71963,1.00,1.00
2017.12.14 21:24:34.916,1.71932,1.71962,1.00,1.00
2017.12.14 21:24:36.123,1.71932,1.71963,1.00,1.00
2017.12.14 21:24:37.178,1.71932,1.71962,1.00,1.00
2017.12.14 21:24:38.320,1.71925,1.71958,1.00,1.00
2017.12.14 21:24:38.371,1.71926,1.71961,1.00,1.00
2017.12.14 21:24:41.885,1.71926,1.7196,1.00,1.00
2017.12.14 21:24:42.088,1.71928,1.71962,1.00,1.00
2017.12.14 21:24:42.596,1.71927,1.71962,1.00,1.00
2017.12.14 21:24:43.947,1.71928,1.71962,1.00,1.25
2017.12.14 21:24:44.050,1.71924,1.71959,1.50,1.00
2017.12.14 21:24:44.354,1.71923,1.7195,1.00,1.00
2017.12.14 21:24:44.405,1.71922,1.71955,1.00,1.00
2017.12.14 21:24:44.457,1.71915,1.7195,1.37,1.25
2017.12.14 21:24:44.762,1.71916,1.7195,1.00,1.00
2017.12.14 21:24:45.401,1.71915,1.71951,1.00,1.00
2017.12.14 21:24:45.909,1.71916,1.7195,1.00,1.00
2017.12.14 21:24:46.811,1.71918,1.7195,1.38,1.00
2017.12.14 21:24:46.913,1.71925,1.71958,1.00,1.50
2017.12.14 21:24:47.975,1.71924,1.71959,1.00,1.00
2017.12.14 21:24:52.067,1.71922,1.71956,1.50,1.00
2017.12.14 21:24:53.566,1.71924,1.71959,1.00,1.00
2017.12.14 21:24:53.617,1.71922,1.71955,2.25,1.00
2017.12.14 21:24:54.382,1.71923,1.71955,1.00,1.00
2017.12.14 21:24:55.608,1.71923,1.71956,1.00,1.00
2017.12.14 21:24:55.963,1.7192,1.71954,1.00,1.88
2017.12.14 21:24:56.116,1.71922,1.71958,1.00,1.81
2017.12.14 21:24:56.167,1.71922,1.71951,1.00,1.19
2017.12.14 21:24:56.218,1.71917,1.71945,1.00,1.69
2017.12.14 21:24:56.320,1.71916,1.71951,1.00,1.50
2017.12.14 21:24:56.904,1.71916,1.71951,1.00,1.38
2017.12.14 21:24:57.413,1.71916,1.71951,1.50,1.50
2017.12.14 21:24:57.668,1.71916,1.7195,1.00,1.38
2017.12.14 21:24:57.973,1.7191,1.71943,1.13,1.38
2017.12.14 21:24:58.709,1.7191,1.71943,1.25,1.25
2017.12.14 21:24:58.760,1.71912,1.71945,1.44,1.00
2017.12.14 21:24:59.065,1.71916,1.71949,1.00,1.44
2017.12.14 21:24:59.704,1.71916,1.7195,1.00,1.44
2017.12.14 21:25:00.714,1.71913,1.71949,2.25,1.13
2017.12.14 21:25:01.172,1.71913,1.71944,1.00,1.25
2017.12.14 21:25:01.519,1.71912,1.71946,1.00,1.19
2017.12.14 21:25:01.553,1.71912,1.71944,1.00,1.19
2017.12.14 21:25:01.763,1.7191,1.71945,1.00,1.25
2017.12.14 21:25:02.292,1.7191,1.71945,1.00,1.44
2017.12.14 21:25:03.563,1.7191,1.71946,1.00,1.50
2017.12.14 21:25:03.734,1.7191,1.71946,1.00,1.88
2017.12.14 21:25:04.065,1.7191,1.71946,1.00,1.50
2017.12.14 21:25:04.116,1.71914,1.71947,1.31,1.25
2017.12.14 21:25:04.167,1.71913,1.71948,1.31,1.00
2017.12.14 21:25:04.218,1.71917,1.71952,1.00,1.44
2017.12.14 21:25:04.702,1.71916,1.71949,1.00,1.00
2017.12.14 21:25:05.221,1.71917,1.7195,1.00,1.00
2017.12.14 21:25:05.763,1.71916,1.7195,1.00,1.00
2017.12.14 21:25:06.846,1.71917,1.7195,1.00,1.25
2017.12.14 21:25:07.372,1.71916,1.7195,1.00,1.25
2017.12.14 21:25:07.952,1.71914,1.71949,1.00,1.00
2017.12.14 21:25:08.565,1.71914,1.71948,1.00,1.00
2017.12.14 21:25:10.072,1.71915,1.71948,1.00,1.00
2017.12.14 21:25:10.583,1.71914,1.71949,1.00,1.00
2017.12.14 21:25:10.791,1.71912,1.71944,1.00,1.38
2017.12.14 21:25:11.045,1.71909,1.71942,1.00,1.00
2017.12.14 21:25:11.147,1.7191,1.71944,1.00,1.00
2017.12.14 21:25:11.656,1.7191,1.71945,1.00,1.00
2017.12.14 21:25:11.808,1.71908,1.71942,1.00,1.00
2017.12.14 21:25:12.525,1.71909,1.71942,1.00,1.00
2017.12.14 21:25:13.215,1.71908,1.71942,1.00,1.00
2017.12.14 21:25:14.500,1.71908,1.71941,1.69,1.25
2017.12.14 21:25:15.048,1.71908,1.71942,1.25,1.00
2017.12.14 21:25:15.931,1.71909,1.71944,1.00,1.00
2017.12.14 21:25:15.982,1.71908,1.71942,1.13,1.00
2017.12.14 21:25:16.620,1.71909,1.71942,1.00,1.00
2017.12.14 21:25:17.180,1.71908,1.71942,1.13,1.00
2017.12.14 21:25:19.026,1.71923,1.71945,1.00,1.00
2017.12.14 21:25:19.128,1.71926,1.71949,1.25,1.00
2017.12.14 21:25:19.230,1.71926,1.71959,1.25,1.00
2017.12.14 21:25:19.483,1.71929,1.71964,1.25,1.69
2017.12.14 21:25:19.984,1.71929,1.71964,1.13,1.38
2017.12.14 21:25:20.511,1.71929,1.71964,1.19,1.38
2017.12.14 21:25:21.050,1.7193,1.71963,1.69,1.44
2017.12.14 21:25:21.515,1.71929,1.71964,1.00,1.44
2017.12.14 21:25:21.566,1.71929,1.71959,1.50,1.38
2017.12.14 21:25:21.617,1.71923,1.71957,1.88,1.00
2017.12.14 21:25:21.668,1.71921,1.71951,1.00,1.00
2017.12.14 21:25:21.975,1.7191,1.71942,1.63,1.00
2017.12.14 21:25:22.560,1.71908,1.71942,1.50,1.00
2017.12.14 21:25:22.776,1.71908,1.71942,1.00,1.00
2017.12.14 21:25:23.042,1.71912,1.71946,1.00,1.25
2017.12.14 21:25:23.575,1.71911,1.71947,1.38,1.13
2017.12.14 21:25:24.110,1.71911,1.71947,1.88,1.13
2017.12.14 21:25:27.506,1.71912,1.71946,1.88,1.13
2017.12.14 21:25:27.826,1.71911,1.71947,1.50,1.88
2017.12.14 21:25:30.074,1.7191,1.71943,1.88,1.00
2017.12.14 21:25:30.612,1.7191,1.71944,1.88,1.00
2017.12.14 21:25:30.950,1.7191,1.71944,1.00,1.38
2017.12.14 21:25:31.000,1.7191,1.71944,1.00,1.25
2017.12.14 21:25:31.336,1.71909,1.71944,1.00,1.88
2017.12.14 21:25:31.775,1.71906,1.7194,1.88,1.50
2017.12.14 21:25:32.313,1.71906,1.71939,1.44,1.25
2017.12.14 21:25:32.866,1.71905,1.71937,1.38,1.00
2017.12.14 21:25:34.306,1.71906,1.71937,1.00,1.88
2017.12.14 21:25:34.357,1.71902,1.71935,1.50,1.13
2017.12.14 21:25:34.408,1.71902,1.71935,1.38,1.13
2017.12.14 21:25:34.459,1.719,1.71932,1.00,1.25
2017.12.14 21:25:34.510,1.71895,1.71927,1.87,1.25
2017.12.14 21:25:34.843,1.71894,1.71924,1.00,1.00
2017.12.14 21:25:35.389,1.71893,1.71925,1.00,1.00
2017.12.14 21:25:35.693,1.71892,1.71923,1.38,1.00
2017.12.14 21:25:36.008,1.71891,1.7192,1.00,1.00
2017.12.14 21:25:36.365,1.71887,1.71921,1.00,1.00
2017.12.14 21:25:36.887,1.71887,1.71918,1.00,1.00
2017.12.14 21:25:37.113,1.71887,1.71921,1.00,1.00
2017.12.14 21:25:37.358,1.71887,1.71919,1.00,1.00
2017.12.14 21:25:37.519,1.71887,1.71921,1.00,1.00
2017.12.14 21:25:37.916,1.71889,1.71922,1.00,1.00
2017.12.14 21:25:38.301,1.71893,1.71923,1.00,1.00
2017.12.14 21:25:38.757,1.7189,1.71916,1.00,1.69
2017.12.14 21:25:38.808,1.71885,1.71917,1.88,1.87
2017.12.14 21:25:38.859,1.719,1.71922,1.00,1.37
2017.12.14 21:25:38.911,1.71899,1.71929,1.00,1.65
2017.12.14 21:25:39.013,1.71898,1.71929,1.50,1.00
2017.12.14 21:25:39.115,1.71893,1.71928,1.50,1.50
2017.12.14 21:25:39.166,1.71893,1.71926,1.50,1.00
2017.12.14 21:25:40.186,1.71893,1.71927,1.25,1.00
2017.12.14 21:25:41.301,1.71892,1.71925,1.00,1.00
2017.12.14 21:25:41.926,1.71893,1.71925,1.00,1.00
2017.12.14 21:25:42.724,1.71893,1.71924,1.00,1.00
2017.12.14 21:25:42.927,1.7189,1.71925,1.00,1.50
2017.12.14 21:25:43.547,1.7189,1.71922,1.00,1.00
2017.12.14 21:25:44.535,1.71891,1.71922,1.00,1.00
2017.12.14 21:25:44.982,1.71887,1.71922,1.50,1.00
2017.12.14 21:25:45.084,1.71885,1.7192,1.00,1.38
2017.12.14 21:25:45.389,1.71879,1.71912,1.31,1.88
2017.12.14 21:25:45.440,1.71882,1.71912,1.00,1.00
2017.12.14 21:25:45.542,1.71883,1.71917,1.69,1.00
2017.12.14 21:25:45.593,1.71883,1.71919,1.50,3.00
2017.12.14 21:25:45.644,1.71886,1.7192,1.00,2.63
2017.12.14 21:25:45.775,1.71883,1.71919,1.50,1.00
2017.12.14 21:25:46.296,1.71884,1.71918,1.00,1.00
2017.12.14 21:25:46.567,1.71886,1.7192,1.00,1.00
2017.12.14 21:25:47.254,1.71886,1.71919,1.00,1.00
2017.12.14 21:25:47.406,1.71883,1.71917,1.25,1.00
2017.12.14 21:25:47.863,1.71885,1.7192,1.00,1.50
2017.12.14 21:25:48.962,1.71882,1.71914,1.00,1.13
2017.12.14 21:25:49.115,1.71889,1.71924,1.25,2.25
2017.12.14 21:25:49.267,1.71887,1.71921,1.00,1.00
2017.12.14 21:25:50.063,1.71887,1.7192,1.50,1.00
2017.12.14 21:25:50.478,1.71883,1.71919,1.12,1.44
2017.12.14 21:25:50.986,1.71884,1.71918,1.00,1.44
2017.12.14 21:25:51.383,1.71883,1.71919,1.00,1.69
2017.12.14 21:25:52.156,1.71883,1.71918,1.00,1.00
2017.12.14 21:25:52.207,1.71883,1.71918,1.00,1.38
2017.12.14 21:25:53.394,1.71883,1.71919,1.00,1.25
2017.12.14 21:25:53.550,1.71886,1.7192,1.00,1.44
2017.12.14 21:25:53.904,1.71884,1.71918,1.00,1.38
2017.12.14 21:25:53.955,1.71883,1.71919,1.00,1.25
2017.12.14 21:25:54.927,1.71884,1.71918,1.00,1.25
2017.12.14 21:25:55.243,1.71883,1.71919,1.00,1.38
2017.12.14 21:25:55.879,1.71884,1.71918,1.00,1.44
2017.12.14 21:25:56.031,1.71883,1.71919,1.00,1.00
2017.12.14 21:25:56.336,1.71884,1.71918,1.00,1.38
2017.12.14 21:25:56.797,1.71883,1.71919,1.25,1.38
2017.12.14 21:25:58.357,1.71883,1.71919,1.00,1.25
2017.12.14 21:25:58.575,1.71883,1.71919,1.00,1.38
2017.12.14 21:25:58.677,1.71884,1.71918,1.13,1.25
2017.12.14 21:25:58.728,1.71885,1.71919,1.38,1.00
2017.12.14 21:25:59.054,1.71891,1.71924,1.00,1.38
2017.12.14 21:25:59.105,1.71893,1.71927,1.00,1.88
2017.12.14 21:26:02.076,1.71894,1.71925,1.00,1.38
2017.12.14 21:26:02.409,1.71894,1.71927,1.00,1.69
2017.12.14 21:26:02.510,1.71895,1.71931,1.50,2.44
2017.12.14 21:26:03.057,1.71895,1.71931,1.00,1.25
2017.12.14 21:26:03.499,1.71896,1.7193,1.00,1.38
2017.12.14 21:26:03.977,1.71895,1.71931,1.44,1.00
2017.12.14 21:26:04.288,1.71898,1.71932,1.00,1.88
2017.12.14 21:26:04.339,1.71896,1.7193,1.25,1.19
2017.12.14 21:26:04.928,1.71895,1.71931,1.13,1.38
2017.12.14 21:26:06.115,1.71896,1.7193,1.25,1.38
2017.12.14 21:26:06.644,1.71895,1.71931,1.25,1.38
2017.12.14 21:26:07.274,1.71895,1.71931,1.44,1.38
2017.12.14 21:26:07.325,1.71895,1.71931,1.69,1.69
2017.12.14 21:26:09.775,1.71899,1.71932,1.00,1.38
2017.12.14 21:26:09.920,1.71898,1.71932,1.38,1.00
2017.12.14 21:26:11.560,1.71898,1.71932,1.00,1.00
2017.12.14 21:26:12.601,1.71894,1.7193,1.88,1.00
2017.12.14 21:26:13.556,1.71895,1.71929,2.63,1.00
2017.12.14 21:26:14.847,1.71895,1.7193,1.19,1.00
2017.12.14 21:26:15.397,1.71895,1.71929,1.38,1.00
2017.12.14 21:26:15.905,1.71894,1.7193,1.88,1.00
2017.12.14 21:26:18.260,1.71894,1.71929,1.44,1.00
2017.12.14 21:26:18.972,1.71894,1.71928,1.44,1.00
2017.12.14 21:26:19.532,1.71894,1.71929,1.44,1.00
2017.12.14 21:26:20.548,1.71894,1.71926,1.38,1.00
2017.12.14 21:26:21.890,1.71892,1.71926,1.69,1.00
2017.12.14 21:26:21.940,1.71892,1.71926,1.88,1.00
2017.12.14 21:26:21.991,1.71892,1.71926,1.50,1.25
2017.12.14 21:26:22.042,1.71892,1.71924,1.00,1.00
2017.12.14 21:26:22.093,1.71889,1.71924,1.88,1.50
2017.12.14 21:26:22.775,1.7189,1.71923,1.44,1.38
2017.12.14 21:26:22.983,1.71891,1.71925,1.00,1.00
2017.12.14 21:26:23.034,1.71893,1.71924,1.13,1.00
2017.12.14 21:26:24.561,1.71894,1.71924,1.69,1.00
2017.12.14 21:26:25.193,1.71895,1.71925,1.00,1.00
2017.12.14 21:26:25.954,1.71893,1.71925,1.75,1.00
2017.12.14 21:26:26.566,1.71892,1.71924,2.25,1.00
2017.12.14 21:26:27.174,1.71892,1.71925,1.75,1.00
2017.12.14 21:26:28.132,1.71892,1.71924,2.25,1.00
2017.12.14 21:26:28.923,1.71892,1.71925,1.75,1.00
2017.12.14 21:26:30.293,1.71892,1.71924,2.25,1.00
2017.12.14 21:26:30.764,1.71891,1.71923,2.06,1.00
2017.12.14 21:26:33.166,1.71892,1.71924,1.31,1.00
2017.12.14 21:26:43.584,1.71895,1.71927,1.81,1.50
2017.12.14 21:26:44.041,1.71895,1.7193,2.81,1.00
2017.12.14 21:26:44.612,1.71896,1.7193,1.81,1.13
2017.12.14 21:26:45.125,1.71895,1.71931,1.62,1.25
2017.12.14 21:26:47.476,1.71895,1.71931,1.00,1.00
2017.12.14 21:26:49.403,1.71896,1.7193,1.00,1.00
2017.12.14 21:26:49.506,1.71895,1.71931,1.37,1.00
2017.12.14 21:26:50.790,1.71899,1.71932,1.69,1.00
2017.12.14 21:26:50.892,1.71899,1.71935,2.44,1.50
2017.12.14 21:26:51.662,1.71899,1.71935,1.00,1.00
2017.12.14 21:26:51.784,1.71899,1.71935,1.00,1.69
2017.12.14 21:26:52.323,1.71898,1.71932,2.06,1.00
2017.12.14 21:26:52.834,1.71899,1.71932,1.00,1.00
2017.12.14 21:26:53.363,1.71898,1.71932,2.06,1.00
2017.12.14 21:26:53.902,1.71898,1.71931,2.81,1.00
2017.12.14 21:26:54.242,1.71898,1.71928,1.62,1.00
2017.12.14 21:26:57.126,1.71895,1.71929,1.19,1.50
2017.12.14 21:27:00.247,1.71896,1.71929,1.56,1.00
2017.12.14 21:27:00.959,1.71901,1.71933,1.19,1.00
2017.12.14 21:27:01.332,1.719,1.7193,1.19,1.00
2017.12.14 21:27:01.897,1.71899,1.71931,1.19,1.00
2017.12.14 21:27:07.229,1.719,1.7193,1.19,1.00
2017.12.14 21:27:08.551,1.719,1.7193,1.19,1.50
2017.12.14 21:27:10.454,1.719,1.71929,1.19,1.00
2017.12.14 21:27:10.934,1.71896,1.7193,1.56,1.00
2017.12.14 21:27:13.570,1.71897,1.7193,1.56,1.50
2017.12.14 21:27:14.109,1.71897,1.71929,1.56,1.00
2017.12.14 21:27:17.198,1.71897,1.7193,1.56,1.50
2017.12.14 21:27:18.164,1.71897,1.71929,1.56,1.00
2017.12.14 21:27:18.466,1.71905,1.71931,1.00,1.00
2017.12.14 21:27:18.517,1.71905,1.71935,1.25,1.00
2017.12.14 21:27:18.568,1.71906,1.71938,1.25,1.00
2017.12.14 21:27:19.082,1.71906,1.71939,1.19,1.00
2017.12.14 21:27:19.595,1.71905,1.71938,1.69,1.00
2017.12.14 21:27:21.082,1.71907,1.71938,1.19,1.00
2017.12.14 21:27:23.799,1.71906,1.71939,1.19,1.00
2017.12.14 21:27:25.207,1.71905,1.71939,1.00,1.00
2017.12.14 21:27:25.311,1.71906,1.71939,1.69,1.00
2017.12.14 21:27:26.114,1.71906,1.71939,1.19,1.00
2017.12.14 21:27:28.582,1.71905,1.71939,1.00,1.00
2017.12.14 21:27:28.633,1.71907,1.71939,1.19,1.00
2017.12.14 21:27:31.723,1.71907,1.71938,1.19,1.00
2017.12.14 21:27:32.463,1.71906,1.71938,1.19,1.00
2017.12.14 21:27:36.096,1.71906,1.71937,1.19,1.00
2017.12.14 21:27:38.567,1.71905,1.71937,1.31,1.00
2017.12.14 21:27:43.604,1.71904,1.71938,1.31,1.00
2017.12.14 21:27:43.995,1.71908,1.71937,1.19,1.00
2017.12.14 21:27:44.046,1.71907,1.71942,1.69,1.00
2017.12.14 21:27:44.607,1.71907,1.71942,1.69,1.00
2017.12.14 21:27:49.284,1.71907,1.71942,1.00,1.00
2017.12.14 21:27:51.774,1.71907,1.71942,1.69,1.00
2017.12.14 21:27:52.083,1.71906,1.7194,1.19,1.00
2017.12.14 21:27:53.053,1.71906,1.7194,1.00,1.00
2017.12.14 21:27:54.403,1.71907,1.7194,1.00,1.00
2017.12.14 21:27:55.041,1.71906,1.7194,1.25,1.00
2017.12.14 21:27:57.443,1.71906,1.71939,1.19,1.00
2017.12.14 21:27:57.950,1.71906,1.71939,1.25,1.00
2017.12.14 21:27:58.743,1.71906,1.7194,1.00,1.00
2017.12.14 21:27:59.290,1.71907,1.7194,1.00,1.00
2017.12.14 21:27:59.837,1.71905,1.7194,1.19,1.50
2017.12.14 21:28:00.391,1.71906,1.71939,1.19,1.00
2017.12.14 21:28:03.580,1.71904,1.7194,2.06,1.50
2017.12.14 21:28:04.084,1.71904,1.7194,2.06,1.50
2017.12.14 21:28:04.846,1.71905,1.71939,1.12,1.00
2017.12.14 21:28:05.403,1.71904,1.7194,2.06,1.50
2017.12.14 21:28:06.068,1.71905,1.71939,1.31,1.00
2017.12.14 21:28:06.580,1.71904,1.7194,2.06,1.50
2017.12.14 21:28:09.556,1.71905,1.71939,1.31,1.00
2017.12.14 21:28:10.357,1.71904,1.7194,2.06,1.50
2017.12.14 21:28:11.019,1.71904,1.7194,2.06,1.50
2017.12.14 21:28:11.681,1.71905,1.71939,1.31,1.00
2017.12.14 21:28:12.384,1.71904,1.7194,2.06,1.69
2017.12.14 21:28:13.354,1.71905,1.71939,1.12,1.19
2017.12.14 21:28:13.860,1.71904,1.7194,1.12,1.00
2017.12.14 21:28:21.156,1.71904,1.7194,1.12,1.19
2017.12.14 21:28:23.516,1.71905,1.71938,1.12,1.19
2017.12.14 21:28:24.254,1.71903,1.71936,1.37,1.00
2017.12.14 21:28:24.796,1.71903,1.71937,1.62,1.00
2017.12.14 21:28:26.006,1.71903,1.71937,1.00,1.00
2017.12.14 21:28:26.551,1.71903,1.71938,1.50,1.00
2017.12.14 21:28:27.057,1.71904,1.71937,1.50,1.00
2017.12.14 21:28:27.344,1.719,1.71936,1.00,1.00
2017.12.14 21:28:27.446,1.71901,1.71935,1.69,1.00
2017.12.14 21:28:27.889,1.71901,1.71935,1.56,1.00
2017.12.14 21:28:28.743,1.71904,1.7194,1.12,1.00
2017.12.14 21:28:29.273,1.71904,1.71939,1.12,1.19
2017.12.14 21:28:29.652,1.71904,1.7194,1.12,1.19
2017.12.14 21:28:29.754,1.719,1.71933,1.19,1.00
2017.12.14 21:28:29.855,1.71899,1.71934,1.50,1.50
2017.12.14 21:28:31.352,1.71899,1.71934,2.25,1.50
2017.12.14 21:28:32.558,1.719,1.71933,1.75,1.00
2017.12.14 21:28:35.248,1.71899,1.71934,1.75,1.00
2017.12.14 21:28:37.898,1.71899,1.71934,1.62,1.00
2017.12.14 21:28:41.915,1.71899,1.71934,1.00,1.00
2017.12.14 21:28:41.966,1.71898,1.7193,1.00,1.00
2017.12.14 21:28:42.412,1.71894,1.71928,1.37,1.00
2017.12.14 21:28:50.984,1.71892,1.71927,1.84,1.00
2017.12.14 21:28:53.118,1.71892,1.71927,1.00,1.19
2017.12.14 21:28:53.170,1.71892,1.71926,1.00,1.19
2017.12.14 21:28:53.221,1.7189,1.71924,1.00,1.25
2017.12.14 21:28:53.577,1.71888,1.71918,1.00,1.00
2017.12.14 21:28:53.760,1.71884,1.71918,1.00,1.00
2017.12.14 21:28:54.044,1.71886,1.7192,1.00,1.19
2017.12.14 21:28:54.095,1.71884,1.71918,1.00,1.00
2017.12.14 21:28:54.353,1.71885,1.71921,1.50,1.50
2017.12.14 21:28:54.903,1.71886,1.7192,1.00,1.00
2017.12.14 21:28:56.281,1.71885,1.71921,1.00,1.00
2017.12.14 21:28:56.787,1.71886,1.7192,1.00,1.00
2017.12.14 21:28:57.342,1.71885,1.71921,1.00,1.00
2017.12.14 21:28:58.757,1.71886,1.7192,1.00,1.00
2017.12.14 21:28:59.313,1.71885,1.71921,1.00,1.00
2017.12.14 21:29:00.598,1.71886,1.7192,1.00,1.00
2017.12.14 21:29:02.672,1.71889,1.71925,1.50,1.69
2017.12.14 21:29:03.303,1.71887,1.71921,1.00,1.00
2017.12.14 21:29:03.902,1.71887,1.71922,1.00,1.50
2017.12.14 21:29:04.989,1.71888,1.71921,1.00,1.00
2017.12.14 21:29:05.413,1.71885,1.7192,1.00,1.00
2017.12.14 21:29:05.465,1.71883,1.71916,1.00,1.00
2017.12.14 21:29:06.254,1.71882,1.71917,1.00,1.50
2017.12.14 21:29:06.966,1.71886,1.7192,1.00,1.00
2017.12.14 21:29:08.275,1.71885,1.71921,1.50,1.50
2017.12.14 21:29:10.824,1.71884,1.71918,1.00,1.00
2017.12.14 21:29:11.346,1.71884,1.71917,1.00,1.00
2017.12.14 21:29:11.895,1.71883,1.71918,1.00,1.50
2017.12.14 21:29:13.327,1.71886,1.7192,1.00,1.00
2017.12.14 21:29:13.879,1.71885,1.71921,1.00,1.00
2017.12.14 21:29:14.472,1.71886,1.7192,1.00,1.00
2017.12.14 21:29:15.769,1.71885,1.71921,1.00,1.00
2017.12.14 21:29:16.847,1.71888,1.71922,1.00,1.00
2017.12.14 21:29:17.449,1.71889,1.71922,1.00,1.00
2017.12.14 21:29:17.602,1.71885,1.71921,1.00,1.00
2017.12.14 21:29:19.046,1.71884,1.71918,1.25,1.00
2017.12.14 21:29:20.446,1.7188,1.71913,1.00,1.00
2017.12.14 21:29:20.497,1.71878,1.71913,1.00,1.00
2017.12.14 21:29:20.599,1.71877,1.7191,1.00,1.50
2017.12.14 21:29:20.903,1.71872,1.71905,1.00,1.00
2017.12.14 21:29:21.450,1.71871,1.71906,1.00,1.00
2017.12.14 21:29:26.730,1.71872,1.71905,1.00,1.00
2017.12.14 21:29:28.813,1.71871,1.71906,1.50,1.50
2017.12.14 21:29:32.165,1.71873,1.71906,1.00,1.00
2017.12.14 21:29:32.267,1.71871,1.71906,1.50,1.50
2017.12.14 21:29:32.965,1.7187,1.71907,1.00,1.50
2017.12.14 21:29:33.067,1.7187,1.71901,1.00,1.00
2017.12.14 21:29:33.320,1.71871,1.71905,1.00,1.00
2017.12.14 21:29:33.422,1.7187,1.71903,1.00,1.00
2017.12.14 21:29:33.771,1.71841,1.71874,1.37,1.00
2017.12.14 21:29:33.873,1.71826,1.71862,1.00,1.00
2017.12.14 21:29:33.924,1.71829,1.71862,1.00,1.00
2017.12.14 21:29:34.241,1.71829,1.71865,1.50,1.00
2017.12.14 21:29:34.938,1.71833,1.71867,1.00,1.00
2017.12.14 21:29:35.777,1.71834,1.71867,1.00,1.00
2017.12.14 21:29:36.305,1.71833,1.71866,1.00,1.00
2017.12.14 21:29:36.825,1.71833,1.71867,1.00,1.00
2017.12.14 21:29:37.434,1.71836,1.71867,1.00,1.00
2017.12.14 21:29:37.573,1.71836,1.71871,1.50,1.69
2017.12.14 21:29:37.757,1.71837,1.7187,1.00,1.69
2017.12.14 21:29:38.809,1.71836,1.71871,1.50,1.69
2017.12.14 21:29:40.096,1.71837,1.7187,1.00,1.00
2017.12.14 21:29:40.456,1.71834,1.71867,1.00,1.50
2017.12.14 21:29:40.507,1.71832,1.71867,1.00,1.00
2017.12.14 21:29:42.653,1.71833,1.71866,1.00,1.25
2017.12.14 21:29:43.457,1.71832,1.71867,1.50,1.69
2017.12.14 21:29:44.054,1.71834,1.71867,1.00,1.25
2017.12.14 21:29:44.599,1.71835,1.71869,1.00,1.00
2017.12.14 21:29:45.393,1.71834,1.7187,1.50,1.00
2017.12.14 21:29:45.929,1.71835,1.71869,1.00,1.00
2017.12.14 21:29:45.980,1.71838,1.71871,1.00,2.44
2017.12.14 21:29:46.082,1.71834,1.71869,1.00,1.87
2017.12.14 21:29:46.184,1.71834,1.71864,1.00,1.00
2017.12.14 21:29:46.235,1.71834,1.7187,1.50,1.00
2017.12.14 21:29:46.392,1.71836,1.7187,1.00,1.50
2017.12.14 21:29:46.697,1.71837,1.71873,1.50,2.25
2017.12.14 21:29:48.194,1.71836,1.7187,1.00,1.00
2017.12.14 21:29:49.191,1.71832,1.71867,1.50,1.50
2017.12.14 21:29:49.750,1.71833,1.71866,1.00,1.00
2017.12.14 21:29:50.345,1.71832,1.71867,1.50,1.50
2017.12.14 21:29:52.089,1.71833,1.71866,1.00,1.00
2017.12.14 21:29:52.725,1.71832,1.71867,1.00,1.00
2017.12.14 21:29:53.135,1.71835,1.71868,1.00,1.00
2017.12.14 21:29:55.365,1.71834,1.71868,1.00,1.00
2017.12.14 21:29:55.959,1.71835,1.71868,1.00,1.00
2017.12.14 21:29:56.538,1.71832,1.71867,1.00,1.00
2017.12.14 21:29:56.641,1.71834,1.71868,1.00,1.00
2017.12.14 21:29:57.172,1.71835,1.71868,1.00,1.00
2017.12.14 21:29:57.872,1.71834,1.71868,1.00,1.00
2017.12.14 21:29:58.432,1.71833,1.71866,1.00,1.00
2017.12.14 21:29:59.091,1.71832,1.71867,1.50,1.50
2017.12.14 21:29:59.798,1.71834,1.71867,1.00,1.00
2017.12.14 21:29:59.900,1.71835,1.7187,1.00,1.00
2017.12.14 21:30:00.052,1.71829,1.71874,1.00,1.00
2017.12.14 21:30:00.306,1.71832,1.71874,1.00,1.00
2017.12.14 21:30:00.725,1.71832,1.71872,1.00,1.00
2017.12.14 21:30:01.001,1.71833,1.71875,1.00,1.00
2017.12.14 21:30:01.052,1.71835,1.71876,1.00,1.00
2017.12.14 21:30:01.505,1.71833,1.71874,1.00,1.50
2017.12.14 21:30:01.608,1.71834,1.71877,1.00,1.50
2017.12.14 21:30:01.761,1.71833,1.71874,1.00,1.00
2017.12.14 21:30:02.067,1.71831,1.71874,1.00,1.00
2017.12.14 21:30:02.322,1.71833,1.71874,1.00,1.00
2017.12.14 21:30:02.861,1.71833,1.71874,1.00,1.88
2017.12.14 21:30:03.494,1.71833,1.71874,1.00,1.25
2017.12.14 21:30:04.051,1.71834,1.71876,1.00,1.19
2017.12.14 21:30:06.574,1.71833,1.71874,1.50,1.25
2017.12.14 21:30:08.180,1.71831,1.71874,1.00,1.25
2017.12.14 21:30:08.742,1.71831,1.71874,1.00,1.19
2017.12.14 21:30:09.342,1.71831,1.71874,1.00,1.25
2017.12.14 21:30:12.897,1.71831,1.71872,1.00,1.00
2017.12.14 21:30:13.266,1.71829,1.7187,1.00,1.00
2017.12.14 21:30:13.573,1.71829,1.7187,1.25,1.69
2017.12.14 21:30:14.078,1.71829,1.71869,1.88,1.38
2017.12.14 21:30:15.012,1.7183,1.7187,1.88,1.38
2017.12.14 21:30:15.388,1.7183,1.71873,1.38,1.44
2017.12.14 21:30:15.540,1.7183,1.71871,1.44,1.38
2017.12.14 21:30:18.649,1.71828,1.71871,2.63,1.44
2017.12.14 21:30:19.147,1.7183,1.7187,1.25,1.38
2017.12.14 21:30:20.719,1.71828,1.71865,1.38,1.38
2017.12.14 21:30:20.821,1.71828,1.7187,1.44,1.88
2017.12.14 21:30:23.770,1.71826,1.71868,1.38,1.25
2017.12.14 21:30:23.872,1.71826,1.71866,1.38,1.38
2017.12.14 21:30:25.067,1.71829,1.71868,1.13,1.38
2017.12.14 21:30:25.945,1.71829,1.71869,1.00,1.38
2017.12.14 21:30:26.480,1.71828,1.71869,1.88,1.88
2017.12.14 21:30:27.029,1.71828,1.71867,1.44,1.38
2017.12.14 21:30:27.740,1.71826,1.71868,1.88,1.38
2017.12.14 21:30:27.842,1.71829,1.71869,1.44,1.00
2017.12.14 21:30:27.987,1.71829,1.71869,1.38,1.44
2017.12.14 21:30:28.512,1.71829,1.71868,1.38,1.38
2017.12.14 21:30:28.563,1.71829,1.71869,1.44,1.38
2017.12.14 21:30:29.076,1.71829,1.71868,1.25,1.00
2017.12.14 21:30:29.929,1.71829,1.71868,1.13,1.44
2017.12.14 21:30:30.695,1.71829,1.71868,1.13,1.25
2017.12.14 21:30:35.391,1.71827,1.71868,1.69,1.19
2017.12.14 21:30:35.645,1.71831,1.71869,1.00,1.19
2017.12.14 21:30:35.696,1.71831,1.71871,1.00,1.19
2017.12.14 21:30:36.230,1.71831,1.71871,1.00,1.38
2017.12.14 21:30:36.839,1.71831,1.71872,1.00,1.56
2017.12.14 21:30:38.930,1.71831,1.71872,1.13,1.81
2017.12.14 21:30:39.083,1.71828,1.71868,1.88,1.38
2017.12.14 21:30:39.235,1.71829,1.71868,1.38,1.00
2017.12.14 21:30:39.920,1.71827,1.71869,1.38,1.38
2017.12.14 21:30:40.329,1.71829,1.71869,1.38,1.44
2017.12.14 21:30:41.290,1.71829,1.7187,1.38,1.88
2017.12.14 21:30:41.623,1.71831,1.71872,1.38,1.38
2017.12.14 21:30:43.241,1.71831,1.71873,1.38,1.44
2017.12.14 21:30:43.292,1.7183,1.71871,1.88,1.38
2017.12.14 21:30:43.495,1.71834,1.71873,1.38,1.25
2017.12.14 21:30:43.547,1.71832,1.71872,1.00,1.56
2017.12.14 21:30:44.298,1.7183,1.71871,1.88,1.50
2017.12.14 21:30:46.378,1.7183,1.71871,1.44,2.25
2017.12.14 21:30:50.685,1.71831,1.71871,1.38,1.88
2017.12.14 21:30:51.505,1.71831,1.71872,1.13,1.75
2017.12.14 21:30:51.808,1.71829,1.7187,1.38,1.38
2017.12.14 21:30:54.037,1.7183,1.71871,1.38,1.88
2017.12.14 21:30:54.256,1.71828,1.71871,2.25,1.88
2017.12.14 21:30:54.411,1.71829,1.7187,1.88,1.38
2017.12.14 21:30:54.902,1.7183,1.7187,1.38,1.88
2017.12.14 21:30:55.465,1.71829,1.71869,1.38,1.38
2017.12.14 21:30:55.567,1.7183,1.7187,1.38,1.88
2017.12.14 21:30:55.618,1.71832,1.7187,1.38,1.44
2017.12.14 21:30:56.457,1.71831,1.71873,1.38,2.25
2017.12.14 21:30:56.963,1.71831,1.71873,1.38,2.25
2017.12.14 21:30:57.500,1.71832,1.71871,1.38,1.75
2017.12.14 21:30:58.046,1.71831,1.71871,1.38,2.25
2017.12.14 21:30:59.005,1.71831,1.71871,1.38,1.88
2017.12.14 21:30:59.591,1.71831,1.71871,1.38,1.88
2017.12.14 21:30:59.950,1.71832,1.7187,1.38,1.38
2017.12.14 21:31:01.491,1.71831,1.7187,1.38,1.44
2017.12.14 21:31:05.303,1.71832,1.71872,1.19,1.25
2017.12.14 21:31:05.484,1.71834,1.71874,1.19,1.19
2017.12.14 21:31:05.810,1.71833,1.71874,1.38,1.38
2017.12.14 21:31:06.160,1.71834,1.71871,1.88,1.44
2017.12.14 21:31:07.321,1.71834,1.71872,1.44,1.38
2017.12.14 21:31:07.838,1.71834,1.71871,1.88,1.38
2017.12.14 21:31:08.287,1.71834,1.71873,1.44,1.38
2017.12.14 21:31:08.838,1.71834,1.71874,1.88,1.88
2017.12.14 21:31:08.889,1.71834,1.71871,1.38,1.38
2017.12.14 21:31:09.050,1.71833,1.71873,1.38,1.44
2017.12.14 21:31:09.605,1.71836,1.71871,1.19,1.00
2017.12.14 21:31:09.657,1.71836,1.71877,1.19,1.69
2017.12.14 21:31:09.758,1.71834,1.71874,1.69,1.19
2017.12.14 21:31:10.283,1.71834,1.71873,1.88,1.13
2017.12.14 21:31:11.256,1.71834,1.71873,1.88,1.38
2017.12.14 21:31:11.835,1.71835,1.71873,1.38,1.88
2017.12.14 21:31:13.209,1.71834,1.71873,1.88,1.19
2017.12.14 21:31:14.077,1.71834,1.71874,1.25,1.38
2017.12.14 21:31:14.604,1.71834,1.71873,1.44,1.38
2017.12.14 21:31:15.124,1.71834,1.71874,1.25,1.44
2017.12.14 21:31:15.690,1.71834,1.71873,1.44,1.38
2017.12.14 21:31:16.464,1.71834,1.71874,1.00,1.19
2017.12.14 21:31:16.992,1.71833,1.71874,1.25,1.19
2017.12.14 21:31:26.142,1.71833,1.71872,1.69,1.19
2017.12.14 21:31:27.650,1.71833,1.71874,1.25,1.69
2017.12.14 21:31:28.249,1.71833,1.71872,1.69,1.19
2017.12.14 21:31:28.474,1.71833,1.71873,1.25,1.19
2017.12.14 21:31:29.014,1.71834,1.71871,1.00,1.25
2017.12.14 21:31:29.066,1.71834,1.7187,1.00,1.31
2017.12.14 21:31:29.641,1.71833,1.7187,1.00,1.25
2017.12.14 21:31:30.180,1.71833,1.7187,1.00,1.19
2017.12.14 21:31:30.687,1.71833,1.7187,1.00,1.00
2017.12.14 21:31:32.596,1.71833,1.71873,1.00,1.69
2017.12.14 21:31:33.143,1.71833,1.71873,1.69,1.69
2017.12.14 21:31:33.810,1.71833,1.71874,1.69,1.69
2017.12.14 21:31:36.609,1.71839,1.71874,1.00,1.69
2017.12.14 21:31:36.868,1.71833,1.71874,1.69,1.69
2017.12.14 21:31:38.497,1.71834,1.71873,1.00,1.19
2017.12.14 21:31:39.099,1.71834,1.71873,1.00,1.69
2017.12.14 21:31:39.641,1.71833,1.71873,1.25,1.69
2017.12.14 21:31:44.517,1.71835,1.71874,1.56,1.19
2017.12.14 21:31:45.125,1.71835,1.71875,1.37,1.19
2017.12.14 21:31:51.266,1.71835,1.71875,1.19,1.18
2017.12.14 21:31:51.726,1.71835,1.71875,1.62,1.18
2017.12.14 21:31:52.325,1.71834,1.71876,2.06,1.18
2017.12.14 21:31:59.704,1.71835,1.71877,2.06,1.18
2017.12.14 21:32:00.218,1.71835,1.71876,1.56,1.18
2017.12.14 21:32:01.615,1.71835,1.71877,1.56,1.18
2017.12.14 21:32:02.414,1.71835,1.71878,2.06,1.68
2017.12.14 21:32:03.891,1.71836,1.71875,1.00,1.18
2017.12.14 21:32:04.567,1.71838,1.71874,1.00,1.18
2017.12.14 21:32:04.851,1.71835,1.71878,1.56,1.24
2017.12.14 21:32:05.550,1.71834,1.71876,1.56,1.00
2017.12.14 21:32:05.890,1.71835,1.71878,1.56,1.25
2017.12.14 21:32:07.610,1.71835,1.71877,2.06,1.19
2017.12.14 21:32:15.821,1.71838,1.71876,1.31,1.19
2017.12.14 21:32:16.129,1.71839,1.71876,1.94,1.19
2017.12.14 21:32:19.067,1.71844,1.71879,2.62,1.19
2017.12.14 21:32:19.118,1.71849,1.71881,1.37,1.19
2017.12.14 21:32:19.221,1.71849,1.71885,1.00,1.38
2017.12.14 21:32:22.524,1.71849,1.71886,1.50,1.38
2017.12.14 21:32:23.213,1.71849,1.71885,1.50,1.38
2017.12.14 21:32:24.138,1.71849,1.71885,1.50,1.38
2017.12.14 21:32:26.318,1.71853,1.71887,1.00,1.38
2017.12.14 21:32:31.393,1.71849,1.71886,1.88,1.38
2017.12.14 21:32:39.166,1.7185,1.71885,1.38,1.38
2017.12.14 21:32:39.778,1.71853,1.71885,1.00,1.38
2017.12.14 21:32:39.830,1.71849,1.71886,1.19,1.38
2017.12.14 21:32:39.932,1.71849,1.71885,1.38,1.38
2017.12.14 21:32:40.435,1.71849,1.71883,1.38,1.38
2017.12.14 21:32:40.895,1.71849,1.71884,1.25,1.38
2017.12.14 21:32:40.997,1.71845,1.71888,1.88,1.75
2017.12.14 21:32:41.532,1.71844,1.71884,1.38,1.50
2017.12.14 21:32:44.210,1.71845,1.71884,1.38,1.75
2017.12.14 21:32:44.857,1.71843,1.71883,1.88,1.38
2017.12.14 21:32:45.676,1.71845,1.71883,1.38,1.38
2017.12.14 21:32:51.714,1.71844,1.71884,1.38,1.38
2017.12.14 21:32:52.675,1.71843,1.7188,2.63,1.56
2017.12.14 21:32:52.726,1.71842,1.7188,1.25,2.25
2017.12.14 21:32:53.591,1.71842,1.71881,1.13,2.25
2017.12.14 21:32:53.642,1.71841,1.71879,1.38,1.75
2017.12.14 21:32:54.198,1.7184,1.71879,1.44,1.75
2017.12.14 21:32:55.198,1.71843,1.71881,1.25,2.06
2017.12.14 21:32:55.748,1.71842,1.71877,1.00,1.13
2017.12.14 21:32:56.867,1.71841,1.71877,1.25,1.13
2017.12.14 21:32:57.399,1.71842,1.71877,1.00,1.13
2017.12.14 21:32:58.110,1.71842,1.71877,1.13,2.25
2017.12.14 21:32:58.853,1.71843,1.71877,1.00,2.25
2017.12.14 21:32:59.922,1.71843,1.71879,1.00,1.75
2017.12.14 21:33:00.359,1.71843,1.71877,1.00,1.88
2017.12.14 21:33:00.461,1.71838,1.71873,1.25,1.75
2017.12.14 21:33:01.543,1.71839,1.71873,1.00,1.75
2017.12.14 21:33:02.100,1.71839,1.71874,1.00,1.75
2017.12.14 21:33:04.262,1.71838,1.71874,1.00,1.75
2017.12.14 21:33:04.822,1.71838,1.71873,1.25,1.75
2017.12.14 21:33:06.727,1.71838,1.71874,1.00,2.25
2017.12.14 21:33:09.230,1.71838,1.71872,1.00,1.75
2017.12.14 21:33:09.763,1.71834,1.71872,1.38,1.75
2017.12.14 21:33:11.207,1.71834,1.71872,1.44,1.38
2017.12.14 21:33:14.294,1.71834,1.71871,1.88,1.38
2017.12.14 21:33:18.930,1.71834,1.7187,1.25,1.38
2017.12.14 21:33:20.820,1.71834,1.7187,1.00,1.19
2017.12.14 21:33:21.336,1.71834,1.7187,1.25,1.38
2017.12.14 21:33:21.996,1.71834,1.7187,1.00,1.38
2017.12.14 21:33:24.026,1.71839,1.7187,1.00,1.38
2017.12.14 21:33:24.638,1.71839,1.71869,1.00,1.38
2017.12.14 21:33:26.585,1.71839,1.71869,1.00,1.38
2017.12.14 21:33:29.497,1.71839,1.71871,1.00,1.38
2017.12.14 21:33:30.245,1.71839,1.7187,1.00,1.38
2017.12.14 21:33:30.734,1.71839,1.71871,1.00,1.19
2017.12.14 21:33:31.280,1.71839,1.71871,1.00,1.38
2017.12.14 21:33:36.784,1.71839,1.7187,1.00,1.38
2017.12.14 21:33:37.552,1.71839,1.71871,1.00,1.38
2017.12.14 21:33:46.745,1.71834,1.7187,1.00,1.38
2017.12.14 21:33:58.225,1.71834,1.71869,1.00,1.38
2017.12.14 21:33:58.815,1.71834,1.71874,1.19,1.19
2017.12.14 21:33:58.917,1.71835,1.71873,1.00,1.56
2017.12.14 21:33:59.120,1.71833,1.71871,1.13,1.50
2017.12.14 21:34:00.532,1.71834,1.71872,1.00,1.75
2017.12.14 21:34:01.033,1.71833,1.71872,1.25,1.75
2017.12.14 21:34:09.243,1.71834,1.71873,1.38,1.75
2017.12.14 21:34:14.775,1.71833,1.7187,1.44,1.50
2017.12.14 21:34:16.218,1.71833,1.71872,1.13,1.75
2017.12.14 21:34:16.353,1.71834,1.71875,1.38,1.75
2017.12.14 21:34:19.946,1.71834,1.71872,1.00,1.75
2017.12.14 21:34:20.508,1.71834,1.71872,1.44,1.75
2017.12.14 21:34:21.698,1.71834,1.7187,1.25,1.31
2017.12.14 21:34:27.138,1.71834,1.71871,1.00,1.38
2017.12.14 21:34:30.762,1.71833,1.71871,1.25,1.38
2017.12.14 21:34:33.230,1.71833,1.7187,1.19,1.38
2017.12.14 21:34:39.410,1.71833,1.71871,1.25,1.38
2017.12.14 21:34:51.886,1.71833,1.7187,1.44,1.38
2017.12.14 21:34:52.427,1.71833,1.71871,1.13,1.38
2017.12.14 21:34:54.438,1.71833,1.7187,1.38,1.50
2017.12.14 21:34:54.986,1.71838,1.7187,1.00,1.50
2017.12.14 21:34:56.667,1.71839,1.7187,1.00,1.50
2017.12.14 21:34:58.133,1.71839,1.71871,1.00,1.38
2017.12.14 21:35:03.926,1.71839,1.7187,1.00,1.38
2017.12.14 21:35:04.935,1.71839,1.71871,1.00,1.38
2017.12.14 21:35:06.517,1.71838,1.71871,1.00,1.38
2017.12.14 21:35:08.702,1.71838,1.71871,1.00,1.19
2017.12.14 21:35:09.254,1.71838,1.71871,1.00,1.38
2017.12.14 21:35:10.969,1.71838,1.71872,1.00,1.38
2017.12.14 21:35:12.252,1.71839,1.71872,1.00,1.38
2017.12.14 21:35:24.499,1.71839,1.71871,1.00,1.38
2017.12.14 21:35:25.040,1.71838,1.71877,1.69,1.88
2017.12.14 21:35:25.928,1.71838,1.71877,1.38,1.88
2017.12.14 21:35:25.979,1.71839,1.71877,1.13,2.19
2017.12.14 21:35:26.030,1.7184,1.71876,1.38,1.81
2017.12.14 21:35:26.081,1.71838,1.71873,2.81,1.00
2017.12.14 21:35:26.132,1.71838,1.71872,1.12,1.75
2017.12.14 21:35:28.826,1.71838,1.71872,1.12,1.38
2017.12.14 21:35:29.787,1.71838,1.7187,1.12,1.38
2017.12.14 21:35:33.511,1.71838,1.71871,1.00,1.38
2017.12.14 21:35:36.759,1.71838,1.71875,1.00,1.75
2017.12.14 21:35:37.516,1.71838,1.71875,1.00,1.75
2017.12.14 21:35:38.845,1.71839,1.71876,1.00,2.63
2017.12.14 21:35:38.946,1.71839,1.71876,1.44,2.25
2017.12.14 21:35:38.997,1.71839,1.71876,1.00,2.25
2017.12.14 21:35:42.063,1.71839,1.71876,1.00,1.75
2017.12.14 21:35:45.981,1.71839,1.71876,1.00,1.75
2017.12.14 21:35:55.048,1.71835,1.71876,1.88,2.25
2017.12.14 21:35:56.275,1.71838,1.71876,1.38,1.88
2017.12.14 21:35:57.085,1.71838,1.71876,1.38,1.88
2017.12.14 21:35:57.713,1.71838,1.71876,1.38,1.88
2017.12.14 21:35:58.918,1.71838,1.71876,1.00,1.88
2017.12.14 21:35:59.933,1.71838,1.71875,1.13,1.75
2017.12.14 21:36:00.444,1.71838,1.71877,1.00,3.38
2017.12.14 21:36:02.594,1.71838,1.71876,1.00,1.69
2017.12.14 21:36:03.201,1.71838,1.71877,1.00,3.75
2017.12.14 21:36:04.474,1.71838,1.71874,1.00,1.62
2017.12.14 21:36:05.024,1.71838,1.71873,1.00,1.56
2017.12.14 21:36:05.866,1.71838,1.71874,1.00,2.25
2017.12.14 21:36:06.384,1.71834,1.71874,1.88,1.75
2017.12.14 21:36:07.193,1.71838,1.71875,1.00,2.25
2017.12.14 21:36:07.414,1.71834,1.71875,1.38,2.25
2017.12.14 21:36:07.815,1.71839,1.71875,1.00,2.25
2017.12.14 21:36:08.655,1.71839,1.71874,1.00,1.75
2017.12.14 21:36:09.640,1.71839,1.71876,1.00,3.38
2017.12.14 21:36:11.542,1.71839,1.71876,1.44,1.75
2017.12.14 21:36:12.058,1.71839,1.71875,1.38,1.13
2017.12.14 21:36:12.669,1.71838,1.71876,1.88,1.13
2017.12.14 21:36:16.276,1.71838,1.71876,1.69,2.44
2017.12.14 21:36:16.632,1.71839,1.71875,1.38,1.13
2017.12.14 21:36:17.215,1.71838,1.71876,1.88,2.63
2017.12.14 21:36:17.951,1.71838,1.71875,1.38,1.13
2017.12.14 21:36:23.324,1.71838,1.71876,1.25,2.44
2017.12.14 21:36:23.375,1.71838,1.71875,1.38,1.13
2017.12.14 21:36:27.151,1.71838,1.71876,1.44,2.63
2017.12.14 21:36:30.572,1.71838,1.71876,1.25,1.13
2017.12.14 21:36:33.006,1.71838,1.71876,1.88,1.13
2017.12.14 21:36:33.440,1.7184,1.71878,1.38,1.50
2017.12.14 21:36:33.491,1.71842,1.71876,1.38,2.44
2017.12.14 21:36:33.542,1.7184,1.71877,1.19,2.81
2017.12.14 21:36:33.593,1.71839,1.71878,1.38,1.25
2017.12.14 21:36:33.848,1.71842,1.71876,1.38,1.56
2017.12.14 21:36:33.899,1.71839,1.71877,2.63,1.88
2017.12.14 21:36:34.174,1.7184,1.71875,1.38,1.13
2017.12.14 21:36:34.763,1.71839,1.71876,1.88,1.13
2017.12.14 21:36:34.814,1.71839,1.71876,1.25,1.13
2017.12.14 21:36:36.049,1.71839,1.71876,1.88,1.13
2017.12.14 21:36:37.723,1.71839,1.71876,1.25,1.88
2017.12.14 21:36:42.213,1.71837,1.71875,1.38,1.13
2017.12.14 21:36:43.886,1.71837,1.71876,1.38,1.13
2017.12.14 21:36:44.423,1.71837,1.71875,1.88,1.13
2017.12.14 21:36:45.311,1.71838,1.71877,1.19,2.81
2017.12.14 21:36:45.817,1.71837,1.71876,1.88,1.13
2017.12.14 21:36:47.262,1.7184,1.71875,1.38,1.13
2017.12.14 21:36:48.182,1.71839,1.71877,1.19,2.81
2017.12.14 21:36:48.300,1.71843,1.71879,1.44,1.38
2017.12.14 21:36:48.604,1.71844,1.71884,1.88,1.88
2017.12.14 21:36:49.019,1.71848,1.71887,1.38,1.75
2017.12.14 21:36:51.017,1.7185,1.71886,1.25,1.75
2017.12.14 21:36:51.583,1.71847,1.71886,1.38,1.75
2017.12.14 21:36:52.768,1.71847,1.71886,1.19,1.56
2017.12.14 21:36:53.318,1.71847,1.71886,1.38,1.75
2017.12.14 21:36:54.710,1.71847,1.71885,1.44,1.75
2017.12.14 21:36:55.415,1.71847,1.71886,1.88,1.75
2017.12.14 21:36:58.306,1.7185,1.71887,1.88,1.13
2017.12.14 21:37:01.778,1.71851,1.71888,1.38,1.13
2017.12.14 21:37:02.032,1.71853,1.71892,1.38,1.88
2017.12.14 21:37:02.134,1.71857,1.71895,1.38,1.31
2017.12.14 21:37:03.033,1.71855,1.71892,1.88,1.13
2017.12.14 21:37:04.105,1.71856,1.71891,1.25,1.13
2017.12.14 21:37:04.633,1.71856,1.71892,1.38,1.13
2017.12.14 21:37:04.943,1.71856,1.71892,1.25,1.13
2017.12.14 21:37:05.246,1.71855,1.71891,1.00,1.38
2017.12.14 21:37:05.551,1.71858,1.71895,1.44,1.31
2017.12.14 21:37:08.681,1.71858,1.71896,1.00,1.94
2017.12.14 21:37:09.215,1.71859,1.71896,1.00,1.94
2017.12.14 21:37:09.759,1.71859,1.71896,1.00,1.94
2017.12.14 21:37:12.970,1.71858,1.71896,1.13,1.94
2017.12.14 21:37:15.142,1.71858,1.71897,1.44,2.06
2017.12.14 21:37:15.653,1.71858,1.71896,1.44,1.94
2017.12.14 21:37:16.219,1.71858,1.71897,1.25,1.31
2017.12.14 21:37:21.425,1.71856,1.71892,1.00,1.38
2017.12.14 21:37:21.476,1.71856,1.71897,1.38,1.88
2017.12.14 21:37:22.033,1.71857,1.71896,1.38,2.25
2017.12.14 21:37:24.713,1.71859,1.71897,1.88,2.81
2017.12.14 21:37:24.765,1.71862,1.71899,1.38,1.38
2017.12.14 21:37:24.867,1.71863,1.71902,1.88,1.56
2017.12.14 21:37:25.204,1.71864,1.71902,1.38,1.13
2017.12.14 21:37:26.092,1.71865,1.71901,1.38,1.13
2017.12.14 21:37:26.910,1.71864,1.71902,1.38,1.13
2017.12.14 21:37:27.238,1.71866,1.71904,1.88,1.38
2017.12.14 21:37:29.808,1.71868,1.71904,1.25,1.38
2017.12.14 21:37:32.026,1.71871,1.71911,1.38,2.06
2017.12.14 21:37:32.128,1.71872,1.71909,1.13,1.13
2017.12.14 21:37:32.280,1.71874,1.71909,1.00,1.13
2017.12.14 21:37:32.781,1.71874,1.71908,1.00,1.13
2017.12.14 21:37:33.095,1.71874,1.7191,1.00,1.94
2017.12.14 21:37:33.721,1.71874,1.71911,1.00,2.06
2017.12.14 21:37:34.346,1.71882,1.71918,1.38,1.00
2017.12.14 21:37:34.397,1.71882,1.71918,1.00,1.25
2017.12.14 21:37:34.448,1.71887,1.71925,1.44,1.38
2017.12.14 21:37:34.760,1.71884,1.71921,1.69,1.69
2017.12.14 21:37:34.862,1.71883,1.71924,1.69,1.19
2017.12.14 21:37:35.257,1.71883,1.71923,1.88,1.31
2017.12.14 21:37:35.308,1.71883,1.71925,1.88,1.38
2017.12.14 21:37:35.359,1.71883,1.71922,1.38,1.75
2017.12.14 21:37:36.033,1.71875,1.7191,1.00,1.38
2017.12.14 21:37:36.084,1.71876,1.7191,1.00,1.44
2017.12.14 21:37:36.287,1.71871,1.71908,1.25,1.38
2017.12.14 21:37:39.011,1.71871,1.71908,1.00,1.19
2017.12.14 21:37:39.559,1.71871,1.71908,1.25,1.38
2017.12.14 21:37:39.854,1.71873,1.71908,1.00,1.38
2017.12.14 21:37:40.437,1.71871,1.71912,1.00,1.38
2017.12.14 21:37:40.488,1.71875,1.71912,1.38,1.00
2017.12.14 21:37:40.539,1.71875,1.71915,2.63,1.38
2017.12.14 21:37:40.742,1.71874,1.7191,1.00,1.38
2017.12.14 21:37:40.984,1.7187,1.71908,1.25,1.38
2017.12.14 21:37:44.808,1.71869,1.71906,1.38,1.38
2017.12.14 21:37:45.336,1.71868,1.71907,1.38,1.37
2017.12.14 21:37:50.873,1.71869,1.71909,1.38,1.38
2017.12.14 21:37:54.711,1.71869,1.71909,1.88,1.25
2017.12.14 21:37:54.762,1.71875,1.71909,1.38,1.00
2017.12.14 21:37:54.864,1.7188,1.71918,1.00,1.50
2017.12.14 21:37:54.915,1.71878,1.71917,1.25,1.38
2017.12.14 21:37:55.603,1.71876,1.71914,1.38,1.13
2017.12.14 21:37:55.754,1.71875,1.71915,1.38,1.38
2017.12.14 21:37:58.273,1.71873,1.7191,1.00,1.38
2017.12.14 21:37:58.807,1.71873,1.71908,1.00,1.38
2017.12.14 21:37:59.886,1.71873,1.71906,1.00,1.38
2017.12.14 21:38:00.131,1.71868,1.71906,1.88,1.38
2017.12.14 21:38:00.283,1.71869,1.71908,1.38,1.38
2017.12.14 21:38:00.741,1.71873,1.71908,1.00,1.38
2017.12.14 21:38:00.950,1.71869,1.71908,1.38,1.38
2017.12.14 21:38:01.093,1.71867,1.71908,1.25,1.88
2017.12.14 21:38:01.195,1.71864,1.71906,1.38,1.38
2017.12.14 21:38:01.712,1.71863,1.71904,1.88,1.38
2017.12.14 21:38:02.249,1.71863,1.71902,1.38,1.38
2017.12.14 21:38:04.643,1.71863,1.719,1.38,1.38
2017.12.14 21:38:04.910,1.71863,1.71902,1.38,1.25
2017.12.14 21:38:05.250,1.71863,1.71901,1.88,1.38
2017.12.14 21:38:05.660,1.71856,1.71896,1.12,1.38
2017.12.14 21:38:05.711,1.71856,1.71892,1.12,1.38
2017.12.14 21:38:06.024,1.71853,1.71888,1.37,1.38
2017.12.14 21:38:07.342,1.71853,1.71888,1.37,1.38
2017.12.14 21:38:07.495,1.71849,1.71886,1.44,1.38
2017.12.14 21:38:07.546,1.71853,1.71889,1.00,1.38
2017.12.14 21:38:07.597,1.71848,1.71886,1.44,1.38
2017.12.14 21:38:09.865,1.71849,1.71886,1.00,1.38
2017.12.14 21:38:10.416,1.71848,1.71886,1.25,1.38
2017.12.14 21:38:13.819,1.71851,1.71891,1.38,1.38
2017.12.14 21:38:14.124,1.71853,1.7189,1.69,1.94
2017.12.14 21:38:17.909,1.71848,1.71889,2.63,1.75
2017.12.14 21:38:17.960,1.71848,1.71884,1.44,1.75
2017.12.14 21:38:18.113,1.71845,1.71883,1.38,1.31
2017.12.14 21:38:18.165,1.71844,1.71882,1.38,1.13
2017.12.14 21:38:25.290,1.71844,1.71882,1.88,1.38
2017.12.14 21:38:25.827,1.71848,1.71882,1.00,1.38
2017.12.14 21:38:29.506,1.71849,1.71882,1.00,1.38
2017.12.14 21:38:30.113,1.71849,1.71884,1.00,1.38
2017.12.14 21:38:30.620,1.71848,1.71884,1.00,1.38
2017.12.14 21:38:32.068,1.71848,1.71884,1.00,1.31
2017.12.14 21:38:32.616,1.71848,1.71884,1.00,1.38
2017.12.14 21:38:33.129,1.71849,1.71882,1.00,1.38
2017.12.14 21:38:40.213,1.71848,1.71883,1.00,1.38
2017.12.14 21:38:40.658,1.71853,1.71884,1.00,1.75
2017.12.14 21:38:40.710,1.71846,1.71883,1.38,1.31
2017.12.14 21:38:41.249,1.71847,1.71884,1.00,2.06
2017.12.14 21:38:41.361,1.71844,1.71884,1.69,2.06
2017.12.14 21:38:41.464,1.71845,1.71884,1.38,2.06
2017.12.14 21:38:43.824,1.71848,1.71887,1.88,1.75
2017.12.14 21:38:44.246,1.71849,1.71888,1.38,1.13
2017.12.14 21:38:44.786,1.71848,1.71885,1.25,1.75
2017.12.14 21:38:45.104,1.71854,1.71885,1.00,1.75
2017.12.14 21:38:45.371,1.71848,1.71884,1.00,1.38
2017.12.14 21:38:45.960,1.71848,1.71882,1.00,1.38
2017.12.14 21:38:46.484,1.71849,1.71882,1.00,1.38
2017.12.14 21:38:46.845,1.71848,1.7188,1.00,1.38
2017.12.14 21:38:46.998,1.7184,1.71881,1.38,1.38
2017.12.14 21:38:47.050,1.71843,1.7188,1.00,1.19
2017.12.14 21:38:47.101,1.71843,1.71881,1.00,1.69
2017.12.14 21:38:47.373,1.71844,1.71878,1.00,1.19
2017.12.14 21:38:47.934,1.71843,1.71879,1.00,1.69
2017.12.14 21:38:48.467,1.71843,1.71879,1.00,1.88
2017.12.14 21:38:48.842,1.71843,1.71877,1.00,1.38
2017.12.14 21:38:48.978,1.71843,1.71878,1.00,1.19
2017.12.14 21:38:49.690,1.71843,1.71876,1.00,1.19
2017.12.14 21:38:49.792,1.71843,1.71876,1.00,1.38
2017.12.14 21:38:50.296,1.71843,1.71876,1.00,1.38
2017.12.14 21:38:50.957,1.71844,1.71876,1.00,1.38
2017.12.14 21:38:51.617,1.71844,1.71875,1.00,1.38
2017.12.14 21:38:52.415,1.71844,1.71877,1.00,1.38
2017.12.14 21:38:54.467,1.71844,1.71879,1.00,1.38
2017.12.14 21:38:54.621,1.71848,1.71882,1.00,1.38
2017.12.14 21:38:56.820,1.71846,1.71884,1.25,1.31
2017.12.14 21:38:57.450,1.71847,1.71884,1.13,1.38
2017.12.14 21:38:58.564,1.71849,1.71884,1.00,1.38
2017.12.14 21:38:58.615,1.71848,1.71885,1.00,1.75
2017.12.14 21:38:58.869,1.71849,1.71884,1.00,1.38
2017.12.14 21:38:59.104,1.71844,1.71883,1.38,1.38
2017.12.14 21:39:00.402,1.71844,1.71884,1.25,1.31
2017.12.14 21:39:00.909,1.71844,1.71884,1.25,1.31
2017.12.14 21:39:01.010,1.71844,1.71883,1.44,1.38
2017.12.14 21:39:02.561,1.71848,1.71883,1.00,1.38
2017.12.14 21:39:07.442,1.71848,1.71883,1.00,1.38
2017.12.14 21:39:08.885,1.71848,1.71884,1.00,1.38
2017.12.14 21:39:09.444,1.71848,1.71883,1.00,1.38
2017.12.14 21:39:09.638,1.71844,1.71883,1.88,1.38
2017.12.14 21:39:10.212,1.71844,1.71883,1.44,1.38
2017.12.14 21:39:11.901,1.71844,1.71884,1.25,1.38
2017.12.14 21:39:11.952,1.71845,1.71884,1.38,1.38
2017.12.14 21:39:12.104,1.71843,1.7188,1.69,1.38
2017.12.14 21:39:12.937,1.71843,1.71879,1.00,1.38
2017.12.14 21:39:13.158,1.71839,1.71879,1.38,1.38
2017.12.14 21:39:15.294,1.71839,1.71877,1.25,1.38
2017.12.14 21:39:18.534,1.71839,1.71877,1.38,1.38
2017.12.14 21:39:22.476,1.71839,1.71878,1.38,1.75
2017.12.14 21:39:25.091,1.71839,1.71879,1.13,1.75
2017.12.14 21:39:31.705,1.71843,1.71881,1.38,1.75
2017.12.14 21:39:32.276,1.71844,1.71881,1.25,1.56
2017.12.14 21:39:32.701,1.71844,1.7188,1.88,1.75
2017.12.14 21:39:35.773,1.71844,1.71883,1.25,1.13
2017.12.14 21:39:46.257,1.71844,1.71881,1.44,1.75
2017.12.14 21:39:48.576,1.71844,1.71883,1.38,1.75
2017.12.14 21:39:48.627,1.71843,1.71882,1.44,1.75
2017.12.14 21:39:50.075,1.71844,1.71884,1.88,1.88
2017.12.14 21:39:50.599,1.71847,1.71884,1.00,1.88
2017.12.14 21:39:57.291,1.71845,1.71883,1.00,1.75
2017.12.14 21:39:57.811,1.71844,1.71884,1.13,1.88
2017.12.14 21:40:00.801,1.71845,1.71883,1.38,1.13
2017.12.14 21:40:05.522,1.71844,1.71884,1.38,1.88
2017.12.14 21:40:06.132,1.71843,1.71883,1.44,1.88
2017.12.14 21:40:10.288,1.71843,1.71874,1.00,1.56
2017.12.14 21:40:10.340,1.71836,1.71874,1.00,1.75
2017.12.14 21:40:10.485,1.71838,1.71876,1.19,1.88
2017.12.14 21:40:10.537,1.71833,1.71871,1.38,1.38
2017.12.14 21:40:11.309,1.71834,1.71873,1.13,2.25
2017.12.14 21:40:12.194,1.71833,1.71871,1.25,1.38
2017.12.14 21:40:12.817,1.71833,1.71871,1.00,1.38
2017.12.14 21:40:13.696,1.71835,1.71874,1.38,2.25
2017.12.14 21:40:13.945,1.71832,1.71871,1.19,1.50
2017.12.14 21:40:14.047,1.7183,1.7187,1.38,1.38
2017.12.14 21:40:14.929,1.7183,1.71872,1.88,1.75
2017.12.14 21:40:29.760,1.71833,1.71871,1.88,1.75
2017.12.14 21:40:30.320,1.71833,1.71873,1.88,1.75
2017.12.14 21:40:30.900,1.71834,1.71873,1.38,1.75
2017.12.14 21:40:33.303,1.71834,1.71872,1.38,1.75
2017.12.14 21:40:34.081,1.71833,1.7187,1.88,1.50
2017.12.14 21:40:34.660,1.71833,1.71871,1.44,1.50
2017.12.14 21:40:35.035,1.71833,1.71871,1.44,1.38
2017.12.14 21:40:36.173,1.71834,1.71871,1.44,1.38
2017.12.14 21:40:36.826,1.71834,1.71871,1.25,1.38
2017.12.14 21:40:39.119,1.71833,1.71872,1.88,1.75
2017.12.14 21:40:46.938,1.71834,1.71874,1.38,1.88
2017.12.14 21:40:47.245,1.71832,1.71873,1.44,1.38
2017.12.14 21:40:47.413,1.71832,1.71874,1.38,1.44
2017.12.14 21:40:47.515,1.71835,1.71876,1.00,1.88
2017.12.14 21:40:49.593,1.71834,1.71875,1.00,1.38
2017.12.14 21:40:52.390,1.71835,1.71878,1.25,1.75
2017.12.14 21:40:52.907,1.71836,1.71879,1.00,1.75
2017.12.14 21:40:57.502,1.71837,1.71879,1.38,1.81
2017.12.14 21:40:58.048,1.7184,1.71884,1.00,3.38
2017.12.14 21:40:58.601,1.7184,1.71884,1.13,3.38
2017.12.14 21:40:58.915,1.71845,1.71882,1.25,1.13
2017.12.14 21:40:59.726,1.7184,1.71881,1.00,1.75
2017.12.14 21:40:59.828,1.71838,1.71881,1.00,2.25
2017.12.14 21:41:00.359,1.71838,1.7188,1.00,1.75
2017.12.14 21:41:00.691,1.71838,1.71876,1.00,1.38
2017.12.14 21:41:00.742,1.71835,1.71877,1.19,1.69
2017.12.14 21:41:00.794,1.71837,1.71879,1.00,1.62
2017.12.14 21:41:01.336,1.71837,1.71879,1.00,1.75
2017.12.14 21:41:01.594,1.71837,1.71879,1.00,1.62
2017.12.14 21:41:02.136,1.71837,1.71879,1.00,1.81
2017.12.14 21:41:02.668,1.71836,1.71878,1.00,1.75
2017.12.14 21:41:04.172,1.71836,1.7188,1.00,2.06
2017.12.14 21:41:04.273,1.71839,1.7188,1.00,2.06
2017.12.14 21:41:04.324,1.71836,1.71877,1.00,1.00
2017.12.14 21:41:04.632,1.71832,1.71875,1.19,1.19
2017.12.14 21:41:04.936,1.7183,1.71873,2.25,1.44
2017.12.14 21:41:05.308,1.71833,1.71873,1.38,1.88
2017.12.14 21:41:06.784,1.71831,1.71872,2.63,1.44
2017.12.14 21:41:07.570,1.71827,1.71866,1.25,1.38
2017.12.14 21:41:07.824,1.71823,1.71864,1.88,1.25
2017.12.14 21:41:08.329,1.71825,1.71866,1.38,1.38
2017.12.14 21:41:08.785,1.71825,1.71864,1.38,1.38
2017.12.14 21:41:09.446,1.71824,1.71865,1.88,1.38
2017.12.14 21:41:10.452,1.71825,1.71868,1.88,1.75
2017.12.14 21:41:11.000,1.71825,1.71865,1.88,1.38
2017.12.14 21:41:11.663,1.71825,1.71867,1.38,1.38
2017.12.14 21:41:13.581,1.71827,1.71868,1.00,1.38
2017.12.14 21:41:13.632,1.71827,1.71868,1.38,1.44
2017.12.14 21:41:14.714,1.71827,1.71868,1.00,1.88
2017.12.14 21:41:18.628,1.71832,1.71872,1.25,1.13
2017.12.14 21:41:19.158,1.71831,1.71872,1.44,1.13
2017.12.14 21:41:19.914,1.71831,1.71871,1.88,1.13
2017.12.14 21:41:20.573,1.71831,1.71874,1.88,1.94
2017.12.14 21:41:25.038,1.71833,1.71874,1.38,1.00
2017.12.14 21:41:25.089,1.71833,1.71876,1.38,1.25
2017.12.14 21:41:25.190,1.71838,1.71877,1.00,1.50
2017.12.14 21:41:25.242,1.71835,1.71876,1.13,1.00
2017.12.14 21:41:25.292,1.71835,1.71876,1.13,1.88
2017.12.14 21:41:26.986,1.71835,1.71878,1.38,1.75
2017.12.14 21:41:27.857,1.71837,1.71878,1.00,1.75
2017.12.14 21:41:27.908,1.71837,1.71878,1.25,1.50
2017.12.14 21:41:28.282,1.71835,1.71878,1.00,1.50
2017.12.14 21:41:28.464,1.71835,1.71878,1.38,1.31
2017.12.14 21:41:29.093,1.71838,1.71879,1.00,1.13
2017.12.14 21:41:29.692,1.71838,1.71878,1.25,1.13
2017.12.14 21:41:30.252,1.71838,1.71879,1.00,1.75
2017.12.14 21:41:32.465,1.71838,1.71879,1.44,1.13
2017.12.14 21:41:33.003,1.7184,1.71879,1.00,1.13
2017.12.14 21:41:33.688,1.7184,1.71878,1.00,1.13
2017.12.14 21:41:34.225,1.71841,1.71879,1.00,1.13
2017.12.14 21:41:34.733,1.7184,1.71879,1.00,1.13
2017.12.14 21:41:38.683,1.71839,1.71879,1.00,1.13
2017.12.14 21:41:39.804,1.71839,1.71876,1.00,2.06
2017.12.14 21:41:40.365,1.71836,1.71877,1.44,2.06
2017.12.14 21:41:45.281,1.71836,1.71877,1.44,2.06
2017.12.14 21:41:48.281,1.71836,1.71877,1.00,2.06
2017.12.14 21:41:48.382,1.71839,1.71876,1.00,1.75
2017.12.14 21:41:48.986,1.71839,1.71876,1.00,1.94
2017.12.14 21:41:49.542,1.71838,1.71876,1.00,1.94
2017.12.14 21:41:50.322,1.71834,1.71873,1.00,1.75
2017.12.14 21:41:50.373,1.71829,1.71869,1.38,1.44
2017.12.14 21:41:50.424,1.71831,1.71874,1.13,1.81
2017.12.14 21:41:50.956,1.71832,1.71875,1.88,1.75
2017.12.14 21:41:51.703,1.71832,1.71875,1.44,1.88
2017.12.14 21:41:51.813,1.71836,1.71875,1.00,1.13
2017.12.14 21:41:52.081,1.71828,1.71871,1.44,1.38
2017.12.14 21:41:52.185,1.71827,1.7187,1.00,1.38
2017.12.14 21:41:53.054,1.7183,1.71871,1.00,1.31
2017.12.14 21:41:53.730,1.7183,1.71872,1.00,1.56
2017.12.14 21:41:54.389,1.7183,1.71873,1.00,1.81
2017.12.14 21:41:57.421,1.7183,1.71873,1.00,1.75
2017.12.14 21:41:59.320,1.7183,1.71871,1.00,1.50
2017.12.14 21:41:59.681,1.71829,1.71871,1.00,1.38
2017.12.14 21:42:00.281,1.7183,1.71873,1.00,1.75
2017.12.14 21:42:00.845,1.7183,1.71871,1.00,1.38
2017.12.14 21:42:02.363,1.71829,1.71871,1.00,1.38
2017.12.14 21:42:02.971,1.71828,1.71869,1.00,1.44
2017.12.14 21:42:03.479,1.71829,1.71871,1.00,1.38
2017.12.14 21:42:06.467,1.71829,1.71871,1.00,1.75
2017.12.14 21:42:06.982,1.71829,1.71872,1.00,1.56
2017.12.14 21:42:07.606,1.7183,1.71873,1.00,1.56
2017.12.14 21:42:08.172,1.71831,1.71874,1.00,1.56
2017.12.14 21:42:08.707,1.71831,1.71874,1.00,1.88
2017.12.14 21:42:10.311,1.71831,1.71874,1.00,1.56
2017.12.14 21:42:14.599,1.71828,1.71872,1.44,1.56
2017.12.14 21:42:15.374,1.71827,1.7187,1.88,1.31
2017.12.14 21:42:17.666,1.71829,1.71872,1.25,1.75
2017.12.14 21:42:22.362,1.71832,1.71873,1.88,1.81
2017.12.14 21:42:22.737,1.71833,1.71873,1.38,1.56
2017.12.14 21:42:22.875,1.71832,1.71876,1.69,1.94
2017.12.14 21:42:25.337,1.71833,1.71876,1.38,1.94
2017.12.14 21:42:30.513,1.71833,1.71874,1.38,1.88
2017.12.14 21:42:31.644,1.71835,1.71877,1.38,1.88
2017.12.14 21:42:37.172,1.71836,1.71876,1.38,1.44
2017.12.14 21:42:41.991,1.71836,1.71877,1.44,1.88
2017.12.14 21:42:42.503,1.71836,1.71877,1.38,1.38
2017.12.14 21:42:43.161,1.71835,1.71876,1.88,1.19
2017.12.14 21:42:46.839,1.71835,1.71873,1.38,1.38
2017.12.14 21:42:46.993,1.71833,1.71875,1.38,1.88
2017.12.14 21:42:48.603,1.71834,1.71874,1.88,1.38
2017.12.14 21:42:50.378,1.71836,1.71872,1.38,1.38
2017.12.14 21:42:51.063,1.71834,1.71875,1.19,1.19
2017.12.14 21:42:51.114,1.71837,1.71876,1.38,1.88
2017.12.14 21:42:53.543,1.71837,1.71875,1.38,1.38
2017.12.14 21:42:54.808,1.71839,1.71874,1.38,1.38
2017.12.14 21:42:55.326,1.71838,1.71874,1.38,1.38
2017.12.14 21:42:55.984,1.71837,1.71876,1.38,1.38
2017.12.14 21:42:56.501,1.71845,1.71877,1.38,1.00
2017.12.14 21:42:56.552,1.71844,1.71877,1.25,1.00
2017.12.14 21:42:56.858,1.71836,1.71874,1.44,1.38
2017.12.14 21:42:56.909,1.71836,1.71871,1.00,1.38
2017.12.14 21:42:57.214,1.71834,1.71872,1.69,1.38
2017.12.14 21:42:57.474,1.71834,1.71872,1.88,1.38
2017.12.14 21:42:58.841,1.7183,1.71871,1.38,1.38
2017.12.14 21:42:59.428,1.71828,1.7187,1.38,1.00
2017.12.14 21:42:59.480,1.71833,1.71872,1.38,1.44
2017.12.14 21:42:59.531,1.71833,1.71874,1.88,1.38
2017.12.14 21:42:59.803,1.71835,1.71872,1.38,1.38
2017.12.14 21:42:59.990,1.71835,1.71873,1.38,1.38
2017.12.14 21:43:00.041,1.71833,1.71874,1.38,1.25
2017.12.14 21:43:00.092,1.71833,1.71874,1.38,1.88
2017.12.14 21:43:00.609,1.71832,1.71871,1.38,1.88
2017.12.14 21:43:01.015,1.7183,1.7187,1.88,1.38
2017.12.14 21:43:02.040,1.7183,1.71871,1.88,1.25
2017.12.14 21:43:02.254,1.7183,1.7187,1.88,1.38
2017.12.14 21:43:03.373,1.7183,1.71871,1.88,1.25
2017.12.14 21:43:03.593,1.71832,1.7187,1.38,1.00
2017.12.14 21:43:05.973,1.71831,1.7187,1.38,1.00
2017.12.14 21:43:06.333,1.71831,1.71872,1.38,1.25
2017.12.14 21:43:06.978,1.71832,1.71872,1.38,1.88
2017.12.14 21:43:07.419,1.71834,1.71873,1.38,1.38
2017.12.14 21:43:10.414,1.71834,1.71873,1.19,1.19
2017.12.14 21:43:10.952,1.71834,1.71875,1.38,1.38
2017.12.14 21:43:14.613,1.71837,1.71875,1.38,1.38
2017.12.14 21:43:15.466,1.71836,1.71874,1.38,1.38
2017.12.14 21:43:16.815,1.71835,1.71873,1.38,1.38
2017.12.14 21:43:16.866,1.71835,1.71874,1.38,1.38
2017.12.14 21:43:20.358,1.71836,1.71871,1.38,1.38
2017.12.14 21:43:20.460,1.71834,1.71871,1.38,1.38
2017.12.14 21:43:20.564,1.71835,1.7187,1.38,1.38
2017.12.14 21:43:21.188,1.71834,1.7187,1.38,1.44
2017.12.14 21:43:21.740,1.71834,1.7187,1.38,1.38
2017.12.14 21:43:23.506,1.71834,1.71868,1.38,1.38
2017.12.14 21:43:24.625,1.71833,1.71871,1.38,1.88
2017.12.14 21:43:25.578,1.71833,1.7187,1.38,1.38
2017.12.14 21:43:26.191,1.71837,1.71871,1.38,1.88
2017.12.14 21:43:26.441,1.71834,1.71869,1.38,1.38
2017.12.14 21:43:27.128,1.71834,1.71867,1.38,1.38
2017.12.14 21:43:28.039,1.71833,1.71868,1.38,1.38
2017.12.14 21:43:28.587,1.71832,1.71868,1.38,1.38
2017.12.14 21:43:29.825,1.71833,1.71868,1.38,1.38
2017.12.14 21:43:29.927,1.71834,1.7187,1.38,1.38
2017.12.14 21:43:30.115,1.71836,1.7187,1.19,1.31
2017.12.14 21:43:30.166,1.71836,1.71871,1.19,2.06
2017.12.14 21:43:30.218,1.71831,1.7187,1.19,2.81
2017.12.14 21:43:30.719,1.71831,1.7187,1.38,1.88
2017.12.14 21:43:31.858,1.71831,1.7187,1.19,2.44
2017.12.14 21:43:32.408,1.71831,1.7187,1.38,1.88
2017.12.14 21:43:36.828,1.71832,1.71867,1.38,1.13
2017.12.14 21:43:37.549,1.71833,1.71868,1.38,1.19
2017.12.14 21:43:38.055,1.71831,1.71868,1.38,1.19
2017.12.14 21:43:39.064,1.71832,1.71871,1.38,2.81
2017.12.14 21:43:41.327,1.71831,1.71871,1.19,2.81
2017.12.14 21:43:41.876,1.7183,1.7187,1.38,1.94
2017.12.14 21:43:48.534,1.71831,1.7187,1.38,1.31
2017.12.14 21:43:53.512,1.71831,1.7187,1.38,1.31
2017.12.14 21:43:53.956,1.71828,1.7187,1.88,2.06
2017.12.14 21:43:54.007,1.71832,1.71868,1.38,1.13
2017.12.14 21:43:54.167,1.7183,1.71867,1.38,1.13
2017.12.14 21:43:55.568,1.71831,1.71867,1.38,1.13
2017.12.14 21:44:00.044,1.71836,1.71871,1.19,2.81
2017.12.14 21:44:00.348,1.71833,1.71871,1.38,2.06
2017.12.14 21:44:00.666,1.71831,1.7187,1.38,1.94
2017.12.14 21:44:01.894,1.71849,1.71871,1.00,1.87
2017.12.14 21:44:01.945,1.71851,1.71877,1.12,1.37
2017.12.14 21:44:02.047,1.71843,1.71882,1.75,1.13
2017.12.14 21:44:02.619,1.71844,1.71882,1.00,1.75
2017.12.14 21:44:07.287,1.71843,1.71881,1.75,1.69
2017.12.14 21:44:08.090,1.71842,1.71882,1.75,1.13
2017.12.14 21:44:08.748,1.71841,1.7188,1.75,1.75
2017.12.14 21:44:10.335,1.71841,1.71878,1.56,1.75
2017.12.14 21:44:12.129,1.71842,1.71879,1.38,1.75
2017.12.14 21:44:12.428,1.71839,1.71881,1.00,1.56
2017.12.14 21:44:12.480,1.71836,1.71879,1.19,1.37
2017.12.14 21:44:13.002,1.71836,1.71879,1.88,1.56
2017.12.14 21:44:17.382,1.71843,1.71881,1.38,1.25
2017.12.14 21:44:17.484,1.71845,1.71886,1.38,1.75
2017.12.14 21:44:18.033,1.71844,1.71886,1.38,1.75
2017.12.14 21:44:18.696,1.71844,1.71884,1.38,1.75
2017.12.14 21:44:21.477,1.71836,1.71872,1.12,1.38
2017.12.14 21:44:21.528,1.71833,1.71872,1.50,1.38
2017.12.14 21:44:22.048,1.7183,1.7187,1.75,1.38
2017.12.14 21:44:23.121,1.7183,1.7187,1.75,1.38
2017.12.14 21:44:23.554,1.7183,1.71871,1.75,1.88
2017.12.14 21:44:24.414,1.71832,1.71872,2.25,1.13
2017.12.14 21:44:25.579,1.71834,1.71873,1.38,1.13
2017.12.14 21:44:36.681,1.71831,1.71871,1.88,1.38
2017.12.14 21:44:38.102,1.71832,1.71869,1.38,1.38
2017.12.14 21:44:40.607,1.7183,1.7187,1.38,1.38
2017.12.14 21:44:45.379,1.71831,1.71871,1.44,1.38
2017.12.14 21:44:45.691,1.71831,1.7187,1.88,1.38
2017.12.14 21:44:51.153,1.71831,1.71871,1.38,1.44
2017.12.14 21:44:51.686,1.71831,1.71873,1.88,2.25
2017.12.14 21:44:51.737,1.71834,1.71873,1.88,1.75
2017.12.14 21:44:54.287,1.71834,1.71875,1.38,1.75
2017.12.14 21:44:55.202,1.71834,1.71875,1.88,1.75
2017.12.14 21:44:55.506,1.71833,1.71872,1.38,1.88
2017.12.14 21:44:55.557,1.71833,1.71872,1.88,1.50
2017.12.14 21:44:56.540,1.71834,1.71873,1.38,1.75
2017.12.14 21:44:58.192,1.71833,1.71876,1.88,1.75
2017.12.14 21:44:58.933,1.71835,1.71876,1.38,1.75
2017.12.14 21:44:59.034,1.71834,1.71875,1.00,1.75
2017.12.14 21:44:59.301,1.71832,1.71874,1.13,1.13
2017.12.14 21:45:00.107,1.71831,1.71873,1.25,2.06
2017.12.14 21:45:00.674,1.71831,1.71873,1.25,2.06
2017.12.14 21:45:08.892,1.7183,1.71874,1.25,2.06
2017.12.14 21:45:08.943,1.7183,1.71873,1.19,1.56
2017.12.14 21:45:09.726,1.7183,1.71874,1.69,2.06
2017.12.14 21:45:23.913,1.71831,1.71872,1.19,1.12
2017.12.14 21:45:23.964,1.71829,1.71872,1.25,1.12
2017.12.14 21:45:24.319,1.71827,1.71869,1.25,1.00
2017.12.14 21:45:25.378,1.71828,1.71871,1.00,1.00
2017.12.14 21:45:25.701,1.71826,1.7187,1.25,1.00
2017.12.14 21:45:25.971,1.71826,1.71867,1.00,1.00
2017.12.14 21:45:31.142,1.71826,1.71867,1.00,1.37
2017.12.14 21:45:31.193,1.71826,1.71867,1.00,1.12
2017.12.14 21:45:31.295,1.71826,1.71867,1.00,1.37
2017.12.14 21:45:31.879,1.71825,1.71866,1.00,1.37
2017.12.14 21:45:32.916,1.71826,1.7187,1.31,1.69
2017.12.14 21:45:34.444,1.71826,1.71867,1.19,1.12
2017.12.14 21:45:35.180,1.71826,1.71867,1.25,1.00
2017.12.14 21:45:42.027,1.71826,1.71867,1.19,1.00
2017.12.14 21:45:44.256,1.71826,1.71867,1.00,1.00
2017.12.14 21:45:51.771,1.71832,1.7187,1.56,1.00
2017.12.14 21:45:51.822,1.71832,1.71875,1.00,2.06
2017.12.14 21:45:51.873,1.71829,1.7187,1.00,1.12
2017.12.14 21:45:51.924,1.71825,1.71868,1.69,1.00
2017.12.14 21:45:52.446,1.71827,1.71868,1.19,1.00
2017.12.14 21:45:52.685,1.71827,1.7187,1.19,1.00
2017.12.14 21:45:53.396,1.71828,1.7187,1.19,1.31
2017.12.14 21:45:57.434,1.7183,1.7187,1.19,1.25
2017.12.14 21:45:58.014,1.71829,1.7187,1.69,1.00
2017.12.14 21:45:59.821,1.7183,1.71871,1.19,1.25
2017.12.14 21:46:00.812,1.7183,1.71871,1.69,1.25
2017.12.14 21:46:03.076,1.7183,1.71874,1.19,2.06
2017.12.14 21:46:03.626,1.71828,1.71871,1.69,1.62
2017.12.14 21:46:04.156,1.71828,1.71871,1.19,1.12
2017.12.14 21:46:10.256,1.71829,1.71872,1.19,1.37
2017.12.14 21:46:10.590,1.71831,1.71871,1.19,1.00
2017.12.14 21:46:12.626,1.71831,1.71873,1.19,1.19
2017.12.14 21:46:13.359,1.7183,1.71873,1.69,1.19
2017.12.14 21:46:15.826,1.7183,1.71874,1.69,1.69
2017.12.14 21:46:18.338,1.7183,1.71874,1.25,1.69
2017.12.14 21:46:21.366,1.7183,1.71874,1.69,1.69
2017.12.14 21:46:24.653,1.7183,1.71872,1.69,1.19
2017.12.14 21:46:25.212,1.71831,1.71871,1.19,1.69
2017.12.14 21:46:25.550,1.71844,1.71882,1.19,1.56
2017.12.14 21:46:25.950,1.71845,1.71882,1.19,1.94
2017.12.14 21:46:26.480,1.71844,1.71883,1.19,1.94
2017.12.14 21:46:32.156,1.71841,1.71883,1.69,1.31
2017.12.14 21:46:32.905,1.71839,1.71883,1.69,2.06
2017.12.14 21:46:34.508,1.71839,1.71881,1.19,1.94
2017.12.14 21:46:36.437,1.71839,1.71879,1.69,1.56
2017.12.14 21:46:39.320,1.71838,1.7188,1.69,1.69
2017.12.14 21:46:43.380,1.71839,1.71879,1.69,1.56
2017.12.14 21:46:45.516,1.71839,1.71874,1.19,1.87
2017.12.14 21:46:45.618,1.71836,1.71874,1.00,2.06
2017.12.14 21:46:46.127,1.71835,1.71873,1.69,2.06
2017.12.14 21:46:46.786,1.71835,1.71873,1.19,1.31
2017.12.14 21:46:49.643,1.71836,1.71874,1.19,1.19
2017.12.14 21:46:49.745,1.71837,1.71878,1.69,1.56
2017.12.14 21:46:50.725,1.71837,1.7188,1.19,2.44
2017.12.14 21:46:51.431,1.71839,1.71881,1.00,1.94
2017.12.14 21:46:58.707,1.71838,1.71878,1.00,1.56
2017.12.14 21:47:01.592,1.71838,1.71881,1.00,1.19
2017.12.14 21:47:01.643,1.71838,1.71879,1.00,1.94
2017.12.14 21:47:01.694,1.71839,1.71883,1.00,1.56
2017.12.14 21:47:01.745,1.71844,1.71886,1.00,3.19
2017.12.14 21:47:01.797,1.71842,1.71885,1.00,1.62
2017.12.14 21:47:02.310,1.71842,1.71883,1.00,1.37
2017.12.14 21:47:02.666,1.71845,1.71887,1.00,1.31
2017.12.14 21:47:04.145,1.71843,1.71886,1.00,1.56
2017.12.14 21:47:15.994,1.71843,1.71884,1.00,1.62
2017.12.14 21:47:18.491,1.71841,1.71884,1.69,1.62
2017.12.14 21:47:21.799,1.71842,1.71885,1.00,2.06
2017.12.14 21:47:25.066,1.71843,1.71887,1.00,1.94
2017.12.14 21:47:25.978,1.71846,1.71886,1.00,1.56
2017.12.14 21:47:26.177,1.71843,1.71886,1.00,1.56
2017.12.14 21:47:27.095,1.71843,1.71887,1.00,1.94
2017.12.14 21:47:32.717,1.71842,1.71885,1.00,2.00
2017.12.14 21:47:33.242,1.71842,1.71883,1.00,1.69
2017.12.14 21:47:37.862,1.71841,1.71884,1.25,2.44
2017.12.14 21:47:38.465,1.71841,1.71884,1.00,1.69
2017.12.14 21:47:44.868,1.71845,1.71886,1.00,1.00
2017.12.14 21:47:45.195,1.71843,1.7188,1.12,1.12
2017.12.14 21:47:45.246,1.71838,1.71878,1.00,1.12
2017.12.14 21:47:45.348,1.71836,1.71878,1.25,1.87
2017.12.14 21:47:46.454,1.71835,1.71876,1.00,1.37
2017.12.14 21:47:53.479,1.71836,1.71878,1.00,1.87
2017.12.14 21:47:53.530,1.71836,1.71878,1.00,1.75
2017.12.14 21:47:53.719,1.71834,1.71877,1.00,1.37
2017.12.14 21:47:54.106,1.71835,1.71879,1.00,1.00
2017.12.14 21:47:56.604,1.71835,1.71876,1.50,1.25
2017.12.14 21:47:56.910,1.71838,1.71881,1.00,1.37
2017.12.14 21:47:59.576,1.71838,1.71879,1.00,1.37
2017.12.14 21:48:01.088,1.71838,1.71879,1.00,1.37
2017.12.14 21:48:04.143,1.71839,1.7188,1.00,1.37
2017.12.14 21:48:08.375,1.71839,1.7188,1.00,1.37
2017.12.14 21:48:11.871,1.71838,1.71881,1.00,1.37
2017.12.14 21:48:14.236,1.71835,1.71878,1.19,1.12
2017.12.14 21:48:14.764,1.71836,1.71878,1.00,1.87
2017.12.14 21:48:16.221,1.71836,1.71878,1.00,2.62
2017.12.14 21:48:16.804,1.71836,1.71877,1.00,1.37
2017.12.14 21:48:17.343,1.71835,1.71878,1.00,1.87
2017.12.14 21:48:18.126,1.71834,1.71877,1.00,1.50
2017.12.14 21:48:18.663,1.71835,1.71878,1.00,1.87
2017.12.14 21:48:19.395,1.71835,1.71877,1.00,1.12
2017.12.14 21:48:20.591,1.71829,1.71872,1.25,1.00
2017.12.14 21:48:20.693,1.71837,1.71878,1.69,1.87
2017.12.14 21:48:20.795,1.71837,1.71878,1.00,1.87
2017.12.14 21:48:20.967,1.71835,1.71877,1.00,1.12
2017.12.14 21:48:21.627,1.71837,1.71878,1.00,1.87
2017.12.14 21:48:21.921,1.71835,1.71878,1.00,1.87
2017.12.14 21:48:22.977,1.71838,1.71878,1.00,1.87
2017.12.14 21:48:31.101,1.71838,1.71878,1.00,2.62
2017.12.14 21:48:31.729,1.71838,1.71878,1.00,1.87
2017.12.14 21:48:32.873,1.71836,1.71877,1.00,1.75
2017.12.14 21:48:33.662,1.71836,1.71878,1.00,2.62
2017.12.14 21:48:36.153,1.71832,1.71874,1.00,1.69
2017.12.14 21:48:36.753,1.7183,1.71873,1.69,1.37
2017.12.14 21:48:38.589,1.7183,1.71873,1.00,1.37
2017.12.14 21:48:38.995,1.7183,1.71871,1.00,1.87
2017.12.14 21:48:39.801,1.7183,1.71871,1.25,1.87
2017.12.14 21:48:40.680,1.7183,1.71871,1.00,1.87
2017.12.14 21:48:41.686,1.71831,1.71871,1.00,1.87
2017.12.14 21:48:42.191,1.71834,1.71871,1.00,1.87
2017.12.14 21:48:43.621,1.71834,1.71871,1.00,1.87
2017.12.14 21:48:45.270,1.71834,1.71871,1.00,1.37
2017.12.14 21:48:45.409,1.71834,1.71875,1.00,1.37
2017.12.14 21:48:46.105,1.71834,1.71875,1.00,1.62
2017.12.14 21:48:48.801,1.71834,1.71877,1.00,2.06
2017.12.14 21:48:50.636,1.71836,1.71878,1.00,1.69
2017.12.14 21:48:55.014,1.71837,1.7188,1.00,2.81
2017.12.14 21:48:55.782,1.71837,1.7188,1.00,2.06
2017.12.14 21:48:56.524,1.71837,1.7188,1.00,2.06
2017.12.14 21:48:57.152,1.71835,1.71876,1.00,2.06
2017.12.14 21:48:57.507,1.71833,1.71875,1.00,1.56
2017.12.14 21:48:58.095,1.71833,1.71875,1.00,1.56
2017.12.14 21:49:00.718,1.71833,1.71874,1.00,1.56
2017.12.14 21:49:03.549,1.71833,1.71875,1.00,1.56
2017.12.14 21:49:03.946,1.71835,1.71876,1.00,1.62
2017.12.14 21:49:04.365,1.71839,1.71879,1.00,1.31
2017.12.14 21:49:09.567,1.71839,1.71879,1.00,1.12
2017.12.14 21:49:11.147,1.71839,1.7188,1.00,2.06
2017.12.14 21:49:13.592,1.71839,1.7188,1.00,1.87
2017.12.14 21:49:14.321,1.7184,1.7188,1.00,1.12
2017.12.14 21:49:16.187,1.7184,1.7188,1.00,1.31
2017.12.14 21:49:17.545,1.7184,1.7188,1.00,1.12
2017.12.14 21:49:17.811,1.71838,1.7188,1.00,1.12
2017.12.14 21:49:18.121,1.71838,1.71881,1.00,1.37
2017.12.14 21:49:18.526,1.71835,1.71879,1.00,1.37
2017.12.14 21:49:19.655,1.71835,1.71879,1.00,1.37
2017.12.14 21:49:20.748,1.71834,1.71877,1.00,1.00
2017.12.14 21:49:32.482,1.71833,1.71876,1.00,1.69
2017.12.14 21:49:32.992,1.71833,1.71874,1.00,1.00
2017.12.14 21:49:33.182,1.7183,1.71873,1.00,1.00
2017.12.14 21:49:39.220,1.7183,1.71873,1.00,1.37
2017.12.14 21:49:39.605,1.71833,1.71874,1.00,1.37
2017.12.14 21:49:47.455,1.71833,1.71874,1.00,1.37
2017.12.14 21:49:48.062,1.71831,1.71872,1.00,1.12
2017.12.14 21:49:48.570,1.71831,1.71872,1.00,1.37
2017.12.14 21:49:51.494,1.7183,1.71871,1.00,1.12
2017.12.14 21:49:53.058,1.71828,1.71871,1.00,1.00
2017.12.14 21:49:54.225,1.71829,1.71872,1.00,1.12
2017.12.14 21:49:55.603,1.71829,1.7187,1.00,1.00
2017.12.14 21:49:55.862,1.71826,1.7187,1.25,1.00
2017.12.14 21:49:56.741,1.71825,1.71868,1.25,1.00
2017.12.14 21:49:58.919,1.71824,1.71867,1.69,1.00
2017.12.14 21:49:59.774,1.71826,1.71867,1.00,1.00
2017.12.14 21:50:00.118,1.71828,1.71866,1.19,1.00
2017.12.14 21:50:00.209,1.71829,1.71869,1.69,1.19
2017.12.14 21:50:00.260,1.71828,1.71866,1.69,1.19
2017.12.14 21:50:00.413,1.71823,1.71862,1.19,1.19
2017.12.14 21:50:00.955,1.71823,1.71862,1.19,1.00
2017.12.14 21:50:01.209,1.71821,1.71861,1.19,1.00
2017.12.14 21:50:01.474,1.7182,1.71859,1.19,1.00
2017.12.14 21:50:02.023,1.7182,1.71859,1.19,1.00
2017.12.14 21:50:03.431,1.71823,1.71859,1.19,1.25
2017.12.14 21:50:03.533,1.7182,1.71859,1.19,1.25
2017.12.14 21:50:03.774,1.71819,1.71858,1.19,1.19
2017.12.14 21:50:05.259,1.71819,1.71857,1.19,1.19
2017.12.14 21:50:05.797,1.71821,1.71859,1.19,1.69
2017.12.14 21:50:06.558,1.71823,1.7186,1.00,1.19
2017.12.14 21:50:06.862,1.71819,1.71857,1.19,1.19
2017.12.14 21:50:07.604,1.7182,1.71856,1.19,1.19
2017.12.14 21:50:07.701,1.71819,1.71858,1.19,1.19
2017.12.14 21:50:07.752,1.71818,1.71856,1.69,1.19
2017.12.14 21:50:08.990,1.71821,1.71856,1.25,1.19
2017.12.14 21:50:09.970,1.71818,1.71856,1.19,1.19
2017.12.14 21:50:10.021,1.71821,1.71861,1.25,1.19
2017.12.14 21:50:10.962,1.71821,1.71862,1.25,1.69
2017.12.14 21:50:11.373,1.71822,1.71863,1.00,1.25
2017.12.14 21:50:16.309,1.71822,1.71863,1.69,1.69
2017.12.14 21:50:18.366,1.71822,1.71863,2.06,1.00
2017.12.14 21:50:18.469,1.71829,1.7187,1.00,1.69
2017.12.14 21:50:20.391,1.7183,1.7187,1.00,1.31
2017.12.14 21:50:21.063,1.7183,1.71872,1.00,1.56
2017.12.14 21:50:23.163,1.7183,1.71869,1.69,1.19
2017.12.14 21:50:23.293,1.7183,1.71872,1.69,1.56
2017.12.14 21:50:23.890,1.71834,1.71874,1.00,1.56
2017.12.14 21:50:26.305,1.71834,1.71875,1.19,1.56
2017.12.14 21:50:30.640,1.71834,1.71873,1.00,1.56
2017.12.14 21:50:35.275,1.71837,1.71875,1.00,1.56
2017.12.14 21:50:40.868,1.71833,1.71873,1.00,1.56
2017.12.14 21:50:43.320,1.71832,1.71873,1.25,1.56
2017.12.14 21:50:43.861,1.71832,1.71873,1.19,1.56
2017.12.14 21:50:44.817,1.71833,1.71871,1.00,1.87
2017.12.14 21:50:45.284,1.7183,1.71864,1.00,1.37
2017.12.14 21:50:45.437,1.71826,1.71865,1.69,1.87
2017.12.14 21:50:46.108,1.71824,1.71864,1.69,1.12
2017.12.14 21:50:51.832,1.71825,1.71865,1.25,1.87
2017.12.14 21:50:53.227,1.71825,1.71864,1.19,1.50
2017.12.14 21:50:53.532,1.7183,1.71865,1.25,1.87
2017.12.14 21:50:53.716,1.7183,1.7187,1.69,1.12
2017.12.14 21:50:54.899,1.71831,1.7187,1.19,1.87
2017.12.14 21:50:55.407,1.71831,1.7187,1.69,1.12
2017.12.14 21:50:56.360,1.71831,1.7187,1.69,1.12
2017.12.14 21:50:56.963,1.71831,1.7187,1.25,1.12
2017.12.14 21:50:58.692,1.71831,1.7187,1.69,1.12
2017.12.14 21:50:59.771,1.71831,1.7187,1.25,1.12
2017.12.14 21:51:02.727,1.71833,1.7187,1.69,1.12
2017.12.14 21:51:03.273,1.71834,1.71877,1.69,1.00
2017.12.14 21:51:03.452,1.71839,1.71882,1.00,1.12
2017.12.14 21:51:04.103,1.7184,1.71881,1.00,1.00
2017.12.14 21:51:04.631,1.71841,1.71884,1.00,2.44
2017.12.14 21:51:05.148,1.71841,1.71884,1.00,2.06
2017.12.14 21:51:07.749,1.71841,1.71884,1.00,1.31
2017.12.14 21:51:08.379,1.71838,1.71881,1.69,1.69
2017.12.14 21:51:08.705,1.71837,1.71878,1.19,1.19
2017.12.14 21:51:09.436,1.71839,1.71878,1.00,1.19
2017.12.14 21:51:10.477,1.7184,1.71879,1.00,1.19
2017.12.14 21:51:11.926,1.71838,1.7188,1.00,1.19
2017.12.14 21:51:12.524,1.71839,1.7188,1.25,1.19
2017.12.14 21:51:12.936,1.7184,1.71879,1.19,1.19
2017.12.14 21:51:13.730,1.71841,1.7188,1.00,1.19
2017.12.14 21:51:17.275,1.71841,1.71879,1.19,1.19
2017.12.14 21:51:18.644,1.71841,1.7188,1.25,1.19
2017.12.14 21:51:19.385,1.71841,1.71879,1.19,1.19
2017.12.14 21:51:20.045,1.71841,1.7188,1.25,1.19
2017.12.14 21:51:20.706,1.71841,1.71879,1.19,1.19
2017.12.14 21:51:22.247,1.71841,1.7188,1.25,1.19
2017.12.14 21:51:23.326,1.71841,1.71879,1.19,1.19
2017.12.14 21:51:25.431,1.71845,1.71881,1.19,1.00
2017.12.14 21:51:25.482,1.71846,1.71887,1.19,1.56
2017.12.14 21:51:26.420,1.71847,1.71887,1.19,1.56
2017.12.14 21:51:26.576,1.7185,1.71888,1.19,1.94
2017.12.14 21:51:26.627,1.71849,1.71886,1.00,1.56
2017.12.14 21:51:27.282,1.71848,1.71889,2.06,1.94
2017.12.14 21:51:27.627,1.7185,1.7189,1.19,1.94
2017.12.14 21:51:27.729,1.71846,1.71888,1.00,1.69
2017.12.14 21:51:28.299,1.71845,1.71888,1.25,2.44
2017.12.14 21:51:28.916,1.71845,1.71887,1.19,1.69
2017.12.14 21:51:31.455,1.71845,1.71887,1.00,1.56
2017.12.14 21:51:46.959,1.71845,1.71888,1.00,1.94
2017.12.14 21:51:47.895,1.71845,1.71887,1.00,1.31
2017.12.14 21:51:48.508,1.71845,1.71887,1.25,2.06
2017.12.14 21:51:50.128,1.71846,1.71888,1.19,2.06
2017.12.14 21:51:53.543,1.71847,1.71887,1.69,1.56
2017.12.14 21:51:54.119,1.71847,1.71887,1.19,1.56
2017.12.14 21:51:55.346,1.71843,1.71884,1.69,1.19
2017.12.14 21:51:56.480,1.71842,1.71883,1.69,1.19
2017.12.14 21:51:57.972,1.71844,1.71882,1.19,1.19
2017.12.14 21:51:59.007,1.71844,1.71883,1.25,1.19
2017.12.14 21:52:00.341,1.71844,1.71884,1.00,1.19
2017.12.14 21:52:01.179,1.71844,1.71883,1.69,1.19
2017.12.14 21:52:01.568,1.71844,1.71885,1.19,1.69
2017.12.14 21:52:01.691,1.71844,1.71883,1.00,1.19
2017.12.14 21:52:02.372,1.71843,1.71883,1.00,1.19
2017.12.14 21:52:03.966,1.71843,1.71884,1.00,1.25
2017.12.14 21:52:04.662,1.71844,1.71885,1.00,1.19
2017.12.14 21:52:09.531,1.71844,1.71885,1.00,2.06
2017.12.14 21:52:11.264,1.71844,1.71887,1.00,1.56
2017.12.14 21:52:11.944,1.71844,1.71888,1.25,2.06
2017.12.14 21:52:12.854,1.71844,1.71887,1.25,1.56
2017.12.14 21:52:14.139,1.71844,1.71887,1.19,1.56
2017.12.14 21:52:16.615,1.71844,1.71886,1.25,1.31
2017.12.14 21:52:17.206,1.71844,1.71885,1.19,1.31
2017.12.14 21:52:17.307,1.71843,1.71886,1.25,1.31
2017.12.14 21:52:17.926,1.71843,1.71886,1.69,2.05
2017.12.14 21:52:18.028,1.71844,1.71888,1.12,1.54
2017.12.14 21:52:18.180,1.71844,1.71887,1.69,1.54
2017.12.14 21:52:18.832,1.71847,1.71887,1.00,1.54
2017.12.14 21:52:19.990,1.71847,1.71888,1.00,2.04
2017.12.14 21:52:20.394,1.71847,1.71887,1.00,1.29
2017.12.14 21:52:20.446,1.71844,1.71885,1.25,2.42
2017.12.14 21:52:21.383,1.71846,1.71885,1.00,1.54
2017.12.14 21:52:21.854,1.71848,1.71887,1.00,2.04
2017.12.14 21:52:22.201,1.71851,1.71886,1.00,1.29
2017.12.14 21:52:23.237,1.71851,1.71887,1.00,2.04
2017.12.14 21:52:23.458,1.71852,1.71887,1.00,1.29
2017.12.14 21:52:24.258,1.71852,1.71886,1.00,1.37
2017.12.14 21:52:24.442,1.71852,1.71886,1.00,1.12
2017.12.14 21:52:25.725,1.71849,1.71887,1.25,1.87
2017.12.14 21:52:26.529,1.7185,1.71887,1.00,1.87
2017.12.14 21:52:27.152,1.7185,1.71887,1.00,2.04
2017.12.14 21:52:27.203,1.7185,1.71887,1.00,2.04
2017.12.14 21:52:27.920,1.7185,1.71887,1.00,2.79
2017.12.14 21:52:29.563,1.7185,1.71887,1.00,1.29
2017.12.14 21:52:29.614,1.71848,1.71887,1.00,1.29
2017.12.14 21:52:33.818,1.71847,1.71886,1.19,2.06
2017.12.14 21:52:34.107,1.71844,1.71886,1.19,1.31
2017.12.14 21:52:38.359,1.71844,1.71885,1.19,1.94
2017.12.14 21:52:39.324,1.71844,1.71885,1.19,1.56
2017.12.14 21:52:44.100,1.71844,1.71886,1.19,1.56
2017.12.14 21:52:45.415,1.71841,1.71884,1.19,1.56
2017.12.14 21:52:46.607,1.71841,1.71883,1.19,1.56
2017.12.14 21:52:47.310,1.71841,1.71884,1.19,1.56
2017.12.14 21:52:47.556,1.71841,1.71884,1.19,1.56
2017.12.14 21:52:50.924,1.71842,1.71883,1.19,1.56
2017.12.14 21:52:51.453,1.7184,1.71885,1.19,1.56
2017.12.14 21:52:51.504,1.7184,1.71885,1.19,1.56
2017.12.14 21:52:52.894,1.7184,1.71885,1.19,1.56
2017.12.14 21:52:52.945,1.7184,1.71883,1.19,1.56
2017.12.14 21:52:55.638,1.7184,1.71885,1.19,1.56
2017.12.14 21:52:56.356,1.71841,1.71884,1.19,1.56
2017.12.14 21:52:59.045,1.7184,1.71883,1.19,1.56
2017.12.14 21:52:59.229,1.71839,1.71882,1.25,1.56
2017.12.14 21:53:00.443,1.71839,1.7188,1.19,1.56
2017.12.14 21:53:01.774,1.71838,1.71881,1.19,1.56
2017.12.14 21:53:02.508,1.71836,1.71881,1.19,1.56
2017.12.14 21:53:05.560,1.71835,1.71884,1.19,1.56
2017.12.14 21:53:07.295,1.71837,1.71884,1.19,1.56
2017.12.14 21:53:10.883,1.71831,1.71874,1.25,1.19
2017.12.14 21:53:11.023,1.71828,1.7187,1.19,1.19
2017.12.14 21:53:11.075,1.71824,1.71869,1.19,1.19
2017.12.14 21:53:11.126,1.71826,1.71872,1.19,1.19
2017.12.14 21:53:11.279,1.71828,1.71876,1.19,1.19
2017.12.14 21:53:12.117,1.71828,1.71876,1.19,1.19
2017.12.14 21:53:14.042,1.71833,1.71876,1.25,1.19
2017.12.14 21:53:14.093,1.71834,1.7188,1.19,1.19
2017.12.14 21:53:14.144,1.71835,1.71879,1.19,1.19
2017.12.14 21:53:15.124,1.71835,1.71881,1.19,1.19
2017.12.14 21:53:16.665,1.71837,1.71881,1.19,1.19
2017.12.14 21:53:17.202,1.71837,1.71882,1.19,1.19
2017.12.14 21:53:20.919,1.71838,1.71881,1.19,1.19
2017.12.14 21:53:21.848,1.71837,1.71883,1.19,1.19
2017.12.14 21:53:26.712,1.71836,1.71883,1.19,1.19
2017.12.14 21:53:36.745,1.71836,1.71882,1.19,1.19
2017.12.14 21:53:37.468,1.71834,1.71881,1.19,1.19
2017.12.14 21:53:37.929,1.71834,1.71878,1.19,1.19
2017.12.14 21:53:38.455,1.71833,1.71879,1.19,1.19
2017.12.14 21:53:38.876,1.7184,1.71883,1.00,1.56
2017.12.14 21:53:38.927,1.71833,1.71878,1.19,1.25
2017.12.14 21:53:38.978,1.71831,1.71875,1.19,1.25
2017.12.14 21:53:39.029,1.71832,1.7188,1.19,1.19
2017.12.14 21:53:39.988,1.71833,1.71879,1.19,1.19
2017.12.14 21:53:41.077,1.71833,1.7188,1.24,1.19
2017.12.14 21:53:41.688,1.71833,1.71879,1.24,1.19
2017.12.14 21:53:44.221,1.71832,1.71879,1.18,1.19
2017.12.14 21:53:44.760,1.71833,1.71878,1.18,1.19
2017.12.14 21:53:45.351,1.71832,1.71879,1.18,1.19
2017.12.14 21:53:45.856,1.71833,1.71878,1.18,1.19
2017.12.14 21:53:46.377,1.71832,1.71876,1.18,1.19
2017.12.14 21:53:47.385,1.71832,1.71877,1.18,1.19
2017.12.14 21:53:51.291,1.7183,1.71876,1.18,1.19
2017.12.14 21:53:52.000,1.7183,1.71878,1.18,1.19
2017.12.14 21:53:53.395,1.71832,1.71878,1.18,1.19
2017.12.14 21:53:55.147,1.71833,1.71877,1.19,1.19
2017.12.14 21:53:57.698,1.71832,1.71878,1.19,1.19
2017.12.14 21:54:00.168,1.71831,1.7188,1.19,1.19
2017.12.14 21:54:00.704,1.71832,1.71879,1.19,1.19
2017.12.14 21:54:01.798,1.71832,1.71881,1.19,1.69
2017.12.14 21:54:06.515,1.71828,1.71876,1.69,1.19
2017.12.14 21:54:08.112,1.71829,1.71875,1.69,1.19
2017.12.14 21:54:11.485,1.71829,1.71876,1.69,1.19
2017.12.14 21:54:11.748,1.71829,1.71875,1.25,1.19
2017.12.14 21:54:12.728,1.71829,1.71874,1.25,1.19
2017.12.14 21:54:17.494,1.71829,1.71875,1.00,1.19
2017.12.14 21:54:17.546,1.71829,1.71877,1.00,1.19
2017.12.14 21:54:17.917,1.71825,1.71875,1.31,1.19
2017.12.14 21:54:18.425,1.71826,1.71874,1.19,1.19
2017.12.14 21:54:18.577,1.71826,1.71877,1.19,1.19
2017.12.14 21:54:20.662,1.71824,1.71875,1.19,1.19
2017.12.14 21:54:21.334,1.71823,1.71876,1.69,1.19
2017.12.14 21:54:21.992,1.71824,1.71875,1.19,1.19
2017.12.14 21:54:22.817,1.71823,1.71873,1.19,1.19
2017.12.14 21:54:23.777,1.71822,1.71875,1.19,1.19
2017.12.14 21:54:25.084,1.71823,1.71874,1.19,1.19
2017.12.14 21:54:27.053,1.71822,1.71876,1.19,1.69
2017.12.14 21:54:27.612,1.71824,1.71876,1.19,1.19
2017.12.14 21:54:27.664,1.71821,1.71878,1.31,2.06
2017.12.14 21:54:30.825,1.71821,1.71879,1.31,1.56
2017.12.14 21:54:31.868,1.71823,1.71877,1.19,1.31
2017.12.14 21:54:32.334,1.71822,1.71879,1.31,1.56
2017.12.14 21:54:32.435,1.71825,1.71879,1.19,1.56
2017.12.14 21:54:34.541,1.71823,1.71875,1.19,1.19
2017.12.14 21:54:34.695,1.71821,1.71874,1.19,1.19
2017.12.14 21:54:34.922,1.71822,1.71871,1.19,1.19
2017.12.14 21:54:35.024,1.71819,1.7187,1.69,1.19
2017.12.14 21:54:35.125,1.71819,1.71872,1.69,1.19
2017.12.14 21:54:35.686,1.71821,1.71872,1.19,1.19
2017.12.14 21:54:35.841,1.7182,1.71873,1.19,1.19
2017.12.14 21:54:36.009,1.7182,1.71872,1.19,1.19
2017.12.14 21:54:36.523,1.71819,1.71872,1.19,1.19
2017.12.14 21:54:36.660,1.71817,1.71871,1.31,1.19
2017.12.14 21:54:37.196,1.71817,1.71872,1.31,1.19
2017.12.14 21:54:38.154,1.71818,1.71873,1.19,1.19
2017.12.14 21:54:39.959,1.71819,1.71871,1.25,1.19
2017.12.14 21:54:40.207,1.71819,1.71873,1.25,1.19
2017.12.14 21:54:40.715,1.71819,1.71873,1.69,1.19
2017.12.14 21:54:40.817,1.71823,1.71875,1.19,1.19
2017.12.14 21:54:41.155,1.71821,1.71873,1.19,1.19
2017.12.14 21:54:41.922,1.71819,1.71874,1.19,1.19
2017.12.14 21:54:43.241,1.71821,1.71874,1.37,1.69
2017.12.14 21:54:43.546,1.71828,1.71878,1.00,1.19
2017.12.14 21:54:44.036,1.71823,1.71875,1.69,1.19
2017.12.14 21:54:44.267,1.71822,1.71873,1.31,1.19
2017.12.14 21:54:44.521,1.71819,1.71872,1.19,1.19
2017.12.14 21:54:44.884,1.71818,1.7187,1.19,1.19
2017.12.14 21:54:46.843,1.71818,1.71871,1.19,1.19
2017.12.14 21:54:48.852,1.7182,1.71871,1.19,1.19
2017.12.14 21:54:49.116,1.71818,1.71873,1.19,1.19
2017.12.14 21:54:51.568,1.71819,1.71871,1.19,1.19
2017.12.14 21:54:51.619,1.71816,1.71871,1.19,1.31
2017.12.14 21:54:56.839,1.71819,1.71872,1.19,1.19
2017.12.14 21:54:59.161,1.71819,1.71874,1.19,1.19
2017.12.14 21:55:00.124,1.71834,1.71873,1.00,1.19
2017.12.14 21:55:00.335,1.71826,1.71875,1.19,1.19
2017.12.14 21:55:00.488,1.71837,1.7188,1.00,1.56
2017.12.14 21:55:00.844,1.71831,1.71872,1.00,1.12
2017.12.14 21:55:01.370,1.7183,1.71872,2.06,1.31
2017.12.14 21:55:01.938,1.7183,1.71873,2.81,1.12
2017.12.14 21:55:02.452,1.71831,1.71872,1.19,1.12
2017.12.14 21:55:02.604,1.71826,1.71872,1.31,1.31
2017.12.14 21:55:02.776,1.71823,1.71872,1.31,1.94
2017.12.14 21:55:03.139,1.71829,1.7187,1.19,1.62
2017.12.14 21:55:04.422,1.71825,1.71873,1.19,2.06
2017.12.14 21:55:04.587,1.71827,1.71865,1.19,1.12
2017.12.14 21:55:05.105,1.71823,1.71865,2.06,1.12
2017.12.14 21:55:05.156,1.71823,1.71865,1.12,1.12
2017.12.14 21:55:07.703,1.71822,1.71865,1.87,1.31
2017.12.14 21:55:09.365,1.71822,1.71865,1.87,1.31
2017.12.14 21:55:10.121,1.71823,1.71865,1.00,1.31
2017.12.14 21:55:11.867,1.71823,1.71864,1.00,1.56
2017.12.14 21:55:15.792,1.71822,1.71864,1.87,1.56
2017.12.14 21:55:15.893,1.71826,1.71866,2.06,1.31
2017.12.14 21:55:16.682,1.71826,1.7186,2.06,1.12
2017.12.14 21:55:16.733,1.71823,1.7186,1.31,1.12
2017.12.14 21:55:17.038,1.71819,1.7186,1.19,1.12
2017.12.14 21:55:17.906,1.71819,1.7186,1.25,1.12
2017.12.14 21:55:19.613,1.71818,1.7186,2.06,1.12
2017.12.14 21:55:20.150,1.71821,1.71859,1.19,1.12
2017.12.14 21:55:20.531,1.71819,1.7186,1.56,1.12
2017.12.14 21:55:23.029,1.7182,1.7186,1.19,1.12
2017.12.14 21:55:23.542,1.71822,1.71859,1.31,1.12
2017.12.14 21:55:27.645,1.71823,1.71859,1.69,1.12
2017.12.14 21:55:28.649,1.71824,1.71859,1.19,1.12
2017.12.14 21:55:29.257,1.71823,1.7186,1.31,1.12
2017.12.14 21:55:30.652,1.71824,1.7186,1.19,1.12
2017.12.14 21:55:31.010,1.71832,1.71866,1.19,1.12
2017.12.14 21:55:31.111,1.71834,1.71873,1.19,1.12
2017.12.14 21:55:31.162,1.71831,1.71878,2.06,1.12
2017.12.14 21:55:31.213,1.71831,1.7188,1.56,1.31
2017.12.14 21:55:31.662,1.71833,1.7188,1.56,1.31
2017.12.14 21:55:31.950,1.71835,1.7188,1.31,1.12
2017.12.14 21:55:32.559,1.71834,1.7188,1.56,1.12
2017.12.14 21:55:33.081,1.71836,1.7188,1.56,1.12
2017.12.14 21:55:33.626,1.71836,1.71879,1.31,1.12
2017.12.14 21:55:33.733,1.7183,1.7188,2.06,1.12
2017.12.14 21:55:33.834,1.7183,1.7188,2.06,1.12
2017.12.14 21:55:34.477,1.71831,1.7188,1.12,1.31
2017.12.14 21:55:35.311,1.71831,1.7188,1.12,1.12
2017.12.14 21:55:35.362,1.71836,1.71879,1.19,1.12
2017.12.14 21:55:35.690,1.71833,1.71872,1.56,1.12
2017.12.14 21:55:36.501,1.71835,1.71872,1.19,1.12
2017.12.14 21:55:36.552,1.71833,1.71873,1.31,1.12
2017.12.14 21:55:36.705,1.71834,1.71872,1.19,1.12
2017.12.14 21:55:40.200,1.71835,1.71872,1.56,1.12
2017.12.14 21:55:41.753,1.71836,1.71872,1.56,1.12
2017.12.14 21:55:42.261,1.71836,1.71872,1.56,1.12
2017.12.14 21:55:42.823,1.71834,1.71873,1.31,1.87
2017.12.14 21:55:43.039,1.71835,1.7188,1.31,2.06
2017.12.14 21:55:43.090,1.71839,1.7188,1.19,1.87
2017.12.14 21:55:43.762,1.7184,1.7188,1.19,1.12
2017.12.14 21:55:44.312,1.71837,1.7188,1.56,1.12
2017.12.14 21:55:44.495,1.7183,1.7188,1.56,1.31
2017.12.14 21:55:45.192,1.7183,1.7188,1.31,1.31
2017.12.14 21:55:45.811,1.71829,1.71879,1.56,1.94
2017.12.14 21:55:47.013,1.7183,1.71879,1.31,1.31
2017.12.14 21:55:48.251,1.71826,1.7188,1.56,1.31
2017.12.14 21:55:49.604,1.71831,1.71877,1.19,1.19
2017.12.14 21:55:49.908,1.71833,1.7188,1.69,1.19
2017.12.14 21:55:50.202,1.71834,1.71881,1.19,1.25
2017.12.14 21:55:53.173,1.71835,1.71881,1.19,1.69
2017.12.14 21:55:55.281,1.71834,1.71881,1.19,1.19
2017.12.14 21:55:59.539,1.71833,1.71882,1.19,1.19
2017.12.14 21:56:01.162,1.71838,1.71889,1.00,1.19
2017.12.14 21:56:01.264,1.71838,1.71892,1.19,2.06
2017.12.14 21:56:02.121,1.71838,1.71891,1.56,1.31
2017.12.14 21:56:04.751,1.71838,1.71893,1.56,1.56
2017.12.14 21:56:08.241,1.71838,1.71893,1.56,1.56
2017.12.14 21:56:08.769,1.71838,1.71894,1.56,1.31
2017.12.14 21:56:09.520,1.71838,1.71893,1.56,1.19
2017.12.14 21:56:09.861,1.71838,1.71895,1.56,1.19
2017.12.14 21:56:10.347,1.71838,1.71894,1.56,1.19
2017.12.14 21:56:11.034,1.71843,1.71895,1.62,1.31
2017.12.14 21:56:11.542,1.71845,1.71894,1.31,1.19
2017.12.14 21:56:12.087,1.71842,1.71894,1.56,1.19
2017.12.14 21:56:12.750,1.71842,1.71894,1.56,1.19
2017.12.14 21:56:13.172,1.71847,1.71894,1.00,1.19
2017.12.14 21:56:13.841,1.71847,1.71893,1.19,1.19
2017.12.14 21:56:14.042,1.7184,1.71896,1.56,1.56
2017.12.14 21:56:14.194,1.7184,1.71894,1.19,1.31
2017.12.14 21:56:15.201,1.71841,1.71892,1.19,1.19
2017.12.14 21:56:16.191,1.71841,1.71892,1.25,1.00
2017.12.14 21:56:16.242,1.71841,1.71892,1.19,1.25
2017.12.14 21:56:16.812,1.71838,1.71892,1.19,1.19
2017.12.14 21:56:19.222,1.71835,1.71892,2.44,1.19
2017.12.14 21:56:20.121,1.71835,1.71892,1.69,1.19
2017.12.14 21:56:22.622,1.71835,1.71892,1.56,1.19
2017.12.14 21:56:22.961,1.71835,1.71892,1.56,1.19
2017.12.14 21:56:24.563,1.71834,1.71892,2.81,1.19
2017.12.14 21:56:25.045,1.71838,1.71892,1.19,1.19
2017.12.14 21:56:25.443,1.71839,1.71892,1.69,1.19
2017.12.14 21:56:25.949,1.71842,1.71892,1.19,1.19
2017.12.14 21:56:26.712,1.71842,1.71892,1.19,1.19
2017.12.14 21:56:27.374,1.71842,1.71892,1.19,1.19
2017.12.14 21:56:28.003,1.7184,1.71892,1.19,1.25
2017.12.14 21:56:28.054,1.7184,1.71892,1.19,1.19
2017.12.14 21:56:28.999,1.71835,1.71892,3.94,2.44
2017.12.14 21:56:29.050,1.71835,1.71892,1.19,2.44
2017.12.14 21:56:32.089,1.71835,1.71892,1.19,2.44
2017.12.14 21:56:33.306,1.71836,1.71892,1.19,2.44
2017.12.14 21:56:39.895,1.71838,1.71892,2.06,1.25
2017.12.14 21:56:41.770,1.71841,1.71892,1.19,1.19
2017.12.14 21:56:43.107,1.7184,1.71892,1.19,1.19
2017.12.14 21:56:43.321,1.7184,1.71892,1.19,1.19
2017.12.14 21:56:43.689,1.71842,1.71892,1.19,1.19
2017.12.14 21:56:44.199,1.71843,1.71892,1.25,1.19
2017.12.14 21:56:44.505,1.71843,1.71892,1.19,1.19
2017.12.14 21:56:45.065,1.71845,1.71892,1.19,1.19
2017.12.14 21:56:45.566,1.71844,1.71892,1.19,1.19
2017.12.14 21:56:45.617,1.71844,1.71892,1.25,1.19
2017.12.14 21:56:46.042,1.71841,1.71892,1.19,1.19
2017.12.14 21:56:47.078,1.71838,1.71891,2.06,1.19
2017.12.14 21:56:47.928,1.71838,1.71891,1.31,1.19
2017.12.14 21:56:49.701,1.71843,1.71891,1.19,1.00
2017.12.14 21:56:52.124,1.71842,1.71891,1.19,1.00
2017.12.14 21:56:52.811,1.71835,1.71891,1.69,1.69
2017.12.14 21:56:52.862,1.71835,1.71889,1.69,1.19
2017.12.14 21:56:53.266,1.71833,1.7189,2.06,1.19
2017.12.14 21:56:54.529,1.71833,1.7189,1.56,1.19
2017.12.14 21:56:54.632,1.71833,1.71889,1.56,1.19
2017.12.14 21:56:54.734,1.71831,1.71886,1.69,1.19
2017.12.14 21:56:56.850,1.71831,1.71886,3.19,1.19
2017.12.14 21:56:56.952,1.71831,1.71886,3.19,1.00
2017.12.14 21:56:57.722,1.71831,1.71886,1.69,1.00
2017.12.14 21:56:59.023,1.71834,1.71886,1.31,1.19
2017.12.14 21:56:59.391,1.71834,1.71886,3.19,1.19
2017.12.14 21:57:00.090,1.71835,1.71886,1.19,1.69
2017.12.14 21:57:01.190,1.71834,1.71887,2.06,1.19
2017.12.14 21:57:01.698,1.71836,1.71882,1.19,1.00
2017.12.14 21:57:02.396,1.71831,1.71882,1.31,1.00
2017.12.14 21:57:02.812,1.71839,1.71882,1.31,1.00
2017.12.14 21:57:02.863,1.71842,1.71885,1.25,1.19
2017.12.14 21:57:02.965,1.71834,1.71885,1.19,1.19
2017.12.14 21:57:03.790,1.71834,1.71886,2.06,1.19
2017.12.14 21:57:06.663,1.71834,1.71882,2.06,1.00
2017.12.14 21:57:07.175,1.71835,1.71882,1.19,1.25
2017.12.14 21:57:09.189,1.71828,1.71881,1.56,1.19
2017.12.14 21:57:09.563,1.71831,1.71871,1.25,1.00
2017.12.14 21:57:10.103,1.71831,1.71872,1.19,1.00
2017.12.14 21:57:10.584,1.71831,1.71872,1.19,1.25
2017.12.14 21:57:10.999,1.7183,1.71872,2.06,1.00
2017.12.14 21:57:11.643,1.7183,1.71872,2.06,1.00
2017.12.14 21:57:11.694,1.7183,1.71872,1.87,1.19
2017.12.14 21:57:11.796,1.71819,1.71872,2.06,1.19
2017.12.14 21:57:11.948,1.71818,1.71866,1.31,1.19
2017.12.14 21:57:12.330,1.71815,1.71872,1.19,1.69
2017.12.14 21:57:12.701,1.71819,1.71872,1.19,1.19
2017.12.14 21:57:13.311,1.71818,1.71867,1.19,1.19
2017.12.14 21:57:14.096,1.71814,1.71861,2.81,1.19
2017.12.14 21:57:14.622,1.71814,1.71862,2.06,1.19
2017.12.14 21:57:15.794,1.71815,1.71862,1.31,1.19
2017.12.14 21:57:17.188,1.71815,1.71862,1.31,1.19
2017.12.14 21:57:19.150,1.71815,1.71862,1.31,1.19
2017.12.14 21:57:19.653,1.71815,1.71862,2.06,1.00
2017.12.14 21:57:21.397,1.71815,1.71862,2.06,1.25
2017.12.14 21:57:26.989,1.71818,1.71867,1.00,1.19
2017.12.14 21:57:27.400,1.71818,1.71867,1.00,1.00
2017.12.14 21:57:27.795,1.71814,1.71862,2.06,1.00
2017.12.14 21:57:29.112,1.71814,1.71867,2.06,1.25
2017.12.14 21:57:29.164,1.71804,1.71862,1.56,1.19
2017.12.14 21:57:29.734,1.71804,1.71861,1.19,2.44
2017.12.14 21:57:30.124,1.71803,1.71861,1.19,1.69
2017.12.14 21:57:30.843,1.71803,1.71861,1.31,1.00
2017.12.14 21:57:30.945,1.71803,1.71861,2.06,1.25
2017.12.14 21:57:31.926,1.71803,1.7186,2.06,1.19
2017.12.14 21:57:31.978,1.71811,1.71861,1.87,1.00
2017.12.14 21:57:32.181,1.71813,1.71861,1.00,1.50
2017.12.14 21:57:32.232,1.71811,1.7186,1.12,1.00
2017.12.14 21:57:32.435,1.71814,1.71861,1.00,1.25
2017.12.14 21:57:32.787,1.71807,1.71862,1.69,1.00
2017.12.14 21:57:32.838,1.71814,1.71864,1.00,1.19
2017.12.14 21:57:33.343,1.71815,1.71865,1.00,1.19
2017.12.14 21:57:33.819,1.71803,1.71862,1.19,1.19
2017.12.14 21:57:34.505,1.71803,1.71862,1.19,1.19
2017.12.14 21:57:37.202,1.71802,1.71863,2.81,1.69
2017.12.14 21:57:39.484,1.71807,1.71862,1.19,1.19
2017.12.14 21:57:39.586,1.71806,1.71859,1.31,1.19
2017.12.14 21:57:39.752,1.71815,1.71859,1.31,1.25
2017.12.14 21:57:40.435,1.71814,1.7186,2.06,1.69
2017.12.14 21:57:43.549,1.71814,1.71868,2.06,1.00
2017.12.14 21:57:43.701,1.71814,1.71872,1.69,1.19
2017.12.14 21:57:44.706,1.71818,1.71872,2.06,1.19
2017.12.14 21:57:47.249,1.71818,1.71872,2.06,1.19
2017.12.14 21:57:49.298,1.71819,1.71872,1.19,1.00
2017.12.14 21:57:49.349,1.71823,1.71872,1.19,1.00
2017.12.14 21:57:49.584,1.71827,1.71872,1.31,1.00
2017.12.14 21:57:50.087,1.71819,1.71875,2.06,1.19
2017.12.14 21:57:50.139,1.71814,1.71875,1.56,1.69
2017.12.14 21:57:50.191,1.71812,1.71875,1.56,1.19
2017.12.14 21:57:51.065,1.71811,1.7187,1.19,1.19
2017.12.14 21:57:51.537,1.71811,1.71869,2.06,1.19
2017.12.14 21:57:52.020,1.71814,1.7187,2.81,1.19
2017.12.14 21:57:52.704,1.71814,1.7187,2.81,1.19
2017.12.14 21:57:55.813,1.71818,1.71867,1.19,1.19
2017.12.14 21:57:56.149,1.71815,1.71861,1.31,1.00
2017.12.14 21:57:56.907,1.71814,1.71861,2.81,1.25
2017.12.14 21:58:00.771,1.71818,1.71857,1.31,1.00
2017.12.14 21:58:00.974,1.71818,1.71857,1.31,1.00
2017.12.14 21:58:01.026,1.71815,1.71856,1.12,1.00
2017.12.14 21:58:01.128,1.71813,1.71856,1.00,1.00
2017.12.14 21:58:01.230,1.71807,1.71856,1.31,1.00
2017.12.14 21:58:01.957,1.71807,1.71856,1.31,1.00
2017.12.14 21:58:03.589,1.71807,1.71857,1.31,1.25
2017.12.14 21:58:07.001,1.71806,1.7186,2.06,1.50
2017.12.14 21:58:07.052,1.71806,1.71858,2.06,1.00
2017.12.14 21:58:08.917,1.71806,1.7186,2.06,1.50
2017.12.14 21:58:08.968,1.71809,1.71865,1.19,1.00
2017.12.14 21:58:09.299,1.71818,1.71866,1.87,1.25
2017.12.14 21:58:11.430,1.71818,1.71869,1.87,1.19
2017.12.14 21:58:11.531,1.71806,1.71861,1.31,1.00
2017.12.14 21:58:11.642,1.71806,1.71857,1.31,1.00
2017.12.14 21:58:12.167,1.71805,1.71857,1.19,1.00
2017.12.14 21:58:13.036,1.71803,1.71856,1.31,1.00
2017.12.14 21:58:14.762,1.71803,1.71857,1.87,1.00
2017.12.14 21:58:14.813,1.71802,1.71862,1.31,1.50
2017.12.14 21:58:14.916,1.718,1.71859,1.31,1.00
2017.12.14 21:58:14.967,1.718,1.71856,1.31,1.50
2017.12.14 21:58:15.120,1.7179,1.71848,2.06,1.00
2017.12.14 21:58:15.171,1.7179,1.71844,1.31,1.00
2017.12.14 21:58:15.222,1.71788,1.71848,1.37,1.50
2017.12.14 21:58:15.345,1.71791,1.71841,1.00,1.00
2017.12.14 21:58:15.888,1.7179,1.71842,1.87,1.00
2017.12.14 21:58:16.488,1.7179,1.71842,2.06,1.00
2017.12.14 21:58:16.989,1.7179,1.71841,1.31,1.00
2017.12.14 21:58:17.294,1.7179,1.71848,2.06,1.00
2017.12.14 21:58:17.345,1.7179,1.71851,2.06,1.50
2017.12.14 21:58:18.117,1.7179,1.71852,2.06,1.50
2017.12.14 21:58:18.502,1.7179,1.71849,2.06,1.00
2017.12.14 21:58:20.302,1.7179,1.71848,2.06,1.00
2017.12.14 21:58:20.486,1.7179,1.7185,1.56,1.00
2017.12.14 21:58:20.617,1.71789,1.71852,1.56,1.00
2017.12.14 21:58:21.569,1.71793,1.71855,1.00,1.00
2017.12.14 21:58:22.702,1.71794,1.71857,1.00,1.00
2017.12.14 21:58:25.221,1.71791,1.71855,2.06,1.00
2017.12.14 21:58:25.272,1.71794,1.71857,1.00,1.50
2017.12.14 21:58:25.323,1.71791,1.71855,1.50,1.00
2017.12.14 21:58:25.475,1.71794,1.71857,1.00,1.50
2017.12.14 21:58:26.091,1.71793,1.71857,1.00,1.00
2017.12.14 21:58:26.617,1.71792,1.71857,1.00,1.00
2017.12.14 21:58:26.951,1.71795,1.71859,1.31,1.50
2017.12.14 21:58:27.807,1.71797,1.7186,1.00,2.25
2017.12.14 21:58:29.803,1.71798,1.71859,1.00,1.00
2017.12.14 21:58:30.134,1.71795,1.71858,1.25,1.50
2017.12.14 21:58:30.235,1.71797,1.71852,1.00,1.00
2017.12.14 21:58:30.286,1.71796,1.71855,1.50,1.00
2017.12.14 21:58:30.337,1.71796,1.71859,1.00,1.00
2017.12.14 21:58:31.445,1.71796,1.71858,1.00,1.00
2017.12.14 21:58:32.064,1.71795,1.71858,1.25,1.00
2017.12.14 21:58:32.117,1.7179,1.71855,1.56,1.00
2017.12.14 21:58:32.321,1.71795,1.71858,1.00,1.00
2017.12.14 21:58:32.784,1.71797,1.71858,1.25,1.00
2017.12.14 21:58:32.835,1.71798,1.7186,2.25,1.00
2017.12.14 21:58:32.886,1.71803,1.71862,1.00,1.00
2017.12.14 21:58:33.038,1.71806,1.71869,1.25,1.00
2017.12.14 21:58:33.089,1.71808,1.71871,1.00,1.00
2017.12.14 21:58:33.642,1.71809,1.71871,1.25,1.00
2017.12.14 21:58:34.153,1.71808,1.71871,1.25,1.00
2017.12.14 21:58:34.650,1.71806,1.71869,1.00,1.00
2017.12.14 21:58:34.982,1.7181,1.71873,1.00,1.19
2017.12.14 21:58:35.703,1.71809,1.71874,1.69,1.69
2017.12.14 21:58:36.440,1.71814,1.71877,1.00,1.19
2017.12.14 21:58:36.490,1.71813,1.71878,1.00,1.19
2017.12.14 21:58:37.535,1.71812,1.71875,1.00,1.19
2017.12.14 21:58:38.053,1.71813,1.71878,1.00,1.19
2017.12.14 21:58:38.675,1.71812,1.71875,1.00,1.19
2017.12.14 21:58:38.844,1.71814,1.71877,1.00,1.19
2017.12.14 21:58:39.350,1.71812,1.71875,1.00,1.19
2017.12.14 21:58:40.716,1.71813,1.71875,1.00,1.19
2017.12.14 21:58:41.251,1.71812,1.71875,1.00,1.19
2017.12.14 21:58:43.478,1.71812,1.71875,1.00,1.00
2017.12.14 21:58:43.529,1.71815,1.71878,1.25,1.00
2017.12.14 21:58:43.868,1.71843,1.71901,1.00,1.56
2017.12.14 21:58:43.919,1.71842,1.71899,1.00,1.31
2017.12.14 21:58:44.267,1.71842,1.71901,1.00,1.19
2017.12.14 21:58:44.982,1.71842,1.71901,1.00,1.19
2017.12.14 21:58:45.033,1.71845,1.71901,1.00,1.19
2017.12.14 21:58:45.575,1.71844,1.71901,1.00,1.00
2017.12.14 21:58:47.036,1.71839,1.71894,1.00,1.00
2017.12.14 21:58:47.087,1.71836,1.71894,1.00,1.00
2017.12.14 21:58:47.138,1.71831,1.71895,1.25,1.00
2017.12.14 21:58:47.551,1.71834,1.71896,1.00,1.00
2017.12.14 21:58:47.690,1.71831,1.71895,1.19,1.00
2017.12.14 21:58:50.948,1.71844,1.71902,1.50,1.69
2017.12.14 21:58:51.466,1.71844,1.71906,1.00,1.31
2017.12.14 21:58:52.231,1.71847,1.71906,1.00,1.31
2017.12.14 21:58:52.996,1.71847,1.71907,1.00,1.19
2017.12.14 21:58:54.204,1.71839,1.71902,1.00,1.00
2017.12.14 21:58:54.808,1.71841,1.71904,1.00,1.19
2017.12.14 21:58:55.248,1.71839,1.71905,1.00,1.19
2017.12.14 21:58:55.350,1.71835,1.71902,1.00,1.19
2017.12.14 21:58:56.033,1.71835,1.71902,1.00,1.25
2017.12.14 21:58:57.330,1.71838,1.71901,1.00,1.69
2017.12.14 21:58:57.431,1.71836,1.71901,1.00,2.25
2017.12.14 21:58:58.106,1.71838,1.719,1.00,1.12
2017.12.14 21:58:58.207,1.71835,1.719,1.00,1.12
2017.12.14 21:58:58.918,1.71839,1.719,1.00,1.50
2017.12.14 21:58:59.234,1.71841,1.71904,1.00,1.19
2017.12.14 21:58:59.330,1.71841,1.71904,1.00,1.25
2017.12.14 21:59:00.152,1.71841,1.71908,1.00,1.00
2017.12.14 21:59:00.719,1.71846,1.71913,1.00,1.00
2017.12.14 21:59:02.198,1.71866,1.71915,0.75,0.75
2017.12.14 21:59:02.249,1.71857,1.71922,0.75,0.75
2017.12.14 21:59:03.759,1.71856,1.71923,0.75,0.75
2017.12.14 21:59:03.962,1.71861,1.71926,0.75,0.75
2017.12.14 21:59:04.289,1.71863,1.71928,0.75,0.75
2017.12.14 21:59:04.501,1.71859,1.71928,1.50,1.50
2017.12.14 21:59:05.355,1.7186,1.71927,0.75,0.75
2017.12.14 21:59:05.939,1.71859,1.71928,1.50,1.50
2017.12.14 21:59:07.890,1.71863,1.71928,0.75,1.50
2017.12.14 21:59:07.991,1.71859,1.71928,1.50,1.50
2017.12.14 21:59:08.609,1.7186,1.71927,0.75,0.75
2017.12.14 21:59:10.191,1.71859,1.71928,1.50,1.50
2017.12.14 21:59:10.242,1.71862,1.71932,0.75,0.75
2017.12.14 21:59:10.292,1.71874,1.71937,0.37,0.75
2017.12.14 21:59:10.495,1.71858,1.71936,0.75,0.75
2017.12.14 21:59:10.781,1.71856,1.7193,0.75,0.75
2017.12.14 21:59:10.935,1.71854,1.71935,0.75,0.75
2017.12.14 21:59:11.697,1.71863,1.71935,0.75,0.75
2017.12.14 21:59:12.000,1.71842,1.71897,1.50,0.75
2017.12.14 21:59:12.356,1.71846,1.71912,0.75,0.75
2017.12.14 21:59:12.407,1.7185,1.71913,0.75,0.75
2017.12.14 21:59:12.459,1.7185,1.71916,0.75,0.75
2017.12.14 21:59:13.790,1.71846,1.71913,0.75,0.75
2017.12.14 21:59:14.839,1.71847,1.71912,0.75,0.75
2017.12.14 21:59:15.373,1.71846,1.71913,0.75,0.75
2017.12.14 21:59:16.928,1.71842,1.71909,0.75,0.75
2017.12.14 21:59:17.364,1.71842,1.71905,1.50,0.75
2017.12.14 21:59:17.672,1.71845,1.7191,0.75,0.75
2017.12.14 21:59:17.773,1.71839,1.71903,0.75,0.75
2017.12.14 21:59:17.975,1.71841,1.71908,0.75,0.75
2017.12.14 21:59:18.959,1.71842,1.71907,0.75,0.75
2017.12.14 21:59:19.479,1.71841,1.71908,0.75,0.75
2017.12.14 21:59:20.407,1.71841,1.71906,0.75,0.75
2017.12.14 21:59:20.515,1.71837,1.71904,0.75,0.75
2017.12.14 21:59:20.679,1.71843,1.71906,0.75,0.75
2017.12.14 21:59:20.730,1.71843,1.71908,0.75,0.75
2017.12.14 21:59:22.064,1.71844,1.71909,0.19,0.75
2017.12.14 21:59:22.115,1.7186,1.7191,0.75,0.75
2017.12.14 21:59:22.166,1.71854,1.7191,1.50,0.75
2017.12.14 21:59:22.217,1.7186,1.71918,0.75,0.75
2017.12.14 21:59:22.268,1.71854,1.71917,0.75,0.75
2017.12.14 21:59:22.319,1.71854,1.7192,0.75,0.75
2017.12.14 21:59:23.246,1.71853,1.71908,0.75,0.75
2017.12.14 21:59:23.297,1.7185,1.71915,0.75,0.75
2017.12.14 21:59:24.749,1.71849,1.71916,0.94,0.75
2017.12.14 21:59:24.850,1.7185,1.71913,0.75,0.75
2017.12.14 21:59:24.951,1.7185,1.71915,0.75,0.75
2017.12.14 21:59:28.291,1.71849,1.71916,0.75,0.75
2017.12.14 21:59:30.325,1.71849,1.71914,0.75,0.75
2017.12.14 21:59:30.701,1.71845,1.71909,0.75,0.75
2017.12.14 21:59:30.752,1.71836,1.71902,0.75,0.75
2017.12.14 21:59:31.405,1.71835,1.71902,0.75,0.75
2017.12.14 21:59:33.375,1.71838,1.71902,0.75,0.75
2017.12.14 21:59:33.426,1.7184,1.71907,0.75,0.75
2017.12.14 21:59:35.030,1.71838,1.71903,0.75,0.75
2017.12.14 21:59:35.080,1.71836,1.71903,1.50,0.75
2017.12.14 21:59:40.745,1.7185,1.71905,0.75,0.75
2017.12.14 21:59:40.796,1.7185,1.71913,0.75,0.75
2017.12.14 21:59:40.850,1.7185,1.71915,0.75,0.75
2017.12.14 21:59:41.465,1.7185,1.71916,0.75,1.50
2017.12.14 21:59:41.555,1.7185,1.71913,0.75,0.75
2017.12.14 21:59:41.606,1.71845,1.7191,0.75,0.75
2017.12.14 21:59:42.948,1.71838,1.71916,0.75,0.75
2017.12.14 21:59:42.999,1.71828,1.71916,0.37,0.75
2017.12.14 21:59:43.590,1.71825,1.71916,0.37,0.75
2017.12.14 21:59:44.326,1.71826,1.71915,0.75,0.75
2017.12.14 21:59:44.377,1.71828,1.71915,0.37,0.75
2017.12.14 21:59:46.111,1.71828,1.71918,0.37,0.75
2017.12.14 21:59:46.235,1.71835,1.71926,0.75,0.75
2017.12.14 21:59:46.336,1.71835,1.71919,0.75,0.75
2017.12.14 21:59:46.387,1.71829,1.71919,0.37,0.75
2017.12.14 21:59:46.438,1.71829,1.71917,0.37,0.75
2017.12.14 21:59:46.488,1.71823,1.71917,1.12,0.75
2017.12.14 21:59:46.804,1.71823,1.7192,1.12,0.75
2017.12.14 21:59:46.855,1.71824,1.71916,0.75,0.75
2017.12.14 21:59:46.906,1.71823,1.71918,0.75,1.87
2017.12.14 21:59:46.956,1.71823,1.71915,0.75,0.75
2017.12.14 21:59:47.108,1.71824,1.71918,0.37,0.75
2017.12.14 21:59:47.159,1.71824,1.71912,0.37,0.75
2017.12.14 21:59:47.759,1.71824,1.71911,0.37,0.75
2017.12.14 21:59:47.888,1.71824,1.71913,0.37,0.75
2017.12.14 21:59:48.040,1.71827,1.71913,0.75,0.75
2017.12.14 21:59:48.589,1.71827,1.71912,0.75,0.75
2017.12.14 21:59:49.080,1.71827,1.7191,0.75,0.75
2017.12.14 21:59:50.160,1.71827,1.71912,0.75,0.75
2017.12.14 21:59:50.210,1.71827,1.7191,0.75,0.75
2017.12.14 21:59:50.685,1.71827,1.71912,0.75,0.75
2017.12.14 21:59:50.826,1.71827,1.71909,0.75,0.75
2017.12.14 21:59:51.120,1.71827,1.71911,0.75,0.75
2017.12.14 21:59:51.869,1.71827,1.7191,0.75,0.75
2017.12.14 21:59:54.239,1.71827,1.71909,0.75,0.75
2017.12.14 21:59:54.290,1.7181,1.71905,0.75,0.75
2017.12.14 21:59:54.823,1.71811,1.71905,1.12,0.75
2017.12.14 21:59:55.414,1.71811,1.71906,1.12,0.75
2017.12.14 21:59:56.212,1.71793,1.7191,0.75,0.75
2017.12.14 21:59:56.264,1.71793,1.71905,1.50,0.75
2017.12.14 21:59:56.799,1.71793,1.71903,0.75,0.75
2017.12.14 21:59:59.582,1.71788,1.71897,0.75,0.75
