2015.10.06 04:00:03.870,1.98278,1.98316,1.00,1.00
2015.10.06 04:00:05.007,1.98278,1.98317,1.00,1.00
2015.10.06 04:00:07.281,1.98278,1.9832,1.00,1.00
2015.10.06 04:00:07.332,1.98278,1.98313,1.00,1.00
2015.10.06 04:00:07.635,1.98284,1.98317,1.00,1.00
2015.10.06 04:00:08.783,1.98279,1.98317,1.00,1.00
2015.10.06 04:00:08.935,1.98274,1.98317,1.50,1.00
2015.10.06 04:00:14.339,1.98274,1.98316,1.00,1.00
2015.10.06 04:00:14.824,1.98274,1.98314,1.00,1.00
2015.10.06 04:00:16.162,1.98274,1.98313,1.00,1.00
2015.10.06 04:00:20.756,1.98271,1.98312,1.00,1.50
2015.10.06 04:00:24.128,1.98267,1.9831,1.00,1.00
2015.10.06 04:00:24.279,1.98267,1.98308,1.00,1.00
2015.10.06 04:00:24.841,1.98267,1.98307,1.00,1.00
2015.10.06 04:00:26.821,1.98264,1.98301,1.00,1.00
2015.10.06 04:00:42.638,1.98264,1.98307,1.00,1.00
2015.10.06 04:00:44.375,1.98264,1.98305,1.00,1.00
2015.10.06 04:00:48.159,1.98264,1.98303,1.00,1.00
2015.10.06 04:00:50.652,1.98264,1.98307,1.00,2.25
2015.10.06 04:01:00.677,1.98264,1.98306,1.00,1.00
2015.10.06 04:01:00.929,1.98262,1.98303,1.00,1.00
2015.10.06 04:01:03.814,1.98262,1.98302,1.00,1.00
2015.10.06 04:01:04.368,1.98262,1.98303,1.00,1.50
2015.10.06 04:01:08.101,1.98262,1.98302,1.00,2.25
2015.10.06 04:01:08.437,1.98262,1.983,1.00,1.00
2015.10.06 04:01:11.930,1.98262,1.98302,1.00,1.00
2015.10.06 04:01:14.356,1.98262,1.98303,1.00,1.50
2015.10.06 04:01:23.310,1.98254,1.98297,1.00,1.00
2015.10.06 04:01:23.361,1.9825,1.98291,1.50,1.00
2015.10.06 04:01:23.692,1.9825,1.98285,1.00,1.00
2015.10.06 04:01:26.269,1.9825,1.98283,1.00,1.00
2015.10.06 04:01:26.758,1.9825,1.98285,1.00,1.00
2015.10.06 04:01:27.800,1.98251,1.98285,1.00,1.00
2015.10.06 04:01:34.060,1.98258,1.98285,1.00,1.00
2015.10.06 04:01:37.875,1.98259,1.98285,1.00,1.00
2015.10.06 04:01:42.530,1.98258,1.98285,1.00,1.00
2015.10.06 04:01:45.389,1.98258,1.98283,1.00,1.00
2015.10.06 04:01:46.085,1.98263,1.98286,1.00,1.00
2015.10.06 04:01:46.404,1.98268,1.98286,1.00,1.00
2015.10.06 04:01:50.820,1.98263,1.98286,1.00,1.00
2015.10.06 04:02:00.443,1.98268,1.98286,1.00,1.00
2015.10.06 04:02:04.105,1.98263,1.98286,1.00,1.00
2015.10.06 04:02:05.894,1.98258,1.98286,1.00,1.00
2015.10.06 04:02:06.045,1.98258,1.98282,1.00,1.00
2015.10.06 04:02:09.939,1.98263,1.98282,1.00,1.00
2015.10.06 04:02:25.138,1.98259,1.98282,1.00,1.00
2015.10.06 04:02:29.059,1.98264,1.98282,1.00,1.00
2015.10.06 04:02:29.170,1.98258,1.98282,1.00,1.00
2015.10.06 04:02:29.786,1.98264,1.98282,1.00,1.00
2015.10.06 04:02:30.302,1.98263,1.98282,1.00,1.00
2015.10.06 04:02:33.035,1.98264,1.98282,1.00,1.00
2015.10.06 04:02:34.228,1.98263,1.98282,1.00,1.00
2015.10.06 04:02:36.320,1.98258,1.98282,1.00,1.00
2015.10.06 04:02:42.261,1.98258,1.98284,1.00,1.00
2015.10.06 04:02:49.475,1.98263,1.98284,1.00,1.00
2015.10.06 04:02:49.525,1.98263,1.98292,1.50,1.00
2015.10.06 04:02:49.699,1.98272,1.98292,1.00,1.00
2015.10.06 04:02:50.182,1.98263,1.98292,1.50,1.00
2015.10.06 04:03:06.146,1.98268,1.98292,1.00,1.00
2015.10.06 04:03:10.323,1.98264,1.98292,1.00,1.00
2015.10.06 04:03:23.565,1.98263,1.98292,1.00,1.00
2015.10.06 04:03:41.423,1.98268,1.98292,1.00,1.00
2015.10.06 04:03:49.613,1.98268,1.98301,1.00,1.00
2015.10.06 04:03:55.430,1.98268,1.98302,1.00,1.00
2015.10.06 04:03:57.096,1.98264,1.98302,1.00,1.00
2015.10.06 04:04:03.374,1.98263,1.98302,1.50,1.00
2015.10.06 04:04:06.556,1.98262,1.98302,1.00,1.00
2015.10.06 04:04:06.657,1.98259,1.98302,1.50,1.00
2015.10.06 04:04:07.574,1.98264,1.98302,1.00,1.00
2015.10.06 04:04:24.266,1.98259,1.98302,2.25,1.00
2015.10.06 04:04:26.279,1.98259,1.98299,1.50,1.00
2015.10.06 04:04:26.645,1.98259,1.98289,1.50,1.00
2015.10.06 04:04:30.109,1.98263,1.98289,1.00,1.00
2015.10.06 04:04:31.783,1.9826,1.98289,1.00,1.00
2015.10.06 04:04:31.884,1.98263,1.98289,1.00,1.00
2015.10.06 04:04:32.754,1.98264,1.98289,1.00,1.00
2015.10.06 04:04:33.065,1.98268,1.98289,1.00,1.00
2015.10.06 04:04:37.149,1.98264,1.98289,1.00,1.00
2015.10.06 04:04:45.466,1.98264,1.98292,1.00,1.00
2015.10.06 04:04:45.617,1.98264,1.98289,1.00,1.00
2015.10.06 04:04:51.964,1.98263,1.98289,1.00,1.00
2015.10.06 04:04:52.617,1.98264,1.98289,1.00,1.00
2015.10.06 04:04:55.233,1.98264,1.98285,1.00,1.00
2015.10.06 04:04:57.390,1.98258,1.98285,1.00,1.00
2015.10.06 04:05:06.665,1.98259,1.98285,1.00,1.00
2015.10.06 04:05:15.636,1.98258,1.98285,1.00,1.00
2015.10.06 04:05:36.543,1.98264,1.98285,1.00,1.00
2015.10.06 04:05:38.453,1.98263,1.98285,1.00,1.00
2015.10.06 04:05:40.362,1.98258,1.98285,1.00,1.00
2015.10.06 04:05:47.512,1.98258,1.98283,1.00,1.00
2015.10.06 04:05:47.563,1.98254,1.98283,1.00,1.00
2015.10.06 04:05:49.304,1.98254,1.98279,1.00,1.00
2015.10.06 04:06:00.698,1.98259,1.98279,1.00,1.00
2015.10.06 04:06:01.391,1.98259,1.98284,1.00,1.00
2015.10.06 04:06:05.443,1.98258,1.98284,1.00,1.00
2015.10.06 04:06:07.889,1.98253,1.98284,1.00,1.00
2015.10.06 04:06:26.595,1.98254,1.98284,1.00,1.00
2015.10.06 04:06:27.118,1.98252,1.98284,1.00,1.00
2015.10.06 04:06:27.698,1.98248,1.98284,1.00,1.00
2015.10.06 04:06:42.594,1.98249,1.98284,1.00,1.00
2015.10.06 04:06:43.407,1.98249,1.98279,1.00,1.00
2015.10.06 04:06:52.737,1.98253,1.98279,1.00,1.00
2015.10.06 04:06:54.045,1.98249,1.98279,1.00,1.00
2015.10.06 04:06:57.570,1.98253,1.98279,1.00,1.00
2015.10.06 04:07:02.911,1.98248,1.98279,1.00,1.00
2015.10.06 04:07:04.897,1.98253,1.98279,1.00,1.00
2015.10.06 04:07:05.485,1.98248,1.98279,1.00,1.00
2015.10.06 04:07:06.403,1.98254,1.98279,1.00,1.00
2015.10.06 04:07:17.143,1.98249,1.98279,1.00,1.00
2015.10.06 04:07:30.038,1.98253,1.98279,1.00,1.00
2015.10.06 04:07:43.730,1.98253,1.98289,1.00,1.00
2015.10.06 04:08:00.296,1.98253,1.98288,1.00,1.00
2015.10.06 04:08:02.611,1.98254,1.98288,1.00,1.00
2015.10.06 04:08:03.564,1.98253,1.98288,1.00,1.00
2015.10.06 04:08:17.457,1.98253,1.98289,1.00,1.00
2015.10.06 04:08:20.659,1.98258,1.98289,1.00,1.00
2015.10.06 04:08:21.823,1.98253,1.98289,1.00,1.00
2015.10.06 04:08:22.604,1.98258,1.98289,1.00,1.00
2015.10.06 04:08:23.472,1.98253,1.98289,1.00,1.00
2015.10.06 04:08:28.536,1.98258,1.98289,1.00,1.00
2015.10.06 04:08:29.897,1.98253,1.98289,1.00,1.00
2015.10.06 04:08:30.550,1.98259,1.98289,1.00,1.00
2015.10.06 04:08:31.853,1.98253,1.98289,1.00,1.00
2015.10.06 04:08:32.513,1.98258,1.98289,1.00,1.00
2015.10.06 04:08:33.940,1.98253,1.98289,1.00,1.00
2015.10.06 04:08:34.585,1.98258,1.98289,1.00,1.00
2015.10.06 04:08:35.798,1.98254,1.98289,1.00,1.00
2015.10.06 04:08:36.432,1.98259,1.98289,1.00,1.00
2015.10.06 04:08:36.946,1.98258,1.98289,1.00,1.00
2015.10.06 04:08:38.093,1.98253,1.98289,1.00,1.00
2015.10.06 04:08:38.370,1.98248,1.98289,1.00,1.00
2015.10.06 04:08:38.723,1.98248,1.98285,1.00,1.00
2015.10.06 04:08:39.399,1.98243,1.9827,1.00,1.00
2015.10.06 04:08:39.551,1.98238,1.9827,1.00,1.00
2015.10.06 04:08:39.651,1.98243,1.9827,1.00,1.00
2015.10.06 04:08:43.439,1.98238,1.9827,1.00,1.00
2015.10.06 04:08:43.490,1.98238,1.9826,1.00,1.00
2015.10.06 04:08:46.620,1.98234,1.9826,1.00,1.00
2015.10.06 04:08:46.794,1.98239,1.9826,1.00,1.00
2015.10.06 04:08:48.882,1.98238,1.9826,1.00,1.00
2015.10.06 04:08:58.804,1.98239,1.9826,1.00,1.00
2015.10.06 04:09:00.231,1.98233,1.9826,1.00,1.00
2015.10.06 04:09:01.117,1.98239,1.9826,1.00,1.00
2015.10.06 04:09:03.187,1.98234,1.9826,1.00,1.00
2015.10.06 04:09:04.042,1.98238,1.9826,1.00,1.00
2015.10.06 04:09:04.395,1.98233,1.9826,1.00,1.00
2015.10.06 04:09:05.088,1.98229,1.9826,1.00,1.00
2015.10.06 04:09:05.138,1.98229,1.98256,1.00,1.00
2015.10.06 04:09:05.717,1.98228,1.98256,1.00,1.00
2015.10.06 04:09:08.139,1.98223,1.98256,1.00,1.00
2015.10.06 04:09:08.291,1.98228,1.98256,1.00,1.00
2015.10.06 04:09:14.382,1.98229,1.98256,1.00,1.00
2015.10.06 04:09:16.389,1.98223,1.98256,1.00,1.00
2015.10.06 04:09:16.607,1.98228,1.98256,1.00,1.00
2015.10.06 04:09:17.379,1.98223,1.98256,1.00,1.00
2015.10.06 04:09:17.631,1.98228,1.98256,1.00,1.00
2015.10.06 04:09:20.571,1.98223,1.98256,1.00,1.00
2015.10.06 04:09:21.561,1.98228,1.98256,1.00,1.00
2015.10.06 04:09:25.769,1.98228,1.98253,1.00,1.00
2015.10.06 04:09:26.071,1.98228,1.9825,1.00,1.00
2015.10.06 04:09:27.858,1.98223,1.9825,1.00,1.00
2015.10.06 04:09:31.780,1.98228,1.9825,1.00,1.00
2015.10.06 04:09:33.641,1.98223,1.9825,1.00,1.00
2015.10.06 04:09:33.863,1.98228,1.9825,1.00,1.00
2015.10.06 04:09:39.712,1.98224,1.9825,1.00,1.00
2015.10.06 04:09:40.253,1.98224,1.98253,1.00,1.00
2015.10.06 04:09:40.600,1.98228,1.98253,1.00,1.00
2015.10.06 04:09:57.494,1.98233,1.98253,1.00,1.00
2015.10.06 04:10:02.190,1.98228,1.98253,1.00,1.00
2015.10.06 04:10:22.592,1.98233,1.98253,1.00,1.00
2015.10.06 04:10:23.473,1.98228,1.98253,1.00,1.00
2015.10.06 04:10:40.308,1.98228,1.98266,1.00,1.00
2015.10.06 04:10:47.395,1.98228,1.98265,1.00,1.00
2015.10.06 04:10:47.546,1.98228,1.98263,1.00,1.00
2015.10.06 04:10:47.974,1.98233,1.98263,1.00,1.00
2015.10.06 04:10:48.682,1.98238,1.98263,1.00,1.00
2015.10.06 04:10:48.883,1.98238,1.98267,1.00,1.00
2015.10.06 04:10:50.752,1.98244,1.98267,1.00,1.00
2015.10.06 04:10:51.256,1.98243,1.98267,1.00,1.00
2015.10.06 04:10:53.312,1.98248,1.98267,1.00,1.00
2015.10.06 04:10:53.392,1.98243,1.98267,1.00,1.00
2015.10.06 04:10:54.467,1.98244,1.98267,1.00,1.00
2015.10.06 04:10:54.603,1.98248,1.98267,1.00,1.00
2015.10.06 04:10:54.967,1.98243,1.98267,1.00,1.00
2015.10.06 04:10:55.270,1.98243,1.98263,1.00,1.00
2015.10.06 04:10:59.433,1.98243,1.9827,1.00,1.00
2015.10.06 04:11:06.355,1.98243,1.98273,1.00,1.00
2015.10.06 04:11:24.306,1.98244,1.98273,1.00,1.00
2015.10.06 04:11:24.850,1.98243,1.98273,1.00,1.00
2015.10.06 04:11:33.746,1.98248,1.98273,1.00,1.00
2015.10.06 04:11:34.980,1.98244,1.98273,1.00,1.00
2015.10.06 04:11:35.081,1.98248,1.98273,1.00,1.00
2015.10.06 04:11:36.589,1.98243,1.98273,1.00,1.00
2015.10.06 04:11:49.719,1.98244,1.98273,1.00,1.00
2015.10.06 04:11:53.239,1.98243,1.98273,1.00,1.00
2015.10.06 04:11:54.346,1.98249,1.98273,1.00,1.00
2015.10.06 04:11:54.905,1.98248,1.98273,1.00,1.00
2015.10.06 04:11:56.338,1.98244,1.98276,1.00,1.00
2015.10.06 04:11:56.540,1.98249,1.98279,1.00,1.00
2015.10.06 04:11:57.335,1.98254,1.98282,1.00,1.00
2015.10.06 04:11:58.117,1.98248,1.98282,1.00,1.00
2015.10.06 04:12:01.040,1.98253,1.98282,1.00,1.00
2015.10.06 04:12:02.408,1.98249,1.98282,1.00,1.00
2015.10.06 04:12:07.730,1.98248,1.98282,1.00,1.00
2015.10.06 04:12:16.343,1.98244,1.98282,1.00,1.00
2015.10.06 04:12:20.951,1.98248,1.98282,1.00,1.00
2015.10.06 04:12:21.052,1.98248,1.98285,1.00,1.00
2015.10.06 04:12:21.103,1.98244,1.98285,1.00,1.00
2015.10.06 04:12:21.254,1.98244,1.98289,1.50,1.00
2015.10.06 04:12:21.305,1.98249,1.98289,1.00,1.00
2015.10.06 04:12:22.615,1.98253,1.98289,1.00,1.00
2015.10.06 04:12:23.284,1.98254,1.98289,1.00,1.00
2015.10.06 04:12:24.762,1.98258,1.98289,1.00,1.00
2015.10.06 04:12:24.813,1.98248,1.98289,1.00,1.00
2015.10.06 04:12:43.169,1.98253,1.98289,1.00,1.00
2015.10.06 04:13:21.691,1.98253,1.983,1.00,1.00
2015.10.06 04:13:22.124,1.98248,1.983,1.00,1.00
2015.10.06 04:13:24.075,1.98248,1.98299,1.00,1.00
2015.10.06 04:13:24.881,1.98248,1.98298,1.00,1.00
2015.10.06 04:13:26.139,1.98248,1.98299,1.00,1.50
2015.10.06 04:13:28.802,1.98249,1.98299,1.00,1.00
2015.10.06 04:13:34.035,1.98249,1.98298,1.00,1.00
2015.10.06 04:13:34.637,1.98249,1.98299,1.00,1.00
2015.10.06 04:13:36.329,1.98248,1.98299,1.00,1.00
2015.10.06 04:13:36.532,1.98253,1.98299,1.00,1.00
2015.10.06 04:13:38.908,1.98253,1.983,1.00,1.00
2015.10.06 04:13:43.147,1.98254,1.983,1.00,1.00
2015.10.06 04:13:44.874,1.98249,1.983,1.00,1.00
2015.10.06 04:13:45.099,1.98253,1.983,1.00,1.00
2015.10.06 04:13:45.333,1.98253,1.98304,1.00,2.25
2015.10.06 04:13:45.383,1.98253,1.98293,1.00,1.00
2015.10.06 04:13:46.022,1.98259,1.98293,1.00,1.00
2015.10.06 04:13:46.190,1.98253,1.98293,1.00,1.00
2015.10.06 04:13:46.341,1.98258,1.98292,1.00,1.00
2015.10.06 04:13:46.806,1.98258,1.98295,1.00,1.00
2015.10.06 04:13:53.911,1.98254,1.98295,1.00,1.00
2015.10.06 04:13:54.449,1.98253,1.98295,1.00,1.00
2015.10.06 04:13:55.320,1.98254,1.98295,1.00,1.00
2015.10.06 04:13:55.824,1.98253,1.98295,1.00,1.00
2015.10.06 04:14:09.191,1.98258,1.98295,1.00,1.00
2015.10.06 04:14:10.827,1.98253,1.98295,1.00,1.00
2015.10.06 04:14:13.033,1.98258,1.98295,1.00,1.00
2015.10.06 04:14:13.536,1.98259,1.98295,1.00,1.00
2015.10.06 04:14:14.897,1.98258,1.98295,1.00,1.00
2015.10.06 04:14:16.341,1.98253,1.98295,1.00,1.00
2015.10.06 04:14:17.538,1.98258,1.98295,1.00,1.00
2015.10.06 04:14:29.337,1.98252,1.98295,1.00,1.00
2015.10.06 04:14:36.925,1.98253,1.98295,1.00,1.00
2015.10.06 04:14:37.469,1.98258,1.98295,1.00,1.00
2015.10.06 04:14:46.808,1.98253,1.98303,1.00,1.00
2015.10.06 04:14:47.855,1.98249,1.98303,1.00,1.00
2015.10.06 04:14:49.653,1.98248,1.98303,1.00,1.50
2015.10.06 04:14:49.703,1.98248,1.983,1.00,1.00
2015.10.06 04:14:50.257,1.98248,1.98302,1.00,1.00
2015.10.06 04:14:55.188,1.98248,1.98303,1.00,1.50
2015.10.06 04:14:56.100,1.98248,1.98302,1.00,1.00
2015.10.06 04:14:56.593,1.98253,1.98303,1.00,1.00
2015.10.06 04:14:57.922,1.98259,1.98303,1.00,1.00
2015.10.06 04:14:58.600,1.98254,1.98303,1.00,1.00
2015.10.06 04:14:59.136,1.98259,1.98303,1.00,1.00
2015.10.06 04:14:59.338,1.98253,1.98303,1.00,1.00
2015.10.06 04:15:01.563,1.98254,1.98303,1.00,1.00
2015.10.06 04:15:02.358,1.98253,1.98303,1.00,1.00
2015.10.06 04:15:09.788,1.98254,1.98303,1.00,1.50
2015.10.06 04:15:12.983,1.98254,1.98302,1.00,1.00
2015.10.06 04:15:14.275,1.98259,1.98302,1.00,1.00
2015.10.06 04:15:18.450,1.98259,1.98303,1.00,1.00
2015.10.06 04:15:19.054,1.98259,1.98302,1.00,1.00
2015.10.06 04:15:19.105,1.98254,1.98302,1.00,1.00
2015.10.06 04:15:19.377,1.98258,1.98302,1.00,1.00
2015.10.06 04:15:21.355,1.98258,1.98303,1.00,1.00
2015.10.06 04:15:23.579,1.98253,1.98303,1.00,1.50
2015.10.06 04:15:23.690,1.98253,1.98301,1.00,1.00
2015.10.06 04:15:36.394,1.98253,1.98303,1.00,1.00
2015.10.06 04:15:38.457,1.98254,1.98303,1.00,1.50
2015.10.06 04:15:38.600,1.98258,1.98303,1.00,1.50
2015.10.06 04:15:40.215,1.98259,1.98304,1.00,1.50
2015.10.06 04:15:40.620,1.98254,1.98304,1.00,1.50
2015.10.06 04:15:41.257,1.98253,1.98304,1.00,1.50
2015.10.06 04:15:42.702,1.98253,1.98303,1.00,1.50
2015.10.06 04:15:43.226,1.98253,1.98304,1.00,1.50
2015.10.06 04:15:43.361,1.98258,1.98304,1.00,1.50
2015.10.06 04:15:43.664,1.98263,1.98301,1.00,1.00
2015.10.06 04:15:43.788,1.98259,1.98301,1.00,1.00
2015.10.06 04:15:44.394,1.98268,1.98301,1.00,1.00
2015.10.06 04:15:44.495,1.98268,1.98305,1.00,1.00
2015.10.06 04:15:44.546,1.98278,1.98305,1.00,1.00
2015.10.06 04:15:44.663,1.98278,1.9831,1.00,1.00
2015.10.06 04:15:44.763,1.98278,1.98314,1.00,1.00
2015.10.06 04:15:45.312,1.98279,1.98314,1.00,1.00
2015.10.06 04:15:46.456,1.98278,1.98314,1.00,1.00
2015.10.06 04:15:58.301,1.98283,1.98314,1.00,1.00
2015.10.06 04:15:58.353,1.98283,1.98318,1.00,1.00
2015.10.06 04:15:58.878,1.98283,1.98324,1.50,1.01
2015.10.06 04:15:59.088,1.98288,1.98324,1.00,1.01
2015.10.06 04:16:01.184,1.98288,1.98324,1.00,1.01
2015.10.06 04:16:08.078,1.98289,1.98329,1.00,1.01
2015.10.06 04:16:12.286,1.98289,1.98329,1.00,1.01
2015.10.06 04:16:12.387,1.98293,1.98329,1.00,1.00
2015.10.06 04:16:12.817,1.98298,1.98329,1.00,1.00
2015.10.06 04:16:13.339,1.98298,1.98336,1.00,1.00
2015.10.06 04:16:15.341,1.98299,1.98336,1.00,1.00
2015.10.06 04:16:15.588,1.98295,1.98336,1.00,1.00
2015.10.06 04:16:25.388,1.98298,1.98336,1.00,1.00
2015.10.06 04:16:25.718,1.98303,1.98336,1.00,1.00
2015.10.06 04:16:26.892,1.98309,1.98354,1.00,1.50
2015.10.06 04:16:28.640,1.98307,1.98354,1.00,1.00
2015.10.06 04:16:45.367,1.98309,1.98354,1.00,1.00
2015.10.06 04:16:47.896,1.98307,1.98354,1.00,1.00
2015.10.06 04:16:49.792,1.98309,1.98354,1.00,1.00
2015.10.06 04:16:53.086,1.98307,1.98354,1.00,1.00
2015.10.06 04:16:54.514,1.98308,1.98354,1.00,1.00
2015.10.06 04:17:09.951,1.98309,1.98354,1.00,1.00
2015.10.06 04:17:17.049,1.98314,1.98354,1.00,1.00
2015.10.06 04:17:17.157,1.98308,1.98354,1.00,1.00
2015.10.06 04:17:19.020,1.9831,1.98357,1.00,1.00
2015.10.06 04:18:04.905,1.9831,1.98355,1.00,1.00
2015.10.06 04:18:05.111,1.9831,1.98357,1.00,2.25
2015.10.06 04:18:05.211,1.9831,1.98355,1.00,1.00
2015.10.06 04:18:06.186,1.9831,1.98354,1.00,1.00
2015.10.06 04:18:07.095,1.9831,1.98355,1.00,1.00
2015.10.06 04:18:11.190,1.98312,1.98355,1.00,1.50
2015.10.06 04:18:11.559,1.98309,1.98352,1.00,1.00
2015.10.06 04:19:11.465,1.983,1.98359,1.00,1.00
2015.10.06 04:19:37.532,1.983,1.9836,1.50,1.00
2015.10.06 04:19:38.045,1.98301,1.9836,1.00,1.00
2015.10.06 04:19:42.593,1.98302,1.98361,1.00,3.00
2015.10.06 04:20:06.271,1.98302,1.9836,1.00,1.50
2015.10.06 04:20:13.986,1.98302,1.98361,1.00,2.25
2015.10.06 04:20:14.053,1.983,1.98361,1.00,2.25
2015.10.06 04:20:14.213,1.983,1.98358,1.00,1.00
2015.10.06 04:20:14.515,1.983,1.98351,1.00,1.00
2015.10.06 04:20:15.118,1.98301,1.98346,1.00,1.00
2015.10.06 04:20:16.414,1.983,1.98346,1.00,1.00
2015.10.06 04:20:17.353,1.983,1.98354,1.00,1.00
2015.10.06 04:20:17.504,1.983,1.98358,1.00,1.00
2015.10.06 04:20:18.014,1.983,1.98357,1.00,1.00
2015.10.06 04:20:18.974,1.983,1.98351,1.00,1.00
2015.10.06 04:20:19.475,1.98299,1.98352,1.00,1.50
2015.10.06 04:20:25.725,1.98299,1.98351,1.00,1.00
2015.10.06 04:20:27.407,1.98299,1.98352,1.00,1.50
2015.10.06 04:20:29.265,1.98299,1.98351,1.00,1.00
2015.10.06 04:20:34.226,1.98306,1.98348,1.00,1.00
2015.10.06 04:20:35.080,1.98303,1.98346,1.00,1.00
2015.10.06 04:21:03.646,1.98303,1.98344,1.00,1.00
2015.10.06 04:21:06.185,1.98303,1.98342,1.00,1.00
2015.10.06 04:21:06.720,1.98303,1.98344,1.00,1.00
2015.10.06 04:21:06.773,1.98303,1.98341,1.00,1.00
2015.10.06 04:21:07.026,1.98303,1.98344,1.00,1.00
2015.10.06 04:21:10.782,1.98303,1.98341,1.00,1.00
2015.10.06 04:21:12.566,1.98303,1.98339,1.00,1.00
2015.10.06 04:21:12.893,1.98303,1.98342,1.00,1.00
2015.10.06 04:21:13.884,1.98303,1.98343,1.00,1.00
2015.10.06 04:21:14.388,1.98294,1.9833,1.00,1.00
2015.10.06 04:21:14.952,1.98294,1.98329,1.00,1.00
2015.10.06 04:21:28.343,1.98294,1.98334,1.00,1.00
2015.10.06 04:21:28.846,1.98294,1.98335,1.00,1.00
2015.10.06 04:21:45.883,1.98296,1.98339,1.00,1.00
2015.10.06 04:21:45.933,1.983,1.98343,1.00,1.00
2015.10.06 04:22:06.674,1.98303,1.98343,1.00,1.00
2015.10.06 04:22:06.740,1.98303,1.98345,1.00,1.00
2015.10.06 04:22:16.561,1.98308,1.98349,1.00,1.00
2015.10.06 04:22:20.342,1.98306,1.98349,1.00,1.00
2015.10.06 04:22:25.463,1.98309,1.98349,1.00,1.00
2015.10.06 04:22:34.671,1.9831,1.98351,1.00,1.00
2015.10.06 04:23:34.967,1.983,1.98356,1.00,1.50
2015.10.06 04:23:35.018,1.98303,1.98359,1.00,1.00
2015.10.06 04:23:38.022,1.98302,1.98356,1.00,1.00
2015.10.06 04:23:39.203,1.98303,1.98359,1.00,1.00
2015.10.06 04:23:40.369,1.98304,1.98359,1.00,1.00
2015.10.06 04:23:46.273,1.98304,1.9836,1.00,1.00
2015.10.06 04:23:49.246,1.98303,1.9836,1.50,1.00
2015.10.06 04:23:49.720,1.98303,1.98357,1.00,1.00
2015.10.06 04:23:50.212,1.98303,1.9836,1.50,1.00
2015.10.06 04:23:53.782,1.98303,1.98359,1.00,1.50
2015.10.06 04:23:54.078,1.98302,1.98357,1.50,1.00
2015.10.06 04:24:00.792,1.98303,1.98359,1.00,1.00
2015.10.06 04:24:01.333,1.98304,1.98359,1.00,1.00
2015.10.06 04:24:01.650,1.98304,1.98356,1.00,1.00
2015.10.06 04:24:04.039,1.98304,1.98359,1.00,1.00
2015.10.06 04:24:05.815,1.98304,1.98357,1.00,1.00
2015.10.06 04:24:07.825,1.98302,1.98357,1.50,1.00
2015.10.06 04:24:08.339,1.98304,1.98359,1.00,1.00
2015.10.06 04:24:08.880,1.98303,1.98357,1.00,1.00
2015.10.06 04:24:10.402,1.98302,1.98357,1.50,1.00
2015.10.06 04:24:10.529,1.98303,1.98359,1.00,1.00
2015.10.06 04:24:14.939,1.98303,1.98357,1.00,1.00
2015.10.06 04:24:15.451,1.98304,1.98357,1.00,1.00
2015.10.06 04:24:20.331,1.98304,1.98356,1.00,1.00
2015.10.06 04:24:24.905,1.98303,1.98356,1.50,1.00
2015.10.06 04:24:29.563,1.98305,1.98356,1.00,1.00
2015.10.06 04:24:31.058,1.98304,1.98356,1.00,1.00
2015.10.06 04:24:32.095,1.98303,1.98356,1.00,1.00
2015.10.06 04:24:32.877,1.98302,1.98356,1.50,1.00
2015.10.06 04:24:35.829,1.98302,1.98357,1.00,1.00
2015.10.06 04:24:36.819,1.98302,1.98356,1.00,1.00
2015.10.06 04:24:40.398,1.98302,1.98346,1.00,1.00
2015.10.06 04:24:40.601,1.98302,1.98351,1.00,1.00
2015.10.06 04:24:42.146,1.98302,1.98357,1.00,1.00
2015.10.06 04:24:42.477,1.98302,1.98352,1.00,1.00
2015.10.06 04:24:43.846,1.98303,1.98352,1.00,1.00
2015.10.06 04:24:44.550,1.98303,1.98351,1.00,1.00
2015.10.06 04:24:44.743,1.98299,1.98351,1.50,1.00
2015.10.06 04:24:46.237,1.98298,1.98351,2.25,1.00
2015.10.06 04:24:53.938,1.98299,1.98351,1.00,1.00
2015.10.06 04:24:54.089,1.98299,1.98357,1.50,1.00
2015.10.06 04:24:55.062,1.98299,1.98352,1.00,1.00
2015.10.06 04:24:56.075,1.98301,1.98352,1.00,1.00
2015.10.06 04:24:56.745,1.983,1.98351,1.00,1.00
2015.10.06 04:24:57.048,1.98298,1.98347,1.50,1.00
2015.10.06 04:24:57.371,1.98298,1.98342,1.00,1.00
2015.10.06 04:24:58.208,1.98297,1.98346,1.00,1.00
2015.10.06 04:25:04.671,1.98298,1.98343,1.00,1.00
2015.10.06 04:25:05.267,1.98307,1.98343,1.00,1.00
2015.10.06 04:25:05.338,1.98304,1.98343,1.00,1.00
2015.10.06 04:25:05.869,1.98304,1.98344,1.00,1.00
2015.10.06 04:25:09.376,1.98295,1.9834,1.00,1.00
2015.10.06 04:25:30.572,1.98295,1.98338,1.00,1.00
2015.10.06 04:25:30.823,1.98295,1.9834,1.00,1.00
2015.10.06 04:25:31.342,1.98295,1.98338,1.00,1.00
2015.10.06 04:25:31.525,1.98295,1.9834,1.00,1.00
2015.10.06 04:26:09.409,1.98288,1.98342,1.00,1.00
2015.10.06 04:26:11.829,1.98288,1.9834,1.00,1.00
2015.10.06 04:26:23.810,1.98288,1.98342,1.00,1.00
2015.10.06 04:26:31.775,1.98288,1.98341,1.00,1.00
2015.10.06 04:26:33.023,1.98288,1.98339,1.00,1.00
2015.10.06 04:26:34.462,1.98287,1.98337,1.00,1.00
2015.10.06 04:26:38.757,1.98285,1.98337,1.50,1.00
2015.10.06 04:26:39.533,1.98286,1.98337,1.00,1.00
2015.10.06 04:26:44.364,1.98285,1.98337,1.50,1.00
2015.10.06 04:26:51.390,1.98286,1.98336,1.00,1.00
2015.10.06 04:26:52.390,1.98285,1.98337,1.00,1.00
2015.10.06 04:26:59.047,1.98285,1.98336,1.00,1.00
2015.10.06 04:26:59.298,1.98285,1.98332,1.00,1.00
2015.10.06 04:27:01.312,1.98282,1.98332,1.00,1.00
2015.10.06 04:27:09.176,1.98283,1.98332,1.00,1.00
2015.10.06 04:27:11.887,1.98283,1.98327,1.00,1.00
2015.10.06 04:27:12.427,1.98291,1.98326,1.00,1.00
2015.10.06 04:27:12.729,1.98287,1.98326,1.00,1.00
2015.10.06 04:27:13.885,1.98287,1.98325,1.00,1.00
2015.10.06 04:27:15.888,1.98287,1.98324,1.00,1.00
2015.10.06 04:27:25.930,1.98287,1.98323,1.00,1.00
2015.10.06 04:27:26.110,1.98287,1.98321,1.00,1.00
2015.10.06 04:27:26.848,1.98287,1.98322,1.00,1.00
2015.10.06 04:27:34.627,1.98285,1.98322,1.00,1.00
2015.10.06 04:27:34.907,1.98279,1.98322,1.00,1.00
2015.10.06 04:27:54.990,1.98276,1.98322,1.00,1.00
2015.10.06 04:27:55.267,1.98276,1.9832,1.00,1.00
2015.10.06 04:27:55.569,1.98273,1.98311,1.00,1.00
2015.10.06 04:27:58.737,1.9827,1.98311,1.00,1.00
2015.10.06 04:28:02.667,1.9827,1.98307,1.00,1.00
2015.10.06 04:28:03.108,1.98266,1.98306,1.00,1.00
2015.10.06 04:28:03.259,1.98266,1.9831,1.00,1.00
2015.10.06 04:28:05.105,1.98266,1.98307,1.00,1.00
2015.10.06 04:28:05.326,1.98266,1.9831,1.00,1.00
2015.10.06 04:28:08.628,1.98266,1.98306,1.00,1.00
2015.10.06 04:28:15.160,1.98266,1.9831,1.00,1.00
2015.10.06 04:28:18.344,1.98266,1.98311,1.00,1.50
2015.10.06 04:28:20.837,1.98266,1.98307,1.00,1.00
2015.10.06 04:28:21.879,1.98266,1.98311,1.00,1.50
2015.10.06 04:28:22.655,1.98266,1.98308,1.00,1.00
2015.10.06 04:28:23.036,1.98266,1.98306,1.00,1.00
2015.10.06 04:28:23.555,1.9826,1.98306,1.00,1.50
2015.10.06 04:28:24.141,1.9826,1.98305,1.00,1.00
2015.10.06 04:28:24.792,1.9826,1.98306,1.00,1.50
2015.10.06 04:28:26.448,1.9826,1.98307,1.00,1.50
2015.10.06 04:28:28.366,1.9826,1.98306,1.00,1.00
2015.10.06 04:28:29.060,1.9826,1.98307,1.00,1.00
2015.10.06 04:28:40.306,1.9826,1.98301,1.00,1.00
2015.10.06 04:28:41.120,1.9826,1.98307,1.00,1.50
2015.10.06 04:29:01.681,1.98264,1.98307,1.00,1.00
2015.10.06 04:29:02.986,1.98263,1.98307,1.00,1.00
2015.10.06 04:29:10.564,1.9826,1.98307,1.00,1.50
2015.10.06 04:29:11.766,1.9826,1.98306,1.00,1.00
2015.10.06 04:29:23.515,1.98259,1.98306,1.00,1.50
2015.10.06 04:29:26.189,1.98264,1.98306,1.00,1.00
2015.10.06 04:29:26.717,1.98264,1.98305,1.00,1.00
2015.10.06 04:29:27.068,1.98258,1.98305,1.00,1.00
2015.10.06 04:29:28.249,1.98263,1.98305,1.00,1.00
2015.10.06 04:29:28.300,1.98263,1.9831,1.00,1.00
2015.10.06 04:29:28.874,1.98263,1.98311,1.00,1.00
2015.10.06 04:29:29.426,1.98263,1.9831,1.00,1.00
2015.10.06 04:29:30.107,1.98263,1.98311,1.00,1.00
2015.10.06 04:29:30.881,1.98263,1.98313,1.00,2.25
2015.10.06 04:29:31.033,1.98268,1.98313,1.00,1.00
2015.10.06 04:29:40.820,1.98268,1.98317,1.00,1.50
2015.10.06 04:29:42.110,1.98268,1.98316,1.00,1.00
2015.10.06 04:29:44.619,1.98263,1.98316,1.50,1.00
2015.10.06 04:29:56.903,1.98263,1.98307,1.00,1.00
2015.10.06 04:29:56.954,1.98258,1.98307,1.50,1.00
2015.10.06 04:29:58.146,1.98263,1.98312,1.00,1.00
2015.10.06 04:29:59.401,1.98258,1.98307,1.50,1.00
2015.10.06 04:30:00.470,1.98259,1.98307,1.00,1.00
2015.10.06 04:30:01.111,1.98259,1.98306,1.00,1.00
2015.10.06 04:30:04.149,1.98254,1.98301,1.00,1.00
2015.10.06 04:30:06.876,1.9825,1.98297,3.00,1.00
2015.10.06 04:30:09.097,1.98253,1.98307,1.00,2.25
2015.10.06 04:30:10.836,1.98252,1.98302,1.00,1.00
2015.10.06 04:30:17.321,1.98253,1.98307,1.00,1.50
2015.10.06 04:30:17.673,1.98252,1.98301,1.00,1.00
2015.10.06 04:30:20.094,1.98253,1.98307,1.00,1.50
2015.10.06 04:30:24.659,1.98253,1.98306,1.00,1.00
2015.10.06 04:30:27.427,1.98253,1.98305,1.00,1.00
2015.10.06 04:30:38.450,1.98253,1.98306,1.00,1.00
2015.10.06 04:30:39.151,1.98251,1.98306,1.00,1.00
2015.10.06 04:30:39.302,1.98251,1.98302,1.00,1.00
2015.10.06 04:30:43.565,1.9825,1.983,1.00,1.00
2015.10.06 04:30:46.673,1.9825,1.98302,1.00,1.00
2015.10.06 04:30:47.179,1.9825,1.98301,1.00,1.00
2015.10.06 04:30:56.690,1.9825,1.983,1.00,1.00
2015.10.06 04:30:58.594,1.9825,1.98299,1.00,1.00
2015.10.06 04:30:59.256,1.9825,1.983,1.00,1.00
2015.10.06 04:30:59.307,1.98247,1.98301,1.00,1.00
2015.10.06 04:30:59.358,1.98258,1.98301,1.00,1.00
2015.10.06 04:30:59.867,1.98258,1.983,1.00,1.00
2015.10.06 04:31:00.725,1.98258,1.98301,1.00,1.50
2015.10.06 04:31:05.680,1.98258,1.98292,1.00,1.00
2015.10.06 04:31:07.922,1.98258,1.98291,1.00,1.00
2015.10.06 04:31:11.012,1.98254,1.98291,1.00,1.00
2015.10.06 04:31:11.534,1.98254,1.98292,1.00,1.00
2015.10.06 04:31:12.023,1.98251,1.98292,1.00,1.00
2015.10.06 04:31:17.136,1.98251,1.9829,1.00,1.00
2015.10.06 04:31:17.237,1.98248,1.9829,1.00,1.00
2015.10.06 04:31:17.388,1.98248,1.98293,1.00,1.50
2015.10.06 04:31:17.923,1.98248,1.98292,1.00,1.00
2015.10.06 04:31:18.475,1.98248,1.98293,1.00,1.50
2015.10.06 04:31:18.981,1.98248,1.98292,1.00,1.00
2015.10.06 04:31:19.487,1.98248,1.98293,1.00,1.00
2015.10.06 04:31:25.707,1.98245,1.98286,1.00,1.00
2015.10.06 04:31:26.025,1.98245,1.98284,1.00,1.00
2015.10.06 04:31:27.060,1.98245,1.98289,1.00,1.00
2015.10.06 04:31:27.650,1.98245,1.98291,1.00,1.00
2015.10.06 04:31:31.240,1.98245,1.98292,1.00,1.50
2015.10.06 04:31:40.293,1.98245,1.98291,1.00,1.00
2015.10.06 04:31:51.884,1.98245,1.98289,1.00,1.00
2015.10.06 04:31:56.524,1.98245,1.98292,1.00,1.00
2015.10.06 04:31:56.575,1.98253,1.98292,1.00,1.00
2015.10.06 04:31:56.676,1.98253,1.98294,1.00,1.00
2015.10.06 04:31:56.936,1.98255,1.98294,1.00,1.00
2015.10.06 04:31:57.467,1.98256,1.98298,1.00,1.00
2015.10.06 04:31:57.568,1.98258,1.98298,1.00,1.00
2015.10.06 04:31:59.520,1.98256,1.98298,1.00,1.00
2015.10.06 04:32:00.097,1.98257,1.98298,1.00,1.00
2015.10.06 04:32:04.339,1.98255,1.98298,1.50,1.00
2015.10.06 04:32:05.194,1.98255,1.98296,1.50,1.00
2015.10.06 04:32:06.511,1.98254,1.98296,1.50,1.00
2015.10.06 04:32:10.065,1.98256,1.98299,1.00,1.00
2015.10.06 04:32:25.353,1.98259,1.98302,1.00,1.00
2015.10.06 04:32:26.588,1.9826,1.98302,1.00,1.00
2015.10.06 04:32:28.241,1.98274,1.98312,1.00,1.00
2015.10.06 04:32:28.292,1.98274,1.98314,1.00,1.00
2015.10.06 04:32:30.552,1.98272,1.98314,1.00,1.00
2015.10.06 04:32:30.602,1.98276,1.98314,1.00,1.00
2015.10.06 04:32:30.653,1.98276,1.98317,1.00,1.00
2015.10.06 04:32:31.885,1.98276,1.98318,1.00,1.00
2015.10.06 04:32:42.465,1.98276,1.98317,1.00,1.00
2015.10.06 04:32:44.146,1.98275,1.98317,1.00,1.00
2015.10.06 04:32:44.675,1.98275,1.98316,1.00,1.00
2015.10.06 04:32:45.661,1.98275,1.98317,1.00,1.00
2015.10.06 04:32:45.863,1.98275,1.98311,1.00,1.00
2015.10.06 04:32:49.660,1.98275,1.98312,1.00,1.00
2015.10.06 04:32:50.194,1.98273,1.98311,1.00,1.00
2015.10.06 04:32:56.443,1.98273,1.98307,1.00,1.00
2015.10.06 04:32:57.514,1.98273,1.98311,1.00,1.00
2015.10.06 04:33:00.187,1.98273,1.98307,1.00,1.00
2015.10.06 04:33:00.806,1.98264,1.98297,1.00,1.00
2015.10.06 04:33:00.864,1.9826,1.98297,1.00,1.00
2015.10.06 04:33:01.166,1.98255,1.98292,1.00,1.00
2015.10.06 04:33:01.267,1.98255,1.98296,1.00,1.00
2015.10.06 04:33:01.368,1.98255,1.98292,1.00,1.00
2015.10.06 04:33:06.323,1.9825,1.98292,1.00,1.00
2015.10.06 04:33:13.348,1.9825,1.98291,1.00,1.00
2015.10.06 04:33:14.104,1.9825,1.98287,1.00,1.00
2015.10.06 04:33:14.553,1.9825,1.98292,1.00,1.00
2015.10.06 04:33:14.904,1.9825,1.98287,1.00,1.00
2015.10.06 04:33:15.742,1.9825,1.98292,1.00,1.00
2015.10.06 04:33:15.793,1.9825,1.98287,1.00,1.00
2015.10.06 04:33:20.891,1.9825,1.98291,1.00,1.00
2015.10.06 04:33:21.841,1.9825,1.98286,1.00,1.00
2015.10.06 04:33:25.591,1.9825,1.98292,1.00,1.00
2015.10.06 04:33:27.267,1.9825,1.98287,1.00,1.00
2015.10.06 04:33:29.256,1.98247,1.98292,1.00,1.00
2015.10.06 04:33:29.799,1.98247,1.98294,1.00,1.00
2015.10.06 04:33:29.849,1.9825,1.98297,1.00,1.50
2015.10.06 04:33:41.078,1.98251,1.98297,1.00,1.00
2015.10.06 04:33:41.409,1.98253,1.98297,1.00,1.00
2015.10.06 04:33:43.046,1.98254,1.98301,1.00,1.50
2015.10.06 04:33:43.562,1.98255,1.98301,1.00,1.50
2015.10.06 04:33:44.474,1.98254,1.98301,2.25,1.50
2015.10.06 04:33:56.142,1.98254,1.98296,1.00,1.00
2015.10.06 04:33:56.293,1.98256,1.98299,1.00,1.00
2015.10.06 04:33:59.996,1.98256,1.98296,1.00,1.00
2015.10.06 04:34:01.032,1.98256,1.98299,1.00,1.00
2015.10.06 04:34:02.199,1.98256,1.98292,1.00,1.00
2015.10.06 04:34:03.817,1.98256,1.98291,1.00,1.00
2015.10.06 04:34:07.602,1.98256,1.98287,1.00,1.00
2015.10.06 04:34:10.937,1.98256,1.98292,1.00,1.00
2015.10.06 04:34:11.577,1.98256,1.98287,1.00,1.00
2015.10.06 04:34:12.709,1.98256,1.98292,1.00,1.00
2015.10.06 04:34:12.897,1.98256,1.98287,1.00,1.00
2015.10.06 04:34:13.435,1.98256,1.98291,1.00,1.00
2015.10.06 04:34:13.541,1.98256,1.98286,1.00,1.00
2015.10.06 04:34:13.901,1.98256,1.98291,1.00,1.00
2015.10.06 04:34:14.203,1.98256,1.98286,1.00,1.00
2015.10.06 04:34:23.327,1.98256,1.98287,1.00,1.00
2015.10.06 04:34:25.139,1.98256,1.98292,1.00,1.00
2015.10.06 04:34:27.932,1.98256,1.9829,1.00,1.00
2015.10.06 04:34:28.256,1.98256,1.98286,1.00,1.00
2015.10.06 04:34:29.616,1.98253,1.98287,1.00,1.00
2015.10.06 04:34:34.052,1.98253,1.98292,1.00,1.50
2015.10.06 04:34:35.008,1.98253,1.98286,1.00,1.00
2015.10.06 04:34:36.114,1.98253,1.98292,1.00,1.50
2015.10.06 04:34:45.554,1.98253,1.98287,1.00,1.00
2015.10.06 04:34:50.076,1.98253,1.98291,1.00,1.00
2015.10.06 04:34:56.330,1.98253,1.98286,1.00,1.00
2015.10.06 04:35:06.335,1.9825,1.98286,1.00,1.00
2015.10.06 04:35:13.118,1.9825,1.98292,1.00,1.00
2015.10.06 04:35:17.120,1.9825,1.98286,1.00,1.00
2015.10.06 04:35:19.016,1.9825,1.98287,1.00,1.00
2015.10.06 04:35:23.884,1.9825,1.98286,1.00,1.00
2015.10.06 04:35:26.762,1.9825,1.98292,1.00,1.00
2015.10.06 04:35:32.110,1.9825,1.98286,1.00,1.00
2015.10.06 04:35:32.850,1.9825,1.98291,1.00,1.00
2015.10.06 04:35:33.312,1.9825,1.98287,1.00,1.00
2015.10.06 04:35:35.822,1.9825,1.98291,1.00,1.00
2015.10.06 04:35:36.040,1.9825,1.98287,1.00,1.00
2015.10.06 04:35:44.073,1.9825,1.98286,1.00,1.00
2015.10.06 04:35:52.099,1.9825,1.98283,1.00,1.00
2015.10.06 04:35:52.251,1.98248,1.98283,1.00,1.00
2015.10.06 04:35:52.819,1.98248,1.98282,1.00,1.00
2015.10.06 04:35:53.749,1.98248,1.98283,1.00,1.00
2015.10.06 04:36:10.787,1.98248,1.98286,1.00,1.00
2015.10.06 04:36:11.200,1.98248,1.98289,1.00,1.50
2015.10.06 04:36:11.251,1.98244,1.98285,1.00,1.00
2015.10.06 04:36:12.343,1.98246,1.98289,1.00,1.00
2015.10.06 04:36:12.871,1.9825,1.98293,1.00,1.00
2015.10.06 04:36:13.181,1.98254,1.98295,1.00,1.00
2015.10.06 04:36:21.766,1.9825,1.98293,1.00,1.00
2015.10.06 04:36:29.003,1.98199,1.98238,1.00,1.00
2015.10.06 04:36:29.104,1.98193,1.98245,1.00,1.00
2015.10.06 04:36:29.305,1.98192,1.98242,1.00,1.00
2015.10.06 04:36:29.406,1.98186,1.98242,1.50,1.50
2015.10.06 04:36:30.160,1.98186,1.9824,1.50,1.00
2015.10.06 04:36:30.495,1.98193,1.98238,1.00,1.00
2015.10.06 04:36:30.859,1.98193,1.98236,1.00,1.00
2015.10.06 04:36:31.149,1.9819,1.98236,1.00,1.00
2015.10.06 04:36:32.403,1.9819,1.98235,1.00,1.00
2015.10.06 04:36:32.503,1.98186,1.98233,1.00,1.00
2015.10.06 04:36:32.604,1.98184,1.98226,1.00,1.00
2015.10.06 04:36:33.826,1.98184,1.98227,1.00,1.00
2015.10.06 04:36:34.229,1.98179,1.98227,1.00,1.00
2015.10.06 04:36:36.054,1.98183,1.98229,1.00,1.00
2015.10.06 04:36:36.396,1.98188,1.98233,1.00,1.00
2015.10.06 04:36:36.698,1.98188,1.98236,1.00,1.50
2015.10.06 04:36:40.021,1.98189,1.98236,1.00,1.00
2015.10.06 04:36:40.123,1.98193,1.98236,1.00,1.00
2015.10.06 04:36:40.174,1.98193,1.98238,1.00,1.00
2015.10.06 04:36:40.528,1.98189,1.98238,1.00,1.00
2015.10.06 04:36:40.885,1.98189,1.98242,1.00,1.00
2015.10.06 04:36:41.087,1.98193,1.98242,1.00,1.00
2015.10.06 04:36:41.188,1.98193,1.98244,1.00,1.00
2015.10.06 04:36:41.289,1.9819,1.98244,1.00,1.00
2015.10.06 04:36:42.336,1.982,1.98244,1.00,1.00
2015.10.06 04:36:42.386,1.98203,1.98252,2.25,1.00
2015.10.06 04:36:42.437,1.98208,1.98257,1.00,1.00
2015.10.06 04:36:53.418,1.98213,1.98262,1.00,1.00
2015.10.06 04:36:54.425,1.98208,1.98257,1.00,1.00
2015.10.06 04:37:05.325,1.98213,1.98261,1.00,1.00
2015.10.06 04:37:07.676,1.98213,1.98262,1.00,1.00
2015.10.06 04:37:08.021,1.98218,1.98265,1.00,1.00
2015.10.06 04:37:08.072,1.98218,1.98267,1.00,2.25
2015.10.06 04:37:10.454,1.98218,1.98253,1.00,1.00
2015.10.06 04:37:10.555,1.98212,1.98253,1.00,1.00
2015.10.06 04:37:10.606,1.98208,1.98253,1.00,1.00
2015.10.06 04:37:10.707,1.98203,1.98248,1.00,1.00
2015.10.06 04:37:11.344,1.98203,1.9825,1.00,1.00
2015.10.06 04:37:12.315,1.982,1.98237,1.00,1.00
2015.10.06 04:37:12.601,1.98193,1.98237,1.00,1.00
2015.10.06 04:37:15.639,1.98188,1.98232,1.00,1.00
2015.10.06 04:37:16.198,1.98193,1.98237,1.00,1.00
2015.10.06 04:37:16.530,1.98188,1.98232,1.00,1.00
2015.10.06 04:37:27.622,1.98193,1.98237,1.00,1.00
2015.10.06 04:37:35.299,1.98188,1.98232,1.00,1.00
2015.10.06 04:37:40.512,1.98189,1.98231,1.00,1.00
2015.10.06 04:37:41.123,1.98188,1.98232,1.00,1.00
2015.10.06 04:37:48.633,1.98184,1.98232,1.00,1.00
2015.10.06 04:37:50.384,1.98189,1.98236,1.00,1.00
2015.10.06 04:37:50.714,1.98184,1.98231,1.50,1.00
2015.10.06 04:37:51.301,1.98185,1.98231,1.00,1.00
2015.10.06 04:37:51.615,1.98185,1.98227,1.00,1.00
2015.10.06 04:37:51.791,1.98182,1.98227,1.00,1.00
2015.10.06 04:37:52.360,1.98182,1.98226,1.00,1.00
2015.10.06 04:37:52.965,1.98181,1.98226,1.00,1.00
2015.10.06 04:37:54.097,1.98185,1.98226,1.00,1.00
2015.10.06 04:37:54.328,1.98188,1.9823,1.00,1.00
2015.10.06 04:37:55.878,1.98188,1.98231,1.50,1.00
2015.10.06 04:37:56.392,1.98189,1.98231,1.00,1.50
2015.10.06 04:37:56.443,1.98189,1.98229,1.00,1.00
2015.10.06 04:37:56.544,1.98184,1.98226,1.50,1.00
2015.10.06 04:37:57.091,1.98184,1.98224,1.00,1.50
2015.10.06 04:37:57.415,1.98183,1.98222,1.00,1.00
2015.10.06 04:37:57.878,1.98178,1.9822,1.50,1.00
2015.10.06 04:37:58.671,1.98176,1.9822,1.00,1.00
2015.10.06 04:37:59.234,1.98177,1.9822,1.00,1.00
2015.10.06 04:37:59.427,1.98179,1.9822,1.00,1.00
2015.10.06 04:38:00.726,1.98179,1.98218,1.00,1.00
2015.10.06 04:38:00.777,1.98175,1.98218,1.00,1.00
2015.10.06 04:38:01.142,1.98173,1.98217,1.00,1.00
2015.10.06 04:38:04.752,1.98175,1.98217,1.00,1.00
2015.10.06 04:38:07.199,1.98174,1.98217,1.00,1.50
2015.10.06 04:38:13.674,1.98177,1.98217,1.00,1.00
2015.10.06 04:38:17.076,1.98175,1.98217,1.00,1.50
2015.10.06 04:38:17.587,1.98174,1.98217,1.00,1.50
2015.10.06 04:38:19.492,1.98171,1.98217,1.00,1.50
2015.10.06 04:38:19.894,1.98169,1.98217,1.00,1.50
2015.10.06 04:38:20.501,1.98168,1.98215,1.00,1.00
2015.10.06 04:38:21.055,1.98169,1.98215,1.00,1.00
2015.10.06 04:38:23.408,1.98171,1.98215,1.00,1.00
2015.10.06 04:38:24.164,1.98173,1.98215,1.00,1.00
2015.10.06 04:38:24.715,1.98173,1.98216,1.00,1.00
2015.10.06 04:38:25.063,1.98171,1.98215,1.00,1.00
2015.10.06 04:38:26.122,1.98174,1.98215,1.00,1.00
2015.10.06 04:38:28.722,1.98173,1.98215,1.00,1.00
2015.10.06 04:38:28.924,1.98173,1.98217,1.50,1.00
2015.10.06 04:38:29.427,1.98173,1.98221,1.50,1.00
2015.10.06 04:38:29.931,1.98173,1.98222,1.50,3.00
2015.10.06 04:38:30.666,1.98176,1.98222,1.00,3.00
2015.10.06 04:38:32.216,1.98176,1.9822,1.00,1.00
2015.10.06 04:38:32.431,1.98174,1.9822,1.00,1.00
2015.10.06 04:38:34.230,1.98171,1.98216,1.00,1.00
2015.10.06 04:38:34.533,1.98175,1.98217,1.00,1.00
2015.10.06 04:38:35.162,1.98174,1.98217,1.00,1.00
2015.10.06 04:38:36.785,1.98173,1.98217,1.00,1.50
2015.10.06 04:38:37.814,1.98173,1.98212,1.00,1.00
2015.10.06 04:38:37.914,1.98174,1.98217,1.00,1.50
2015.10.06 04:38:38.437,1.98173,1.98217,1.00,1.00
2015.10.06 04:38:41.195,1.98174,1.98217,1.00,1.00
2015.10.06 04:38:41.303,1.98174,1.98219,1.50,1.00
2015.10.06 04:38:41.354,1.98176,1.98219,1.00,1.00
2015.10.06 04:38:41.454,1.98176,1.98221,1.00,1.50
2015.10.06 04:38:41.997,1.98176,1.98222,1.00,1.50
2015.10.06 04:38:43.936,1.98179,1.98227,1.00,1.00
2015.10.06 04:38:46.356,1.98179,1.98222,1.00,1.00
2015.10.06 04:38:47.862,1.98178,1.98222,1.50,1.00
2015.10.06 04:38:50.352,1.98178,1.98223,1.50,1.00
2015.10.06 04:38:51.294,1.98178,1.98224,1.00,1.00
2015.10.06 04:38:52.180,1.9818,1.98227,1.00,2.25
2015.10.06 04:38:52.230,1.98184,1.98227,1.00,1.00
2015.10.06 04:38:52.331,1.9818,1.98226,1.00,1.00
2015.10.06 04:38:52.638,1.98183,1.98227,1.00,1.00
2015.10.06 04:38:54.210,1.98183,1.98223,1.00,1.00
2015.10.06 04:38:54.625,1.98179,1.98222,1.00,1.00
2015.10.06 04:38:54.811,1.98182,1.98222,1.00,1.00
2015.10.06 04:38:56.714,1.98181,1.98222,1.00,1.00
2015.10.06 04:39:00.489,1.98178,1.98222,2.25,1.00
2015.10.06 04:39:01.523,1.9818,1.98222,1.00,1.00
2015.10.06 04:39:01.825,1.98183,1.98222,1.00,1.00
2015.10.06 04:39:02.044,1.98178,1.98222,2.25,1.00
2015.10.06 04:39:02.665,1.98178,1.98217,1.00,1.00
2015.10.06 04:39:02.776,1.98178,1.98222,1.50,1.00
2015.10.06 04:39:03.185,1.98178,1.9822,1.00,1.00
2015.10.06 04:39:03.405,1.98178,1.98222,1.00,1.00
2015.10.06 04:39:03.607,1.98183,1.98224,1.00,1.00
2015.10.06 04:39:04.494,1.98183,1.98227,1.00,1.50
2015.10.06 04:39:08.106,1.98182,1.98226,1.00,1.00
2015.10.06 04:39:08.735,1.98184,1.98226,1.00,1.00
2015.10.06 04:39:09.876,1.98182,1.98226,1.00,1.00
2015.10.06 04:39:13.291,1.98182,1.98222,1.00,1.00
2015.10.06 04:39:14.375,1.98182,1.98227,1.00,1.50
2015.10.06 04:39:17.692,1.98183,1.98227,1.00,1.00
2015.10.06 04:39:18.286,1.98182,1.98226,1.50,1.00
2015.10.06 04:39:18.394,1.98184,1.98226,1.00,1.00
2015.10.06 04:39:20.207,1.98186,1.98231,1.00,1.50
2015.10.06 04:39:29.816,1.98186,1.98227,1.00,1.00
2015.10.06 04:39:30.090,1.98184,1.98227,1.50,1.00
2015.10.06 04:39:35.646,1.98185,1.98231,1.00,1.00
2015.10.06 04:39:36.861,1.98188,1.98231,1.00,1.00
2015.10.06 04:39:37.388,1.98187,1.98231,1.00,1.00
2015.10.06 04:39:37.592,1.98188,1.98234,1.00,1.00
2015.10.06 04:39:37.696,1.98187,1.98232,1.00,1.00
2015.10.06 04:39:40.818,1.98184,1.98229,1.00,1.00
2015.10.06 04:39:42.667,1.98187,1.98232,1.00,1.00
2015.10.06 04:39:44.328,1.98189,1.98234,1.00,1.50
2015.10.06 04:39:44.864,1.98198,1.98234,1.00,1.00
2015.10.06 04:39:44.915,1.98199,1.98246,1.00,1.00
2015.10.06 04:39:46.629,1.98203,1.98247,1.00,1.00
2015.10.06 04:39:47.366,1.98203,1.98242,1.00,1.00
2015.10.06 04:39:47.595,1.98203,1.98246,1.00,1.00
2015.10.06 04:39:48.067,1.98203,1.98242,1.00,1.00
2015.10.06 04:39:48.171,1.98199,1.98242,1.00,1.00
2015.10.06 04:39:48.322,1.98196,1.98242,1.00,1.00
2015.10.06 04:39:49.361,1.98196,1.98237,1.00,1.00
2015.10.06 04:39:50.001,1.98193,1.98237,1.00,1.00
2015.10.06 04:39:50.506,1.98193,1.98236,1.00,1.00
2015.10.06 04:39:58.056,1.98193,1.98232,1.00,1.00
2015.10.06 04:40:03.640,1.98193,1.98231,1.00,1.00
2015.10.06 04:40:03.742,1.98189,1.98231,1.50,1.00
2015.10.06 04:40:07.400,1.98189,1.98236,1.00,1.00
2015.10.06 04:40:09.047,1.98189,1.98232,1.00,1.00
2015.10.06 04:40:10.148,1.98189,1.98231,1.00,1.00
2015.10.06 04:40:15.134,1.98186,1.98232,1.00,1.00
2015.10.06 04:40:15.738,1.98186,1.98229,1.00,1.00
2015.10.06 04:40:15.790,1.98183,1.98227,1.00,1.00
2015.10.06 04:40:16.338,1.98183,1.98226,1.00,1.00
2015.10.06 04:40:16.639,1.98183,1.98222,1.00,1.00
2015.10.06 04:40:16.892,1.98183,1.98227,1.00,1.00
2015.10.06 04:40:17.600,1.98185,1.98226,1.00,1.50
2015.10.06 04:40:17.944,1.98185,1.98221,1.00,1.00
2015.10.06 04:40:18.066,1.98185,1.98226,1.00,1.50
2015.10.06 04:40:18.732,1.98179,1.98222,1.50,1.00
2015.10.06 04:40:19.420,1.98179,1.98221,1.00,1.00
2015.10.06 04:40:20.603,1.98179,1.98222,1.50,1.00
2015.10.06 04:40:21.817,1.98179,1.98217,1.00,1.00
2015.10.06 04:40:23.296,1.98179,1.98221,1.00,1.00
2015.10.06 04:40:25.334,1.98179,1.98217,1.00,1.00
2015.10.06 04:40:26.024,1.98179,1.98221,1.00,1.00
2015.10.06 04:40:26.226,1.98178,1.98219,1.00,1.00
2015.10.06 04:40:27.528,1.98178,1.98217,1.00,1.00
2015.10.06 04:40:36.677,1.98178,1.98219,1.00,1.00
2015.10.06 04:40:37.105,1.98178,1.98216,1.00,1.00
2015.10.06 04:40:38.684,1.98178,1.98219,1.00,1.00
2015.10.06 04:40:44.839,1.98178,1.98217,1.00,1.00
2015.10.06 04:40:45.041,1.98174,1.98215,1.00,1.00
2015.10.06 04:40:48.618,1.98177,1.9822,1.00,1.00
2015.10.06 04:40:50.765,1.9818,1.98222,1.00,1.00
2015.10.06 04:40:55.577,1.9818,1.98221,1.00,1.00
2015.10.06 04:40:56.930,1.98183,1.98221,1.00,1.00
2015.10.06 04:41:01.587,1.98179,1.98221,1.00,1.00
2015.10.06 04:41:05.378,1.98179,1.98222,1.00,1.50
2015.10.06 04:41:06.577,1.98179,1.98221,1.00,1.00
2015.10.06 04:41:15.377,1.98179,1.98222,1.00,1.50
2015.10.06 04:41:15.927,1.98179,1.98221,1.00,1.00
2015.10.06 04:41:18.376,1.98179,1.98222,1.00,1.50
2015.10.06 04:42:02.651,1.98178,1.98227,1.00,1.50
2015.10.06 04:42:04.398,1.98179,1.98226,1.00,1.00
2015.10.06 04:42:04.449,1.98179,1.98224,1.00,1.00
2015.10.06 04:42:04.651,1.98179,1.98226,1.00,1.50
2015.10.06 04:42:05.194,1.98178,1.98226,1.00,1.00
2015.10.06 04:42:05.705,1.98179,1.98226,1.00,1.50
2015.10.06 04:42:08.006,1.98178,1.98227,1.00,1.50
2015.10.06 04:42:09.078,1.98178,1.98226,1.00,1.00
2015.10.06 04:42:09.819,1.98178,1.98227,1.00,1.50
2015.10.06 04:42:10.174,1.98178,1.98225,1.00,1.00
2015.10.06 04:42:13.019,1.98178,1.98227,1.00,1.50
2015.10.06 04:42:13.486,1.98183,1.98226,1.00,1.50
2015.10.06 04:42:14.036,1.98184,1.98226,1.00,1.00
2015.10.06 04:42:15.086,1.98183,1.98226,1.50,1.00
2015.10.06 04:42:17.404,1.98188,1.98226,1.00,1.00
2015.10.06 04:42:17.617,1.98183,1.98226,1.50,1.00
2015.10.06 04:42:20.907,1.98187,1.98227,1.00,1.00
2015.10.06 04:42:23.068,1.98183,1.98226,1.00,1.00
2015.10.06 04:42:25.082,1.98183,1.98222,1.00,1.00
2015.10.06 04:42:25.777,1.9818,1.98222,1.00,1.00
2015.10.06 04:42:25.827,1.9818,1.98217,1.00,1.00
2015.10.06 04:42:27.585,1.9818,1.98223,1.00,1.50
2015.10.06 04:42:32.122,1.9818,1.98222,1.00,1.00
2015.10.06 04:42:41.920,1.9818,1.98223,1.00,1.00
2015.10.06 04:42:42.323,1.9818,1.98221,1.00,1.00
2015.10.06 04:42:44.302,1.9818,1.98223,1.00,1.00
2015.10.06 04:42:46.880,1.98183,1.98223,1.00,1.00
2015.10.06 04:42:50.904,1.98184,1.98223,1.00,1.00
2015.10.06 04:42:51.108,1.98185,1.98226,1.00,1.00
2015.10.06 04:42:51.575,1.98188,1.98226,1.00,1.00
2015.10.06 04:42:52.571,1.98185,1.98226,1.00,1.00
2015.10.06 04:42:57.834,1.98189,1.98226,1.00,1.00
2015.10.06 04:42:58.709,1.98187,1.9823,1.00,1.00
2015.10.06 04:42:59.236,1.98188,1.9823,1.00,1.00
2015.10.06 04:42:59.760,1.98187,1.9823,1.00,1.00
2015.10.06 04:43:02.607,1.98188,1.9823,1.00,1.00
2015.10.06 04:43:03.497,1.98187,1.9823,1.00,1.00
2015.10.06 04:43:03.554,1.98187,1.98227,1.00,1.00
2015.10.06 04:43:04.204,1.98187,1.9823,1.00,1.00
2015.10.06 04:43:17.963,1.98187,1.98227,1.00,1.00
2015.10.06 04:43:18.120,1.98187,1.9823,1.00,1.00
2015.10.06 04:43:20.366,1.9819,1.98233,1.00,1.00
2015.10.06 04:43:20.680,1.98196,1.98239,1.00,1.00
2015.10.06 04:43:39.132,1.98196,1.98237,1.00,1.00
2015.10.06 04:43:39.183,1.98193,1.98236,1.00,1.00
2015.10.06 04:43:39.334,1.98191,1.98231,1.00,1.00
2015.10.06 04:43:39.848,1.98191,1.98232,1.00,1.50
2015.10.06 04:43:55.198,1.98191,1.98231,1.00,1.00
2015.10.06 04:43:55.961,1.98191,1.98232,1.00,2.25
2015.10.06 04:43:56.308,1.98188,1.98229,1.00,1.00
2015.10.06 04:43:59.685,1.98188,1.98227,1.00,1.00
2015.10.06 04:44:00.388,1.98188,1.98229,1.00,1.00
2015.10.06 04:44:02.377,1.98188,1.98226,1.00,1.00
2015.10.06 04:44:02.976,1.98188,1.98227,1.00,1.00
2015.10.06 04:44:03.128,1.98184,1.98227,1.00,1.50
2015.10.06 04:44:10.806,1.98184,1.98222,1.00,1.00
2015.10.06 04:44:11.432,1.98179,1.98221,1.00,1.00
2015.10.06 04:44:11.797,1.98177,1.98218,1.00,1.00
2015.10.06 04:44:13.863,1.98177,1.98217,1.00,1.00
2015.10.06 04:44:14.404,1.98177,1.98218,1.00,1.00
2015.10.06 04:44:16.083,1.98177,1.98216,1.00,1.00
2015.10.06 04:44:17.061,1.98177,1.98218,1.00,1.00
2015.10.06 04:44:19.752,1.98177,1.98217,1.00,1.00
2015.10.06 04:44:20.257,1.98177,1.98216,1.00,1.00
2015.10.06 04:44:20.623,1.98177,1.98218,1.00,1.00
2015.10.06 04:44:24.147,1.98177,1.98217,1.00,1.00
2015.10.06 04:44:27.972,1.98177,1.98218,1.00,1.00
2015.10.06 04:44:28.776,1.98177,1.98216,1.00,1.00
2015.10.06 04:44:30.798,1.98177,1.98218,1.00,1.00
2015.10.06 04:44:38.114,1.98177,1.98217,1.00,1.00
2015.10.06 04:44:51.061,1.98177,1.98216,1.00,1.00
2015.10.06 04:44:53.631,1.98177,1.98218,1.00,1.00
2015.10.06 04:44:59.380,1.98185,1.98228,1.00,1.00
2015.10.06 04:45:03.604,1.98185,1.98227,1.00,1.00
2015.10.06 04:45:04.409,1.98185,1.98228,1.00,1.00
2015.10.06 04:45:06.832,1.98185,1.98222,1.00,1.00
2015.10.06 04:45:07.380,1.98182,1.98222,1.00,1.00
2015.10.06 04:45:09.753,1.98179,1.98222,1.00,1.50
2015.10.06 04:45:10.535,1.98177,1.98218,1.00,1.00
2015.10.06 04:45:17.246,1.98177,1.98217,1.00,1.00
2015.10.06 04:45:17.599,1.98174,1.98215,1.00,1.00
2015.10.06 04:45:19.201,1.98172,1.98215,1.00,1.00
2015.10.06 04:46:08.813,1.98169,1.98212,1.50,1.50
2015.10.06 04:46:09.535,1.98165,1.98202,1.00,1.00
2015.10.06 04:46:09.591,1.98161,1.98202,1.00,1.00
2015.10.06 04:46:09.843,1.98158,1.98201,1.00,1.50
2015.10.06 04:46:10.348,1.98158,1.982,1.50,1.00
2015.10.06 04:46:10.851,1.98158,1.98201,1.00,1.50
2015.10.06 04:46:12.764,1.98158,1.98199,1.00,1.00
2015.10.06 04:46:13.267,1.98158,1.982,1.00,1.00
2015.10.06 04:46:20.524,1.98156,1.98197,1.00,1.00
2015.10.06 04:46:23.858,1.98153,1.98194,1.00,1.00
2015.10.06 04:46:24.197,1.98153,1.98191,1.00,1.00
2015.10.06 04:46:29.051,1.98153,1.98192,1.00,1.50
2015.10.06 04:46:40.695,1.98149,1.98192,1.00,1.50
2015.10.06 04:46:41.990,1.98149,1.98191,1.00,1.00
2015.10.06 04:46:42.410,1.98149,1.98187,1.00,1.00
2015.10.06 04:46:44.582,1.98149,1.98191,1.50,1.00
2015.10.06 04:47:09.817,1.98143,1.98183,1.50,1.00
2015.10.06 04:47:10.141,1.98139,1.98182,1.50,1.00
2015.10.06 04:47:10.242,1.98139,1.98179,1.00,1.00
2015.10.06 04:47:11.210,1.98138,1.98179,1.00,1.00
2015.10.06 04:47:11.805,1.9814,1.98181,1.00,1.50
2015.10.06 04:47:12.830,1.98139,1.98179,1.00,1.00
2015.10.06 04:47:12.880,1.98134,1.98175,1.00,1.00
2015.10.06 04:47:12.981,1.98133,1.98173,1.00,1.00
2015.10.06 04:47:13.082,1.9813,1.98172,1.00,1.00
2015.10.06 04:47:14.559,1.9813,1.98173,1.00,1.00
2015.10.06 04:47:17.166,1.98129,1.98174,1.00,1.00
2015.10.06 04:47:17.346,1.98128,1.98171,1.00,1.00
2015.10.06 04:47:26.519,1.98129,1.98171,1.00,1.00
2015.10.06 04:47:31.470,1.98126,1.98171,1.00,1.00
2015.10.06 04:47:33.237,1.98129,1.98171,1.00,1.00
2015.10.06 04:47:35.260,1.98126,1.98171,1.00,1.50
2015.10.06 04:47:39.329,1.98126,1.98167,1.00,1.00
2015.10.06 04:47:42.826,1.98126,1.98166,1.00,1.00
2015.10.06 04:47:42.927,1.98126,1.98171,1.00,1.00
2015.10.06 04:47:46.209,1.98129,1.98171,1.00,1.00
2015.10.06 04:47:47.305,1.98128,1.98171,1.00,1.00
2015.10.06 04:47:57.648,1.98126,1.98171,1.00,1.00
2015.10.06 04:47:58.222,1.98128,1.98171,1.00,1.00
2015.10.06 04:47:58.793,1.98129,1.98171,1.00,1.00
2015.10.06 04:47:59.799,1.98126,1.98171,1.00,1.00
2015.10.06 04:47:59.900,1.98129,1.98171,1.00,1.00
2015.10.06 04:48:00.619,1.98126,1.98171,1.00,1.00
2015.10.06 04:48:01.828,1.98128,1.98171,1.00,1.00
2015.10.06 04:48:02.057,1.98126,1.98171,1.00,1.00
2015.10.06 04:48:02.826,1.98128,1.98171,1.00,1.00
2015.10.06 04:48:03.060,1.98126,1.98171,1.00,1.50
2015.10.06 04:48:06.780,1.98128,1.98171,1.00,1.00
2015.10.06 04:48:07.515,1.98126,1.98171,1.00,1.50
2015.10.06 04:48:08.682,1.98129,1.98171,1.00,1.00
2015.10.06 04:48:09.884,1.98126,1.98171,1.00,1.00
2015.10.06 04:48:17.368,1.98123,1.98172,1.00,1.50
2015.10.06 04:48:23.137,1.98129,1.98175,1.00,1.00
2015.10.06 04:48:23.828,1.98128,1.98175,1.00,1.00
2015.10.06 04:48:24.499,1.98124,1.98171,1.00,1.00
2015.10.06 04:48:24.983,1.98118,1.98167,1.50,1.00
2015.10.06 04:48:25.403,1.98123,1.98167,1.00,1.00
2015.10.06 04:48:27.179,1.98124,1.98168,1.00,1.50
2015.10.06 04:48:28.554,1.98123,1.98168,1.50,1.00
2015.10.06 04:48:32.606,1.98128,1.98172,1.00,1.00
2015.10.06 04:48:33.291,1.98129,1.98174,1.00,1.00
2015.10.06 04:48:33.443,1.98129,1.98171,1.00,1.00
2015.10.06 04:48:33.620,1.98126,1.98171,1.00,1.00
2015.10.06 04:48:34.118,1.98128,1.98171,1.00,1.00
2015.10.06 04:48:39.710,1.98126,1.98171,1.00,1.00
2015.10.06 04:48:40.259,1.98126,1.98168,1.00,1.00
2015.10.06 04:48:42.251,1.98126,1.9817,1.00,1.00
2015.10.06 04:48:42.787,1.98126,1.98169,1.00,1.00
2015.10.06 04:48:42.939,1.98126,1.98171,1.00,1.00
2015.10.06 04:48:43.040,1.98126,1.98169,1.00,1.00
2015.10.06 04:48:44.855,1.98126,1.98167,1.00,1.00
2015.10.06 04:48:44.906,1.98122,1.98164,1.00,1.00
2015.10.06 04:48:45.084,1.9812,1.98164,1.00,1.00
2015.10.06 04:48:45.286,1.98123,1.98165,1.00,1.00
2015.10.06 04:48:47.156,1.9812,1.98165,1.00,1.00
2015.10.06 04:48:58.478,1.98122,1.98167,1.00,1.00
2015.10.06 04:48:59.330,1.98122,1.98166,1.00,1.00
2015.10.06 04:48:59.919,1.98122,1.98167,1.00,1.00
2015.10.06 04:49:00.708,1.98122,1.98166,1.00,1.00
2015.10.06 04:49:15.847,1.98123,1.98169,1.00,1.50
2015.10.06 04:49:17.040,1.98123,1.98167,1.00,1.00
2015.10.06 04:49:19.657,1.98123,1.98169,1.00,1.00
2015.10.06 04:49:20.974,1.98124,1.98169,1.00,1.00
2015.10.06 04:49:24.588,1.98122,1.98167,1.00,1.00
2015.10.06 04:49:26.778,1.98123,1.98169,1.00,1.00
2015.10.06 04:49:32.659,1.98125,1.98167,1.00,1.00
2015.10.06 04:49:32.861,1.98125,1.98169,1.00,1.00
2015.10.06 04:49:37.046,1.98125,1.98167,1.00,1.00
2015.10.06 04:49:37.097,1.98123,1.98167,1.50,1.00
2015.10.06 04:49:44.840,1.98128,1.98167,1.00,1.00
2015.10.06 04:49:45.378,1.98132,1.98175,1.00,1.00
2015.10.06 04:49:45.982,1.98133,1.98175,1.00,1.00
2015.10.06 04:49:46.957,1.98132,1.98175,1.00,1.00
2015.10.06 04:49:47.297,1.98133,1.98177,1.00,1.00
2015.10.06 04:49:47.398,1.98133,1.98179,1.50,1.00
2015.10.06 04:49:49.261,1.98134,1.98179,1.00,1.00
2015.10.06 04:49:49.312,1.98136,1.98177,1.00,1.00
2015.10.06 04:49:49.962,1.98136,1.98176,1.00,1.00
2015.10.06 04:49:50.293,1.98134,1.98176,1.00,1.00
2015.10.06 04:49:51.829,1.98134,1.98177,1.00,1.00
2015.10.06 04:49:54.935,1.9813,1.98175,1.00,1.00
2015.10.06 04:49:58.297,1.9813,1.98173,1.00,1.00
2015.10.06 04:49:59.152,1.9813,1.98167,1.00,1.00
2015.10.06 04:49:59.203,1.98128,1.98167,1.00,1.00
2015.10.06 04:49:59.304,1.98124,1.98165,1.00,1.00
2015.10.06 04:49:59.607,1.98118,1.98165,1.50,1.00
2015.10.06 04:49:59.808,1.98118,1.98162,1.50,1.00
2015.10.06 04:50:00.120,1.98118,1.98156,1.00,1.00
2015.10.06 04:50:00.899,1.98114,1.98157,1.50,1.00
2015.10.06 04:50:00.950,1.98118,1.98157,1.00,1.00
2015.10.06 04:50:01.116,1.98114,1.98157,1.00,1.00
2015.10.06 04:50:01.440,1.98117,1.9816,1.00,1.00
2015.10.06 04:50:01.843,1.98121,1.98162,1.00,1.00
2015.10.06 04:50:07.737,1.98121,1.98161,1.00,1.00
2015.10.06 04:50:08.242,1.98121,1.98162,1.00,1.00
2015.10.06 04:50:16.500,1.98121,1.9816,1.00,1.00
2015.10.06 04:50:17.071,1.98121,1.98161,1.00,1.00
2015.10.06 04:50:18.236,1.98118,1.98159,1.00,1.00
2015.10.06 04:51:07.438,1.98113,1.98154,1.00,1.00
2015.10.06 04:51:08.561,1.98113,1.98152,1.00,1.00
2015.10.06 04:51:08.612,1.98109,1.9815,1.00,1.00
2015.10.06 04:51:08.713,1.98105,1.98148,1.00,1.00
2015.10.06 04:51:20.721,1.98105,1.98147,1.00,1.00
2015.10.06 04:51:21.432,1.98105,1.98148,1.00,1.00
2015.10.06 04:51:27.745,1.98108,1.98151,1.00,1.00
2015.10.06 04:51:28.047,1.98112,1.98153,1.00,1.00
2015.10.06 04:51:28.794,1.98116,1.98157,1.00,1.00
2015.10.06 04:51:29.097,1.98119,1.9816,1.00,1.00
2015.10.06 04:51:36.507,1.98119,1.98157,1.00,1.00
2015.10.06 04:51:36.762,1.98115,1.98157,1.00,1.00
2015.10.06 04:51:42.133,1.98115,1.98156,1.00,1.00
2015.10.06 04:51:43.291,1.98115,1.98157,1.00,1.50
2015.10.06 04:51:46.323,1.98115,1.98158,1.00,1.50
2015.10.06 04:51:46.877,1.98115,1.98157,1.00,1.00
2015.10.06 04:51:47.330,1.98112,1.98155,1.00,1.00
2015.10.06 04:51:54.907,1.98113,1.98155,1.00,1.00
2015.10.06 04:51:54.970,1.98115,1.98157,1.00,1.00
2015.10.06 04:51:55.640,1.98115,1.98158,1.00,1.00
2015.10.06 04:52:44.253,1.98119,1.98158,1.00,1.00
2015.10.06 04:52:44.354,1.98115,1.98158,1.00,1.00
2015.10.06 04:52:45.203,1.98119,1.98158,1.00,1.00
2015.10.06 04:52:46.095,1.98115,1.98158,1.00,1.00
2015.10.06 04:52:49.065,1.98119,1.98158,1.00,1.00
2015.10.06 04:52:49.175,1.98115,1.98158,1.00,1.00
2015.10.06 04:52:52.196,1.98118,1.98158,1.00,1.00
2015.10.06 04:52:53.446,1.98115,1.98158,1.00,1.00
2015.10.06 04:52:54.329,1.98118,1.98158,1.00,1.00
2015.10.06 04:52:55.083,1.98118,1.98167,1.00,1.50
2015.10.06 04:52:56.596,1.98114,1.98161,1.00,1.00
2015.10.06 04:52:58.355,1.98118,1.98167,1.00,1.50
2015.10.06 04:53:03.414,1.98113,1.98162,1.00,1.00
2015.10.06 04:53:06.525,1.98118,1.98167,1.00,1.50
2015.10.06 04:53:11.186,1.98114,1.98161,1.00,1.00
2015.10.06 04:53:11.446,1.98118,1.98167,1.00,2.25
2015.10.06 04:53:11.892,1.98113,1.98162,1.00,1.00
2015.10.06 04:53:13.045,1.98119,1.98166,1.00,1.00
2015.10.06 04:53:14.854,1.98114,1.98161,1.00,1.00
2015.10.06 04:53:23.875,1.98118,1.98166,1.00,1.00
2015.10.06 04:53:26.053,1.98118,1.98167,1.00,1.50
2015.10.06 04:53:26.103,1.98113,1.98162,1.00,1.00
2015.10.06 04:53:29.754,1.98114,1.98161,1.00,1.00
2015.10.06 04:53:30.263,1.98113,1.98162,1.00,1.00
2015.10.06 04:53:36.909,1.98113,1.98161,1.00,1.00
2015.10.06 04:53:38.138,1.98114,1.98161,1.00,1.50
2015.10.06 04:53:39.193,1.98113,1.98161,1.00,1.00
2015.10.06 04:53:41.755,1.98118,1.98161,1.00,1.00
2015.10.06 04:53:41.806,1.98118,1.98164,1.00,1.00
2015.10.06 04:53:42.258,1.98119,1.9816,1.00,1.00
2015.10.06 04:53:42.762,1.9812,1.9816,1.00,1.00
2015.10.06 04:53:44.136,1.98134,1.98172,1.00,1.00
2015.10.06 04:53:44.459,1.98138,1.98174,1.00,1.00
2015.10.06 04:53:44.761,1.98138,1.98177,1.00,1.00
2015.10.06 04:53:51.045,1.98144,1.98177,1.00,1.00
2015.10.06 04:54:04.151,1.98144,1.98181,1.00,1.00
2015.10.06 04:54:04.916,1.98143,1.98181,1.00,1.00
2015.10.06 04:54:10.385,1.98143,1.98185,1.00,1.00
2015.10.06 04:54:13.045,1.98142,1.98182,1.00,1.00
2015.10.06 04:54:13.670,1.98139,1.98182,1.50,1.00
2015.10.06 04:54:18.419,1.98139,1.98181,1.50,1.00
2015.10.06 04:54:18.595,1.98143,1.98182,1.00,1.50
2015.10.06 04:54:18.746,1.98143,1.98184,1.50,1.00
2015.10.06 04:54:18.797,1.98148,1.98184,1.00,1.00
2015.10.06 04:54:18.948,1.98148,1.98188,1.00,1.00
2015.10.06 04:54:19.099,1.98145,1.98188,1.00,1.00
2015.10.06 04:54:19.318,1.98148,1.98188,1.00,1.00
2015.10.06 04:54:21.202,1.98148,1.9819,1.00,1.00
2015.10.06 04:54:23.163,1.98143,1.9819,1.50,1.00
2015.10.06 04:54:29.148,1.9814,1.9818,1.00,1.00
2015.10.06 04:54:29.200,1.98135,1.9818,1.00,1.00
2015.10.06 04:54:29.301,1.9813,1.98177,1.00,1.00
2015.10.06 04:54:29.352,1.98128,1.98174,1.00,1.00
2015.10.06 04:54:29.554,1.98123,1.9817,1.50,1.00
2015.10.06 04:54:30.145,1.98124,1.9817,1.00,1.00
2015.10.06 04:54:32.292,1.98123,1.98167,1.00,1.00
2015.10.06 04:54:33.227,1.9812,1.98167,1.00,1.50
2015.10.06 04:54:38.841,1.9812,1.98165,1.00,1.00
2015.10.06 04:54:46.259,1.9812,1.98166,1.00,1.00
2015.10.06 04:54:47.863,1.9812,1.98167,1.00,1.50
2015.10.06 04:54:48.363,1.98124,1.98167,1.00,1.00
2015.10.06 04:54:48.838,1.98123,1.9817,1.50,1.00
2015.10.06 04:54:52.578,1.98124,1.9817,1.00,1.00
2015.10.06 04:54:57.259,1.98123,1.9817,1.50,1.00
2015.10.06 04:54:57.602,1.98123,1.98166,1.00,1.00
2015.10.06 04:54:59.541,1.98125,1.9817,1.00,1.00
2015.10.06 04:54:59.792,1.98129,1.9817,1.00,1.00
2015.10.06 04:55:03.360,1.98125,1.9817,1.00,1.00
2015.10.06 04:55:06.723,1.98119,1.98166,1.50,1.00
2015.10.06 04:55:09.789,1.98119,1.98162,1.50,1.00
2015.10.06 04:55:10.327,1.98115,1.98146,1.00,1.00
2015.10.06 04:55:10.379,1.98099,1.98142,1.00,1.00
2015.10.06 04:55:14.095,1.98098,1.98142,1.50,1.00
2015.10.06 04:55:14.759,1.981,1.98142,1.00,1.00
2015.10.06 04:55:15.471,1.98098,1.98142,1.50,1.00
2015.10.06 04:55:16.246,1.98099,1.98142,1.00,1.00
2015.10.06 04:55:17.454,1.98102,1.98142,1.00,1.00
2015.10.06 04:55:17.766,1.98104,1.98142,1.00,1.00
2015.10.06 04:55:25.115,1.98102,1.98142,1.00,1.50
2015.10.06 04:55:26.301,1.98101,1.98142,1.00,1.50
2015.10.06 04:55:27.116,1.981,1.98142,1.00,1.50
2015.10.06 04:55:27.766,1.981,1.98141,1.00,1.00
2015.10.06 04:55:28.393,1.98099,1.98141,1.00,1.00
2015.10.06 04:55:34.365,1.98098,1.98142,1.00,1.50
2015.10.06 04:55:34.566,1.98095,1.98142,1.50,1.50
2015.10.06 04:55:35.092,1.98099,1.98142,1.00,1.00
2015.10.06 04:55:35.193,1.98099,1.98146,2.25,1.00
2015.10.06 04:55:35.736,1.981,1.98146,1.00,1.00
2015.10.06 04:55:36.202,1.98104,1.98146,1.00,1.00
2015.10.06 04:55:37.728,1.98104,1.98145,1.00,1.00
2015.10.06 04:55:37.778,1.981,1.98143,1.00,1.00
2015.10.06 04:55:38.285,1.98099,1.98143,1.50,1.50
2015.10.06 04:55:39.654,1.98098,1.98138,1.00,1.00
2015.10.06 04:55:39.956,1.98094,1.98138,1.50,1.00
2015.10.06 04:55:40.312,1.98094,1.98135,1.00,1.00
2015.10.06 04:55:41.001,1.98087,1.98122,1.00,1.00
2015.10.06 04:55:41.052,1.98078,1.98122,1.00,1.00
2015.10.06 04:55:41.103,1.98078,1.98119,1.00,1.00
2015.10.06 04:55:41.256,1.98078,1.98123,1.00,1.00
2015.10.06 04:55:52.903,1.98083,1.98123,1.00,1.00
2015.10.06 04:55:56.367,1.98078,1.98123,1.50,1.50
2015.10.06 04:55:57.306,1.98078,1.98116,1.00,1.00
2015.10.06 04:55:57.356,1.98069,1.98115,1.00,1.00
2015.10.06 04:55:58.347,1.98069,1.98113,1.00,1.00
2015.10.06 04:55:59.341,1.98069,1.98112,1.00,1.00
2015.10.06 04:55:59.859,1.98074,1.98113,1.00,1.00
2015.10.06 04:56:00.392,1.98069,1.98113,1.00,1.00
2015.10.06 04:56:00.817,1.9807,1.98115,1.00,1.50
2015.10.06 04:56:01.395,1.98073,1.98122,1.00,1.50
2015.10.06 04:56:01.446,1.98075,1.98122,1.00,1.50
2015.10.06 04:56:01.749,1.98077,1.98122,1.00,1.50
2015.10.06 04:56:02.272,1.98077,1.98121,1.00,1.00
2015.10.06 04:56:02.374,1.9808,1.98127,1.00,1.50
2015.10.06 04:56:02.952,1.98084,1.98126,1.00,1.00
2015.10.06 04:56:03.053,1.98089,1.98132,1.00,1.00
2015.10.06 04:56:03.376,1.98088,1.98136,1.50,1.00
2015.10.06 04:56:03.477,1.9809,1.98136,1.00,1.00
2015.10.06 04:56:03.999,1.9809,1.98135,1.00,1.00
2015.10.06 04:56:05.335,1.98089,1.98133,1.00,1.00
2015.10.06 04:56:05.839,1.9809,1.98133,1.00,1.00
2015.10.06 04:56:06.386,1.98089,1.98133,1.00,1.00
2015.10.06 04:56:07.343,1.98089,1.98132,1.00,1.00
2015.10.06 04:56:07.891,1.98089,1.98133,1.00,1.00
2015.10.06 04:56:08.144,1.98089,1.98136,1.00,1.50
2015.10.06 04:56:08.652,1.98088,1.98136,1.00,1.00
2015.10.06 04:56:09.377,1.98088,1.98128,1.00,1.00
2015.10.06 04:56:09.901,1.98088,1.98127,1.00,1.00
2015.10.06 04:56:10.555,1.98088,1.98128,1.00,1.00
2015.10.06 04:56:11.397,1.98084,1.98128,1.00,1.00
2015.10.06 04:56:11.942,1.98084,1.98127,1.00,1.00
2015.10.06 04:56:12.468,1.98084,1.98128,1.00,1.00
2015.10.06 04:56:14.277,1.98084,1.98127,1.00,1.00
2015.10.06 04:56:14.854,1.98084,1.98128,1.00,1.00
2015.10.06 04:56:15.143,1.98088,1.98127,1.00,1.00
2015.10.06 04:56:15.194,1.98088,1.98136,1.00,1.00
2015.10.06 04:56:15.682,1.98088,1.98133,1.00,1.00
2015.10.06 04:56:16.486,1.98088,1.98132,1.00,1.00
2015.10.06 04:56:17.142,1.98084,1.98132,1.00,1.50
2015.10.06 04:56:18.686,1.98083,1.98132,1.00,1.00
2015.10.06 04:56:18.737,1.98083,1.98128,1.00,1.00
2015.10.06 04:56:20.104,1.98085,1.98128,1.00,1.00
2015.10.06 04:56:20.749,1.98094,1.98136,1.00,1.00
2015.10.06 04:56:20.807,1.98098,1.98144,1.00,1.00
2015.10.06 04:56:21.073,1.98093,1.98142,1.00,1.00
2015.10.06 04:56:23.051,1.98098,1.98142,1.00,1.00
2015.10.06 04:56:23.963,1.98098,1.98143,1.00,2.25
2015.10.06 04:56:26.249,1.98098,1.98144,1.00,2.25
2015.10.06 04:56:26.400,1.98094,1.98141,1.00,1.00
2015.10.06 04:56:27.242,1.98093,1.98141,1.00,1.00
2015.10.06 04:56:27.769,1.98093,1.98142,1.00,1.00
2015.10.06 04:56:28.272,1.98094,1.98141,1.00,1.00
2015.10.06 04:56:28.373,1.98099,1.98144,1.00,1.00
2015.10.06 04:56:28.524,1.98099,1.98146,1.00,1.00
2015.10.06 04:56:33.091,1.98095,1.98142,1.00,1.00
2015.10.06 04:56:33.403,1.98097,1.98142,1.00,1.00
2015.10.06 04:56:35.855,1.98098,1.98147,1.00,1.00
2015.10.06 04:56:35.906,1.98109,1.98147,1.00,1.00
2015.10.06 04:56:36.057,1.98112,1.98152,1.00,1.00
2015.10.06 04:56:36.261,1.98115,1.98152,1.00,1.00
2015.10.06 04:56:36.362,1.98115,1.98157,1.00,1.00
2015.10.06 04:56:36.892,1.98115,1.98152,1.00,1.00
2015.10.06 04:56:44.487,1.98115,1.98157,1.00,1.00
2015.10.06 04:56:45.547,1.98113,1.98157,1.00,1.00
2015.10.06 04:56:49.243,1.98113,1.98156,1.00,1.00
2015.10.06 04:56:49.294,1.98116,1.98156,1.00,1.00
2015.10.06 04:56:49.345,1.98116,1.98162,1.00,1.00
2015.10.06 04:56:49.562,1.98116,1.98157,1.00,1.00
2015.10.06 04:56:50.121,1.98114,1.98157,1.00,1.00
2015.10.06 04:56:52.261,1.98112,1.98157,1.00,1.00
2015.10.06 04:56:56.639,1.98113,1.98162,1.00,1.00
2015.10.06 04:57:01.434,1.98114,1.98161,1.00,1.00
2015.10.06 04:57:01.586,1.98116,1.98161,1.00,1.00
2015.10.06 04:57:01.787,1.98118,1.98167,1.00,1.00
2015.10.06 04:57:06.882,1.98117,1.98162,1.50,1.00
2015.10.06 04:57:06.941,1.98119,1.98166,1.00,1.00
2015.10.06 04:57:07.491,1.98117,1.98161,1.50,1.00
2015.10.06 04:57:08.040,1.98116,1.98161,1.00,1.00
2015.10.06 04:57:08.831,1.98118,1.98167,1.00,1.00
2015.10.06 04:57:09.033,1.98118,1.98161,1.00,1.00
2015.10.06 04:57:09.588,1.98118,1.98167,1.50,1.00
2015.10.06 04:57:16.432,1.98119,1.98167,1.00,1.00
2015.10.06 04:57:16.968,1.98118,1.98167,1.00,1.00
2015.10.06 04:57:18.035,1.98119,1.98167,1.00,1.00
2015.10.06 04:57:21.046,1.9812,1.98167,1.00,1.00
2015.10.06 04:57:22.737,1.98119,1.98167,1.00,1.00
2015.10.06 04:57:27.963,1.98118,1.98167,1.50,1.00
2015.10.06 04:57:31.897,1.98118,1.98162,1.00,1.00
2015.10.06 04:57:39.345,1.98117,1.98162,1.00,1.00
2015.10.06 04:57:42.923,1.98113,1.98156,1.00,1.00
2015.10.06 04:57:43.376,1.98113,1.98162,1.50,1.00
2015.10.06 04:57:43.790,1.98113,1.98157,1.00,1.00
2015.10.06 04:57:45.267,1.98113,1.98162,1.50,1.00
2015.10.06 04:57:46.674,1.98114,1.98161,1.00,1.00
2015.10.06 04:57:53.393,1.98113,1.98162,1.00,1.00
2015.10.06 04:57:55.673,1.98112,1.98157,1.00,1.00
2015.10.06 04:57:55.944,1.9811,1.98157,1.00,1.00
2015.10.06 04:57:56.701,1.98109,1.98157,1.50,1.00
2015.10.06 04:57:56.803,1.98111,1.98157,1.00,1.00
2015.10.06 04:57:57.745,1.98113,1.98162,1.00,1.00
2015.10.06 04:58:01.060,1.98112,1.98157,1.00,1.00
2015.10.06 04:58:03.414,1.98113,1.98162,1.00,1.00
2015.10.06 04:58:09.751,1.98113,1.98157,1.00,1.00
2015.10.06 04:58:15.887,1.9811,1.98157,1.00,1.00
2015.10.06 04:58:17.779,1.98109,1.98157,1.00,1.00
2015.10.06 04:58:18.387,1.9811,1.98157,1.00,1.00
2015.10.06 04:58:22.507,1.98112,1.98157,1.00,1.00
2015.10.06 04:58:35.934,1.98112,1.98156,1.00,1.00
2015.10.06 04:58:36.809,1.98112,1.98157,1.00,1.00
2015.10.06 04:58:38.062,1.98113,1.98157,1.00,1.00
2015.10.06 04:58:38.459,1.98114,1.98161,1.00,1.00
2015.10.06 04:58:39.915,1.98113,1.98162,1.50,1.00
2015.10.06 04:58:44.824,1.98114,1.98162,1.00,1.00
2015.10.06 04:58:56.156,1.98114,1.98157,1.00,1.00
2015.10.06 04:58:59.593,1.98114,1.98161,1.50,1.00
2015.10.06 04:58:59.924,1.98115,1.98156,1.00,1.00
2015.10.06 04:59:01.235,1.98115,1.98162,1.00,1.00
2015.10.06 04:59:01.286,1.98117,1.98162,1.00,1.00
2015.10.06 04:59:03.649,1.98117,1.98157,1.00,1.00
2015.10.06 04:59:07.369,1.98116,1.98157,1.00,1.00
2015.10.06 04:59:10.409,1.98114,1.98157,1.00,1.00
2015.10.06 04:59:15.574,1.98116,1.98157,1.00,1.00
2015.10.06 04:59:16.161,1.98115,1.98157,1.00,1.00
2015.10.06 04:59:25.851,1.98115,1.98156,1.00,1.00
2015.10.06 04:59:25.901,1.98113,1.98156,1.00,1.00
2015.10.06 04:59:25.952,1.98111,1.98156,1.50,1.00
2015.10.06 04:59:26.003,1.98109,1.98156,1.00,1.00
2015.10.06 04:59:26.104,1.98107,1.98152,1.00,1.00
2015.10.06 04:59:26.604,1.98104,1.98152,1.50,1.00
2015.10.06 04:59:26.655,1.98104,1.98147,1.00,1.00
2015.10.06 04:59:27.077,1.98104,1.98151,1.00,1.00
2015.10.06 04:59:27.581,1.98105,1.98151,1.00,1.00
2015.10.06 04:59:29.141,1.98105,1.98152,1.50,1.00
2015.10.06 04:59:29.192,1.98108,1.98152,1.00,1.00
2015.10.06 04:59:29.378,1.98108,1.98157,1.00,1.00
2015.10.06 04:59:29.480,1.98108,1.98151,1.00,1.00
2015.10.06 04:59:29.581,1.98108,1.98157,1.00,1.00
2015.10.06 04:59:30.018,1.98108,1.98151,1.00,1.00
2015.10.06 04:59:31.008,1.98108,1.98157,1.00,1.00
2015.10.06 04:59:39.154,1.98108,1.98152,1.00,1.00
2015.10.06 04:59:41.366,1.98108,1.98156,1.00,1.00
2015.10.06 04:59:46.095,1.98108,1.98157,1.50,1.00
2015.10.06 04:59:46.654,1.98109,1.98157,1.00,1.00
2015.10.06 04:59:48.129,1.98109,1.98152,1.00,1.00
