2015.07.24 19:00:00.149,2.0266,2.02697,1.00,1.00
2015.07.24 19:00:00.748,2.02655,2.02695,1.00,1.00
2015.07.24 19:00:00.905,2.02661,2.02699,1.00,1.00
2015.07.24 19:00:01.705,2.02655,2.02692,1.00,1.00
2015.07.24 19:00:03.422,2.02668,2.02705,1.00,1.00
2015.07.24 19:00:03.838,2.02668,2.02702,1.00,1.00
2015.07.24 19:00:03.889,2.02658,2.02697,1.00,1.00
2015.07.24 19:00:04.427,2.02656,2.02696,1.00,1.00
2015.07.24 19:00:06.201,2.02659,2.02699,1.00,1.00
2015.07.24 19:00:06.973,2.02654,2.02691,1.00,1.00
2015.07.24 19:00:07.024,2.02659,2.02697,1.00,1.00
2015.07.24 19:00:07.276,2.02656,2.02696,1.00,1.00
2015.07.24 19:00:07.377,2.02662,2.02702,1.00,1.50
2015.07.24 19:00:09.749,2.02666,2.02704,1.00,1.00
2015.07.24 19:00:15.455,2.02674,2.02708,1.00,1.00
2015.07.24 19:00:15.505,2.02674,2.02712,1.00,1.00
2015.07.24 19:00:15.874,2.0267,2.0271,1.00,1.00
2015.07.24 19:00:20.281,2.02674,2.02713,1.00,1.00
2015.07.24 19:00:20.609,2.02671,2.02709,1.00,1.00
2015.07.24 19:00:20.761,2.02671,2.02711,1.00,1.00
2015.07.24 19:00:21.114,2.02678,2.02718,1.00,1.00
2015.07.24 19:00:21.775,2.02682,2.02722,1.00,1.00
2015.07.24 19:00:22.289,2.02678,2.02717,1.00,1.00
2015.07.24 19:00:22.695,2.02683,2.0272,1.00,1.00
2015.07.24 19:00:23.561,2.02685,2.02724,1.00,1.00
2015.07.24 19:00:25.905,2.02682,2.02721,1.00,1.00
2015.07.24 19:00:26.277,2.02682,2.02716,1.00,1.84
2015.07.24 19:00:26.479,2.02664,2.02701,1.00,1.00
2015.07.24 19:00:26.530,2.02666,2.02705,1.00,1.09
2015.07.24 19:00:26.581,2.0267,2.02706,1.00,1.34
2015.07.24 19:00:26.995,2.02674,2.0271,1.00,1.00
2015.07.24 19:00:27.096,2.02674,2.02714,1.00,1.00
2015.07.24 19:00:27.247,2.02666,2.02705,1.00,1.00
2015.07.24 19:00:32.514,2.02665,2.02702,1.00,1.00
2015.07.24 19:00:36.037,2.02666,2.02705,1.00,1.00
2015.07.24 19:00:36.088,2.0266,2.02698,1.00,1.00
2015.07.24 19:00:36.563,2.02693,2.02716,1.00,1.00
2015.07.24 19:00:36.618,2.02693,2.02731,1.00,1.00
2015.07.24 19:00:36.928,2.02684,2.02723,1.00,1.00
2015.07.24 19:00:37.130,2.02688,2.02726,1.00,1.00
2015.07.24 19:00:41.960,2.02701,2.02737,1.00,1.00
2015.07.24 19:00:42.020,2.02701,2.02739,1.00,1.50
2015.07.24 19:00:42.272,2.02679,2.02716,1.00,1.00
2015.07.24 19:00:42.474,2.02687,2.02726,1.00,1.00
2015.07.24 19:00:49.584,2.02685,2.02722,1.00,1.00
2015.07.24 19:00:49.735,2.02674,2.02712,1.00,1.00
2015.07.24 19:00:59.891,2.02688,2.02721,1.00,1.00
2015.07.24 19:01:00.782,2.02688,2.02727,1.00,1.50
2015.07.24 19:01:04.669,2.02688,2.02726,1.00,1.00
2015.07.24 19:01:05.995,2.02688,2.02727,1.00,1.50
2015.07.24 19:01:08.637,2.02688,2.02721,1.00,1.00
2015.07.24 19:01:11.158,2.02674,2.02711,1.00,1.00
2015.07.24 19:01:24.510,2.02678,2.02711,1.00,1.00
2015.07.24 19:01:24.561,2.0269,2.02727,1.00,1.00
2015.07.24 19:01:24.612,2.0269,2.02727,1.00,1.34
2015.07.24 19:01:24.713,2.02688,2.02722,1.00,1.34
2015.07.24 19:01:24.814,2.02674,2.02713,1.00,1.00
2015.07.24 19:01:32.380,2.02677,2.02717,1.00,1.00
2015.07.24 19:01:32.481,2.02669,2.02708,1.50,1.00
2015.07.24 19:01:32.733,2.02663,2.02703,1.00,1.00
2015.07.24 19:01:32.891,2.02667,2.02706,1.00,1.00
2015.07.24 19:01:44.548,2.02668,2.02706,1.00,1.00
2015.07.24 19:01:44.911,2.02683,2.02721,1.00,1.00
2015.07.24 19:01:50.171,2.02683,2.02722,1.00,1.00
2015.07.24 19:01:54.941,2.02683,2.02717,1.00,1.00
2015.07.24 19:01:55.394,2.02674,2.02713,1.00,1.00
2015.07.24 19:01:55.801,2.02668,2.02707,1.00,1.00
2015.07.24 19:01:57.513,2.02674,2.02713,1.00,1.00
2015.07.24 19:01:57.614,2.0267,2.0271,1.00,1.00
2015.07.24 19:01:57.665,2.02677,2.02717,1.00,1.00
2015.07.24 19:01:58.011,2.02671,2.02709,1.00,1.00
2015.07.24 19:01:58.762,2.02675,2.02714,1.00,1.50
2015.07.24 19:01:58.814,2.02664,2.02703,1.00,1.00
2015.07.24 19:01:59.099,2.02657,2.02697,1.00,1.00
2015.07.24 19:01:59.150,2.02663,2.027,1.00,1.00
2015.07.24 19:01:59.533,2.02666,2.02706,1.00,1.00
2015.07.24 19:01:59.698,2.02662,2.02701,1.00,1.00
2015.07.24 19:02:03.477,2.02666,2.02701,1.00,1.00
2015.07.24 19:02:03.629,2.02676,2.02712,1.00,1.00
2015.07.24 19:02:03.957,2.0268,2.02712,1.00,1.00
2015.07.24 19:02:04.058,2.0268,2.02717,1.00,1.00
2015.07.24 19:02:04.109,2.02673,2.02711,1.00,1.00
2015.07.24 19:02:04.210,2.02677,2.02716,1.00,1.00
2015.07.24 19:02:04.311,2.02673,2.02713,1.00,1.00
2015.07.24 19:02:04.462,2.02685,2.02716,1.00,1.00
2015.07.24 19:02:05.117,2.02685,2.02717,1.00,1.00
2015.07.24 19:02:06.751,2.02682,2.02717,1.00,1.00
2015.07.24 19:02:06.958,2.02685,2.02717,1.00,1.00
2015.07.24 19:02:07.059,2.02682,2.02717,1.00,1.00
2015.07.24 19:02:07.566,2.02682,2.02716,1.00,1.00
2015.07.24 19:02:09.904,2.02682,2.02717,1.00,1.00
2015.07.24 19:02:13.711,2.02682,2.02716,1.00,1.00
2015.07.24 19:02:16.659,2.02673,2.02713,1.00,1.00
2015.07.24 19:02:16.710,2.02673,2.02711,1.00,1.00
2015.07.24 19:02:16.761,2.02669,2.02709,1.00,1.00
2015.07.24 19:02:17.134,2.0267,2.02707,1.00,1.00
2015.07.24 19:02:17.289,2.02675,2.02714,1.00,1.00
2015.07.24 19:02:22.094,2.02679,2.02717,1.00,1.00
2015.07.24 19:02:24.601,2.02685,2.02717,1.00,1.00
2015.07.24 19:02:25.016,2.02672,2.02712,1.00,1.00
2015.07.24 19:02:27.020,2.02672,2.02712,1.00,1.34
2015.07.24 19:02:27.222,2.02661,2.027,1.00,1.00
2015.07.24 19:02:27.374,2.02657,2.02697,1.00,1.00
2015.07.24 19:02:27.425,2.02672,2.02706,1.00,1.00
2015.07.24 19:02:27.475,2.02672,2.02709,1.00,1.00
2015.07.24 19:02:27.905,2.02674,2.02712,1.00,1.00
2015.07.24 19:02:28.214,2.02681,2.02716,1.00,1.00
2015.07.24 19:02:28.315,2.02678,2.02716,1.00,1.00
2015.07.24 19:02:28.466,2.02667,2.02707,1.00,1.00
2015.07.24 19:02:30.113,2.02657,2.02696,1.00,1.00
2015.07.24 19:02:30.416,2.02666,2.02704,1.00,1.00
2015.07.24 19:02:33.794,2.02683,2.02716,1.00,1.00
2015.07.24 19:02:34.548,2.02683,2.02717,1.00,1.00
2015.07.24 19:02:35.082,2.02683,2.02716,1.00,1.00
2015.07.24 19:02:35.713,2.02683,2.02717,1.00,1.00
2015.07.24 19:02:36.927,2.02683,2.02711,1.00,1.00
2015.07.24 19:02:38.598,2.02683,2.02717,1.00,1.00
2015.07.24 19:02:40.100,2.02672,2.02711,1.00,1.00
2015.07.24 19:02:40.899,2.02681,2.0272,1.00,1.00
2015.07.24 19:02:41.962,2.02669,2.02708,1.00,1.00
2015.07.24 19:02:43.883,2.02672,2.02712,1.00,1.00
2015.07.24 19:02:44.311,2.02665,2.02703,1.00,1.00
2015.07.24 19:02:44.412,2.0266,2.027,1.00,1.00
2015.07.24 19:02:44.463,2.02671,2.0271,1.00,1.00
2015.07.24 19:02:44.767,2.02658,2.02686,1.00,1.00
2015.07.24 19:02:44.818,2.02658,2.02696,1.00,1.00
2015.07.24 19:02:44.969,2.02662,2.02701,1.00,1.00
2015.07.24 19:02:48.389,2.02662,2.027,1.00,1.00
2015.07.24 19:02:48.440,2.02654,2.02694,1.00,1.00
2015.07.24 19:02:48.591,2.02651,2.0269,1.00,1.00
2015.07.24 19:02:49.748,2.02655,2.02692,1.00,1.00
2015.07.24 19:02:51.490,2.02644,2.02683,1.00,1.00
2015.07.24 19:02:53.984,2.02648,2.02683,1.50,1.00
2015.07.24 19:02:54.085,2.02654,2.02691,1.00,1.00
2015.07.24 19:02:54.186,2.02663,2.02703,1.00,1.84
2015.07.24 19:02:55.206,2.02664,2.02703,1.00,1.84
2015.07.24 19:03:00.461,2.02664,2.02696,1.00,1.00
2015.07.24 19:03:00.512,2.02647,2.02687,1.00,1.00
2015.07.24 19:03:00.664,2.02655,2.02695,1.00,1.00
2015.07.24 19:03:06.749,2.02664,2.02697,1.00,1.00
2015.07.24 19:03:12.547,2.02657,2.02696,1.00,1.00
2015.07.24 19:03:13.519,2.02661,2.02697,1.00,1.00
2015.07.24 19:03:14.321,2.02661,2.02696,1.00,1.00
2015.07.24 19:03:14.815,2.02654,2.02694,1.00,1.00
2015.07.24 19:03:30.850,2.02648,2.02685,1.00,1.00
2015.07.24 19:03:38.465,2.02646,2.02685,1.00,1.00
2015.07.24 19:03:40.649,2.02643,2.0268,1.00,1.00
2015.07.24 19:03:40.700,2.02644,2.02683,1.00,1.00
2015.07.24 19:03:40.852,2.02636,2.02675,1.50,1.00
2015.07.24 19:03:41.360,2.02637,2.02673,1.00,1.00
2015.07.24 19:03:41.880,2.02636,2.02673,1.00,1.00
2015.07.24 19:03:46.526,2.0263,2.0267,1.00,1.00
2015.07.24 19:03:46.825,2.02629,2.02661,1.00,1.00
2015.07.24 19:03:49.880,2.02628,2.02661,1.00,1.00
2015.07.24 19:03:50.743,2.02623,2.02661,1.50,1.00
2015.07.24 19:03:52.306,2.02628,2.02661,1.00,1.00
2015.07.24 19:03:52.407,2.02623,2.02661,1.50,1.00
2015.07.24 19:03:53.390,2.02628,2.02661,1.00,1.00
2015.07.24 19:03:54.583,2.02629,2.02661,1.00,1.00
2015.07.24 19:03:57.403,2.02628,2.02661,1.00,1.00
2015.07.24 19:03:57.467,2.02624,2.02661,1.00,1.00
2015.07.24 19:03:57.568,2.02629,2.02661,1.00,1.00
2015.07.24 19:03:58.016,2.02623,2.02661,1.50,1.00
2015.07.24 19:03:59.233,2.02629,2.02661,1.00,1.00
2015.07.24 19:03:59.334,2.02626,2.02665,1.00,1.00
2015.07.24 19:03:59.653,2.02629,2.02669,1.00,1.00
2015.07.24 19:03:59.704,2.02632,2.02672,1.00,1.50
2015.07.24 19:04:00.087,2.02624,2.02663,1.50,1.00
2015.07.24 19:04:03.107,2.02631,2.02668,1.00,1.00
2015.07.24 19:04:04.000,2.02631,2.02667,1.00,1.00
2015.07.24 19:04:04.625,2.02631,2.02668,1.00,1.50
2015.07.24 19:04:07.465,2.02623,2.02663,1.50,1.00
2015.07.24 19:04:08.328,2.02624,2.02663,1.00,1.00
2015.07.24 19:04:10.969,2.02623,2.02663,1.50,1.00
2015.07.24 19:04:21.387,2.02624,2.02663,1.00,1.00
2015.07.24 19:04:21.951,2.02623,2.02663,1.50,1.00
2015.07.24 19:04:25.600,2.02624,2.02663,1.00,1.00
2015.07.24 19:04:26.163,2.02623,2.02663,1.50,1.00
2015.07.24 19:04:27.728,2.02629,2.02669,1.00,1.00
2015.07.24 19:04:28.928,2.02634,2.02673,1.00,1.34
2015.07.24 19:04:30.075,2.02634,2.02671,1.00,1.00
2015.07.24 19:04:58.980,2.02628,2.02668,1.00,1.00
2015.07.24 19:04:59.439,2.02625,2.02665,1.00,1.00
2015.07.24 19:04:59.760,2.02632,2.02671,1.00,1.50
2015.07.24 19:05:00.346,2.02632,2.02668,1.00,1.00
2015.07.24 19:05:00.398,2.02624,2.02662,1.00,1.00
2015.07.24 19:05:00.620,2.02624,2.02664,1.00,1.00
2015.07.24 19:05:06.789,2.02624,2.02662,1.00,1.00
2015.07.24 19:05:09.312,2.02621,2.0266,1.00,1.00
2015.07.24 19:05:10.069,2.02617,2.02655,1.00,1.00
2015.07.24 19:05:19.879,2.02613,2.02652,1.00,1.00
2015.07.24 19:05:19.930,2.02609,2.02649,1.00,1.00
2015.07.24 19:05:19.981,2.02615,2.02647,1.00,1.00
2015.07.24 19:05:20.420,2.0261,2.02642,1.00,1.00
2015.07.24 19:05:20.471,2.02604,2.02641,1.00,1.00
2015.07.24 19:05:20.622,2.02598,2.02631,1.00,1.00
2015.07.24 19:05:20.673,2.02598,2.02634,1.00,1.00
2015.07.24 19:05:20.774,2.02606,2.02645,1.00,1.00
2015.07.24 19:05:20.925,2.02603,2.02642,1.00,1.00
2015.07.24 19:05:21.231,2.02591,2.02628,1.00,1.00
2015.07.24 19:05:21.333,2.02594,2.02634,1.00,1.00
2015.07.24 19:05:21.585,2.02598,2.02637,1.00,1.00
2015.07.24 19:05:22.249,2.02589,2.02615,1.00,1.00
2015.07.24 19:05:22.300,2.02579,2.02615,1.00,1.00
2015.07.24 19:05:22.452,2.02582,2.02615,1.00,1.00
2015.07.24 19:05:22.954,2.02583,2.02615,1.00,1.00
2015.07.24 19:05:23.717,2.02582,2.02615,1.00,1.00
2015.07.24 19:05:24.356,2.02583,2.02615,1.00,1.00
2015.07.24 19:05:24.858,2.02582,2.02615,1.00,1.00
2015.07.24 19:05:25.405,2.02583,2.02615,1.00,1.00
2015.07.24 19:05:25.989,2.02582,2.02615,1.00,1.00
2015.07.24 19:05:26.040,2.02582,2.02619,1.00,1.00
2015.07.24 19:05:27.365,2.02583,2.02619,1.00,1.00
2015.07.24 19:05:28.468,2.02582,2.02619,1.00,1.00
2015.07.24 19:05:32.878,2.02583,2.02619,1.00,1.00
2015.07.24 19:05:33.417,2.02582,2.02619,1.00,1.00
2015.07.24 19:05:36.310,2.02589,2.02626,1.00,1.00
2015.07.24 19:05:38.830,2.02585,2.02625,1.00,1.00
2015.07.24 19:05:53.512,2.02588,2.02627,1.00,1.00
2015.07.24 19:05:55.055,2.02588,2.02626,1.00,1.00
2015.07.24 19:05:55.211,2.02585,2.02625,1.00,1.00
2015.07.24 19:05:55.498,2.02585,2.02622,1.00,1.00
2015.07.24 19:05:55.599,2.02585,2.02625,1.00,1.00
2015.07.24 19:06:24.919,2.02592,2.02632,1.00,1.50
2015.07.24 19:06:33.400,2.02586,2.02625,1.00,1.00
2015.07.24 19:06:34.891,2.02595,2.02632,1.00,1.00
2015.07.24 19:06:45.027,2.026,2.02632,1.00,1.00
2015.07.24 19:06:45.078,2.026,2.02635,1.00,1.00
2015.07.24 19:06:45.179,2.02593,2.02632,1.00,1.00
2015.07.24 19:07:00.367,2.02593,2.02631,1.00,1.00
2015.07.24 19:07:02.720,2.02593,2.02632,1.00,1.00
2015.07.24 19:07:09.611,2.02593,2.02631,1.00,1.00
2015.07.24 19:07:22.870,2.02593,2.02632,1.00,1.50
2015.07.24 19:07:33.605,2.02593,2.02631,1.00,1.00
2015.07.24 19:07:40.801,2.02593,2.02632,1.00,1.50
2015.07.24 19:07:45.246,2.02583,2.02632,1.00,1.00
2015.07.24 19:07:45.772,2.02582,2.02632,1.00,1.00
2015.07.24 19:07:47.731,2.02583,2.02632,1.00,1.00
2015.07.24 19:07:48.174,2.02582,2.02621,1.00,1.00
2015.07.24 19:07:49.510,2.02583,2.02621,1.00,1.00
2015.07.24 19:07:50.198,2.02582,2.02621,1.00,1.00
2015.07.24 19:07:52.338,2.02583,2.02621,1.00,1.00
2015.07.24 19:07:52.945,2.02582,2.02621,1.00,1.00
2015.07.24 19:07:55.041,2.02583,2.02621,1.00,1.00
2015.07.24 19:07:55.566,2.02582,2.02621,1.00,1.00
2015.07.24 19:07:56.099,2.02583,2.02621,1.00,1.00
2015.07.24 19:07:56.641,2.02582,2.02621,1.00,1.00
2015.07.24 19:07:57.462,2.02583,2.02621,1.00,1.00
2015.07.24 19:07:57.866,2.02581,2.02621,1.00,1.00
2015.07.24 19:07:58.329,2.02583,2.02621,1.00,1.00
2015.07.24 19:07:58.744,2.02581,2.02621,1.00,1.00
2015.07.24 19:07:58.925,2.02583,2.02621,1.00,1.00
2015.07.24 19:07:59.567,2.02582,2.02621,1.00,1.00
2015.07.24 19:08:01.083,2.02581,2.02621,1.00,1.00
2015.07.24 19:08:02.129,2.02585,2.02624,1.00,1.00
2015.07.24 19:08:07.483,2.02582,2.0262,1.00,1.00
2015.07.24 19:08:09.054,2.02583,2.0262,1.00,1.00
2015.07.24 19:08:09.956,2.02582,2.0262,1.00,1.00
2015.07.24 19:08:11.863,2.02585,2.02623,1.00,1.00
2015.07.24 19:08:17.852,2.02582,2.02621,1.00,1.00
2015.07.24 19:08:18.383,2.02581,2.02621,1.00,1.00
2015.07.24 19:08:36.364,2.02583,2.02621,1.00,1.00
2015.07.24 19:08:36.914,2.02582,2.02621,1.00,1.00
2015.07.24 19:08:38.316,2.02583,2.02621,1.00,1.00
2015.07.24 19:08:38.870,2.02582,2.02621,1.00,1.00
2015.07.24 19:08:40.178,2.02583,2.02621,1.00,1.00
2015.07.24 19:08:40.880,2.02582,2.02621,1.00,1.00
2015.07.24 19:08:41.555,2.02583,2.02621,1.00,1.00
2015.07.24 19:08:42.238,2.02582,2.02621,1.00,1.00
2015.07.24 19:08:43.896,2.02583,2.02621,1.00,1.00
2015.07.24 19:08:44.418,2.02582,2.02621,1.00,1.00
2015.07.24 19:08:45.916,2.02581,2.02621,1.00,1.00
2015.07.24 19:08:46.320,2.02587,2.02626,1.00,1.00
2015.07.24 19:08:46.626,2.02575,2.02612,1.00,1.00
2015.07.24 19:08:47.314,2.02565,2.026,1.00,1.00
2015.07.24 19:08:47.775,2.02561,2.026,1.50,1.00
2015.07.24 19:08:48.559,2.02566,2.02604,1.00,1.00
2015.07.24 19:08:55.587,2.02568,2.02606,1.00,1.00
2015.07.24 19:08:56.140,2.02572,2.02607,1.00,1.50
2015.07.24 19:09:00.409,2.02572,2.02601,1.00,1.00
2015.07.24 19:09:00.607,2.02572,2.02607,1.00,1.00
2015.07.24 19:09:00.859,2.02576,2.02607,1.00,1.00
2015.07.24 19:09:01.011,2.02559,2.02597,1.00,1.00
2015.07.24 19:09:05.875,2.02559,2.02596,1.00,1.00
2015.07.24 19:09:06.064,2.02554,2.02593,1.00,1.00
2015.07.24 19:09:06.215,2.02541,2.02581,1.50,1.00
2015.07.24 19:09:06.367,2.02547,2.02586,1.00,1.00
2015.07.24 19:09:06.670,2.02556,2.02595,1.00,1.00
2015.07.24 19:09:07.373,2.02571,2.02597,1.00,1.00
2015.07.24 19:09:12.129,2.02571,2.02602,1.00,1.00
2015.07.24 19:09:12.470,2.02574,2.02602,1.00,1.00
2015.07.24 19:09:12.874,2.02574,2.02606,1.00,1.00
2015.07.24 19:09:13.402,2.02574,2.02605,1.00,1.00
2015.07.24 19:09:14.914,2.02571,2.02605,1.00,1.00
2015.07.24 19:09:14.964,2.02571,2.02597,1.00,1.00
2015.07.24 19:09:15.015,2.0256,2.02597,1.00,1.50
2015.07.24 19:09:15.312,2.02547,2.02586,1.00,1.00
2015.07.24 19:09:15.415,2.02552,2.0259,1.00,1.00
2015.07.24 19:09:15.465,2.02546,2.02586,1.00,1.00
2015.07.24 19:09:15.667,2.02553,2.02591,1.00,1.00
2015.07.24 19:09:15.818,2.0255,2.02589,1.00,1.00
2015.07.24 19:09:15.969,2.02539,2.02576,1.50,1.00
2015.07.24 19:09:16.862,2.02538,2.02576,3.75,1.00
2015.07.24 19:09:17.533,2.02539,2.02576,1.00,1.00
2015.07.24 19:09:17.925,2.0255,2.02585,1.00,1.00
2015.07.24 19:09:17.976,2.0255,2.02587,1.00,1.00
2015.07.24 19:09:18.480,2.0255,2.02589,1.00,1.00
2015.07.24 19:09:18.530,2.02556,2.02593,1.00,1.00
2015.07.24 19:09:18.905,2.02556,2.02596,1.00,1.00
2015.07.24 19:09:42.493,2.02538,2.02575,3.00,1.00
2015.07.24 19:09:43.047,2.02541,2.0258,1.00,1.00
2015.07.24 19:09:48.140,2.02544,2.02583,1.00,1.00
2015.07.24 19:09:48.601,2.02538,2.02575,1.50,1.00
2015.07.24 19:09:48.703,2.02531,2.02569,1.00,1.00
2015.07.24 19:09:48.804,2.02531,2.02563,1.00,1.84
2015.07.24 19:09:49.056,2.02531,2.02564,1.00,1.00
2015.07.24 19:09:49.107,2.02531,2.02568,1.00,1.34
2015.07.24 19:09:49.416,2.02541,2.02569,1.00,1.34
2015.07.24 19:09:49.467,2.02541,2.02569,1.00,1.00
2015.07.24 19:09:49.518,2.02541,2.02575,1.00,1.50
2015.07.24 19:09:49.802,2.02541,2.0257,1.00,1.84
2015.07.24 19:09:49.954,2.02533,2.02564,1.00,1.34
2015.07.24 19:09:50.106,2.02533,2.02568,1.00,1.50
2015.07.24 19:09:50.157,2.02529,2.02568,1.50,2.25
2015.07.24 19:09:50.808,2.02529,2.02569,1.00,1.00
2015.07.24 19:10:00.425,2.02542,2.02575,1.00,1.00
2015.07.24 19:10:00.476,2.02542,2.02577,1.00,1.00
2015.07.24 19:10:00.527,2.02537,2.02575,1.00,1.00
2015.07.24 19:10:21.968,2.02531,2.0257,1.00,1.00
2015.07.24 19:10:38.681,2.02542,2.02576,1.00,1.00
2015.07.24 19:10:40.136,2.02542,2.02581,1.00,1.00
2015.07.24 19:10:43.742,2.02542,2.02572,1.00,1.00
2015.07.24 19:10:43.793,2.02532,2.02569,1.00,1.00
2015.07.24 19:10:52.489,2.02534,2.02572,1.00,1.00
2015.07.24 19:10:56.916,2.02539,2.02572,1.00,1.00
2015.07.24 19:10:58.613,2.02539,2.02577,1.00,1.50
2015.07.24 19:11:34.125,2.02539,2.02576,1.00,1.00
2015.07.24 19:11:34.923,2.02532,2.02572,1.00,1.00
2015.07.24 19:11:40.822,2.02532,2.02571,1.00,1.00
2015.07.24 19:11:43.592,2.02532,2.02572,1.00,1.50
2015.07.24 19:11:43.643,2.02534,2.02572,1.00,1.50
2015.07.24 19:11:44.336,2.02538,2.02572,1.00,1.00
2015.07.24 19:11:44.393,2.02536,2.02574,1.00,1.00
2015.07.24 19:11:58.424,2.02531,2.02568,1.00,1.00
2015.07.24 19:11:58.475,2.02537,2.02576,1.00,1.00
2015.07.24 19:11:58.526,2.02545,2.02577,1.00,1.00
2015.07.24 19:11:58.577,2.02545,2.02582,1.00,1.50
2015.07.24 19:11:59.360,2.02545,2.02581,1.00,1.00
2015.07.24 19:11:59.411,2.02545,2.02577,1.00,1.00
2015.07.24 19:11:59.614,2.02536,2.02575,1.00,1.00
2015.07.24 19:11:59.665,2.0253,2.0257,1.00,1.00
2015.07.24 19:12:03.355,2.02533,2.02573,1.00,1.00
2015.07.24 19:12:03.781,2.02533,2.02571,1.00,1.00
2015.07.24 19:12:06.795,2.02533,2.02572,1.00,1.00
2015.07.24 19:12:07.310,2.02533,2.02571,1.00,1.00
2015.07.24 19:12:11.618,2.02533,2.02572,1.00,1.00
2015.07.24 19:12:12.404,2.02533,2.02573,1.00,1.00
2015.07.24 19:12:13.178,2.02533,2.02572,1.00,1.00
2015.07.24 19:12:13.526,2.02541,2.02572,1.00,1.00
2015.07.24 19:12:16.810,2.02541,2.02577,1.00,1.00
2015.07.24 19:12:24.228,2.02541,2.02571,1.00,1.00
2015.07.24 19:12:24.279,2.02529,2.02567,1.00,1.00
2015.07.24 19:12:25.674,2.02533,2.0257,1.00,1.00
2015.07.24 19:12:25.724,2.02535,2.02575,1.00,1.00
2015.07.24 19:12:25.825,2.02535,2.02575,1.34,1.00
2015.07.24 19:12:25.926,2.02539,2.02578,1.34,1.00
2015.07.24 19:12:25.977,2.02551,2.02587,1.00,1.00
2015.07.24 19:12:26.028,2.02551,2.02587,1.34,1.00
2015.07.24 19:12:26.079,2.02551,2.0259,1.34,1.00
2015.07.24 19:12:26.230,2.02558,2.02594,1.00,1.00
2015.07.24 19:12:26.735,2.02558,2.02595,1.00,1.00
2015.07.24 19:12:27.556,2.0256,2.026,1.00,1.00
2015.07.24 19:12:28.060,2.02569,2.02601,1.00,1.00
2015.07.24 19:12:28.162,2.02569,2.02606,1.00,1.00
2015.07.24 19:12:28.934,2.02557,2.02597,1.00,1.00
2015.07.24 19:12:37.496,2.02562,2.02602,1.00,1.50
2015.07.24 19:12:39.275,2.02562,2.02597,1.00,1.00
2015.07.24 19:12:39.326,2.0256,2.02597,1.00,1.50
2015.07.24 19:12:39.427,2.02551,2.0259,1.00,1.00
2015.07.24 19:12:40.012,2.02557,2.02592,1.00,1.00
2015.07.24 19:12:40.314,2.02557,2.02587,1.00,1.00
2015.07.24 19:12:40.850,2.02555,2.02587,1.00,1.00
2015.07.24 19:12:41.870,2.02537,2.02573,1.00,1.00
2015.07.24 19:12:41.921,2.02534,2.02573,1.50,1.00
2015.07.24 19:12:42.022,2.02535,2.02575,1.00,1.00
2015.07.24 19:12:46.572,2.02535,2.02575,1.34,1.00
2015.07.24 19:12:52.770,2.02535,2.02575,1.00,1.00
2015.07.24 19:12:52.989,2.02528,2.02567,1.34,1.00
2015.07.24 19:13:07.788,2.02528,2.02567,1.00,1.00
2015.07.24 19:13:08.889,2.02535,2.02572,1.00,1.00
2015.07.24 19:13:14.671,2.0253,2.02569,1.00,1.00
2015.07.24 19:13:14.722,2.02523,2.02557,1.34,1.00
2015.07.24 19:13:15.025,2.02523,2.02557,1.00,1.00
2015.07.24 19:13:15.076,2.02519,2.02557,1.00,1.00
2015.07.24 19:13:15.650,2.02533,2.02571,1.00,1.00
2015.07.24 19:13:17.359,2.02533,2.02572,1.00,1.00
2015.07.24 19:13:19.091,2.02533,2.02567,1.00,1.00
2015.07.24 19:13:19.242,2.02533,2.02572,1.00,1.00
2015.07.24 19:13:19.343,2.02533,2.02567,1.00,1.00
2015.07.24 19:13:22.913,2.02523,2.02561,1.34,1.00
2015.07.24 19:13:34.430,2.02522,2.02561,1.00,1.00
2015.07.24 19:13:37.040,2.02517,2.02555,1.34,1.00
2015.07.24 19:13:37.326,2.02522,2.02561,1.00,1.00
2015.07.24 19:13:38.444,2.02518,2.02558,1.34,1.00
2015.07.24 19:13:41.552,2.02518,2.02556,1.34,1.00
2015.07.24 19:13:42.522,2.02518,2.02557,1.34,1.00
2015.07.24 19:13:42.954,2.02515,2.02555,1.34,1.00
2015.07.24 19:13:43.055,2.02515,2.02555,1.00,1.00
2015.07.24 19:13:43.106,2.02515,2.02552,1.00,1.00
2015.07.24 19:13:43.257,2.02499,2.02538,1.00,1.00
2015.07.24 19:13:43.308,2.02498,2.02534,1.00,1.00
2015.07.24 19:13:43.996,2.02501,2.0254,1.00,1.00
2015.07.24 19:13:48.803,2.02504,2.0254,1.34,1.00
2015.07.24 19:13:48.905,2.02513,2.02544,1.09,1.00
2015.07.24 19:13:48.955,2.02513,2.0255,1.34,1.00
2015.07.24 19:13:49.057,2.02519,2.02552,1.00,1.00
2015.07.24 19:13:49.107,2.02525,2.02552,1.00,1.00
2015.07.24 19:13:49.260,2.02503,2.02543,1.00,1.00
2015.07.24 19:13:49.480,2.02501,2.02539,1.00,1.00
2015.07.24 19:13:52.020,2.02502,2.02539,1.84,1.00
2015.07.24 19:13:52.273,2.0252,2.02557,1.34,1.50
2015.07.24 19:13:52.374,2.0252,2.02557,1.00,1.50
2015.07.24 19:13:52.424,2.0252,2.02551,1.00,1.00
2015.07.24 19:13:52.797,2.02512,2.02549,1.00,1.00
2015.07.24 19:13:53.401,2.02515,2.02552,1.00,1.00
2015.07.24 19:13:53.653,2.02511,2.02551,1.00,1.00
2015.07.24 19:13:53.704,2.02516,2.02552,1.00,1.00
2015.07.24 19:13:53.856,2.02506,2.02546,1.00,1.00
2015.07.24 19:13:54.209,2.02509,2.02549,1.50,1.00
2015.07.24 19:13:54.511,2.02506,2.02545,1.00,1.00
2015.07.24 19:13:55.372,2.02507,2.02546,1.00,1.00
2015.07.24 19:14:00.273,2.02498,2.02518,1.00,1.00
2015.07.24 19:14:00.773,2.02498,2.02515,1.00,1.00
2015.07.24 19:14:00.824,2.02497,2.02524,1.00,1.00
2015.07.24 19:14:00.925,2.02497,2.02537,1.00,1.00
2015.07.24 19:14:04.624,2.025,2.02537,1.00,1.00
2015.07.24 19:14:05.128,2.025,2.02536,1.00,1.00
2015.07.24 19:14:05.589,2.02503,2.02536,1.00,1.00
2015.07.24 19:14:05.791,2.02486,2.02526,1.34,1.00
2015.07.24 19:14:05.993,2.02495,2.02532,1.00,1.00
2015.07.24 19:14:06.094,2.02495,2.02535,1.00,1.00
2015.07.24 19:14:13.825,2.02503,2.02535,1.84,1.00
2015.07.24 19:14:13.976,2.0251,2.02546,1.34,1.50
2015.07.24 19:14:14.027,2.02511,2.0255,1.00,1.00
2015.07.24 19:14:14.406,2.025,2.02539,1.00,1.00
2015.07.24 19:14:14.709,2.02518,2.02551,1.00,1.00
2015.07.24 19:14:14.759,2.025,2.02539,1.00,1.00
2015.07.24 19:14:15.062,2.02511,2.02547,1.00,1.00
2015.07.24 19:14:15.112,2.02511,2.0255,1.00,1.00
2015.07.24 19:14:15.213,2.02515,2.02552,1.00,1.00
2015.07.24 19:14:15.778,2.02502,2.02542,1.09,1.00
2015.07.24 19:14:15.831,2.02499,2.02538,1.00,1.00
2015.07.24 19:14:18.107,2.0249,2.02518,1.00,1.00
2015.07.24 19:14:20.030,2.02501,2.02518,1.84,1.00
2015.07.24 19:14:20.233,2.02508,2.0253,1.34,1.00
2015.07.24 19:14:20.334,2.02508,2.02535,1.34,1.00
2015.07.24 19:14:20.436,2.02515,2.02535,1.00,1.00
2015.07.24 19:14:20.537,2.02513,2.02535,1.00,1.00
2015.07.24 19:14:20.940,2.02511,2.02535,1.00,1.00
2015.07.24 19:14:21.842,2.02515,2.02545,1.00,1.00
2015.07.24 19:14:21.892,2.02515,2.02545,1.34,1.00
2015.07.24 19:14:21.943,2.02515,2.02554,1.34,1.00
2015.07.24 19:14:23.191,2.02518,2.02556,1.00,1.00
2015.07.24 19:14:23.443,2.02522,2.02559,1.00,1.00
2015.07.24 19:14:25.538,2.02523,2.02559,2.59,1.00
2015.07.24 19:14:25.927,2.0253,2.02566,1.34,1.00
2015.07.24 19:14:26.529,2.0253,2.02566,1.00,1.00
2015.07.24 19:14:26.633,2.0253,2.02569,1.00,1.00
2015.07.24 19:14:26.734,2.02528,2.02565,1.00,1.00
2015.07.24 19:14:26.935,2.02521,2.02561,1.34,1.00
2015.07.24 19:14:30.459,2.02527,2.02563,1.00,1.00
2015.07.24 19:14:30.611,2.0254,2.0258,1.34,1.00
2015.07.24 19:14:30.662,2.02544,2.02583,1.00,1.00
2015.07.24 19:14:30.972,2.02538,2.02578,1.00,1.00
2015.07.24 19:14:31.023,2.02533,2.02572,1.00,1.00
2015.07.24 19:14:31.326,2.02542,2.02581,1.00,1.00
2015.07.24 19:14:31.631,2.0255,2.02587,1.00,1.00
2015.07.24 19:14:31.682,2.0255,2.02589,1.00,1.00
2015.07.24 19:14:32.058,2.02546,2.02586,1.00,1.00
2015.07.24 19:14:32.477,2.02553,2.02587,1.00,1.00
2015.07.24 19:14:32.578,2.02553,2.0259,1.00,1.00
2015.07.24 19:14:34.341,2.02556,2.02593,1.00,1.00
2015.07.24 19:14:35.813,2.02559,2.02597,1.00,1.50
2015.07.24 19:14:37.101,2.02547,2.02569,1.00,1.00
2015.07.24 19:14:37.202,2.02543,2.02569,1.00,1.00
2015.07.24 19:14:37.994,2.02548,2.02566,1.34,1.00
2015.07.24 19:14:38.044,2.02549,2.02567,1.00,1.00
2015.07.24 19:14:38.095,2.02549,2.02565,1.00,1.00
2015.07.24 19:14:38.146,2.0255,2.0258,1.00,1.00
2015.07.24 19:14:38.197,2.02547,2.02579,1.00,1.00
2015.07.24 19:14:38.248,2.02539,2.02579,1.00,1.00
2015.07.24 19:14:38.709,2.02546,2.02585,1.00,1.00
2015.07.24 19:14:39.270,2.02542,2.02581,1.00,1.00
2015.07.24 19:14:39.613,2.0253,2.0257,1.00,1.00
2015.07.24 19:14:40.319,2.02537,2.02575,1.00,1.00
2015.07.24 19:14:40.666,2.02551,2.02587,1.00,1.50
2015.07.24 19:14:42.829,2.02551,2.0259,1.34,1.00
2015.07.24 19:14:44.296,2.02551,2.0259,1.00,1.00
2015.07.24 19:14:44.448,2.02548,2.02577,1.00,1.00
2015.07.24 19:14:44.498,2.02538,2.02577,1.00,1.00
2015.07.24 19:14:46.221,2.02556,2.02589,1.00,1.00
2015.07.24 19:14:46.273,2.02556,2.02593,1.00,1.00
2015.07.24 19:14:50.445,2.02559,2.02598,1.00,1.00
2015.07.24 19:14:50.546,2.02569,2.02606,1.00,1.00
2015.07.24 19:14:51.278,2.02569,2.02606,1.00,1.34
2015.07.24 19:14:51.494,2.02544,2.0258,1.00,1.00
2015.07.24 19:14:51.545,2.0254,2.0258,1.00,1.00
2015.07.24 19:14:52.796,2.02547,2.02585,1.00,1.00
2015.07.24 19:14:54.209,2.02554,2.02585,1.00,1.00
2015.07.24 19:14:54.260,2.02534,2.02572,1.00,1.00
2015.07.24 19:14:54.411,2.02542,2.02572,1.00,1.00
2015.07.24 19:14:54.462,2.02553,2.0259,1.00,1.00
2015.07.24 19:14:54.613,2.02553,2.02592,1.00,1.50
2015.07.24 19:14:54.979,2.02534,2.02573,1.00,1.00
2015.07.24 19:14:55.433,2.02536,2.02573,1.00,1.00
2015.07.24 19:14:56.036,2.02523,2.02562,3.00,1.00
2015.07.24 19:15:00.465,2.02527,2.02567,1.00,1.00
2015.07.24 19:15:01.461,2.02542,2.02579,1.00,1.00
2015.07.24 19:15:06.281,2.02542,2.02578,1.00,1.00
2015.07.24 19:15:06.383,2.02542,2.0258,1.00,1.50
2015.07.24 19:15:06.584,2.02538,2.02578,1.00,1.00
2015.07.24 19:15:13.462,2.02531,2.02569,1.00,1.00
2015.07.24 19:15:14.332,2.0254,2.02579,1.00,1.00
2015.07.24 19:15:17.353,2.02543,2.0258,1.00,1.00
2015.07.24 19:15:17.871,2.02543,2.02579,1.00,1.00
2015.07.24 19:15:18.844,2.02523,2.02555,1.00,1.00
2015.07.24 19:15:18.894,2.02517,2.02559,1.00,1.00
2015.07.24 19:15:18.995,2.02511,2.02561,1.00,1.00
2015.07.24 19:15:19.247,2.02508,2.02543,1.50,1.00
2015.07.24 19:15:19.932,2.02508,2.02562,1.00,1.00
2015.07.24 19:15:20.084,2.02508,2.02527,1.00,1.00
2015.07.24 19:15:20.185,2.02508,2.02542,1.00,1.00
2015.07.24 19:15:21.337,2.02508,2.02527,1.00,1.00
2015.07.24 19:15:21.755,2.02504,2.02518,1.00,1.00
2015.07.24 19:15:22.136,2.02503,2.02527,1.00,1.00
2015.07.24 19:15:22.187,2.02503,2.02556,1.00,1.00
2015.07.24 19:15:23.642,2.02509,2.02549,1.00,1.00
2015.07.24 19:15:23.945,2.02504,2.02538,1.00,1.00
2015.07.24 19:15:24.393,2.02498,2.02538,1.50,1.00
2015.07.24 19:15:27.853,2.02518,2.0255,1.00,1.00
2015.07.24 19:15:27.904,2.02518,2.02555,1.00,1.00
2015.07.24 19:15:31.649,2.02507,2.02544,1.00,1.00
2015.07.24 19:15:31.700,2.02504,2.02544,1.00,1.00
2015.07.24 19:15:31.852,2.02496,2.02533,1.00,1.00
2015.07.24 19:15:32.154,2.0251,2.02547,1.00,1.00
2015.07.24 19:15:32.509,2.0252,2.02556,1.00,1.00
2015.07.24 19:15:33.592,2.0252,2.02557,1.00,1.00
2015.07.24 19:15:35.809,2.02503,2.02542,1.00,1.00
2015.07.24 19:15:35.960,2.025,2.02539,1.00,1.00
2015.07.24 19:15:36.062,2.0249,2.0253,1.00,1.00
2015.07.24 19:15:36.163,2.02495,2.02545,1.00,1.50
2015.07.24 19:15:36.213,2.02513,2.02545,1.00,1.00
2015.07.24 19:15:36.365,2.02513,2.02547,1.00,1.00
2015.07.24 19:15:36.466,2.02504,2.02541,1.00,1.00
2015.07.24 19:15:40.085,2.02501,2.02538,1.00,1.00
2015.07.24 19:15:45.183,2.0249,2.02529,1.00,1.00
2015.07.24 19:15:45.687,2.02489,2.02529,1.00,1.00
2015.07.24 19:15:46.592,2.02493,2.02533,1.00,1.00
2015.07.24 19:15:52.069,2.02498,2.02538,1.00,1.00
2015.07.24 19:15:53.240,2.02502,2.02541,1.00,1.00
2015.07.24 19:15:54.280,2.02503,2.02541,2.25,1.00
2015.07.24 19:15:54.595,2.02513,2.02551,1.00,1.00
2015.07.24 19:15:55.998,2.02509,2.02548,1.00,1.00
2015.07.24 19:16:00.610,2.02505,2.02544,1.00,1.00
2015.07.24 19:16:00.962,2.02516,2.02553,1.00,1.00
2015.07.24 19:16:01.013,2.02516,2.02555,1.00,1.00
2015.07.24 19:16:01.215,2.02504,2.02541,1.00,1.00
2015.07.24 19:16:01.266,2.02509,2.02548,1.00,1.00
2015.07.24 19:16:03.049,2.02504,2.02542,1.00,1.00
2015.07.24 19:16:03.820,2.02494,2.02517,1.00,1.00
2015.07.24 19:16:07.238,2.02491,2.02514,2.25,1.00
2015.07.24 19:16:11.439,2.0249,2.02514,1.50,1.00
2015.07.24 19:16:12.943,2.02491,2.02514,1.00,1.00
2015.07.24 19:16:14.217,2.02503,2.02518,1.34,1.00
2015.07.24 19:16:14.318,2.02498,2.02526,1.00,1.00
2015.07.24 19:16:15.310,2.02503,2.02526,1.00,1.00
2015.07.24 19:16:15.360,2.02503,2.02531,1.00,1.00
2015.07.24 19:16:16.270,2.02498,2.02531,1.84,1.00
2015.07.24 19:16:20.960,2.02498,2.02531,1.00,1.00
2015.07.24 19:16:40.651,2.02498,2.02529,1.00,1.00
2015.07.24 19:16:40.954,2.0249,2.02512,1.00,1.00
2015.07.24 19:16:42.366,2.02473,2.02512,1.00,1.00
2015.07.24 19:16:44.168,2.02473,2.02509,1.00,1.00
2015.07.24 19:16:44.219,2.02478,2.02518,1.00,1.00
2015.07.24 19:16:44.270,2.02478,2.02518,1.34,1.00
2015.07.24 19:16:44.371,2.02478,2.02518,1.00,1.00
2015.07.24 19:16:45.028,2.02474,2.02509,1.00,1.00
2015.07.24 19:16:46.297,2.02471,2.02509,1.00,1.00
2015.07.24 19:16:46.535,2.02474,2.02509,1.00,1.00
2015.07.24 19:16:47.107,2.02478,2.02509,1.00,1.00
2015.07.24 19:16:47.158,2.02474,2.02509,1.00,1.00
2015.07.24 19:16:49.115,2.02473,2.02509,1.00,1.00
2015.07.24 19:16:49.769,2.02474,2.02509,1.00,1.00
2015.07.24 19:16:50.429,2.02473,2.02509,1.00,1.00
2015.07.24 19:16:51.028,2.02474,2.02509,1.00,1.00
2015.07.24 19:16:51.579,2.02469,2.02507,1.00,1.00
2015.07.24 19:16:51.730,2.02469,2.02502,1.00,1.00
2015.07.24 19:16:51.932,2.02469,2.02507,1.50,1.00
2015.07.24 19:16:52.620,2.02477,2.02514,1.00,1.00
2015.07.24 19:17:01.064,2.0247,2.02507,1.00,1.00
2015.07.24 19:17:01.392,2.02468,2.02504,1.00,1.00
2015.07.24 19:17:02.577,2.02469,2.02504,1.00,1.00
2015.07.24 19:17:05.550,2.02467,2.02504,1.00,1.00
2015.07.24 19:17:09.319,2.02462,2.02502,1.00,1.00
2015.07.24 19:17:09.470,2.02466,2.02506,1.00,1.00
2015.07.24 19:17:09.975,2.02481,2.02517,1.00,1.00
2015.07.24 19:17:10.076,2.0249,2.02529,1.00,2.62
2015.07.24 19:17:10.227,2.0249,2.02529,1.00,1.00
2015.07.24 19:17:10.328,2.02488,2.02525,1.00,1.00
2015.07.24 19:17:11.306,2.02488,2.02521,1.00,1.00
2015.07.24 19:17:11.407,2.02475,2.02513,1.00,1.00
2015.07.24 19:17:13.187,2.02473,2.02511,1.00,1.00
2015.07.24 19:17:13.238,2.02471,2.02511,1.00,1.00
2015.07.24 19:17:13.747,2.02466,2.025,1.00,1.00
2015.07.24 19:17:14.530,2.02463,2.025,1.00,1.00
2015.07.24 19:17:19.764,2.02472,2.02504,1.00,1.00
2015.07.24 19:17:20.067,2.02485,2.02516,1.00,1.00
2015.07.24 19:17:21.651,2.02485,2.02517,1.00,1.00
2015.07.24 19:17:22.639,2.02481,2.0252,1.00,1.00
2015.07.24 19:17:25.327,2.02481,2.0252,1.00,1.34
2015.07.24 19:17:25.428,2.02474,2.02512,1.00,1.00
2015.07.24 19:17:25.630,2.02471,2.02509,1.00,1.00
2015.07.24 19:17:31.256,2.02479,2.02516,1.00,1.00
2015.07.24 19:17:38.036,2.02479,2.02517,1.00,1.50
2015.07.24 19:17:45.590,2.02479,2.02512,1.00,1.00
2015.07.24 19:17:46.141,2.02479,2.02517,1.00,1.50
2015.07.24 19:17:47.473,2.02493,2.02517,1.00,1.00
2015.07.24 19:17:47.524,2.02493,2.0253,1.00,1.00
2015.07.24 19:17:51.195,2.02488,2.02527,1.00,1.00
2015.07.24 19:17:51.322,2.02478,2.02502,1.00,1.00
2015.07.24 19:17:51.561,2.02488,2.02527,1.00,1.00
2015.07.24 19:17:53.912,2.02478,2.02508,1.00,1.00
2015.07.24 19:17:57.456,2.02478,2.02506,1.00,1.00
2015.07.24 19:17:58.101,2.0247,2.02494,1.00,1.00
2015.07.24 19:17:58.628,2.02469,2.02494,1.00,1.00
2015.07.24 19:17:59.066,2.02459,2.02494,1.00,1.00
2015.07.24 19:17:59.581,2.02458,2.02494,1.00,1.00
2015.07.24 19:18:00.132,2.02457,2.02494,1.00,1.00
2015.07.24 19:18:00.653,2.02456,2.02494,1.00,1.00
2015.07.24 19:18:08.026,2.02459,2.02494,1.00,1.00
2015.07.24 19:18:09.138,2.02456,2.02494,1.00,1.00
2015.07.24 19:18:09.347,2.02458,2.02494,1.00,1.00
2015.07.24 19:18:10.009,2.02459,2.02494,1.00,1.00
2015.07.24 19:18:10.549,2.02458,2.02494,1.00,1.00
2015.07.24 19:18:11.260,2.02459,2.02494,1.00,1.00
2015.07.24 19:18:15.489,2.02456,2.02494,1.00,1.00
2015.07.24 19:18:15.627,2.02458,2.02494,1.00,1.00
2015.07.24 19:18:15.878,2.02456,2.02494,1.00,1.00
2015.07.24 19:18:17.836,2.02458,2.02494,1.00,1.00
2015.07.24 19:18:18.160,2.02456,2.02494,1.00,1.00
2015.07.24 19:18:18.582,2.02459,2.02494,1.00,1.00
2015.07.24 19:18:18.633,2.02456,2.02494,1.00,1.00
2015.07.24 19:18:18.734,2.0245,2.02488,1.00,1.00
2015.07.24 19:18:19.037,2.02453,2.02493,1.00,1.00
2015.07.24 19:18:19.138,2.02449,2.02488,1.50,1.00
2015.07.24 19:18:21.933,2.02441,2.02481,1.00,1.00
2015.07.24 19:18:22.488,2.02439,2.02477,1.00,1.00
2015.07.24 19:18:23.614,2.02446,2.02469,1.00,1.00
2015.07.24 19:18:23.665,2.02428,2.02458,1.00,1.00
2015.07.24 19:18:23.716,2.02428,2.02465,1.00,1.00
2015.07.24 19:18:24.013,2.02438,2.02477,1.00,1.00
2015.07.24 19:18:24.217,2.02443,2.02483,1.00,1.12
2015.07.24 19:18:27.310,2.02435,2.02474,1.00,1.50
2015.07.24 19:18:27.666,2.02429,2.02462,1.00,1.00
2015.07.24 19:18:27.825,2.02425,2.02462,1.00,1.00
2015.07.24 19:18:27.977,2.02422,2.0246,1.00,1.00
2015.07.24 19:18:28.265,2.02418,2.02449,1.00,1.00
2015.07.24 19:18:28.417,2.02414,2.02449,1.50,1.00
2015.07.24 19:18:28.619,2.02419,2.02449,1.00,1.00
2015.07.24 19:18:28.821,2.02414,2.02449,1.00,1.00
2015.07.24 19:18:29.370,2.02418,2.02449,1.00,1.00
2015.07.24 19:18:30.050,2.02414,2.02449,1.00,1.00
2015.07.24 19:18:30.596,2.0243,2.02458,1.00,1.00
2015.07.24 19:18:30.698,2.02431,2.02461,1.00,1.00
2015.07.24 19:18:30.749,2.02443,2.02482,1.00,1.00
2015.07.24 19:18:31.276,2.02443,2.02483,1.00,1.00
2015.07.24 19:18:33.954,2.02443,2.02482,1.00,1.00
2015.07.24 19:18:34.502,2.02443,2.02483,1.00,1.00
2015.07.24 19:18:42.079,2.02446,2.02486,1.00,1.50
2015.07.24 19:18:45.883,2.0245,2.02489,1.00,1.50
2015.07.24 19:18:47.458,2.0244,2.02477,1.00,1.00
2015.07.24 19:19:07.345,2.02443,2.02482,1.00,1.00
2015.07.24 19:19:15.130,2.02446,2.02485,1.00,1.00
2015.07.24 19:19:17.785,2.02449,2.02488,1.00,1.00
2015.07.24 19:19:18.845,2.02449,2.02487,1.00,1.00
2015.07.24 19:19:19.138,2.02446,2.02485,1.00,1.00
2015.07.24 19:19:23.183,2.0245,2.02487,1.00,1.50
2015.07.24 19:19:26.566,2.0245,2.02482,1.00,1.00
2015.07.24 19:19:26.667,2.02446,2.02482,1.00,1.00
2015.07.24 19:19:26.718,2.02446,2.02477,1.00,1.00
2015.07.24 19:19:27.365,2.02443,2.02477,1.00,1.34
2015.07.24 19:19:28.524,2.02443,2.02477,1.00,1.00
2015.07.24 19:19:28.898,2.02443,2.02482,1.00,1.00
2015.07.24 19:19:29.000,2.02446,2.02486,1.00,1.50
2015.07.24 19:19:29.409,2.02452,2.02491,1.00,1.00
2015.07.24 19:19:29.919,2.02452,2.02492,1.00,1.50
2015.07.24 19:19:31.073,2.02452,2.02491,1.00,1.00
2015.07.24 19:19:32.408,2.02452,2.02492,1.00,1.00
2015.07.24 19:19:37.338,2.02444,2.02481,1.00,1.00
2015.07.24 19:19:40.401,2.02449,2.02484,1.00,1.00
2015.07.24 19:19:40.703,2.02443,2.02477,1.00,1.00
2015.07.24 19:19:40.858,2.02439,2.02477,1.00,1.00
2015.07.24 19:19:41.029,2.02438,2.02469,1.00,1.00
2015.07.24 19:19:41.130,2.02438,2.02476,1.00,1.00
2015.07.24 19:19:42.056,2.02436,2.02476,1.00,1.00
2015.07.24 19:19:42.385,2.02439,2.02476,1.00,1.00
2015.07.24 19:19:42.890,2.02436,2.02476,1.00,1.00
2015.07.24 19:19:43.370,2.02438,2.02476,1.00,1.00
2015.07.24 19:19:43.620,2.02436,2.02476,1.00,1.00
2015.07.24 19:19:47.996,2.02438,2.02476,1.00,1.00
2015.07.24 19:19:48.561,2.02436,2.02476,1.00,1.00
2015.07.24 19:19:48.941,2.02433,2.0247,1.00,1.00
2015.07.24 19:19:49.093,2.0243,2.0247,1.00,1.00
2015.07.24 19:19:49.144,2.02437,2.02474,1.00,1.00
2015.07.24 19:19:51.705,2.0242,2.02456,1.00,1.00
2015.07.24 19:19:51.856,2.02418,2.02455,1.50,1.00
2015.07.24 19:19:51.957,2.02418,2.02452,1.00,1.00
2015.07.24 19:19:54.185,2.02418,2.02455,1.00,1.00
2015.07.24 19:20:01.656,2.02416,2.02455,1.00,1.00
2015.07.24 19:20:02.288,2.02418,2.02455,1.00,1.00
2015.07.24 19:20:09.479,2.02428,2.02467,1.00,1.00
2015.07.24 19:20:14.159,2.02433,2.02471,1.00,1.50
2015.07.24 19:20:14.460,2.02436,2.02471,1.00,1.00
2015.07.24 19:20:19.252,2.02436,2.02474,1.00,1.00
2015.07.24 19:20:19.354,2.02436,2.02472,1.00,1.00
2015.07.24 19:20:19.505,2.02421,2.0246,1.34,1.00
2015.07.24 19:20:19.556,2.02421,2.0246,1.00,1.00
2015.07.24 19:20:20.881,2.02423,2.0246,1.00,1.00
2015.07.24 19:20:20.982,2.02436,2.02474,1.00,1.00
2015.07.24 19:20:22.288,2.02429,2.02465,1.00,1.00
2015.07.24 19:20:22.339,2.02426,2.02465,1.00,1.00
2015.07.24 19:20:22.491,2.02423,2.02461,1.00,1.00
2015.07.24 19:20:22.995,2.02422,2.02461,1.00,1.00
2015.07.24 19:20:23.297,2.02419,2.02458,1.50,1.00
2015.07.24 19:20:23.629,2.02423,2.02454,1.00,1.00
2015.07.24 19:20:24.088,2.02419,2.02454,1.00,1.00
2015.07.24 19:20:25.084,2.02419,2.02458,1.50,1.00
2015.07.24 19:20:29.385,2.02432,2.0247,1.00,1.00
2015.07.24 19:20:30.484,2.02436,2.02473,1.00,1.00
2015.07.24 19:20:30.737,2.02442,2.02481,1.09,1.00
2015.07.24 19:20:31.091,2.02435,2.02474,1.00,1.00
2015.07.24 19:20:31.395,2.02439,2.02477,1.00,1.00
2015.07.24 19:20:37.661,2.02444,2.02482,1.00,1.00
2015.07.24 19:20:50.127,2.02444,2.02482,1.84,1.00
2015.07.24 19:20:50.228,2.02454,2.02486,1.00,1.00
2015.07.24 19:20:50.279,2.02456,2.02486,1.00,1.00
2015.07.24 19:20:50.582,2.02464,2.02486,1.00,1.00
2015.07.24 19:20:51.888,2.02468,2.0249,1.00,1.00
2015.07.24 19:20:51.990,2.02464,2.02492,1.00,1.00
2015.07.24 19:20:52.091,2.02464,2.02502,1.00,1.00
2015.07.24 19:20:53.327,2.02463,2.02502,1.00,1.00
2015.07.24 19:20:54.163,2.02465,2.02502,1.00,1.00
2015.07.24 19:20:54.314,2.02463,2.02502,1.00,1.00
2015.07.24 19:20:57.269,2.02463,2.02502,1.34,1.00
2015.07.24 19:20:57.471,2.02468,2.02506,1.84,1.00
2015.07.24 19:20:57.522,2.02472,2.02506,1.00,1.00
2015.07.24 19:20:57.824,2.02466,2.02494,1.00,1.00
2015.07.24 19:20:58.026,2.02463,2.02494,1.50,1.00
2015.07.24 19:20:59.994,2.02462,2.02494,1.00,1.00
2015.07.24 19:21:01.843,2.02459,2.02494,1.50,1.00
2015.07.24 19:21:02.857,2.02458,2.02494,1.00,1.00
2015.07.24 19:21:02.908,2.02455,2.02494,2.25,1.00
2015.07.24 19:21:03.656,2.02457,2.02494,1.00,1.00
2015.07.24 19:21:04.664,2.02454,2.02494,2.25,1.00
2015.07.24 19:21:04.714,2.02456,2.02494,1.00,1.00
2015.07.24 19:21:04.816,2.02454,2.02494,2.25,1.00
2015.07.24 19:21:05.421,2.0245,2.0249,1.00,1.00
2015.07.24 19:21:05.986,2.02446,2.02483,1.00,1.00
2015.07.24 19:21:06.088,2.02447,2.02486,1.00,1.00
2015.07.24 19:21:10.338,2.02447,2.02487,1.00,1.00
2015.07.24 19:21:10.494,2.02451,2.02489,1.00,1.00
2015.07.24 19:21:12.381,2.02451,2.02486,1.00,1.00
2015.07.24 19:21:12.584,2.02447,2.02487,1.00,1.50
2015.07.24 19:21:18.014,2.0245,2.02487,1.00,1.00
2015.07.24 19:21:34.754,2.02447,2.02487,1.00,1.50
2015.07.24 19:21:34.905,2.0245,2.02487,1.00,1.00
2015.07.24 19:21:47.336,2.0245,2.0249,1.00,1.00
2015.07.24 19:21:49.992,2.02447,2.02485,1.00,1.00
2015.07.24 19:21:57.431,2.0244,2.0248,1.00,1.00
2015.07.24 19:22:01.050,2.02453,2.02491,1.00,1.00
2015.07.24 19:22:01.664,2.02453,2.02493,1.00,1.00
2015.07.24 19:22:02.201,2.02453,2.02492,1.00,1.00
2015.07.24 19:22:02.467,2.02448,2.02488,1.00,1.00
2015.07.24 19:22:02.727,2.02452,2.02492,1.00,1.50
2015.07.24 19:22:03.057,2.02452,2.02487,1.00,1.00
2015.07.24 19:22:03.108,2.02452,2.02492,1.00,1.50
2015.07.24 19:22:03.411,2.02452,2.02487,1.00,1.00
2015.07.24 19:22:05.163,2.02452,2.02492,1.00,1.50
2015.07.24 19:22:07.397,2.02452,2.02486,1.00,1.00
2015.07.24 19:22:11.786,2.02452,2.02492,1.00,1.50
2015.07.24 19:22:12.289,2.02452,2.02491,1.00,1.00
2015.07.24 19:22:13.846,2.02452,2.02492,1.00,1.50
2015.07.24 19:22:14.149,2.02448,2.02488,1.00,1.00
2015.07.24 19:22:14.526,2.02456,2.02495,1.00,1.00
2015.07.24 19:22:15.415,2.02448,2.02488,1.00,1.00
2015.07.24 19:22:15.586,2.02444,2.02484,1.00,1.00
2015.07.24 19:22:21.217,2.02451,2.02489,1.00,1.00
2015.07.24 19:22:21.520,2.02457,2.02495,1.00,1.00
2015.07.24 19:22:23.214,2.02452,2.02491,1.00,1.00
2015.07.24 19:22:23.556,2.02448,2.02487,1.00,1.00
2015.07.24 19:23:03.192,2.02448,2.02479,1.00,1.50
2015.07.24 19:23:03.251,2.02421,2.0246,1.50,1.00
2015.07.24 19:23:10.266,2.02437,2.02476,1.00,1.34
2015.07.24 19:23:10.367,2.02445,2.02482,1.00,1.00
2015.07.24 19:23:10.853,2.02443,2.0248,1.00,1.00
2015.07.24 19:23:11.760,2.02435,2.02473,1.00,1.00
2015.07.24 19:23:13.234,2.02446,2.02485,1.00,1.00
2015.07.24 19:23:14.886,2.02435,2.02473,1.00,1.00
2015.07.24 19:23:15.189,2.02428,2.02462,1.00,1.00
2015.07.24 19:23:15.340,2.02425,2.02462,1.00,1.00
2015.07.24 19:23:15.391,2.02425,2.02458,1.00,1.00
2015.07.24 19:23:22.898,2.02426,2.02458,1.00,1.00
2015.07.24 19:23:22.949,2.02432,2.0248,1.00,1.00
2015.07.24 19:23:22.999,2.02444,2.02486,1.00,1.00
2015.07.24 19:23:23.507,2.02444,2.02487,1.00,1.00
2015.07.24 19:23:25.888,2.02444,2.02492,1.00,1.50
2015.07.24 19:23:26.717,2.02444,2.02489,1.00,1.00
2015.07.24 19:23:27.020,2.0243,2.02466,1.00,1.00
2015.07.24 19:23:27.273,2.02432,2.02472,1.00,1.00
2015.07.24 19:23:27.570,2.02445,2.02482,1.00,1.00
2015.07.24 19:23:27.841,2.02432,2.02472,1.00,1.00
2015.07.24 19:23:31.716,2.02428,2.02458,1.00,1.00
2015.07.24 19:23:31.817,2.02425,2.02458,1.00,1.00
2015.07.24 19:23:31.868,2.02425,2.02455,1.00,1.00
2015.07.24 19:23:31.969,2.02423,2.02455,1.00,1.00
2015.07.24 19:23:35.925,2.02424,2.02455,1.00,1.00
2015.07.24 19:23:35.976,2.02424,2.02467,1.00,1.00
2015.07.24 19:23:36.027,2.02434,2.02473,1.00,1.00
2015.07.24 19:23:36.128,2.02444,2.02484,1.00,1.00
2015.07.24 19:23:46.386,2.02428,2.02477,1.50,1.00
2015.07.24 19:23:49.592,2.02428,2.02458,1.00,1.00
2015.07.24 19:23:53.800,2.02427,2.02458,1.00,1.00
2015.07.24 19:23:57.190,2.02427,2.02464,1.50,1.00
2015.07.24 19:23:57.291,2.02418,2.02457,1.50,1.00
2015.07.24 19:23:57.342,2.02423,2.02457,1.00,1.00
2015.07.24 19:23:57.595,2.02443,2.0248,1.00,1.00
2015.07.24 19:24:02.574,2.02446,2.02483,1.00,1.00
2015.07.24 19:24:02.876,2.02446,2.02477,1.00,1.00
2015.07.24 19:24:02.927,2.02441,2.02477,1.00,1.00
2015.07.24 19:24:03.254,2.02441,2.02466,1.00,1.00
2015.07.24 19:24:03.309,2.02413,2.02452,1.00,1.00
2015.07.24 19:24:03.363,2.0244,2.02467,1.00,1.00
2015.07.24 19:24:03.414,2.02429,2.02467,1.00,1.00
2015.07.24 19:24:03.565,2.02426,2.02463,1.00,1.00
2015.07.24 19:24:04.798,2.02432,2.02471,1.00,1.00
2015.07.24 19:24:04.900,2.02425,2.02464,1.00,1.00
2015.07.24 19:24:05.233,2.02433,2.02468,1.00,1.00
2015.07.24 19:24:05.497,2.0244,2.02479,1.00,1.00
2015.07.24 19:24:12.755,2.02424,2.02468,1.50,1.00
2015.07.24 19:24:12.806,2.02424,2.02464,1.50,1.00
2015.07.24 19:24:13.197,2.02424,2.02455,1.00,1.00
2015.07.24 19:24:13.759,2.02425,2.02455,1.00,1.00
2015.07.24 19:24:18.650,2.02424,2.02455,1.00,1.00
2015.07.24 19:24:24.966,2.0243,2.02469,1.00,1.00
2015.07.24 19:24:25.558,2.02431,2.02469,1.00,1.00
2015.07.24 19:24:25.608,2.02444,2.02481,1.00,1.00
2015.07.24 19:24:28.512,2.02437,2.02477,1.00,1.00
2015.07.24 19:24:28.563,2.0245,2.02489,1.00,1.00
2015.07.24 19:24:33.443,2.0245,2.02488,1.00,1.00
2015.07.24 19:24:33.987,2.0245,2.02487,1.00,1.00
2015.07.24 19:24:35.078,2.0245,2.02488,1.00,1.00
2015.07.24 19:24:35.381,2.02432,2.02477,1.00,1.50
2015.07.24 19:24:35.482,2.02428,2.02465,1.00,1.00
2015.07.24 19:24:35.532,2.02423,2.02465,1.50,1.00
2015.07.24 19:24:35.633,2.02424,2.0246,1.00,1.00
2015.07.24 19:24:36.342,2.02416,2.02451,1.00,1.00
2015.07.24 19:24:36.394,2.02414,2.02451,1.00,1.00
2015.07.24 19:24:36.926,2.02413,2.02451,1.00,1.00
2015.07.24 19:24:38.013,2.02418,2.02451,1.00,1.00
2015.07.24 19:24:39.669,2.02413,2.02451,1.00,1.00
2015.07.24 19:24:40.545,2.02419,2.02451,1.00,1.00
2015.07.24 19:24:41.208,2.02414,2.02451,1.00,1.00
2015.07.24 19:24:41.754,2.02417,2.02457,1.00,1.00
2015.07.24 19:24:41.989,2.02417,2.02455,1.00,1.00
2015.07.24 19:24:42.040,2.02414,2.02453,1.50,1.00
2015.07.24 19:24:42.141,2.02413,2.02442,1.00,1.00
2015.07.24 19:24:44.420,2.0241,2.02442,1.00,1.00
2015.07.24 19:24:44.522,2.02413,2.02442,1.00,1.00
2015.07.24 19:24:45.974,2.02411,2.02442,1.00,1.00
2015.07.24 19:24:49.431,2.02411,2.02445,1.00,1.00
2015.07.24 19:24:55.883,2.02408,2.02445,1.50,1.00
2015.07.24 19:24:56.683,2.02408,2.02442,1.50,1.00
2015.07.24 19:24:57.296,2.02409,2.02442,1.50,1.00
2015.07.24 19:25:00.863,2.02411,2.02442,1.00,1.00
2015.07.24 19:25:01.166,2.02409,2.02442,1.50,1.00
2015.07.24 19:25:03.489,2.02411,2.02442,1.00,1.00
2015.07.24 19:25:03.691,2.02409,2.02442,1.00,1.00
2015.07.24 19:25:07.186,2.02409,2.02444,1.00,1.00
2015.07.24 19:25:07.985,2.02409,2.02441,1.00,1.00
2015.07.24 19:25:09.914,2.0241,2.02441,1.00,1.00
2015.07.24 19:25:15.074,2.02415,2.02454,1.00,1.00
2015.07.24 19:25:15.226,2.02424,2.02463,1.00,1.00
2015.07.24 19:25:27.161,2.02415,2.02452,1.00,1.00
2015.07.24 19:25:27.212,2.02413,2.02451,1.00,1.00
2015.07.24 19:25:27.263,2.02407,2.02439,1.00,1.00
2015.07.24 19:25:27.765,2.02406,2.02439,1.00,1.00
2015.07.24 19:25:37.672,2.02408,2.02439,1.00,1.00
2015.07.24 19:25:39.472,2.02406,2.02439,1.00,1.00
2015.07.24 19:25:39.586,2.02408,2.02439,1.00,1.00
2015.07.24 19:25:40.466,2.02406,2.02439,1.00,1.00
2015.07.24 19:25:40.723,2.02409,2.02439,1.00,1.00
2015.07.24 19:25:42.039,2.02408,2.02439,1.00,1.00
2015.07.24 19:25:49.925,2.02409,2.02439,1.00,1.00
2015.07.24 19:25:49.976,2.02409,2.02449,1.50,1.00
2015.07.24 19:25:56.017,2.02413,2.02449,1.00,1.00
2015.07.24 19:25:56.678,2.02414,2.02449,1.00,1.00
2015.07.24 19:25:57.749,2.02413,2.02449,1.00,1.00
2015.07.24 19:25:57.850,2.02414,2.02451,1.00,1.00
2015.07.24 19:25:57.951,2.02416,2.02456,1.00,1.00
2015.07.24 19:25:58.626,2.02419,2.02456,1.00,1.00
2015.07.24 19:25:58.984,2.02426,2.02465,1.00,1.00
2015.07.24 19:26:02.664,2.02416,2.02455,1.00,1.00
2015.07.24 19:26:03.309,2.02413,2.02443,1.00,1.00
2015.07.24 19:26:04.706,2.02414,2.02443,1.00,1.00
2015.07.24 19:26:05.310,2.02413,2.02443,1.00,1.00
2015.07.24 19:26:05.767,2.02409,2.02443,1.00,1.00
2015.07.24 19:26:06.634,2.02411,2.02451,1.00,1.00
2015.07.24 19:26:07.206,2.02413,2.02451,1.00,1.00
2015.07.24 19:26:08.006,2.02411,2.02451,1.00,1.00
2015.07.24 19:26:10.977,2.02409,2.02437,1.00,1.00
2015.07.24 19:26:18.863,2.02408,2.02437,1.00,1.00
2015.07.24 19:26:19.627,2.02409,2.02437,1.00,1.00
2015.07.24 19:26:23.784,2.02409,2.02444,1.00,1.00
2015.07.24 19:26:24.470,2.02404,2.02444,1.00,1.00
2015.07.24 19:26:24.622,2.02408,2.02444,1.00,1.00
2015.07.24 19:26:25.976,2.02412,2.0245,1.00,1.00
2015.07.24 19:26:29.732,2.02412,2.02447,1.00,1.00
2015.07.24 19:26:30.034,2.02403,2.02432,1.00,1.00
2015.07.24 19:26:31.656,2.02395,2.02432,1.00,1.00
2015.07.24 19:26:32.001,2.02394,2.02421,1.00,1.00
2015.07.24 19:26:35.094,2.02393,2.02421,1.00,1.00
2015.07.24 19:26:36.134,2.02388,2.02421,1.00,1.00
2015.07.24 19:26:36.286,2.02388,2.02419,1.00,1.00
2015.07.24 19:26:36.387,2.02383,2.02419,1.00,1.00
2015.07.24 19:26:47.782,2.02378,2.02411,1.00,1.00
2015.07.24 19:26:47.934,2.02384,2.02422,1.00,1.00
2015.07.24 19:26:47.985,2.02388,2.02427,1.00,1.00
2015.07.24 19:27:10.273,2.02392,2.02431,1.00,1.00
2015.07.24 19:27:11.791,2.02416,2.02438,1.00,1.00
2015.07.24 19:27:11.843,2.02416,2.02454,1.00,1.50
2015.07.24 19:27:12.324,2.02409,2.02448,1.00,1.00
2015.07.24 19:27:15.959,2.02412,2.02451,1.00,1.00
2015.07.24 19:27:26.987,2.02403,2.0244,1.50,1.00
2015.07.24 19:27:27.303,2.02408,2.0244,1.00,1.00
2015.07.24 19:27:27.354,2.02418,2.02457,1.00,1.00
2015.07.24 19:27:36.889,2.02421,2.02461,1.00,1.00
2015.07.24 19:27:36.940,2.02425,2.02463,1.00,1.00
2015.07.24 19:27:37.092,2.02437,2.02477,1.00,1.00
2015.07.24 19:27:37.344,2.02433,2.02473,1.00,1.00
2015.07.24 19:27:37.803,2.02426,2.02465,1.50,1.00
2015.07.24 19:27:38.197,2.02435,2.02474,1.00,1.00
2015.07.24 19:27:38.651,2.02444,2.02482,1.00,1.00
2015.07.24 19:27:39.106,2.02448,2.02481,1.00,1.00
2015.07.24 19:27:39.409,2.02448,2.02485,1.00,1.00
2015.07.24 19:27:39.611,2.02448,2.02481,1.00,1.00
2015.07.24 19:27:40.602,2.02448,2.02482,1.00,1.00
2015.07.24 19:27:41.981,2.02448,2.02485,1.00,1.00
2015.07.24 19:27:52.675,2.02448,2.02481,1.00,1.00
2015.07.24 19:27:52.776,2.02448,2.02487,1.00,1.00
2015.07.24 19:27:52.927,2.02444,2.02483,1.00,1.00
2015.07.24 19:27:53.229,2.02433,2.02472,1.50,1.00
2015.07.24 19:27:53.535,2.02447,2.02492,1.00,1.00
2015.07.24 19:27:53.585,2.02453,2.02492,1.00,1.00
2015.07.24 19:27:53.636,2.02464,2.02504,1.00,1.00
2015.07.24 19:27:54.244,2.02464,2.02502,1.00,1.00
2015.07.24 19:27:54.572,2.02442,2.02474,1.00,1.00
2015.07.24 19:27:57.745,2.02434,2.02474,1.00,1.00
2015.07.24 19:27:57.795,2.0244,2.0248,1.00,1.00
2015.07.24 19:28:03.718,2.02436,2.02476,1.00,1.00
2015.07.24 19:28:07.688,2.02429,2.02467,1.50,1.00
2015.07.24 19:28:08.229,2.0243,2.02467,1.00,1.00
2015.07.24 19:28:08.975,2.02431,2.02467,1.00,1.00
2015.07.24 19:28:11.571,2.02448,2.02484,1.00,1.00
2015.07.24 19:28:11.622,2.02452,2.02491,1.00,1.00
2015.07.24 19:28:11.773,2.02444,2.02484,1.00,1.00
2015.07.24 19:28:12.190,2.0245,2.02489,1.00,1.00
2015.07.24 19:28:12.647,2.02459,2.02497,1.00,1.00
2015.07.24 19:28:12.699,2.02459,2.02499,1.00,1.00
2015.07.24 19:28:12.800,2.02451,2.02488,1.00,1.00
2015.07.24 19:28:15.012,2.02444,2.02482,1.00,1.00
2015.07.24 19:28:15.670,2.02443,2.02482,1.00,1.00
2015.07.24 19:28:16.214,2.02442,2.02482,1.87,1.00
2015.07.24 19:28:20.337,2.0246,2.025,1.00,1.00
2015.07.24 19:28:34.704,2.0246,2.02497,1.00,1.00
2015.07.24 19:28:34.946,2.0245,2.02489,1.00,1.00
2015.07.24 19:28:35.297,2.02463,2.025,1.00,1.00
2015.07.24 19:28:36.685,2.02463,2.02497,1.00,1.00
2015.07.24 19:28:36.793,2.02463,2.025,1.00,1.00
2015.07.24 19:28:39.475,2.02451,2.02488,1.00,1.00
2015.07.24 19:28:39.576,2.02442,2.0248,1.00,1.00
2015.07.24 19:28:42.565,2.02446,2.02483,1.00,1.00
2015.07.24 19:28:43.596,2.02443,2.02471,1.12,1.00
2015.07.24 19:28:45.496,2.0244,2.02471,2.25,1.00
2015.07.24 19:28:45.597,2.0244,2.02468,1.00,1.00
2015.07.24 19:28:46.675,2.02435,2.02468,1.00,1.00
2015.07.24 19:28:49.574,2.02436,2.02468,1.50,1.00
2015.07.24 19:28:49.685,2.0244,2.02471,1.00,1.00
2015.07.24 19:28:49.787,2.0244,2.02479,1.00,1.00
2015.07.24 19:28:50.708,2.02439,2.02479,1.00,1.00
2015.07.24 19:28:50.759,2.02438,2.02468,2.25,1.00
2015.07.24 19:28:50.861,2.02438,2.02472,1.00,1.00
2015.07.24 19:28:51.511,2.02436,2.02467,1.00,1.00
2015.07.24 19:28:52.265,2.02433,2.02467,1.00,1.00
2015.07.24 19:28:53.842,2.02439,2.02467,1.00,1.00
2015.07.24 19:28:53.944,2.02439,2.02478,1.00,1.00
2015.07.24 19:28:54.045,2.0244,2.0247,1.50,1.00
2015.07.24 19:28:54.299,2.02449,2.02484,1.00,1.00
2015.07.24 19:28:54.400,2.02453,2.02484,1.00,1.00
2015.07.24 19:28:55.254,2.0245,2.02472,1.00,1.00
2015.07.24 19:28:55.557,2.02448,2.0247,1.00,1.00
2015.07.24 19:28:55.860,2.02447,2.02467,1.00,1.00
2015.07.24 19:28:57.209,2.02444,2.02467,1.00,1.00
2015.07.24 19:28:58.713,2.02442,2.02467,1.00,1.00
2015.07.24 19:28:58.814,2.02445,2.02467,1.00,1.00
2015.07.24 19:28:59.122,2.02447,2.02467,1.00,1.00
2015.07.24 19:29:00.709,2.02443,2.02467,1.00,1.00
2015.07.24 19:29:01.422,2.02441,2.02467,1.00,1.00
2015.07.24 19:29:02.822,2.02445,2.02467,1.00,1.00
2015.07.24 19:29:04.443,2.02443,2.02467,1.00,1.00
2015.07.24 19:29:14.594,2.02443,2.02471,1.00,1.00
2015.07.24 19:29:14.645,2.02439,2.02471,1.00,1.00
2015.07.24 19:29:14.847,2.02438,2.02467,1.00,1.00
2015.07.24 19:29:15.450,2.0243,2.02465,1.50,1.00
2015.07.24 19:29:15.602,2.0243,2.02469,1.50,1.00
2015.07.24 19:29:15.958,2.02429,2.02464,1.50,1.00
2015.07.24 19:29:16.059,2.02435,2.02475,1.00,1.00
2015.07.24 19:29:18.091,2.02433,2.02464,1.00,1.00
2015.07.24 19:29:18.152,2.02429,2.02464,1.00,1.00
2015.07.24 19:29:23.141,2.02434,2.0246,1.00,1.00
2015.07.24 19:29:23.764,2.02438,2.0246,1.00,1.00
2015.07.24 19:29:26.974,2.02434,2.0246,1.00,1.00
2015.07.24 19:29:29.562,2.02434,2.02473,1.50,1.00
2015.07.24 19:29:30.323,2.02433,2.0246,1.00,1.00
2015.07.24 19:29:33.674,2.02432,2.0246,1.00,1.00
2015.07.24 19:29:33.775,2.02434,2.02472,1.00,1.00
2015.07.24 19:29:40.213,2.02428,2.02457,1.00,1.00
2015.07.24 19:29:40.950,2.02428,2.02453,1.00,1.00
2015.07.24 19:29:41.520,2.02428,2.02457,1.00,1.00
2015.07.24 19:29:42.312,2.02428,2.02462,1.00,1.00
2015.07.24 19:29:42.842,2.02429,2.02462,1.00,1.00
2015.07.24 19:29:43.144,2.02429,2.02457,1.00,1.00
2015.07.24 19:29:43.202,2.02424,2.02457,1.00,1.00
2015.07.24 19:29:45.080,2.02422,2.02457,1.50,1.00
2015.07.24 19:29:45.233,2.02425,2.02457,1.00,1.00
2015.07.24 19:29:47.104,2.02426,2.02457,1.00,1.00
2015.07.24 19:29:47.442,2.02431,2.02469,1.00,1.00
2015.07.24 19:29:56.221,2.02425,2.02457,1.00,1.00
2015.07.24 19:29:56.273,2.02434,2.02474,1.00,1.00
2015.07.24 19:29:56.893,2.02442,2.02477,1.00,1.00
2015.07.24 19:29:59.501,2.0244,2.02477,1.00,1.00
2015.07.24 19:30:00.283,2.02435,2.02465,1.50,1.00
2015.07.24 19:30:01.090,2.02434,2.02462,1.00,1.00
2015.07.24 19:30:01.393,2.02434,2.02459,1.00,1.00
2015.07.24 19:30:02.009,2.02434,2.02462,1.00,1.00
2015.07.24 19:30:02.062,2.02433,2.02464,1.00,1.00
2015.07.24 19:30:02.113,2.02438,2.02478,1.00,1.00
2015.07.24 19:30:02.163,2.02434,2.02462,1.00,1.00
2015.07.24 19:30:02.416,2.02429,2.02462,1.00,1.00
2015.07.24 19:30:02.920,2.02428,2.02462,1.00,1.00
2015.07.24 19:30:03.999,2.02429,2.02462,1.00,1.00
2015.07.24 19:30:04.251,2.02434,2.02474,1.00,1.00
2015.07.24 19:30:04.353,2.02434,2.02471,1.50,1.00
2015.07.24 19:30:04.655,2.02421,2.0245,1.00,1.00
2015.07.24 19:30:05.246,2.02421,2.02445,1.00,1.00
2015.07.24 19:30:05.296,2.02408,2.02445,1.00,1.50
2015.07.24 19:30:05.347,2.02402,2.02433,1.00,1.00
2015.07.24 19:30:05.499,2.02417,2.02455,1.00,1.00
2015.07.24 19:30:11.572,2.02404,2.02444,1.50,1.00
2015.07.24 19:30:13.200,2.02421,2.02461,1.00,1.00
2015.07.24 19:30:14.649,2.0241,2.02439,1.00,1.00
2015.07.24 19:30:14.706,2.02402,2.02439,1.00,1.00
2015.07.24 19:30:19.756,2.02409,2.02448,1.00,1.00
2015.07.24 19:30:19.807,2.0242,2.02459,1.00,1.00
2015.07.24 19:30:20.288,2.02408,2.02439,1.00,1.00
2015.07.24 19:30:20.350,2.02399,2.02433,1.00,1.00
2015.07.24 19:30:20.401,2.02399,2.02425,1.00,1.00
2015.07.24 19:30:20.502,2.02399,2.02429,1.00,1.00
2015.07.24 19:30:20.658,2.02394,2.02429,1.00,1.00
2015.07.24 19:30:20.709,2.02394,2.02425,1.00,1.00
2015.07.24 19:30:21.751,2.02392,2.02425,1.00,1.00
2015.07.24 19:30:21.802,2.02389,2.02425,1.00,1.00
2015.07.24 19:30:22.105,2.02393,2.02427,1.00,1.00
2015.07.24 19:30:22.508,2.0239,2.02427,1.00,1.00
2015.07.24 19:30:25.323,2.02394,2.02427,1.00,1.00
2015.07.24 19:30:25.378,2.0239,2.02427,1.00,1.00
2015.07.24 19:30:29.382,2.02395,2.02432,1.00,1.00
2015.07.24 19:30:29.685,2.02405,2.02445,1.00,1.50
2015.07.24 19:30:29.736,2.02389,2.02421,1.00,1.00
2015.07.24 19:30:30.966,2.02384,2.02421,1.28,1.00
2015.07.24 19:30:31.916,2.02383,2.02421,1.50,1.00
2015.07.24 19:30:33.536,2.02384,2.02421,1.00,1.00
2015.07.24 19:30:34.777,2.02389,2.02421,1.00,1.00
2015.07.24 19:30:35.408,2.02383,2.02421,1.50,1.00
2015.07.24 19:30:36.273,2.02384,2.02421,1.00,1.00
2015.07.24 19:30:39.217,2.02388,2.02421,1.00,1.00
2015.07.24 19:30:45.183,2.02384,2.02421,1.00,1.00
2015.07.24 19:30:49.667,2.02382,2.02421,1.00,1.00
2015.07.24 19:30:50.213,2.02385,2.02425,1.00,1.00
2015.07.24 19:30:50.263,2.02401,2.02439,1.00,1.00
2015.07.24 19:30:50.717,2.02391,2.0243,1.00,1.00
2015.07.24 19:30:50.768,2.02385,2.02422,1.00,1.00
2015.07.24 19:30:50.869,2.02391,2.02431,1.00,1.00
2015.07.24 19:30:50.919,2.02401,2.02439,1.00,1.00
2015.07.24 19:31:26.916,2.02401,2.02437,1.00,1.00
2015.07.24 19:31:33.088,2.02401,2.02439,1.00,1.00
2015.07.24 19:31:39.284,2.02401,2.02437,1.00,1.00
2015.07.24 19:31:43.424,2.02401,2.02436,1.00,1.00
2015.07.24 19:31:46.432,2.02401,2.02437,1.00,1.00
2015.07.24 19:31:50.803,2.02401,2.02432,1.00,1.00
2015.07.24 19:31:51.397,2.02389,2.02437,1.00,1.00
2015.07.24 19:31:51.448,2.02404,2.02437,1.00,1.00
2015.07.24 19:31:54.501,2.02392,2.02432,1.00,1.00
2015.07.24 19:31:54.838,2.02385,2.02425,1.00,1.00
2015.07.24 19:32:02.332,2.02386,2.02425,1.50,1.00
2015.07.24 19:32:02.643,2.02409,2.02447,1.00,1.00
2015.07.24 19:32:03.638,2.02409,2.02448,1.00,1.00
2015.07.24 19:32:04.333,2.02409,2.02447,1.00,1.00
2015.07.24 19:32:04.836,2.02409,2.02448,1.00,1.00
2015.07.24 19:32:08.400,2.02409,2.02447,1.00,1.00
2015.07.24 19:32:09.053,2.02409,2.02448,1.00,1.00
2015.07.24 19:32:09.356,2.02402,2.0244,1.00,1.00
2015.07.24 19:32:09.678,2.02408,2.02448,1.00,1.00
2015.07.24 19:32:09.735,2.02411,2.0245,1.00,1.00
2015.07.24 19:32:14.792,2.02405,2.02438,1.00,1.00
2015.07.24 19:32:15.627,2.02401,2.02438,1.00,1.00
2015.07.24 19:32:19.214,2.02396,2.02436,1.50,1.00
2015.07.24 19:32:19.265,2.02396,2.0243,1.00,1.00
2015.07.24 19:32:19.827,2.02395,2.0243,1.00,1.00
2015.07.24 19:32:20.486,2.02394,2.0243,1.00,1.00
2015.07.24 19:32:21.018,2.02393,2.0243,1.00,1.00
2015.07.24 19:32:21.069,2.02394,2.02434,1.50,1.00
2015.07.24 19:32:21.119,2.02413,2.02452,1.00,1.50
2015.07.24 19:32:25.221,2.02406,2.02444,1.00,1.00
2015.07.24 19:32:25.524,2.02421,2.02456,1.00,1.00
2015.07.24 19:32:28.453,2.02421,2.0245,1.00,1.00
2015.07.24 19:32:28.504,2.02402,2.02438,1.00,1.00
2015.07.24 19:32:28.605,2.02399,2.02438,1.50,1.00
2015.07.24 19:32:28.756,2.02406,2.02446,1.00,1.00
2015.07.24 19:32:28.958,2.02398,2.02437,1.50,1.00
2015.07.24 19:32:29.260,2.02421,2.02461,1.00,1.00
2015.07.24 19:32:29.920,2.02417,2.02457,1.00,1.00
2015.07.24 19:32:30.223,2.024,2.02438,1.00,1.00
2015.07.24 19:32:30.741,2.02399,2.02438,1.00,1.00
2015.07.24 19:32:31.144,2.02412,2.02449,1.00,1.00
2015.07.24 19:32:31.195,2.02423,2.02461,1.00,1.00
2015.07.24 19:32:31.744,2.02423,2.02462,1.00,1.00
2015.07.24 19:32:32.097,2.02426,2.02466,1.00,1.00
2015.07.24 19:32:32.349,2.0242,2.02459,1.00,1.00
2015.07.24 19:32:32.652,2.02405,2.02438,1.00,1.00
2015.07.24 19:32:33.739,2.02411,2.02451,1.00,1.00
2015.07.24 19:32:37.864,2.02415,2.02451,1.00,1.00
2015.07.24 19:32:38.015,2.02426,2.02464,1.00,1.00
2015.07.24 19:32:38.066,2.02422,2.02452,1.00,1.00
2015.07.24 19:32:38.117,2.02408,2.02447,1.00,1.00
2015.07.24 19:32:38.168,2.02417,2.02457,1.00,1.00
2015.07.24 19:32:38.219,2.02421,2.0246,1.00,1.00
2015.07.24 19:32:38.522,2.02407,2.02441,1.00,1.00
2015.07.24 19:32:38.623,2.02405,2.02445,1.00,1.00
2015.07.24 19:32:38.724,2.02412,2.02452,1.00,1.00
2015.07.24 19:32:39.027,2.02404,2.02441,1.50,1.00
2015.07.24 19:32:39.559,2.02405,2.02442,1.00,1.00
2015.07.24 19:32:39.761,2.02407,2.02446,1.00,1.00
2015.07.24 19:32:39.912,2.02404,2.02429,1.00,1.00
2015.07.24 19:32:40.215,2.02403,2.02445,1.00,1.00
2015.07.24 19:32:41.486,2.02395,2.02445,1.00,1.00
2015.07.24 19:33:04.552,2.02402,2.02441,1.00,1.00
2015.07.24 19:33:09.171,2.02395,2.02442,1.00,1.00
2015.07.24 19:33:15.390,2.02395,2.02436,1.00,1.00
2015.07.24 19:33:15.697,2.02393,2.02432,1.00,1.00
2015.07.24 19:33:17.028,2.0241,2.02447,1.00,1.00
2015.07.24 19:33:21.863,2.0241,2.02446,1.00,1.00
2015.07.24 19:33:22.330,2.0241,2.02449,1.00,1.00
2015.07.24 19:33:22.413,2.0241,2.02447,1.00,1.00
2015.07.24 19:33:30.139,2.0241,2.02441,1.00,1.00
2015.07.24 19:33:30.240,2.02406,2.02441,1.00,1.00
2015.07.24 19:33:38.589,2.02406,2.02446,1.00,1.00
2015.07.24 19:33:38.740,2.0241,2.02447,1.00,1.00
2015.07.24 19:33:45.665,2.0241,2.02445,1.00,1.00
2015.07.24 19:33:45.766,2.02395,2.02434,1.00,1.50
2015.07.24 19:33:45.817,2.02386,2.02423,1.00,1.00
2015.07.24 19:33:46.220,2.02397,2.02434,1.00,1.00
2015.07.24 19:33:46.271,2.02401,2.0244,1.00,1.00
2015.07.24 19:33:46.372,2.0241,2.02447,1.00,1.00
2015.07.24 19:33:50.133,2.0241,2.02432,1.00,1.00
2015.07.24 19:33:50.234,2.02385,2.02424,1.00,1.00
2015.07.24 19:33:50.605,2.02385,2.02421,1.00,1.00
2015.07.24 19:33:50.656,2.02388,2.02426,1.00,1.00
2015.07.24 19:33:50.785,2.02379,2.02418,1.00,1.00
2015.07.24 19:33:58.070,2.0239,2.02428,1.00,1.00
2015.07.24 19:33:58.586,2.02399,2.02436,1.00,1.00
2015.07.24 19:34:01.387,2.02399,2.02437,1.00,1.00
2015.07.24 19:34:01.828,2.02399,2.02432,1.00,1.00
2015.07.24 19:34:02.993,2.02399,2.02436,1.00,1.00
2015.07.24 19:34:06.294,2.02399,2.02438,1.00,1.00
2015.07.24 19:34:13.451,2.02399,2.02437,1.00,1.00
2015.07.24 19:34:16.945,2.02399,2.02438,1.00,1.00
2015.07.24 19:34:27.303,2.02399,2.02437,1.00,1.00
2015.07.24 19:34:27.455,2.02405,2.02441,1.00,1.00
2015.07.24 19:34:37.229,2.02405,2.02444,1.00,1.00
2015.07.24 19:34:37.910,2.02391,2.02426,1.00,1.00
2015.07.24 19:34:37.961,2.02388,2.02426,1.00,1.00
2015.07.24 19:34:38.113,2.02386,2.02426,1.00,1.00
2015.07.24 19:34:38.164,2.02383,2.02421,1.50,1.00
2015.07.24 19:34:39.813,2.02378,2.02413,1.00,1.00
2015.07.24 19:34:41.613,2.02374,2.02413,1.34,1.00
2015.07.24 19:34:46.663,2.02379,2.02413,1.00,1.00
2015.07.24 19:34:46.714,2.02391,2.0243,1.00,1.00
2015.07.24 19:34:49.870,2.02386,2.02425,1.00,1.00
2015.07.24 19:34:50.173,2.02398,2.02435,1.00,1.00
2015.07.24 19:34:50.681,2.02392,2.02432,1.00,1.00
2015.07.24 19:34:53.574,2.02389,2.02429,1.00,1.00
2015.07.24 19:35:01.683,2.02394,2.02434,1.00,1.00
2015.07.24 19:35:01.987,2.024,2.02437,1.00,1.00
2015.07.24 19:35:02.346,2.02402,2.02441,1.00,1.00
2015.07.24 19:35:09.612,2.02399,2.02437,1.00,1.00
2015.07.24 19:35:16.746,2.02388,2.02427,1.00,1.00
2015.07.24 19:35:17.851,2.02389,2.02427,1.00,1.00
2015.07.24 19:35:18.153,2.02387,2.02427,1.00,1.00
2015.07.24 19:35:18.204,2.02385,2.02423,1.00,1.00
2015.07.24 19:35:18.774,2.02383,2.0241,1.00,1.00
2015.07.24 19:35:19.723,2.02374,2.0241,1.00,1.00
2015.07.24 19:35:20.266,2.02373,2.0241,1.00,1.00
2015.07.24 19:35:29.223,2.02377,2.02414,1.00,1.00
2015.07.24 19:35:30.294,2.02382,2.02422,1.00,1.50
2015.07.24 19:35:35.164,2.02378,2.02416,1.00,1.00
2015.07.24 19:35:35.726,2.02373,2.02408,1.00,1.00
2015.07.24 19:35:37.421,2.02371,2.02408,1.00,1.00
2015.07.24 19:35:42.156,2.02373,2.02408,1.00,1.00
2015.07.24 19:35:42.224,2.02371,2.02408,1.00,1.00
2015.07.24 19:35:43.675,2.02373,2.02408,1.00,1.00
2015.07.24 19:35:43.983,2.02371,2.02408,1.00,1.00
2015.07.24 19:35:50.306,2.02371,2.02408,1.34,1.00
2015.07.24 19:35:50.459,2.02379,2.02416,1.84,1.00
2015.07.24 19:35:50.510,2.02386,2.02425,1.00,1.00
2015.07.24 19:35:50.661,2.02396,2.02434,1.00,1.00
2015.07.24 19:35:50.964,2.02378,2.02408,1.00,1.00
2015.07.24 19:35:51.014,2.0238,2.0242,1.00,1.00
2015.07.24 19:35:51.321,2.02394,2.02421,1.00,1.00
2015.07.24 19:35:51.372,2.02394,2.02433,1.00,1.00
2015.07.24 19:35:51.674,2.02391,2.0243,1.00,1.00
2015.07.24 19:35:54.491,2.02399,2.02437,1.00,1.00
2015.07.24 19:36:14.848,2.02394,2.02434,1.00,1.00
2015.07.24 19:36:20.118,2.02404,2.02442,1.00,1.00
2015.07.24 19:36:27.693,2.02404,2.02444,1.00,1.00
2015.07.24 19:36:33.602,2.02408,2.02446,1.00,1.00
2015.07.24 19:36:34.815,2.02408,2.02447,1.00,1.00
2015.07.24 19:36:54.233,2.02399,2.02435,1.00,1.00
2015.07.24 19:36:54.284,2.02395,2.02435,1.00,1.00
2015.07.24 19:36:54.435,2.02388,2.02425,1.09,1.00
2015.07.24 19:36:56.933,2.02389,2.02428,1.00,1.00
2015.07.24 19:37:05.921,2.02395,2.02434,1.00,1.00
2015.07.24 19:37:06.262,2.02404,2.02443,1.00,1.00
2015.07.24 19:37:32.292,2.024,2.02439,1.00,1.00
2015.07.24 19:37:42.715,2.02404,2.02439,1.34,1.00
2015.07.24 19:37:42.766,2.02412,2.02449,1.00,1.00
2015.07.24 19:37:43.271,2.02412,2.0245,1.00,1.00
2015.07.24 19:37:43.373,2.02409,2.02447,1.00,1.00
2015.07.24 19:37:43.677,2.02403,2.02438,1.34,1.00
2015.07.24 19:37:56.808,2.02403,2.02441,2.59,1.00
2015.07.24 19:37:57.319,2.02403,2.02437,1.84,1.00
2015.07.24 19:37:58.519,2.02403,2.02437,1.50,1.00
2015.07.24 19:37:58.569,2.02403,2.02434,1.50,1.00
2015.07.24 19:37:58.721,2.02398,2.02434,1.00,1.00
2015.07.24 19:38:00.160,2.02399,2.02434,1.00,1.00
2015.07.24 19:38:00.414,2.02395,2.02434,1.00,1.00
2015.07.24 19:38:04.192,2.02398,2.02438,1.00,1.00
2015.07.24 19:38:04.396,2.02405,2.02445,1.00,1.00
2015.07.24 19:38:09.812,2.02409,2.02448,1.00,1.50
2015.07.24 19:38:10.303,2.02389,2.02429,1.34,1.00
2015.07.24 19:38:18.309,2.02399,2.02429,1.00,1.00
2015.07.24 19:38:18.511,2.02398,2.02432,1.00,1.00
2015.07.24 19:38:18.562,2.02403,2.02441,1.00,1.00
2015.07.24 19:38:23.217,2.02403,2.0244,1.00,1.00
2015.07.24 19:38:23.318,2.02398,2.02427,1.00,1.00
2015.07.24 19:38:23.369,2.02393,2.02427,1.00,1.00
2015.07.24 19:38:23.622,2.02389,2.02427,1.00,1.00
2015.07.24 19:38:25.176,2.02397,2.02436,1.00,1.00
2015.07.24 19:38:28.330,2.02389,2.02423,1.00,1.00
2015.07.24 19:38:28.836,2.02388,2.02423,1.00,1.00
2015.07.24 19:38:29.140,2.02393,2.02432,1.00,1.00
2015.07.24 19:38:29.514,2.02397,2.02437,1.00,1.00
2015.07.24 19:38:30.344,2.02391,2.0243,1.00,1.00
2015.07.24 19:38:30.646,2.02388,2.02425,1.00,1.00
2015.07.24 19:38:31.068,2.02393,2.02425,1.00,1.00
2015.07.24 19:38:31.385,2.02393,2.0243,1.00,1.00
2015.07.24 19:38:31.486,2.02395,2.02435,1.00,1.00
2015.07.24 19:38:31.782,2.02394,2.02429,1.00,1.00
2015.07.24 19:38:36.875,2.02394,2.02427,1.00,1.00
2015.07.24 19:38:40.569,2.02393,2.02427,1.00,1.00
2015.07.24 19:38:46.471,2.02394,2.02427,1.00,1.00
2015.07.24 19:38:51.770,2.02393,2.02427,1.00,1.00
2015.07.24 19:38:56.390,2.02388,2.02427,1.00,1.00
2015.07.24 19:38:59.339,2.02393,2.02427,1.00,1.00
2015.07.24 19:39:03.125,2.02394,2.02432,1.00,1.00
2015.07.24 19:39:03.226,2.02399,2.02432,1.00,1.00
2015.07.24 19:39:03.327,2.02394,2.02432,1.00,1.00
2015.07.24 19:39:04.325,2.02393,2.02432,1.00,1.00
2015.07.24 19:39:04.892,2.02394,2.02432,1.00,1.00
2015.07.24 19:39:11.146,2.02392,2.02432,1.00,1.00
2015.07.24 19:39:11.197,2.02389,2.02428,1.00,1.00
2015.07.24 19:39:11.523,2.02383,2.02419,1.00,1.00
2015.07.24 19:39:12.577,2.0238,2.02419,1.00,1.00
2015.07.24 19:39:13.301,2.02375,2.02413,1.00,1.00
2015.07.24 19:39:16.178,2.02372,2.02409,1.00,1.00
2015.07.24 19:39:16.681,2.02368,2.02401,1.00,1.00
2015.07.24 19:39:20.144,2.02369,2.02401,1.00,1.00
2015.07.24 19:39:20.818,2.02364,2.02401,1.00,1.00
2015.07.24 19:39:21.118,2.02369,2.02401,1.00,1.00
2015.07.24 19:39:29.242,2.0237,2.02406,1.00,1.00
2015.07.24 19:39:29.585,2.02371,2.0241,1.00,1.00
2015.07.24 19:39:29.686,2.0237,2.02405,1.50,1.00
2015.07.24 19:39:29.737,2.02381,2.02417,1.00,1.00
2015.07.24 19:39:29.788,2.02392,2.02431,1.00,1.50
2015.07.24 19:39:31.137,2.02392,2.0243,1.00,1.00
2015.07.24 19:39:32.031,2.02392,2.02427,1.00,1.00
2015.07.24 19:39:32.565,2.02392,2.0243,1.00,1.00
2015.07.24 19:39:33.103,2.02392,2.02431,1.00,1.50
2015.07.24 19:39:33.355,2.02392,2.02429,1.00,1.00
2015.07.24 19:39:33.856,2.02392,2.0243,1.00,1.00
2015.07.24 19:39:39.205,2.02392,2.02431,1.00,1.50
2015.07.24 19:39:39.756,2.02392,2.02427,1.00,1.00
2015.07.24 19:39:40.520,2.02392,2.02428,1.00,1.00
2015.07.24 19:39:40.828,2.02392,2.02426,1.00,1.00
2015.07.24 19:39:41.130,2.02373,2.02406,1.00,1.00
2015.07.24 19:39:49.863,2.02374,2.02406,1.00,1.00
2015.07.24 19:39:55.585,2.02373,2.02406,1.00,1.00
2015.07.24 19:40:02.469,2.02383,2.02422,1.00,1.00
2015.07.24 19:40:02.570,2.02394,2.02428,1.00,1.00
2015.07.24 19:40:03.090,2.02394,2.02429,1.00,1.00
2015.07.24 19:40:08.890,2.02383,2.0242,1.00,1.00
2015.07.24 19:40:08.991,2.02371,2.02408,1.00,1.00
2015.07.24 19:40:10.382,2.02369,2.02401,1.00,1.00
2015.07.24 19:40:10.627,2.02364,2.02401,1.00,1.00
2015.07.24 19:40:12.229,2.02363,2.02401,1.00,1.00
2015.07.24 19:40:17.150,2.02364,2.02401,1.00,1.00
2015.07.24 19:40:18.216,2.02363,2.02401,1.00,1.00
2015.07.24 19:40:19.220,2.02364,2.02401,1.00,1.00
2015.07.24 19:40:19.278,2.02364,2.02398,1.00,1.00
2015.07.24 19:40:19.328,2.02358,2.02398,1.50,1.00
2015.07.24 19:40:20.025,2.02366,2.02404,1.00,1.00
2015.07.24 19:40:22.420,2.02363,2.02401,1.00,1.00
2015.07.24 19:40:22.622,2.02355,2.02395,1.00,1.00
2015.07.24 19:40:24.063,2.02354,2.0239,1.00,1.00
2015.07.24 19:40:24.618,2.0236,2.02399,1.00,1.00
2015.07.24 19:40:26.605,2.02371,2.02407,1.00,2.25
2015.07.24 19:40:32.118,2.02371,2.02406,1.00,1.00
2015.07.24 19:40:33.873,2.02371,2.02407,1.00,1.50
2015.07.24 19:40:34.380,2.02371,2.02408,1.00,1.00
2015.07.24 19:40:35.031,2.02377,2.02417,1.00,1.50
2015.07.24 19:40:35.579,2.02368,2.024,1.00,1.00
2015.07.24 19:40:35.816,2.02364,2.024,1.00,1.00
2015.07.24 19:40:36.073,2.02368,2.024,1.00,1.00
2015.07.24 19:40:36.819,2.02369,2.024,1.00,1.00
2015.07.24 19:40:37.377,2.02368,2.024,1.00,1.00
2015.07.24 19:40:42.779,2.02373,2.024,1.00,1.00
2015.07.24 19:40:42.830,2.02388,2.02424,1.00,1.00
2015.07.24 19:40:42.881,2.02388,2.02428,1.00,1.00
2015.07.24 19:40:50.132,2.0238,2.0242,1.00,1.00
2015.07.24 19:40:50.440,2.02386,2.02426,1.00,2.25
2015.07.24 19:40:52.275,2.02386,2.02426,1.00,1.34
2015.07.24 19:40:52.696,2.02381,2.02421,1.00,1.34
2015.07.24 19:40:53.201,2.02381,2.02421,1.00,1.00
2015.07.24 19:40:54.422,2.02396,2.02434,1.00,1.00
2015.07.24 19:40:54.600,2.0238,2.0242,1.00,1.00
2015.07.24 19:40:56.116,2.02389,2.02428,1.00,1.00
2015.07.24 19:40:56.598,2.02398,2.02435,1.00,1.00
2015.07.24 19:40:56.939,2.02381,2.02418,1.00,1.00
2015.07.24 19:41:04.591,2.02398,2.02435,1.00,1.50
2015.07.24 19:41:09.382,2.02398,2.02432,1.00,1.00
2015.07.24 19:41:09.433,2.02383,2.02423,1.00,1.00
2015.07.24 19:41:10.382,2.02378,2.02411,1.00,1.00
2015.07.24 19:41:10.862,2.02375,2.02413,1.00,1.00
2015.07.24 19:41:15.900,2.02384,2.02424,1.00,1.00
2015.07.24 19:41:22.057,2.02391,2.02431,1.00,1.00
2015.07.24 19:41:25.874,2.02388,2.02426,1.00,1.34
2015.07.24 19:41:33.044,2.0239,2.02427,1.00,1.84
2015.07.24 19:41:33.196,2.02387,2.02425,1.00,1.00
2015.07.24 19:41:33.246,2.02382,2.0242,1.00,1.00
2015.07.24 19:41:36.446,2.02377,2.02417,1.00,1.00
2015.07.24 19:41:36.547,2.02369,2.02407,1.00,1.00
2015.07.24 19:41:40.175,2.02368,2.02407,1.00,1.00
2015.07.24 19:41:41.511,2.02373,2.02407,1.00,1.00
2015.07.24 19:41:41.814,2.02369,2.02403,1.00,1.00
2015.07.24 19:41:50.533,2.02368,2.02403,1.00,1.00
2015.07.24 19:42:06.918,2.02369,2.02403,1.00,1.00
2015.07.24 19:42:08.161,2.02373,2.02403,1.00,1.00
2015.07.24 19:42:08.566,2.02373,2.02406,1.00,1.00
2015.07.24 19:42:09.102,2.02368,2.02406,1.50,1.00
2015.07.24 19:42:10.422,2.02368,2.02403,1.00,1.00
2015.07.24 19:42:10.575,2.02372,2.02412,1.00,1.00
2015.07.24 19:42:11.236,2.02377,2.02415,1.00,1.00
2015.07.24 19:42:11.488,2.02388,2.02428,1.00,1.00
2015.07.24 19:42:12.524,2.02396,2.02429,1.00,1.00
2015.07.24 19:42:12.676,2.02396,2.02434,1.00,1.00
2015.07.24 19:42:12.980,2.02388,2.02426,1.00,1.00
2015.07.24 19:42:14.918,2.02381,2.02416,1.00,1.00
2015.07.24 19:42:16.148,2.02382,2.02416,1.00,1.00
2015.07.24 19:42:16.721,2.02381,2.02416,1.00,1.00
2015.07.24 19:42:23.844,2.02383,2.02416,1.00,1.00
2015.07.24 19:42:24.049,2.02397,2.02437,1.00,1.00
2015.07.24 19:42:24.723,2.02395,2.02434,1.00,1.00
2015.07.24 19:42:25.522,2.02386,2.02424,1.00,1.00
2015.07.24 19:42:26.027,2.02385,2.02424,1.00,1.00
2015.07.24 19:42:28.020,2.02396,2.02424,1.00,1.00
2015.07.24 19:42:28.071,2.02405,2.02445,1.00,1.00
2015.07.24 19:42:30.079,2.02395,2.02434,1.00,1.00
2015.07.24 19:42:30.385,2.02393,2.02432,1.00,1.00
2015.07.24 19:42:32.019,2.02399,2.02439,1.00,1.00
2015.07.24 19:42:36.509,2.02392,2.02431,1.00,1.00
2015.07.24 19:42:36.814,2.02396,2.02432,1.00,1.00
2015.07.24 19:42:37.349,2.02396,2.02435,1.00,1.00
2015.07.24 19:42:44.330,2.0239,2.02427,1.00,1.00
2015.07.24 19:42:50.210,2.02384,2.02423,1.00,1.00
2015.07.24 19:42:52.625,2.02385,2.02423,1.00,1.00
2015.07.24 19:42:55.266,2.02383,2.02423,1.00,1.00
2015.07.24 19:43:07.850,2.02384,2.02423,1.00,1.00
2015.07.24 19:43:07.951,2.0239,2.0243,1.00,1.00
2015.07.24 19:43:08.345,2.02405,2.02441,1.00,1.00
2015.07.24 19:43:08.598,2.02405,2.02445,1.00,1.00
2015.07.24 19:43:11.583,2.02405,2.02441,1.00,1.00
2015.07.24 19:43:11.684,2.02396,2.02436,1.00,1.00
2015.07.24 19:43:12.227,2.02393,2.02432,1.00,1.00
2015.07.24 19:43:12.278,2.02395,2.02435,1.00,1.00
2015.07.24 19:43:12.580,2.02387,2.02426,1.00,1.00
2015.07.24 19:43:33.404,2.02389,2.02426,1.00,1.00
2015.07.24 19:43:33.605,2.02387,2.02426,1.00,1.00
2015.07.24 19:43:34.011,2.02384,2.02422,2.25,1.00
2015.07.24 19:43:52.062,2.02392,2.02431,1.00,1.00
2015.07.24 19:43:52.748,2.02399,2.02439,1.00,1.00
2015.07.24 19:43:57.134,2.02399,2.02436,1.00,1.00
2015.07.24 19:43:57.185,2.02396,2.02436,1.00,1.50
2015.07.24 19:43:57.286,2.02384,2.02421,1.00,1.00
2015.07.24 19:43:58.047,2.02383,2.02421,1.00,1.00
2015.07.24 19:44:01.622,2.02384,2.02421,1.00,1.00
2015.07.24 19:44:02.163,2.02383,2.02421,1.00,1.00
2015.07.24 19:44:10.864,2.02382,2.02421,1.00,1.00
2015.07.24 19:44:18.046,2.02383,2.02421,1.00,1.00
2015.07.24 19:44:19.888,2.02384,2.02421,1.00,1.00
2015.07.24 19:44:21.092,2.02382,2.02421,1.00,1.00
2015.07.24 19:44:27.699,2.02384,2.02421,1.00,1.00
2015.07.24 19:44:27.851,2.02382,2.02421,1.00,1.00
2015.07.24 19:44:28.911,2.02387,2.02427,1.00,1.00
2015.07.24 19:44:29.505,2.02396,2.02434,1.00,1.00
2015.07.24 19:44:36.067,2.02396,2.02427,1.00,1.00
2015.07.24 19:44:36.168,2.02382,2.02419,1.00,1.00
2015.07.24 19:44:36.595,2.02385,2.02423,1.00,1.00
2015.07.24 19:44:36.797,2.02377,2.02417,1.00,1.00
2015.07.24 19:44:36.848,2.02372,2.02411,1.00,1.00
2015.07.24 19:44:37.353,2.02386,2.02422,1.00,1.00
2015.07.24 19:44:38.123,2.02372,2.02411,1.00,1.00
2015.07.24 19:44:39.412,2.02375,2.02415,1.00,1.00
2015.07.24 19:44:39.462,2.02379,2.02418,1.00,1.00
2015.07.24 19:44:39.765,2.02373,2.02412,1.00,1.00
2015.07.24 19:44:41.940,2.02375,2.02412,1.00,1.00
2015.07.24 19:44:41.991,2.02385,2.02424,1.00,1.00
2015.07.24 19:44:54.146,2.02386,2.02423,1.00,1.00
2015.07.24 19:44:54.247,2.0238,2.0242,1.00,1.00
2015.07.24 19:44:54.705,2.02387,2.02426,1.00,1.00
2015.07.24 19:44:54.957,2.02392,2.02432,1.00,1.00
2015.07.24 19:44:55.159,2.02408,2.02442,1.00,1.00
2015.07.24 19:44:55.311,2.02408,2.02447,1.00,1.50
2015.07.24 19:44:58.941,2.02386,2.02425,1.00,1.00
2015.07.24 19:44:59.825,2.02391,2.0243,1.00,1.00
2015.07.24 19:45:05.628,2.02403,2.02442,1.00,1.50
2015.07.24 19:45:06.130,2.02403,2.02441,1.00,1.00
2015.07.24 19:45:06.635,2.02403,2.02442,1.00,1.00
2015.07.24 19:45:23.362,2.02403,2.02436,1.00,1.00
2015.07.24 19:45:23.670,2.02403,2.02432,1.00,1.00
2015.07.24 19:45:23.721,2.02379,2.02419,1.00,1.00
2015.07.24 19:45:28.232,2.02387,2.02426,1.00,1.00
2015.07.24 19:45:34.757,2.02393,2.02421,1.00,1.00
2015.07.24 19:45:34.858,2.02393,2.02427,1.00,1.00
2015.07.24 19:45:35.223,2.02389,2.02426,1.00,1.00
2015.07.24 19:45:35.375,2.02374,2.02411,1.00,1.00
2015.07.24 19:45:35.577,2.02399,2.02437,1.00,1.00
2015.07.24 19:45:35.679,2.02402,2.02437,1.00,1.00
2015.07.24 19:45:37.906,2.02402,2.02436,1.00,1.00
2015.07.24 19:45:45.574,2.02402,2.02437,1.00,1.00
2015.07.24 19:45:45.795,2.02402,2.02441,1.00,1.50
2015.07.24 19:45:45.897,2.02398,2.02437,1.00,1.00
2015.07.24 19:45:48.321,2.02407,2.02442,1.00,1.00
2015.07.24 19:45:48.372,2.02401,2.0244,1.00,1.00
2015.07.24 19:45:48.473,2.02389,2.02427,1.50,1.00
2015.07.24 19:45:49.008,2.02387,2.02427,1.37,1.00
2015.07.24 19:45:49.567,2.02392,2.02431,1.00,1.00
2015.07.24 19:45:55.381,2.02387,2.02426,1.00,1.00
2015.07.24 19:45:55.532,2.02393,2.02433,1.00,1.00
2015.07.24 19:45:57.803,2.02393,2.02421,1.00,1.00
2015.07.24 19:45:57.853,2.02378,2.02412,1.00,1.00
2015.07.24 19:45:59.179,2.02373,2.02412,1.00,1.00
2015.07.24 19:45:59.523,2.02376,2.02416,1.00,1.00
2015.07.24 19:45:59.574,2.02382,2.02422,1.00,1.50
2015.07.24 19:45:59.877,2.02372,2.02411,1.00,1.34
2015.07.24 19:45:59.978,2.02368,2.02408,1.00,1.00
2015.07.24 19:46:00.029,2.02365,2.02405,1.00,1.00
2015.07.24 19:46:01.669,2.02375,2.02415,1.00,1.00
2015.07.24 19:46:03.622,2.02375,2.02415,1.00,1.34
2015.07.24 19:46:03.723,2.02371,2.02411,1.00,1.34
2015.07.24 19:46:03.825,2.02363,2.02399,1.00,1.00
2015.07.24 19:46:08.087,2.02367,2.02405,1.00,1.00
2015.07.24 19:46:09.692,2.02358,2.02397,1.00,1.00
2015.07.24 19:46:09.744,2.02358,2.02397,1.00,1.34
2015.07.24 19:46:09.845,2.02352,2.0239,1.00,1.34
2015.07.24 19:46:09.896,2.02348,2.02387,1.00,1.00
2015.07.24 19:46:10.199,2.02343,2.02379,1.00,1.00
2015.07.24 19:46:11.208,2.02349,2.02386,1.00,1.00
2015.07.24 19:46:11.309,2.02357,2.02395,1.00,1.00
2015.07.24 19:46:14.317,2.02357,2.02388,1.00,1.00
2015.07.24 19:46:14.469,2.02341,2.02376,1.00,1.00
2015.07.24 19:46:14.671,2.02342,2.02381,1.00,1.00
2015.07.24 19:46:15.186,2.02341,2.02381,1.00,1.00
2015.07.24 19:46:17.952,2.02346,2.02383,1.00,1.00
2015.07.24 19:46:18.322,2.02349,2.02386,1.00,1.00
2015.07.24 19:46:18.423,2.02341,2.02379,1.00,1.00
2015.07.24 19:46:23.199,2.02355,2.02392,1.00,1.00
2015.07.24 19:46:23.638,2.02355,2.02395,1.00,1.00
2015.07.24 19:46:24.292,2.02344,2.02377,1.00,1.00
2015.07.24 19:46:24.604,2.02343,2.02382,1.00,1.00
2015.07.24 19:46:35.256,2.0234,2.0238,1.00,1.00
2015.07.24 19:46:43.093,2.02337,2.02376,1.00,1.00
2015.07.24 19:46:43.395,2.02333,2.02372,1.00,1.00
2015.07.24 19:46:45.241,2.02328,2.02366,1.00,1.00
2015.07.24 19:46:45.455,2.0233,2.0237,1.00,1.00
2015.07.24 19:46:45.888,2.02328,2.02366,1.00,1.00
2015.07.24 19:46:48.461,2.02319,2.02363,1.00,1.00
2015.07.24 19:46:48.513,2.02316,2.02363,1.00,1.00
2015.07.24 19:46:48.614,2.02312,2.0235,1.50,1.00
2015.07.24 19:46:49.171,2.02313,2.0235,1.00,1.00
2015.07.24 19:46:49.829,2.02318,2.02357,1.00,1.00
2015.07.24 19:46:56.162,2.0231,2.0235,1.00,1.00
2015.07.24 19:46:56.265,2.02308,2.0234,1.00,1.00
2015.07.24 19:46:56.316,2.02303,2.0234,1.50,1.00
2015.07.24 19:46:56.417,2.02305,2.02345,1.00,1.00
2015.07.24 19:46:56.518,2.02312,2.0235,1.00,1.00
2015.07.24 19:46:57.313,2.02318,2.02358,1.00,1.00
2015.07.24 19:46:58.105,2.02318,2.02355,1.00,1.00
2015.07.24 19:46:58.157,2.02315,2.02354,1.00,1.00
2015.07.24 19:46:58.208,2.02303,2.02336,1.00,1.00
2015.07.24 19:46:58.310,2.02313,2.02352,1.00,1.00
2015.07.24 19:46:58.461,2.02302,2.02335,1.00,1.00
2015.07.24 19:46:58.512,2.02298,2.02335,1.00,1.00
2015.07.24 19:46:58.613,2.02295,2.02335,1.00,1.00
2015.07.24 19:46:58.766,2.02293,2.02323,1.00,1.00
2015.07.24 19:46:58.867,2.02288,2.02323,1.00,1.00
2015.07.24 19:46:59.019,2.02295,2.02335,1.00,1.00
2015.07.24 19:46:59.120,2.02286,2.02341,1.50,1.00
2015.07.24 19:47:00.563,2.02286,2.02341,1.50,1.34
2015.07.24 19:47:00.715,2.02277,2.02323,1.00,1.00
2015.07.24 19:47:00.766,2.02275,2.02319,1.50,1.00
2015.07.24 19:47:01.267,2.02291,2.02334,1.00,1.00
2015.07.24 19:47:01.570,2.023,2.02341,1.00,1.00
2015.07.24 19:47:05.213,2.023,2.02342,1.00,1.00
2015.07.24 19:47:06.233,2.02286,2.02333,1.00,1.00
2015.07.24 19:47:06.284,2.02294,2.02341,1.00,1.00
2015.07.24 19:47:06.587,2.02299,2.02342,1.00,1.00
2015.07.24 19:47:07.279,2.02303,2.02346,1.00,1.00
2015.07.24 19:47:07.330,2.02314,2.02358,1.00,1.00
2015.07.24 19:47:07.532,2.02319,2.02361,1.00,1.00
2015.07.24 19:47:07.633,2.02323,2.02367,1.00,1.34
2015.07.24 19:47:08.090,2.0232,2.02366,1.00,1.09
2015.07.24 19:47:08.281,2.02317,2.02362,1.00,1.00
2015.07.24 19:47:09.059,2.02318,2.02362,1.00,1.00
2015.07.24 19:47:10.050,2.02317,2.02362,1.00,1.00
2015.07.24 19:47:15.349,2.02318,2.02362,1.00,1.00
2015.07.24 19:47:15.653,2.02338,2.02377,1.00,1.00
2015.07.24 19:47:15.940,2.02338,2.02382,1.00,1.00
2015.07.24 19:47:16.456,2.02338,2.02381,1.00,1.00
2015.07.24 19:47:18.781,2.02338,2.02377,1.00,1.00
2015.07.24 19:47:20.773,2.02327,2.02373,1.00,1.00
2015.07.24 19:47:20.874,2.02319,2.02365,1.50,1.00
2015.07.24 19:47:21.239,2.02329,2.02375,1.00,1.00
2015.07.24 19:47:25.497,2.02319,2.02358,1.00,1.00
2015.07.24 19:47:25.548,2.02324,2.02368,1.00,1.00
2015.07.24 19:47:25.800,2.02336,2.02377,1.00,1.00
2015.07.24 19:47:26.638,2.02318,2.02358,1.00,1.00
2015.07.24 19:47:27.163,2.02319,2.02358,1.00,1.00
2015.07.24 19:47:28.490,2.02336,2.02376,1.00,1.00
2015.07.24 19:47:28.593,2.02327,2.02373,1.00,1.00
2015.07.24 19:47:29.046,2.02329,2.02376,1.00,1.50
2015.07.24 19:47:29.720,2.02342,2.02382,1.00,1.00
2015.07.24 19:47:31.016,2.0233,2.02376,1.00,1.00
2015.07.24 19:47:31.126,2.02325,2.02363,1.00,1.00
2015.07.24 19:47:31.606,2.02328,2.02374,1.00,1.00
2015.07.24 19:47:31.808,2.0234,2.02382,1.00,1.00
2015.07.24 19:47:33.920,2.0234,2.02381,1.00,1.00
2015.07.24 19:47:38.159,2.02331,2.02375,1.00,1.00
2015.07.24 19:47:38.260,2.02325,2.02362,1.00,1.00
2015.07.24 19:47:38.466,2.02325,2.02366,1.00,1.00
2015.07.24 19:47:38.987,2.02324,2.02366,1.50,1.00
2015.07.24 19:47:39.879,2.0232,2.02366,1.00,1.00
2015.07.24 19:47:46.019,2.02324,2.02366,1.00,1.00
2015.07.24 19:47:47.136,2.0232,2.02366,1.00,1.00
2015.07.24 19:47:47.187,2.02323,2.0237,1.00,1.00
2015.07.24 19:47:47.289,2.02329,2.02373,1.00,1.00
2015.07.24 19:47:47.679,2.02326,2.0237,1.00,1.00
2015.07.24 19:47:47.780,2.02338,2.02385,1.00,1.00
2015.07.24 19:47:47.831,2.02329,2.02374,1.00,1.00
2015.07.24 19:47:50.252,2.02331,2.02377,1.00,1.00
2015.07.24 19:47:50.303,2.02344,2.02386,1.00,1.00
2015.07.24 19:47:50.641,2.02344,2.02382,1.00,1.00
2015.07.24 19:47:51.189,2.02344,2.02386,1.00,1.00
2015.07.24 19:47:54.794,2.02333,2.02379,1.00,1.00
2015.07.24 19:47:54.895,2.02329,2.02364,1.00,1.00
2015.07.24 19:47:55.248,2.02344,2.02387,1.00,1.00
2015.07.24 19:47:59.404,2.02344,2.02386,1.00,1.00
2015.07.24 19:48:02.321,2.02344,2.02382,1.00,1.00
2015.07.24 19:48:02.740,2.02344,2.02387,1.00,1.00
2015.07.24 19:48:02.893,2.02344,2.02382,1.00,1.00
2015.07.24 19:48:03.717,2.02328,2.02374,1.00,1.00
2015.07.24 19:48:03.818,2.02324,2.02363,1.00,1.00
2015.07.24 19:48:05.815,2.02323,2.02363,1.50,1.00
2015.07.24 19:48:08.723,2.02319,2.02359,1.00,1.00
2015.07.24 19:48:08.925,2.02313,2.02359,1.50,1.00
2015.07.24 19:48:09.026,2.02313,2.02352,1.00,1.00
2015.07.24 19:48:09.127,2.02308,2.02352,1.00,1.00
2015.07.24 19:48:09.927,2.02313,2.02352,1.00,1.00
2015.07.24 19:48:11.299,2.02308,2.02352,1.00,1.00
2015.07.24 19:48:12.090,2.02313,2.02352,1.00,1.00
2015.07.24 19:48:33.726,2.02318,2.02363,1.00,1.00
2015.07.24 19:48:33.777,2.02323,2.02363,1.00,1.00
2015.07.24 19:48:33.828,2.02323,2.0237,1.00,1.00
2015.07.24 19:48:34.158,2.02327,2.02372,1.00,1.50
2015.07.24 19:48:34.467,2.02341,2.02382,1.00,1.00
2015.07.24 19:48:34.805,2.02341,2.02378,1.00,1.00
2015.07.24 19:48:35.306,2.02341,2.02377,1.00,1.00
2015.07.24 19:48:35.955,2.02341,2.02378,1.00,1.00
2015.07.24 19:48:37.034,2.02341,2.02385,1.00,1.00
2015.07.24 19:48:37.286,2.02345,2.02386,1.00,1.50
2015.07.24 19:48:37.792,2.02345,2.02387,1.00,1.00
2015.07.24 19:48:37.943,2.02345,2.0239,1.00,1.00
2015.07.24 19:48:38.598,2.02353,2.02398,1.00,1.00
2015.07.24 19:48:38.900,2.02356,2.02396,1.00,1.50
2015.07.24 19:48:39.235,2.02346,2.02385,1.00,1.00
2015.07.24 19:48:39.554,2.02334,2.02371,1.00,1.00
2015.07.24 19:48:40.800,2.02338,2.02371,1.00,1.00
2015.07.24 19:48:41.556,2.02347,2.02387,1.00,1.00
2015.07.24 19:48:41.657,2.02361,2.02398,1.00,1.50
2015.07.24 19:48:42.228,2.02361,2.02397,1.00,1.00
2015.07.24 19:48:47.580,2.02361,2.02383,1.00,1.00
2015.07.24 19:48:47.631,2.02344,2.02372,1.00,1.00
2015.07.24 19:48:49.955,2.02338,2.02372,1.00,1.00
2015.07.24 19:48:50.056,2.02343,2.02368,1.00,1.00
2015.07.24 19:48:50.207,2.02343,2.02372,1.00,1.00
2015.07.24 19:48:52.213,2.02358,2.02395,1.00,1.00
2015.07.24 19:48:52.314,2.02356,2.02395,1.00,1.00
2015.07.24 19:48:52.416,2.02354,2.02408,1.00,1.00
2015.07.24 19:48:52.467,2.02361,2.02401,1.00,1.00
2015.07.24 19:48:52.669,2.02368,2.02413,1.00,1.00
2015.07.24 19:48:52.923,2.02374,2.02426,1.00,1.37
2015.07.24 19:48:53.282,2.02374,2.02407,1.00,1.00
2015.07.24 19:48:53.788,2.02373,2.02407,1.00,1.00
2015.07.24 19:48:53.990,2.02374,2.02414,1.00,1.00
2015.07.24 19:48:54.041,2.02387,2.02426,1.00,1.00
2015.07.24 19:48:54.345,2.02365,2.02398,1.00,1.00
2015.07.24 19:48:55.312,2.02368,2.02398,1.00,1.00
2015.07.24 19:48:55.667,2.02364,2.02398,1.00,1.00
2015.07.24 19:48:55.768,2.02368,2.02398,1.00,1.00
2015.07.24 19:48:56.222,2.02378,2.02398,1.00,1.00
2015.07.24 19:48:56.273,2.0239,2.02429,1.00,1.50
2015.07.24 19:48:57.242,2.0239,2.02428,1.00,1.00
2015.07.24 19:48:59.548,2.0239,2.02429,1.00,1.00
2015.07.24 19:49:04.030,2.0239,2.02427,1.00,1.00
2015.07.24 19:49:04.532,2.0239,2.02428,1.00,1.00
2015.07.24 19:49:05.038,2.0239,2.02427,1.00,1.00
2015.07.24 19:49:05.573,2.0239,2.02428,1.00,1.00
2015.07.24 19:49:06.246,2.0239,2.02427,1.00,1.12
2015.07.24 19:49:06.851,2.0239,2.02428,1.00,1.12
2015.07.24 19:49:07.656,2.0239,2.02429,1.00,1.00
2015.07.24 19:49:08.089,2.0239,2.02423,1.00,1.00
2015.07.24 19:49:08.713,2.0239,2.02429,1.00,1.00
2015.07.24 19:49:09.405,2.0239,2.02428,1.00,1.00
2015.07.24 19:49:09.964,2.0239,2.02427,1.00,1.00
2015.07.24 19:49:10.689,2.0239,2.02428,1.00,1.12
2015.07.24 19:49:11.210,2.0239,2.02427,1.00,1.12
2015.07.24 19:49:11.950,2.0239,2.02428,1.00,1.12
2015.07.24 19:49:12.543,2.0239,2.02427,1.00,1.12
2015.07.24 19:49:14.606,2.0239,2.02428,1.00,1.12
2015.07.24 19:49:15.182,2.0239,2.02427,1.00,1.12
2015.07.24 19:49:15.731,2.0239,2.02428,1.00,1.12
2015.07.24 19:49:16.282,2.0239,2.02429,1.00,1.00
2015.07.24 19:49:16.832,2.0239,2.02428,1.00,1.00
2015.07.24 19:49:17.397,2.0239,2.02429,1.00,1.00
2015.07.24 19:49:18.060,2.0239,2.02428,1.00,1.00
2015.07.24 19:49:19.440,2.0239,2.02429,1.00,1.00
2015.07.24 19:49:24.149,2.0239,2.02429,1.00,1.37
2015.07.24 19:49:25.753,2.0239,2.02429,1.00,1.37
2015.07.24 19:49:26.855,2.0239,2.02429,1.00,1.37
2015.07.24 19:49:28.759,2.0239,2.02429,1.00,1.00
2015.07.24 19:49:33.059,2.0239,2.02429,1.00,1.37
2015.07.24 19:49:34.173,2.0239,2.02429,1.00,1.00
2015.07.24 19:49:37.179,2.0239,2.02429,1.00,1.37
2015.07.24 19:49:38.278,2.0239,2.02429,1.00,1.37
2015.07.24 19:49:38.909,2.0239,2.02429,1.00,1.37
2015.07.24 19:49:39.557,2.0239,2.02429,1.00,1.00
2015.07.24 19:49:48.742,2.0239,2.02429,1.00,1.37
2015.07.24 19:49:48.995,2.02386,2.02425,1.00,1.00
2015.07.24 19:50:00.709,2.02386,2.02415,1.00,1.00
2015.07.24 19:50:00.760,2.02378,2.02415,1.00,1.50
2015.07.24 19:50:00.865,2.02378,2.02403,1.00,1.00
2015.07.24 19:50:08.581,2.02383,2.02403,1.00,1.00
2015.07.24 19:50:13.393,2.02383,2.02413,1.00,1.00
2015.07.24 19:50:14.847,2.02383,2.02416,1.50,1.00
2015.07.24 19:50:15.485,2.02384,2.02424,1.00,1.00
2015.07.24 19:50:15.595,2.02383,2.02412,1.00,1.00
2015.07.24 19:50:15.926,2.02393,2.02418,1.00,1.00
2015.07.24 19:50:16.027,2.02395,2.02434,1.00,1.00
2015.07.24 19:50:16.793,2.02395,2.02432,1.00,1.00
2015.07.24 19:50:17.307,2.02395,2.02433,1.00,1.00
2015.07.24 19:50:18.043,2.02395,2.02432,1.00,1.00
2015.07.24 19:50:19.105,2.02388,2.02415,1.00,1.00
2015.07.24 19:50:20.317,2.02388,2.0242,1.00,1.00
2015.07.24 19:50:20.418,2.0239,2.02429,1.00,1.00
2015.07.24 19:50:22.537,2.0239,2.02429,1.00,1.34
2015.07.24 19:50:22.588,2.02386,2.02423,1.00,1.00
2015.07.24 19:50:22.639,2.02383,2.02405,1.00,1.00
2015.07.24 19:50:22.690,2.02378,2.02403,1.00,1.00
2015.07.24 19:50:22.841,2.02378,2.02407,1.00,1.00
2015.07.24 19:50:22.892,2.02368,2.02407,1.50,1.00
2015.07.24 19:50:23.205,2.02364,2.02389,1.00,1.00
2015.07.24 19:50:23.475,2.02362,2.02389,1.00,1.00
2015.07.24 19:50:24.171,2.02358,2.02389,1.00,1.00
2015.07.24 19:50:24.222,2.02358,2.02394,1.00,1.00
2015.07.24 19:50:26.025,2.02359,2.02398,1.00,1.00
2015.07.24 19:50:26.126,2.02369,2.02408,1.00,1.00
2015.07.24 19:50:26.379,2.02365,2.02405,1.00,1.00
2015.07.24 19:50:26.430,2.02358,2.02397,1.00,1.00
2015.07.24 19:50:26.733,2.02353,2.0239,1.00,1.00
2015.07.24 19:50:30.288,2.02358,2.0239,1.00,1.00
2015.07.24 19:50:37.327,2.02363,2.0239,1.00,1.00
2015.07.24 19:50:37.378,2.02363,2.02397,1.00,1.00
2015.07.24 19:50:49.430,2.02368,2.02401,1.00,1.00
2015.07.24 19:50:49.833,2.02368,2.02397,1.00,1.00
2015.07.24 19:50:50.726,2.02368,2.02404,1.00,1.00
2015.07.24 19:50:55.872,2.02368,2.02396,1.00,1.00
2015.07.24 19:51:00.761,2.02368,2.02387,1.00,1.00
2015.07.24 19:51:03.514,2.02363,2.02387,1.00,1.00
2015.07.24 19:51:10.676,2.02374,2.02414,1.00,1.34
2015.07.24 19:51:19.583,2.02374,2.02401,1.00,1.00
2015.07.24 19:51:19.896,2.02363,2.02389,1.00,1.00
2015.07.24 19:51:27.666,2.02364,2.02389,1.00,1.00
2015.07.24 19:51:28.902,2.02358,2.02389,1.00,1.00
2015.07.24 19:51:29.155,2.02358,2.02392,1.00,1.00
2015.07.24 19:51:29.257,2.02358,2.02396,1.00,1.00
2015.07.24 19:51:32.096,2.02364,2.02393,1.00,1.00
2015.07.24 19:51:32.197,2.02369,2.02406,1.00,1.00
2015.07.24 19:51:37.515,2.02369,2.02404,1.00,1.84
2015.07.24 19:51:37.616,2.02364,2.02403,1.00,1.84
2015.07.24 19:51:37.667,2.02361,2.024,1.00,1.34
2015.07.24 19:51:37.718,2.02358,2.02392,1.00,1.00
2015.07.24 19:51:37.819,2.02359,2.02386,1.00,1.00
2015.07.24 19:51:37.922,2.02359,2.02391,1.00,1.00
2015.07.24 19:51:37.973,2.02366,2.02405,1.00,1.00
2015.07.24 19:51:40.331,2.02363,2.02403,1.00,1.00
2015.07.24 19:51:40.382,2.02363,2.02401,1.00,1.50
2015.07.24 19:51:40.432,2.02359,2.02398,1.00,1.00
2015.07.24 19:51:40.533,2.02358,2.02386,1.00,1.00
2015.07.24 19:51:40.685,2.02358,2.02393,1.00,1.00
2015.07.24 19:51:40.786,2.02365,2.02404,1.00,1.00
2015.07.24 19:51:42.106,2.02365,2.024,1.00,1.00
2015.07.24 19:51:42.207,2.02359,2.02399,1.50,1.00
2015.07.24 19:51:42.258,2.02359,2.02386,1.00,1.00
2015.07.24 19:51:42.409,2.02353,2.02386,1.00,1.00
2015.07.24 19:51:42.561,2.02353,2.0239,1.00,1.00
2015.07.24 19:51:43.097,2.02354,2.0239,1.00,1.00
2015.07.24 19:51:43.285,2.0235,2.0239,1.00,1.00
2015.07.24 19:51:43.386,2.02349,2.02379,1.00,1.00
2015.07.24 19:51:43.895,2.02348,2.02379,1.00,1.00
2015.07.24 19:51:44.396,2.02349,2.02379,1.00,1.00
2015.07.24 19:51:47.146,2.02338,2.02373,1.00,1.00
2015.07.24 19:51:47.347,2.02338,2.02375,1.00,1.00
2015.07.24 19:51:47.398,2.02343,2.02379,1.00,1.00
2015.07.24 19:51:47.700,2.02343,2.02376,1.00,1.00
2015.07.24 19:51:47.751,2.02343,2.0238,1.00,1.00
2015.07.24 19:51:47.852,2.02351,2.02388,1.00,1.09
2015.07.24 19:51:48.250,2.02343,2.0238,1.00,1.00
2015.07.24 19:51:48.571,2.02343,2.0237,1.00,1.00
2015.07.24 19:51:49.021,2.02343,2.02379,1.00,1.00
2015.07.24 19:51:49.172,2.02349,2.02386,1.00,1.00
2015.07.24 19:51:50.825,2.02352,2.02388,1.00,1.09
2015.07.24 19:51:51.127,2.02338,2.02369,1.00,1.00
2015.07.24 19:51:53.573,2.02341,2.02369,1.00,1.00
2015.07.24 19:51:53.624,2.02353,2.02392,1.00,1.34
2015.07.24 19:51:57.405,2.0235,2.02389,1.00,1.34
2015.07.24 19:51:57.785,2.0235,2.02375,1.00,1.00
2015.07.24 19:51:57.836,2.02331,2.02361,1.00,1.00
2015.07.24 19:51:57.887,2.02298,2.02314,2.42,1.00
2015.07.24 19:51:57.938,2.02284,2.02314,1.00,1.00
2015.07.24 19:51:57.991,2.02286,2.02311,1.00,1.00
2015.07.24 19:51:58.294,2.02278,2.02311,1.00,1.50
2015.07.24 19:51:58.395,2.02268,2.02309,1.00,1.00
2015.07.24 19:51:58.876,2.02268,2.02318,1.00,2.25
2015.07.24 19:51:59.138,2.02269,2.02308,1.00,1.00
2015.07.24 19:52:01.898,2.02274,2.02308,1.00,1.00
2015.07.24 19:52:01.948,2.02274,2.02311,1.00,1.00
2015.07.24 19:52:01.999,2.02281,2.0232,1.00,1.00
2015.07.24 19:52:02.201,2.0229,2.02327,1.00,1.34
2015.07.24 19:52:02.304,2.0229,2.02327,1.00,1.00
2015.07.24 19:52:02.971,2.02292,2.02334,1.00,1.00
2015.07.24 19:52:03.022,2.02292,2.02338,1.00,1.00
2015.07.24 19:52:03.276,2.02293,2.0233,1.00,1.00
2015.07.24 19:52:03.485,2.02299,2.02346,1.00,1.84
2015.07.24 19:52:04.154,2.02302,2.02346,1.00,1.34
2015.07.24 19:52:04.205,2.023,2.02346,1.00,1.34
2015.07.24 19:52:04.307,2.02304,2.02346,1.00,1.00
2015.07.24 19:52:04.459,2.02304,2.02355,1.00,1.00
2015.07.24 19:52:04.840,2.02313,2.02355,1.00,1.00
2015.07.24 19:52:05.197,2.02311,2.02355,1.00,1.00
2015.07.24 19:52:07.459,2.02314,2.02355,1.00,1.00
2015.07.24 19:52:08.277,2.02311,2.02355,1.00,1.00
2015.07.24 19:52:08.877,2.02311,2.02352,1.00,1.34
2015.07.24 19:52:08.928,2.02309,2.02351,1.00,1.34
2015.07.24 19:52:09.082,2.02309,2.02339,1.00,1.00
2015.07.24 19:52:11.125,2.02303,2.02339,1.00,1.00
2015.07.24 19:52:12.023,2.02299,2.02336,1.00,1.00
2015.07.24 19:52:12.552,2.02298,2.02336,1.00,1.00
2015.07.24 19:52:12.703,2.02303,2.02336,1.00,1.00
2015.07.24 19:52:12.754,2.02303,2.02346,1.00,1.00
2015.07.24 19:52:13.730,2.02294,2.02334,1.00,1.00
2015.07.24 19:52:14.057,2.02298,2.02334,1.00,1.00
2015.07.24 19:52:14.860,2.02298,2.02342,1.50,1.00
2015.07.24 19:52:19.174,2.02307,2.02351,1.00,1.34
2015.07.24 19:52:19.595,2.02294,2.02336,1.00,1.00
2015.07.24 19:52:25.313,2.02293,2.02336,1.00,1.00
2015.07.24 19:52:27.504,2.02293,2.0233,1.00,1.00
2015.07.24 19:52:27.555,2.02293,2.02333,1.00,1.00
2015.07.24 19:52:27.928,2.02289,2.02333,1.00,1.00
2015.07.24 19:52:27.979,2.02289,2.02321,1.00,1.00
2015.07.24 19:52:28.131,2.02289,2.02328,1.00,1.00
2015.07.24 19:52:29.074,2.02283,2.02328,1.00,1.00
2015.07.24 19:52:31.130,2.02283,2.02323,1.00,1.00
2015.07.24 19:52:31.483,2.02283,2.02312,1.00,1.00
2015.07.24 19:52:32.501,2.02283,2.02328,1.00,1.00
2015.07.24 19:52:32.653,2.02293,2.02339,1.00,1.00
2015.07.24 19:52:32.905,2.02293,2.02337,1.00,1.00
2015.07.24 19:52:33.787,2.02293,2.02338,1.00,1.50
2015.07.24 19:52:34.206,2.02296,2.02338,1.00,1.50
2015.07.24 19:52:34.609,2.0229,2.02337,1.00,1.50
2015.07.24 19:52:34.660,2.0229,2.02333,1.00,1.00
2015.07.24 19:52:34.991,2.02289,2.02314,1.00,1.00
2015.07.24 19:52:35.142,2.02278,2.02314,1.00,1.00
2015.07.24 19:52:35.193,2.02278,2.02311,1.00,1.00
2015.07.24 19:52:35.697,2.02279,2.02311,1.00,1.00
2015.07.24 19:52:36.388,2.02278,2.02311,1.00,1.00
2015.07.24 19:52:37.096,2.02289,2.02311,1.00,1.00
2015.07.24 19:52:37.197,2.02289,2.02317,1.00,1.00
2015.07.24 19:52:37.633,2.02278,2.02314,1.00,1.00
2015.07.24 19:52:37.844,2.02288,2.02314,1.00,1.00
2015.07.24 19:52:37.895,2.02288,2.02317,1.00,1.00
2015.07.24 19:52:42.023,2.02288,2.02328,1.00,1.00
2015.07.24 19:52:42.582,2.02278,2.02328,1.00,1.00
2015.07.24 19:52:42.683,2.02278,2.02336,1.00,1.00
2015.07.24 19:52:43.357,2.02288,2.02327,1.00,1.00
2015.07.24 19:52:43.816,2.02278,2.02327,1.00,1.00
2015.07.24 19:52:43.918,2.02278,2.02336,1.00,1.00
2015.07.24 19:52:44.019,2.0229,2.0234,1.00,1.50
2015.07.24 19:52:44.321,2.0229,2.02337,1.00,1.00
2015.07.24 19:52:44.724,2.02288,2.02337,1.00,1.00
2015.07.24 19:52:45.362,2.02285,2.02337,1.00,1.00
2015.07.24 19:52:45.467,2.0229,2.02336,1.00,1.00
2015.07.24 19:52:45.870,2.02287,2.02336,1.00,1.00
2015.07.24 19:52:47.007,2.02278,2.02331,1.00,1.00
2015.07.24 19:52:47.058,2.02283,2.02331,1.00,1.00
2015.07.24 19:52:47.374,2.02289,2.02331,1.00,1.00
2015.07.24 19:52:47.879,2.02288,2.02331,1.00,1.00
2015.07.24 19:52:49.076,2.02283,2.02331,1.00,1.00
2015.07.24 19:52:49.329,2.02288,2.02331,1.00,1.00
2015.07.24 19:52:50.878,2.02288,2.02332,1.00,1.00
2015.07.24 19:52:52.077,2.02288,2.02329,1.00,1.00
2015.07.24 19:52:52.419,2.02278,2.02329,1.00,1.00
2015.07.24 19:52:52.470,2.02274,2.02307,1.00,1.00
2015.07.24 19:52:52.520,2.02268,2.02307,1.00,1.00
2015.07.24 19:52:52.571,2.02268,2.02301,1.00,1.00
2015.07.24 19:52:52.890,2.02274,2.02303,1.00,1.00
2015.07.24 19:52:52.991,2.02274,2.0231,1.00,1.00
2015.07.24 19:52:53.042,2.02268,2.0231,1.00,1.00
2015.07.24 19:52:53.193,2.02268,2.02303,1.00,1.00
2015.07.24 19:52:53.697,2.02268,2.02319,1.50,1.34
2015.07.24 19:52:53.798,2.02274,2.02319,1.00,1.00
2015.07.24 19:52:54.357,2.02278,2.02324,1.00,1.34
2015.07.24 19:52:54.774,2.02278,2.02325,1.00,1.84
2015.07.24 19:52:54.825,2.02273,2.02325,1.00,1.84
2015.07.24 19:52:54.976,2.02268,2.02309,1.00,1.00
2015.07.24 19:52:55.027,2.02263,2.02309,1.00,1.00
2015.07.24 19:52:55.128,2.02263,2.02311,1.00,1.00
2015.07.24 19:52:56.553,2.02263,2.02311,1.00,1.34
2015.07.24 19:52:56.856,2.02263,2.02302,1.00,1.00
2015.07.24 19:52:58.716,2.02258,2.02302,1.00,1.00
2015.07.24 19:53:02.086,2.02258,2.0231,1.00,1.34
2015.07.24 19:53:02.496,2.02263,2.0231,1.00,1.34
2015.07.24 19:53:02.597,2.02259,2.0231,1.00,1.34
2015.07.24 19:53:03.803,2.02258,2.0231,1.00,1.34
2015.07.24 19:53:04.018,2.02258,2.0231,1.00,1.34
2015.07.24 19:53:04.522,2.02257,2.02306,1.00,1.34
2015.07.24 19:53:05.793,2.02258,2.02307,1.00,1.34
2015.07.24 19:53:06.045,2.02258,2.02307,1.00,1.00
2015.07.24 19:53:06.196,2.02259,2.02303,1.00,1.00
2015.07.24 19:53:06.297,2.0226,2.0231,1.00,1.00
2015.07.24 19:53:06.398,2.02264,2.02312,1.00,1.00
2015.07.24 19:53:06.902,2.02264,2.02311,1.00,1.00
2015.07.24 19:53:08.395,2.02264,2.02312,1.00,1.00
2015.07.24 19:53:16.160,2.02264,2.02311,1.00,1.00
2015.07.24 19:53:20.891,2.02264,2.02312,1.00,1.50
2015.07.24 19:53:33.652,2.02263,2.02312,1.00,1.00
2015.07.24 19:53:33.977,2.02269,2.02311,1.00,1.00
2015.07.24 19:53:34.276,2.02263,2.02311,1.00,1.00
2015.07.24 19:53:34.378,2.02263,2.02309,1.00,1.00
2015.07.24 19:53:34.724,2.02268,2.02313,1.00,1.00
2015.07.24 19:53:34.826,2.02268,2.02319,1.00,1.00
2015.07.24 19:53:38.138,2.02271,2.02319,1.00,1.50
2015.07.24 19:53:38.189,2.02263,2.02314,1.00,1.00
2015.07.24 19:53:38.340,2.02263,2.02306,1.00,1.00
2015.07.24 19:53:45.242,2.02264,2.02306,1.00,1.00
2015.07.24 19:53:45.347,2.02264,2.0231,1.00,1.00
2015.07.24 19:53:45.600,2.02263,2.02302,1.00,1.00
2015.07.24 19:53:46.888,2.02263,2.023,1.00,1.00
2015.07.24 19:53:47.360,2.02263,2.02304,1.00,1.00
2015.07.24 19:53:47.461,2.02273,2.02319,1.00,1.00
2015.07.24 19:53:47.613,2.0228,2.02325,1.00,3.00
2015.07.24 19:53:47.715,2.02269,2.02326,1.00,1.00
2015.07.24 19:53:47.816,2.02274,2.02326,1.00,1.00
2015.07.24 19:53:47.917,2.02274,2.02329,1.00,1.00
2015.07.24 19:53:48.545,2.02273,2.02329,1.00,1.00
2015.07.24 19:53:48.596,2.02291,2.02333,1.00,1.00
2015.07.24 19:53:49.080,2.02291,2.02335,1.00,1.50
2015.07.24 19:53:51.115,2.02291,2.02336,1.00,1.00
2015.07.24 19:53:53.082,2.02291,2.02337,1.00,1.50
2015.07.24 19:53:53.664,2.02291,2.02336,1.00,1.00
2015.07.24 19:53:56.694,2.02291,2.02337,1.00,2.25
2015.07.24 19:53:57.093,2.02291,2.02335,1.00,1.00
2015.07.24 19:54:00.604,2.02291,2.02336,1.00,1.00
2015.07.24 19:54:02.045,2.02273,2.0233,1.00,1.00
2015.07.24 19:54:02.096,2.02287,2.0233,1.00,1.00
2015.07.24 19:54:04.630,2.02287,2.02325,1.00,1.00
2015.07.24 19:54:04.933,2.02274,2.02304,1.00,1.00
2015.07.24 19:54:06.583,2.02274,2.02307,1.00,1.00
2015.07.24 19:54:06.706,2.02268,2.02307,1.50,1.00
2015.07.24 19:54:08.385,2.02273,2.02307,1.00,1.00
2015.07.24 19:54:08.614,2.02268,2.02307,1.50,1.00
2015.07.24 19:54:09.777,2.02268,2.02303,1.50,1.00
2015.07.24 19:54:10.080,2.02273,2.02303,1.00,1.00
2015.07.24 19:54:10.819,2.02273,2.02307,1.00,1.00
2015.07.24 19:54:12.123,2.02283,2.02307,1.00,1.00
2015.07.24 19:54:12.173,2.02283,2.02324,1.00,1.00
2015.07.24 19:54:12.224,2.02283,2.02321,1.00,1.00
2015.07.24 19:54:16.330,2.02278,2.02321,1.00,1.00
2015.07.24 19:54:18.857,2.02274,2.02321,1.00,1.00
2015.07.24 19:54:18.958,2.02268,2.0233,1.50,1.00
2015.07.24 19:54:19.009,2.02268,2.02306,1.00,1.00
2015.07.24 19:54:19.642,2.02273,2.02306,1.00,1.00
2015.07.24 19:54:23.442,2.02269,2.02306,1.00,1.00
2015.07.24 19:54:23.882,2.02273,2.02306,1.00,1.00
2015.07.24 19:54:24.197,2.02268,2.02306,1.00,1.00
2015.07.24 19:54:24.744,2.02269,2.02306,1.00,1.00
2015.07.24 19:54:25.579,2.02269,2.02299,1.00,1.00
2015.07.24 19:54:25.630,2.02263,2.02299,1.00,1.00
2015.07.24 19:54:26.166,2.02263,2.02312,1.00,1.00
2015.07.24 19:54:27.761,2.02265,2.02311,1.00,1.00
2015.07.24 19:54:28.210,2.02264,2.02308,1.00,1.00
2015.07.24 19:54:28.311,2.02262,2.02308,1.00,1.00
2015.07.24 19:54:28.413,2.02253,2.02294,1.00,1.00
2015.07.24 19:54:28.514,2.0225,2.02294,1.00,1.00
2015.07.24 19:54:28.869,2.02258,2.02304,1.00,1.00
2015.07.24 19:54:29.575,2.02258,2.023,1.00,1.00
2015.07.24 19:54:29.882,2.02243,2.02275,1.00,1.00
2015.07.24 19:54:30.084,2.02238,2.02274,1.00,1.00
2015.07.24 19:54:30.135,2.02256,2.02293,1.00,1.00
2015.07.24 19:54:30.185,2.02238,2.02271,1.00,1.00
2015.07.24 19:54:30.337,2.02242,2.02282,1.00,1.00
2015.07.24 19:54:30.668,2.02234,2.02268,1.00,1.00
2015.07.24 19:54:31.096,2.02238,2.02268,1.00,1.00
2015.07.24 19:54:32.424,2.02244,2.02268,1.00,1.00
2015.07.24 19:54:33.015,2.02239,2.02268,1.00,1.00
2015.07.24 19:54:34.243,2.02244,2.02268,1.00,1.00
2015.07.24 19:54:34.536,2.02238,2.02268,1.00,1.00
2015.07.24 19:54:34.797,2.02233,2.02268,1.00,1.00
2015.07.24 19:54:34.999,2.02251,2.02288,1.00,1.00
2015.07.24 19:54:35.200,2.02251,2.02285,1.00,1.00
2015.07.24 19:54:35.251,2.02233,2.02268,1.00,1.00
2015.07.24 19:54:36.541,2.02238,2.02268,1.00,1.00
2015.07.24 19:54:37.082,2.02233,2.02268,1.00,1.00
2015.07.24 19:54:38.651,2.02253,2.02281,1.00,1.00
2015.07.24 19:54:38.702,2.02244,2.02284,1.50,1.00
2015.07.24 19:54:38.753,2.02255,2.02294,1.00,1.50
2015.07.24 19:54:39.698,2.02243,2.02283,1.50,1.00
2015.07.24 19:54:39.872,2.02255,2.02294,1.00,1.50
2015.07.24 19:54:40.650,2.02255,2.02291,1.00,1.00
2015.07.24 19:54:40.952,2.02238,2.02273,1.00,1.00
2015.07.24 19:54:41.155,2.02234,2.02273,1.00,1.00
2015.07.24 19:54:43.662,2.02233,2.02273,1.00,1.00
2015.07.24 19:54:44.166,2.02237,2.02276,1.00,1.00
2015.07.24 19:54:44.517,2.02245,2.02285,1.00,1.00
2015.07.24 19:54:45.041,2.02239,2.02276,1.00,1.00
2015.07.24 19:54:45.192,2.02245,2.02285,1.00,1.00
2015.07.24 19:54:45.832,2.02245,2.02283,1.00,1.00
2015.07.24 19:54:46.384,2.02245,2.02282,1.00,1.00
2015.07.24 19:54:47.041,2.02245,2.02283,1.00,1.00
2015.07.24 19:54:47.799,2.02245,2.02282,1.00,1.00
2015.07.24 19:54:48.745,2.02245,2.02283,1.00,1.00
2015.07.24 19:54:49.804,2.02245,2.02282,1.00,1.00
2015.07.24 19:54:51.041,2.02245,2.02285,1.00,1.00
2015.07.24 19:54:51.624,2.02245,2.02283,1.00,1.00
2015.07.24 19:54:52.321,2.02245,2.02282,1.00,1.00
2015.07.24 19:54:52.823,2.02245,2.02283,1.00,1.00
2015.07.24 19:54:53.651,2.02245,2.02285,1.00,1.00
2015.07.24 19:54:53.701,2.02243,2.0228,1.00,1.00
2015.07.24 19:54:54.777,2.02243,2.0228,1.00,1.34
2015.07.24 19:54:54.979,2.02233,2.02267,1.00,1.00
2015.07.24 19:54:55.080,2.02242,2.02281,1.00,1.34
2015.07.24 19:54:55.231,2.02246,2.02285,1.00,1.00
2015.07.24 19:54:55.621,2.02238,2.02277,1.00,1.00
2015.07.24 19:54:58.188,2.02246,2.02285,1.00,1.00
2015.07.24 19:55:00.644,2.02246,2.02283,1.00,1.00
2015.07.24 19:55:01.363,2.02246,2.02285,1.00,1.00
2015.07.24 19:55:01.542,2.02237,2.02276,1.00,1.00
2015.07.24 19:55:01.851,2.0223,2.02268,1.00,1.00
2015.07.24 19:55:02.529,2.02234,2.02268,1.00,1.00
2015.07.24 19:55:03.725,2.02248,2.02283,1.00,1.00
2015.07.24 19:55:03.778,2.02248,2.02287,1.00,1.00
2015.07.24 19:55:10.323,2.02251,2.02288,1.00,1.00
2015.07.24 19:55:10.474,2.02255,2.02294,1.00,1.00
2015.07.24 19:55:10.525,2.02268,2.02302,1.00,1.00
2015.07.24 19:55:10.626,2.02264,2.02302,1.00,1.00
2015.07.24 19:55:10.930,2.02267,2.02306,1.00,1.00
2015.07.24 19:55:10.981,2.0227,2.02309,1.00,1.00
2015.07.24 19:55:11.663,2.0227,2.02303,1.00,1.00
2015.07.24 19:55:11.815,2.02255,2.02294,1.00,1.00
2015.07.24 19:55:11.916,2.02264,2.02296,1.00,1.00
2015.07.24 19:55:11.967,2.02254,2.02293,1.00,1.50
2015.07.24 19:55:12.017,2.02247,2.02276,1.00,1.00
2015.07.24 19:55:12.270,2.02265,2.02302,1.00,1.00
2015.07.24 19:55:12.816,2.02265,2.02305,1.00,1.34
2015.07.24 19:55:12.867,2.02255,2.02294,1.00,1.00
2015.07.24 19:55:14.477,2.02251,2.02291,1.00,1.00
2015.07.24 19:55:14.580,2.02256,2.02295,1.00,1.00
2015.07.24 19:55:21.174,2.02254,2.02281,1.00,1.00
2015.07.24 19:55:21.225,2.02249,2.02281,1.50,1.00
2015.07.24 19:55:21.932,2.02252,2.02296,1.00,1.00
2015.07.24 19:55:21.983,2.02268,2.02302,1.00,1.00
2015.07.24 19:55:24.433,2.0225,2.02279,1.00,1.00
2015.07.24 19:55:24.534,2.02248,2.02279,1.00,1.00
2015.07.24 19:55:25.346,2.02247,2.02279,1.00,1.00
2015.07.24 19:55:31.960,2.02243,2.02279,1.00,1.00
2015.07.24 19:55:34.965,2.02242,2.02279,1.50,1.00
2015.07.24 19:55:35.643,2.02243,2.02279,1.00,1.00
2015.07.24 19:55:36.166,2.02242,2.02279,1.50,1.00
2015.07.24 19:55:36.685,2.02243,2.02279,1.00,1.00
2015.07.24 19:55:41.244,2.02268,2.02303,1.00,1.09
2015.07.24 19:55:42.088,2.02255,2.02295,1.00,1.00
2015.07.24 19:55:42.240,2.02253,2.02291,1.00,1.00
2015.07.24 19:55:51.077,2.02253,2.02289,1.00,1.00
2015.07.24 19:55:51.128,2.02239,2.02277,1.00,1.00
2015.07.24 19:55:51.230,2.02244,2.02277,1.00,1.00
2015.07.24 19:55:51.382,2.02239,2.02277,1.00,1.00
2015.07.24 19:55:51.552,2.02237,2.02277,1.00,1.00
2015.07.24 19:55:51.603,2.02234,2.02273,2.25,1.00
2015.07.24 19:55:52.149,2.02235,2.02273,1.00,1.00
2015.07.24 19:55:52.603,2.02238,2.02273,1.00,1.00
2015.07.24 19:55:55.215,2.02255,2.02294,1.00,1.00
2015.07.24 19:55:56.006,2.02259,2.02297,1.00,2.25
2015.07.24 19:55:56.320,2.02256,2.02294,1.00,1.00
2015.07.24 19:55:56.832,2.02256,2.02294,1.00,1.34
2015.07.24 19:56:01.140,2.02259,2.02297,1.00,1.34
2015.07.24 19:56:01.442,2.02265,2.02301,1.00,1.34
2015.07.24 19:56:05.049,2.02265,2.02301,1.00,1.34
2015.07.24 19:56:05.200,2.02254,2.02294,1.00,1.00
2015.07.24 19:56:05.301,2.02245,2.02285,1.00,1.00
2015.07.24 19:56:05.617,2.02243,2.02271,1.00,1.00
2015.07.24 19:56:05.869,2.02238,2.02271,1.00,1.00
2015.07.24 19:56:15.094,2.02234,2.02271,1.00,1.00
2015.07.24 19:56:16.302,2.02239,2.02271,1.00,1.00
2015.07.24 19:56:16.732,2.02243,2.02282,1.00,1.00
2015.07.24 19:56:25.883,2.02238,2.02268,1.00,1.00
2015.07.24 19:56:27.098,2.02242,2.0228,1.00,1.00
2015.07.24 19:56:27.149,2.02235,2.02275,1.00,1.00
2015.07.24 19:56:27.403,2.02229,2.02262,1.00,1.00
2015.07.24 19:56:27.852,2.02228,2.02256,1.00,1.00
2015.07.24 19:56:28.003,2.02228,2.02259,1.00,1.00
2015.07.24 19:56:28.845,2.02224,2.02259,1.00,1.00
2015.07.24 19:56:38.745,2.02223,2.02259,1.00,1.00
2015.07.24 19:56:39.853,2.02222,2.02259,1.00,1.00
2015.07.24 19:56:40.496,2.02219,2.02256,1.00,1.00
2015.07.24 19:56:40.601,2.02221,2.0226,1.00,1.00
2015.07.24 19:56:42.591,2.02239,2.02279,1.00,1.50
2015.07.24 19:56:42.913,2.02243,2.02282,1.00,1.00
2015.07.24 19:56:43.246,2.0224,2.02277,1.00,1.00
2015.07.24 19:56:43.649,2.02226,2.02263,1.00,1.00
2015.07.24 19:56:43.851,2.02223,2.02261,1.00,1.00
2015.07.24 19:56:44.053,2.02227,2.02266,1.00,1.00
2015.07.24 19:56:44.921,2.02228,2.02265,1.00,1.00
2015.07.24 19:56:45.727,2.02238,2.02275,1.00,1.00
2015.07.24 19:56:45.778,2.02231,2.0227,1.00,1.00
2015.07.24 19:56:45.930,2.02219,2.02259,1.00,1.00
2015.07.24 19:56:46.413,2.02228,2.02267,1.00,1.00
2015.07.24 19:56:46.464,2.02215,2.02255,1.00,1.00
2015.07.24 19:56:46.767,2.02213,2.02253,1.00,1.00
2015.07.24 19:56:47.104,2.02223,2.02262,1.00,1.00
2015.07.24 19:56:48.019,2.02215,2.02253,1.00,1.00
2015.07.24 19:56:48.294,2.02223,2.02262,1.00,1.00
2015.07.24 19:57:01.801,2.02229,2.02266,1.00,1.00
2015.07.24 19:57:02.003,2.0221,2.02249,1.00,1.00
2015.07.24 19:57:02.054,2.0221,2.02247,1.00,1.00
2015.07.24 19:57:02.393,2.02203,2.02239,1.00,1.00
2015.07.24 19:57:02.544,2.0221,2.02249,1.00,1.00
2015.07.24 19:57:02.645,2.02203,2.02238,1.00,1.00
2015.07.24 19:57:03.330,2.02212,2.02238,1.00,1.00
2015.07.24 19:57:03.431,2.02203,2.02237,1.00,1.00
2015.07.24 19:57:03.583,2.02203,2.0224,1.00,1.00
2015.07.24 19:57:03.784,2.02204,2.02236,1.00,1.00
2015.07.24 19:57:03.835,2.02198,2.02236,1.50,1.00
2015.07.24 19:57:04.371,2.02203,2.02241,1.00,1.00
2015.07.24 19:57:04.851,2.02209,2.02241,1.00,1.00
2015.07.24 19:57:05.196,2.02212,2.02252,1.00,1.00
2015.07.24 19:57:05.247,2.02229,2.02267,1.00,1.00
2015.07.24 19:57:05.362,2.02229,2.02269,1.00,1.00
2015.07.24 19:57:11.181,2.02218,2.02272,1.00,1.00
2015.07.24 19:57:11.232,2.02241,2.02275,1.00,1.00
2015.07.24 19:57:11.333,2.02241,2.02277,1.00,1.00
2015.07.24 19:57:11.384,2.02238,2.02277,1.00,1.00
2015.07.24 19:57:11.485,2.02234,2.02273,1.00,1.00
2015.07.24 19:57:12.064,2.02238,2.02276,1.00,1.00
2015.07.24 19:57:12.215,2.0224,2.0228,1.00,1.00
2015.07.24 19:57:20.012,2.02251,2.02286,1.00,1.00
2015.07.24 19:57:20.063,2.02251,2.0229,1.00,1.00
2015.07.24 19:57:20.819,2.02254,2.02294,1.00,1.84
2015.07.24 19:57:21.147,2.02261,2.02299,1.00,1.34
2015.07.24 19:57:21.970,2.02244,2.02284,1.00,1.00
2015.07.24 19:57:22.752,2.0225,2.02288,1.00,1.00
2015.07.24 19:57:23.322,2.0226,2.02294,1.00,1.34
2015.07.24 19:57:23.520,2.0226,2.02295,1.00,1.00
2015.07.24 19:57:24.046,2.0226,2.02299,1.00,1.34
2015.07.24 19:57:27.399,2.02255,2.02295,1.00,1.00
2015.07.24 19:57:27.701,2.02262,2.02302,1.00,1.34
2015.07.24 19:57:28.004,2.02266,2.02305,1.00,1.34
2015.07.24 19:57:28.666,2.02248,2.02288,1.50,1.00
2015.07.24 19:57:28.717,2.02265,2.02301,1.00,1.34
2015.07.24 19:57:29.358,2.02249,2.02287,1.00,1.00
2015.07.24 19:57:29.459,2.02265,2.02302,1.00,1.34
2015.07.24 19:57:29.560,2.02265,2.02302,1.00,1.09
2015.07.24 19:57:29.612,2.02259,2.02298,1.00,1.00
2015.07.24 19:57:31.466,2.02262,2.02302,1.00,1.09
2015.07.24 19:57:31.977,2.02262,2.02302,1.00,1.34
2015.07.24 19:57:32.514,2.02262,2.02302,1.00,1.00
2015.07.24 19:57:32.867,2.02268,2.02304,1.00,1.00
2015.07.24 19:57:33.268,2.02273,2.0231,1.00,1.00
2015.07.24 19:57:33.875,2.02274,2.0231,1.00,1.00
2015.07.24 19:57:34.078,2.02279,2.02319,1.00,1.34
2015.07.24 19:57:34.179,2.02274,2.0231,1.00,1.00
2015.07.24 19:57:34.482,2.02273,2.02306,1.00,1.00
2015.07.24 19:57:34.533,2.02273,2.02311,1.00,1.00
2015.07.24 19:57:35.478,2.02273,2.02309,1.00,1.00
2015.07.24 19:57:35.831,2.02269,2.02309,1.00,1.00
2015.07.24 19:57:37.622,2.02264,2.02295,1.00,1.00
2015.07.24 19:57:39.302,2.02263,2.02295,1.00,1.00
2015.07.24 19:57:39.353,2.02263,2.023,1.50,1.00
2015.07.24 19:57:40.588,2.02264,2.023,1.00,1.00
2015.07.24 19:57:44.285,2.02262,2.023,1.00,1.00
2015.07.24 19:57:45.180,2.02263,2.023,1.00,1.00
2015.07.24 19:57:49.174,2.02269,2.023,1.00,1.00
2015.07.24 19:57:51.635,2.02283,2.02318,1.00,1.34
2015.07.24 19:57:52.821,2.0227,2.0231,1.50,1.00
2015.07.24 19:57:52.923,2.02282,2.02318,1.00,1.34
2015.07.24 19:57:55.605,2.02279,2.02318,1.00,1.84
2015.07.24 19:57:55.933,2.02262,2.02295,1.00,1.00
2015.07.24 19:57:59.516,2.02263,2.02295,1.00,1.00
2015.07.24 19:57:59.617,2.02264,2.02298,1.00,1.00
2015.07.24 19:58:00.315,2.02287,2.02319,1.00,1.34
2015.07.24 19:58:00.366,2.02287,2.02324,1.00,1.00
2015.07.24 19:58:00.719,2.0229,2.02328,1.00,1.34
2015.07.24 19:58:01.202,2.02294,2.02332,1.00,1.34
2015.07.24 19:58:01.254,2.0228,2.02319,1.00,1.00
2015.07.24 19:58:02.085,2.0228,2.02323,1.00,1.00
2015.07.24 19:58:02.136,2.02285,2.02323,1.00,1.00
2015.07.24 19:58:02.390,2.023,2.02339,1.00,1.00
2015.07.24 19:58:02.496,2.02302,2.0234,1.00,1.00
2015.07.24 19:58:02.698,2.023,2.02339,1.00,1.00
2015.07.24 19:58:03.367,2.023,2.02337,1.00,1.00
2015.07.24 19:58:03.418,2.023,2.02339,1.00,1.00
2015.07.24 19:58:03.519,2.02288,2.02329,1.00,1.00
2015.07.24 19:58:03.570,2.02279,2.02325,1.00,1.00
2015.07.24 19:58:03.621,2.02278,2.02312,1.00,1.00
2015.07.24 19:58:04.082,2.02278,2.02315,1.50,1.00
2015.07.24 19:58:04.671,2.02279,2.02315,1.00,1.00
2015.07.24 19:58:04.722,2.02279,2.02317,1.00,1.00
2015.07.24 19:58:05.166,2.02276,2.02314,1.00,1.00
2015.07.24 19:58:05.267,2.02273,2.02312,1.00,1.00
2015.07.24 19:58:05.383,2.02271,2.02304,1.00,1.00
2015.07.24 19:58:06.332,2.02269,2.02304,1.00,1.00
2015.07.24 19:58:07.839,2.02268,2.02304,1.00,1.00
2015.07.24 19:58:09.823,2.02272,2.0231,1.00,1.00
2015.07.24 19:58:09.932,2.0228,2.02319,1.00,1.00
2015.07.24 19:58:13.014,2.02264,2.02303,1.00,1.00
2015.07.24 19:58:13.397,2.02268,2.02303,1.00,1.00
2015.07.24 19:58:14.368,2.02269,2.02303,1.00,1.00
2015.07.24 19:58:14.992,2.02268,2.02303,1.00,1.00
2015.07.24 19:58:15.981,2.02278,2.02318,1.00,1.00
2015.07.24 19:58:16.572,2.02272,2.02309,1.00,1.00
2015.07.24 19:58:16.622,2.02274,2.02313,1.00,1.00
2015.07.24 19:58:16.939,2.02287,2.02327,1.00,1.84
2015.07.24 19:58:18.188,2.02287,2.0232,1.00,1.00
2015.07.24 19:58:18.676,2.02273,2.02306,1.00,1.00
2015.07.24 19:58:20.969,2.02269,2.02306,1.00,1.00
2015.07.24 19:58:21.298,2.02273,2.02306,1.00,1.00
2015.07.24 19:58:22.580,2.02269,2.02306,1.00,1.00
2015.07.24 19:58:24.859,2.02269,2.02302,1.00,1.00
2015.07.24 19:58:24.910,2.02269,2.02308,1.00,1.00
2015.07.24 19:58:25.112,2.02263,2.02295,1.00,1.00
2015.07.24 19:58:25.213,2.02269,2.02307,1.00,1.00
2015.07.24 19:58:25.314,2.02281,2.02321,1.00,1.00
2015.07.24 19:58:31.852,2.02276,2.02315,1.00,1.00
2015.07.24 19:58:32.155,2.02258,2.02297,1.50,1.00
2015.07.24 19:58:33.349,2.02262,2.02299,1.00,1.00
2015.07.24 19:58:33.805,2.02258,2.02293,1.00,1.00
2015.07.24 19:58:35.431,2.02258,2.02297,1.00,1.00
2015.07.24 19:58:36.361,2.02257,2.02297,1.00,1.00
2015.07.24 19:58:37.320,2.02258,2.02297,1.00,1.00
2015.07.24 19:58:38.124,2.02257,2.02297,1.00,1.00
2015.07.24 19:58:40.089,2.02254,2.02292,1.00,1.00
2015.07.24 19:58:40.393,2.02248,2.02279,1.00,1.00
2015.07.24 19:58:40.443,2.02243,2.02278,1.00,1.00
2015.07.24 19:58:40.494,2.02243,2.02274,1.00,1.00
2015.07.24 19:58:41.983,2.02248,2.02274,1.00,1.00
2015.07.24 19:58:42.185,2.02243,2.02274,1.00,1.00
2015.07.24 19:58:42.908,2.02251,2.02283,1.00,1.00
2015.07.24 19:58:43.411,2.02251,2.02288,1.00,1.34
2015.07.24 19:58:44.972,2.02251,2.02283,1.00,1.00
2015.07.24 19:58:45.023,2.02243,2.02276,1.00,1.00
2015.07.24 19:58:46.611,2.02243,2.02271,1.00,1.00
2015.07.24 19:58:46.937,2.02243,2.02269,1.00,1.00
2015.07.24 19:58:47.089,2.02243,2.02281,1.00,1.00
2015.07.24 19:58:47.191,2.02243,2.02272,1.00,1.00
2015.07.24 19:58:47.820,2.02243,2.02275,1.00,1.00
2015.07.24 19:58:47.940,2.02243,2.02281,1.00,1.00
2015.07.24 19:58:48.243,2.02239,2.0227,1.00,1.00
2015.07.24 19:58:48.636,2.02244,2.0227,1.00,1.00
2015.07.24 19:58:48.796,2.02244,2.02274,1.00,1.00
2015.07.24 19:58:49.297,2.02244,2.02279,1.00,1.00
2015.07.24 19:58:49.400,2.02246,2.02286,1.00,1.34
2015.07.24 19:58:50.048,2.02244,2.0228,1.00,1.00
2015.07.24 19:58:50.502,2.02244,2.02276,1.00,1.00
2015.07.24 19:58:50.855,2.02244,2.02284,1.00,1.00
2015.07.24 19:58:51.903,2.02247,2.02287,1.00,1.84
2015.07.24 19:58:52.586,2.02262,2.02297,1.00,1.50
2015.07.24 19:58:52.687,2.02262,2.023,1.00,1.50
2015.07.24 19:58:54.059,2.02262,2.02299,1.00,1.00
2015.07.24 19:58:54.211,2.02251,2.02288,1.00,1.00
2015.07.24 19:58:55.890,2.02238,2.02276,1.00,1.00
2015.07.24 19:58:56.839,2.02243,2.02276,1.00,1.00
2015.07.24 19:58:59.393,2.02245,2.02284,1.00,1.00
2015.07.24 19:58:59.494,2.02243,2.02276,1.00,1.00
2015.07.24 19:58:59.897,2.02245,2.02283,1.00,1.00
2015.07.24 19:59:00.234,2.02243,2.02279,1.00,1.00
2015.07.24 19:59:00.538,2.02243,2.02277,1.00,1.00
2015.07.24 19:59:00.640,2.0224,2.02277,1.00,1.00
2015.07.24 19:59:00.901,2.02244,2.02277,1.00,1.00
2015.07.24 19:59:01.103,2.0224,2.02277,1.00,1.00
2015.07.24 19:59:01.933,2.02238,2.0227,1.00,1.00
2015.07.24 19:59:02.085,2.02231,2.0227,1.00,1.00
2015.07.24 19:59:02.186,2.02228,2.02264,1.00,1.00
2015.07.24 19:59:02.237,2.0223,2.02267,1.00,1.00
2015.07.24 19:59:02.388,2.02228,2.02255,1.00,1.00
2015.07.24 19:59:02.540,2.02224,2.02256,1.00,1.00
2015.07.24 19:59:03.281,2.02218,2.02256,1.00,1.00
2015.07.24 19:59:05.205,2.02224,2.02256,1.00,1.00
2015.07.24 19:59:05.649,2.02218,2.02256,1.00,1.00
2015.07.24 19:59:06.079,2.02216,2.02256,1.00,1.00
2015.07.24 19:59:07.129,2.02219,2.02256,1.00,1.00
2015.07.24 19:59:09.809,2.02216,2.02256,1.00,1.00
2015.07.24 19:59:10.162,2.02227,2.02266,1.00,1.00
2015.07.24 19:59:12.020,2.02227,2.02265,1.00,1.00
2015.07.24 19:59:12.571,2.02227,2.02266,1.00,1.00
2015.07.24 19:59:17.312,2.0223,2.0227,1.00,1.16
2015.07.24 19:59:17.905,2.02231,2.02268,1.00,1.00
2015.07.24 19:59:18.430,2.02231,2.02267,1.00,1.21
2015.07.24 19:59:18.607,2.02223,2.02263,1.00,1.00
2015.07.24 19:59:18.907,2.02229,2.02268,1.00,1.21
2015.07.24 19:59:19.419,2.02229,2.02267,1.00,1.21
2015.07.24 19:59:20.839,2.02229,2.02259,1.00,1.84
2015.07.24 19:59:20.890,2.02204,2.02243,1.50,1.00
2015.07.24 19:59:20.941,2.02211,2.02251,1.00,1.00
2015.07.24 19:59:21.093,2.02208,2.02253,1.00,1.00
2015.07.24 19:59:21.194,2.02211,2.02257,1.00,1.00
2015.07.24 19:59:21.295,2.02208,2.02252,1.00,1.00
2015.07.24 19:59:21.346,2.02206,2.02252,1.00,1.00
2015.07.24 19:59:21.498,2.02204,2.02246,1.00,1.00
2015.07.24 19:59:21.801,2.02209,2.02237,1.00,1.00
2015.07.24 19:59:22.103,2.02203,2.02237,1.00,1.00
2015.07.24 19:59:22.434,2.02208,2.02242,1.00,1.00
2015.07.24 19:59:22.485,2.02211,2.02253,1.00,1.00
2015.07.24 19:59:23.880,2.02217,2.02253,1.00,1.00
2015.07.24 19:59:23.931,2.02217,2.02258,1.00,1.00
2015.07.24 19:59:23.982,2.02204,2.02245,1.00,1.00
2015.07.24 19:59:24.697,2.02196,2.02242,1.00,1.00
2015.07.24 19:59:25.310,2.02199,2.02234,1.00,1.00
2015.07.24 19:59:25.848,2.02198,2.02234,1.00,1.00
2015.07.24 19:59:27.275,2.02199,2.0223,1.00,1.00
2015.07.24 19:59:27.527,2.02199,2.02241,1.00,1.00
2015.07.24 19:59:27.823,2.02195,2.02241,1.00,1.00
2015.07.24 19:59:27.874,2.02195,2.02241,1.00,1.84
2015.07.24 19:59:28.226,2.02188,2.02226,1.00,1.00
2015.07.24 19:59:28.539,2.02189,2.02217,1.00,1.00
2015.07.24 19:59:29.208,2.02189,2.02234,1.00,1.00
2015.07.24 19:59:29.617,2.02192,2.02236,1.00,1.00
2015.07.24 19:59:30.264,2.02194,2.02236,1.00,1.00
2015.07.24 19:59:30.567,2.02192,2.0223,1.00,1.34
2015.07.24 19:59:30.618,2.02181,2.02227,1.00,1.34
2015.07.24 19:59:30.669,2.02178,2.02222,1.50,1.09
2015.07.24 19:59:31.001,2.02178,2.02214,1.00,1.00
2015.07.24 19:59:31.321,2.02179,2.02213,1.00,1.34
2015.07.24 19:59:31.372,2.02174,2.02211,1.00,1.09
2015.07.24 19:59:31.523,2.02174,2.02211,1.00,1.34
2015.07.24 19:59:31.802,2.02168,2.0221,1.50,1.34
2015.07.24 19:59:32.560,2.02174,2.02211,1.00,1.34
2015.07.24 19:59:32.761,2.02168,2.0221,1.00,1.34
2015.07.24 19:59:32.862,2.02168,2.02202,1.00,1.00
2015.07.24 19:59:33.222,2.02169,2.02211,1.00,1.34
2015.07.24 19:59:33.424,2.02179,2.02211,1.00,1.34
2015.07.24 19:59:34.256,2.02178,2.02215,1.00,1.00
2015.07.24 19:59:34.307,2.02183,2.02218,1.00,1.00
2015.07.24 19:59:34.408,2.02183,2.02223,1.00,1.09
2015.07.24 19:59:35.106,2.02184,2.02223,1.00,1.09
2015.07.24 19:59:35.207,2.02185,2.02234,1.00,1.09
2015.07.24 19:59:35.556,2.0219,2.02234,1.00,1.09
2015.07.24 19:59:35.859,2.02193,2.02241,1.00,2.25
2015.07.24 19:59:35.960,2.02193,2.02237,1.00,1.00
2015.07.24 19:59:36.011,2.02199,2.02245,1.00,1.00
2015.07.24 19:59:36.515,2.02199,2.02248,1.00,1.34
2015.07.24 19:59:37.963,2.0222,2.02259,1.00,1.50
2015.07.24 19:59:38.013,2.0222,2.02261,1.00,1.00
2015.07.24 19:59:38.166,2.0222,2.02257,1.00,1.00
2015.07.24 19:59:38.418,2.02183,2.02238,1.00,1.00
2015.07.24 19:59:38.838,2.02183,2.02236,1.00,1.00
2015.07.24 19:59:39.143,2.02183,2.02231,1.00,1.00
2015.07.24 19:59:39.446,2.02188,2.02231,1.00,1.00
2015.07.24 19:59:39.648,2.02188,2.02235,1.00,1.00
2015.07.24 19:59:39.699,2.02198,2.02235,1.00,1.00
2015.07.24 19:59:39.800,2.02203,2.02244,1.00,1.34
2015.07.24 19:59:39.851,2.02203,2.02244,1.00,1.00
2015.07.24 19:59:40.212,2.02194,2.02244,1.00,1.00
2015.07.24 19:59:40.264,2.02183,2.02231,1.00,1.00
2015.07.24 19:59:40.929,2.02178,2.02231,1.50,1.00
2015.07.24 19:59:41.030,2.02183,2.02231,1.00,1.00
2015.07.24 19:59:41.778,2.02183,2.02227,1.00,1.84
2015.07.24 19:59:41.931,2.02174,2.02213,1.00,1.00
2015.07.24 19:59:42.133,2.02168,2.02212,1.00,1.00
2015.07.24 19:59:42.637,2.02168,2.02213,1.00,1.00
2015.07.24 19:59:43.518,2.02168,2.02213,1.00,2.59
2015.07.24 19:59:43.670,2.02163,2.022,1.00,1.34
2015.07.24 19:59:44.867,2.02169,2.02202,1.00,1.34
2015.07.24 19:59:45.672,2.02168,2.02202,1.00,1.34
2015.07.24 19:59:46.187,2.02174,2.02202,1.00,1.34
2015.07.24 19:59:46.440,2.02169,2.02202,1.00,1.34
2015.07.24 19:59:47.166,2.02169,2.02201,1.00,1.84
2015.07.24 19:59:47.217,2.02163,2.02201,1.00,1.84
2015.07.24 19:59:47.419,2.02159,2.02194,1.00,1.34
2015.07.24 19:59:47.960,2.02158,2.02192,1.00,1.00
2015.07.24 19:59:48.262,2.02158,2.02199,1.00,1.84
2015.07.24 19:59:48.313,2.02153,2.02199,1.00,1.84
2015.07.24 19:59:48.716,2.02158,2.02199,1.00,1.84
2015.07.24 19:59:49.296,2.02158,2.02199,1.00,1.84
2015.07.24 19:59:49.397,2.02163,2.02199,1.00,1.84
2015.07.24 19:59:50.178,2.02168,2.02201,1.00,1.34
2015.07.24 19:59:50.698,2.02173,2.02201,1.00,1.34
2015.07.24 19:59:50.750,2.02168,2.02201,1.00,1.34
2015.07.24 19:59:51.154,2.02164,2.022,1.00,1.34
2015.07.24 19:59:51.686,2.02163,2.02199,1.00,1.34
2015.07.24 19:59:52.399,2.02153,2.02191,1.00,1.00
2015.07.24 19:59:52.450,2.02153,2.02183,1.00,1.00
2015.07.24 19:59:53.050,2.02153,2.0218,1.00,1.84
2015.07.24 19:59:53.151,2.02148,2.02173,1.00,1.34
2015.07.24 19:59:53.303,2.02148,2.02173,1.00,1.00
2015.07.24 19:59:53.354,2.02138,2.02182,1.00,1.34
2015.07.24 19:59:54.109,2.02143,2.02182,1.00,1.34
2015.07.24 19:59:54.815,2.02143,2.02183,1.00,1.34
2015.07.24 19:59:54.917,2.02133,2.02177,1.00,1.00
2015.07.24 19:59:55.278,2.02133,2.02172,1.00,1.00
2015.07.24 19:59:55.670,2.02134,2.02176,1.00,1.00
2015.07.24 19:59:55.721,2.02134,2.02181,1.00,1.34
2015.07.24 19:59:56.151,2.02138,2.02183,1.00,1.34
2015.07.24 19:59:56.934,2.02143,2.02182,1.00,1.09
2015.07.24 19:59:57.276,2.02143,2.02185,1.00,1.34
2015.07.24 19:59:57.326,2.0213,2.02178,1.00,1.34
2015.07.24 19:59:57.377,2.02138,2.02167,1.00,1.00
2015.07.24 19:59:57.478,2.02119,2.02167,1.00,1.00
2015.07.24 19:59:57.529,2.02124,2.02168,1.84,1.00
2015.07.24 19:59:57.832,2.02143,2.02183,1.00,1.00
2015.07.24 19:59:58.084,2.02148,2.0219,1.00,1.00
2015.07.24 19:59:58.630,2.02144,2.02191,1.00,1.00
2015.07.24 19:59:58.731,2.02143,2.02183,1.00,1.00
2015.07.24 19:59:58.782,2.02143,2.02191,1.00,1.00
2015.07.24 19:59:58.833,2.02145,2.02196,1.00,1.00
2015.07.24 19:59:59.085,2.02145,2.02198,1.00,1.00
2015.07.24 19:59:59.136,2.02147,2.02198,1.00,1.00
2015.07.24 19:59:59.287,2.02147,2.022,1.00,1.00
2015.07.24 19:59:59.970,2.02148,2.02199,1.00,1.00
