2011.08.07 22:00:36.758,1.61748,1.61972,0.38,0.38
2011.08.07 22:00:37.717,1.6178,1.61976,0.75,0.75
2011.08.07 22:01:01.066,1.61835,1.62191,1.13,1.13
2011.08.07 22:01:01.397,1.61837,1.62191,1.13,1.13
2011.08.07 22:01:01.725,1.6184,1.62203,1.13,1.13
2011.08.07 22:01:02.166,1.61844,1.62203,1.13,1.13
2011.08.07 22:01:02.386,1.61844,1.622,1.13,1.13
2011.08.07 22:01:03.047,1.61844,1.622,1.13,1.13
2011.08.07 22:01:03.155,1.61844,1.622,1.13,1.13
2011.08.07 22:01:03.591,1.61844,1.622,1.13,1.13
2011.08.07 22:01:03.806,1.61844,1.622,1.13,1.13
2011.08.07 22:01:07.906,1.61844,1.622,1.13,1.13
2011.08.07 22:01:14.935,1.61846,1.62202,1.13,1.13
2011.08.07 22:01:20.696,1.61845,1.62201,1.32,1.13
2011.08.07 22:01:21.025,1.61862,1.62221,2.46,1.47
2011.08.07 22:01:21.355,1.61863,1.62142,1.47,0.75
2011.08.07 22:01:22.702,1.61864,1.62143,1.09,0.75
2011.08.07 22:01:22.926,1.61864,1.62143,1.09,0.75
2011.08.07 22:01:23.036,1.61864,1.62143,1.09,0.75
2011.08.07 22:01:23.146,1.61865,1.6215,1.09,0.75
2011.08.07 22:01:23.666,1.61865,1.62151,1.09,0.75
2011.08.07 22:01:24.206,1.61868,1.6215,1.09,0.75
2011.08.07 22:01:25.383,1.61873,1.62151,1.09,0.75
2011.08.07 22:01:25.971,1.61876,1.62151,1.69,1.50
2011.08.07 22:01:26.089,1.61874,1.62151,1.09,0.75
2011.08.07 22:01:26.305,1.61874,1.62125,1.09,0.75
2011.08.07 22:01:26.864,1.61828,1.62107,1.32,0.75
2011.08.07 22:01:27.197,1.61892,1.62088,1.35,1.35
2011.08.07 22:01:27.307,1.61887,1.62087,1.35,1.35
2011.08.07 22:01:27.747,1.61887,1.62087,2.10,1.35
2011.08.07 22:01:27.918,1.61887,1.62087,1.35,1.35
2011.08.07 22:01:28.246,1.61887,1.62087,2.10,1.35
2011.08.07 22:01:29.078,1.61887,1.62087,1.35,1.35
2011.08.07 22:01:29.186,1.61887,1.62087,1.35,2.10
2011.08.07 22:01:29.515,1.6187,1.62071,1.35,1.35
2011.08.07 22:01:30.228,1.6187,1.62071,2.10,1.35
2011.08.07 22:01:31.218,1.6187,1.62071,2.10,1.35
2011.08.07 22:01:32.149,1.6187,1.62071,2.10,2.10
2011.08.07 22:01:32.274,1.6187,1.62071,2.10,1.35
2011.08.07 22:01:32.609,1.61871,1.6207,2.10,1.35
2011.08.07 22:01:33.267,1.61871,1.6207,2.10,1.35
2011.08.07 22:01:34.217,1.61871,1.62069,1.35,1.50
2011.08.07 22:01:34.327,1.61854,1.62054,2.10,1.35
2011.08.07 22:01:34.657,1.61845,1.62046,1.35,1.35
2011.08.07 22:01:34.766,1.61832,1.62029,1.50,1.35
2011.08.07 22:01:36.797,1.61811,1.62029,2.10,2.10
2011.08.07 22:01:36.907,1.61818,1.62022,2.10,1.35
2011.08.07 22:01:37.266,1.61832,1.62008,2.10,1.35
2011.08.07 22:01:39.758,1.61832,1.62008,2.10,1.35
2011.08.07 22:01:39.868,1.61834,1.62023,2.10,1.35
2011.08.07 22:01:40.881,1.61831,1.62009,2.10,1.35
2011.08.07 22:01:41.207,1.61831,1.62009,1.35,1.35
2011.08.07 22:01:41.778,1.61803,1.62005,1.35,1.35
2011.08.07 22:01:41.911,1.618,1.61991,1.35,1.35
2011.08.07 22:01:43.238,1.618,1.61991,2.10,1.35
2011.08.07 22:01:43.639,1.61797,1.61986,2.10,1.35
2011.08.07 22:01:44.179,1.61797,1.61986,2.10,1.35
2011.08.07 22:01:45.208,1.61797,1.61986,2.10,1.35
2011.08.07 22:01:46.601,1.61797,1.61986,1.35,1.35
2011.08.07 22:01:47.356,1.61794,1.61972,1.35,1.35
2011.08.07 22:01:47.859,1.61794,1.61972,2.10,1.35
2011.08.07 22:01:48.698,1.61794,1.61972,2.10,1.35
2011.08.07 22:01:49.022,1.61794,1.61972,1.35,1.35
2011.08.07 22:01:49.286,1.61794,1.61972,2.10,1.35
2011.08.07 22:01:50.993,1.61794,1.61972,2.10,1.35
2011.08.07 22:01:51.161,1.61794,1.61972,2.10,1.35
2011.08.07 22:01:51.380,1.61794,1.61972,2.10,1.35
2011.08.07 22:01:51.596,1.61794,1.61972,2.10,1.35
2011.08.07 22:01:52.557,1.61794,1.61972,2.10,1.35
2011.08.07 22:01:52.666,1.61794,1.61972,1.35,1.35
2011.08.07 22:01:52.886,1.61781,1.6197,1.35,1.35
2011.08.07 22:01:54.621,1.61781,1.6197,2.10,1.35
2011.08.07 22:01:56.928,1.61781,1.6197,2.10,1.35
2011.08.07 22:01:58.087,1.61781,1.6197,2.10,1.35
2011.08.07 22:01:58.423,1.61779,1.61955,2.10,1.35
2011.08.07 22:01:59.079,1.61779,1.61955,2.10,1.35
2011.08.07 22:02:00.981,1.61779,1.61955,2.10,1.35
2011.08.07 22:02:01.089,1.61779,1.61955,2.10,1.35
2011.08.07 22:02:03.239,1.61779,1.61955,2.10,1.35
2011.08.07 22:02:05.757,1.61779,1.61955,1.35,1.35
2011.08.07 22:02:05.976,1.61763,1.61954,2.10,1.35
2011.08.07 22:02:08.290,1.61763,1.61954,2.10,1.35
2011.08.07 22:02:09.026,1.61763,1.61954,2.10,1.35
2011.08.07 22:02:10.997,1.61763,1.61954,2.10,1.35
2011.08.07 22:02:11.382,1.61763,1.61954,2.10,1.35
2011.08.07 22:02:11.488,1.61761,1.61937,2.10,2.03
2011.08.07 22:02:11.817,1.61763,1.6194,2.10,1.35
2011.08.07 22:02:12.366,1.61763,1.6194,2.10,1.35
2011.08.07 22:02:14.859,1.61763,1.6194,2.10,1.35
2011.08.07 22:02:16.166,1.61763,1.6194,2.10,1.35
2011.08.07 22:02:16.849,1.61763,1.6194,2.10,1.35
2011.08.07 22:02:18.650,1.61763,1.6194,2.10,1.35
2011.08.07 22:02:19.207,1.61763,1.6194,1.35,1.35
2011.08.07 22:02:19.317,1.61748,1.61963,1.50,1.50
2011.08.07 22:02:20.298,1.61726,1.61963,1.50,1.50
2011.08.07 22:02:27.517,1.61726,1.61963,1.50,1.50
2011.08.07 22:02:27.627,1.61721,1.61968,1.50,1.50
2011.08.07 22:02:28.176,1.61709,1.61979,1.50,1.50
2011.08.07 22:02:28.395,1.61704,1.61979,1.50,1.50
2011.08.07 22:02:28.617,1.61721,1.61968,1.50,1.50
2011.08.07 22:02:29.166,1.61709,1.6198,1.50,1.50
2011.08.07 22:02:29.497,1.6172,1.61969,1.50,1.50
2011.08.07 22:02:30.046,1.61708,1.61964,1.13,1.50
2011.08.07 22:02:30.268,1.61711,1.61959,1.13,1.50
2011.08.07 22:02:30.968,1.61711,1.61959,1.13,1.50
2011.08.07 22:02:31.635,1.61711,1.61959,1.13,1.50
2011.08.07 22:02:31.737,1.61749,1.61968,1.13,1.43
2011.08.07 22:02:32.578,1.61749,1.61968,1.13,1.43
2011.08.07 22:02:34.011,1.61749,1.61969,1.13,1.43
2011.08.07 22:02:34.818,1.61749,1.61969,1.13,1.43
2011.08.07 22:02:35.857,1.61754,1.61969,1.13,1.43
2011.08.07 22:02:36.077,1.61769,1.61954,1.35,1.35
2011.08.07 22:02:36.863,1.61764,1.61954,2.10,1.35
2011.08.07 22:02:36.968,1.61764,1.61954,1.35,1.35
2011.08.07 22:02:37.077,1.61748,1.61953,1.73,1.35
2011.08.07 22:02:37.187,1.61748,1.61953,1.35,1.35
2011.08.07 22:02:37.909,1.61748,1.61953,2.10,1.35
2011.08.07 22:02:38.237,1.61748,1.61953,2.10,1.35
2011.08.07 22:02:39.049,1.61748,1.61953,2.10,1.35
2011.08.07 22:02:41.116,1.61748,1.61953,2.10,1.35
2011.08.07 22:02:41.488,1.61748,1.61953,2.10,2.10
2011.08.07 22:02:42.227,1.61748,1.61953,2.10,1.35
2011.08.07 22:02:43.017,1.61748,1.61953,2.10,1.35
2011.08.07 22:02:43.347,1.61766,1.61954,2.10,1.35
2011.08.07 22:02:43.679,1.61755,1.61939,2.10,1.35
2011.08.07 22:02:44.658,1.61763,1.6194,2.10,1.35
2011.08.07 22:02:45.210,1.61764,1.6194,2.10,1.35
2011.08.07 22:02:45.647,1.61764,1.6194,2.10,1.35
2011.08.07 22:02:45.977,1.61763,1.6194,1.35,1.35
2011.08.07 22:02:46.087,1.61747,1.61938,2.10,1.35
2011.08.07 22:02:48.939,1.61747,1.61938,2.10,1.35
2011.08.07 22:02:51.410,1.61747,1.61938,2.10,1.35
2011.08.07 22:02:51.918,1.61747,1.61938,1.35,1.35
2011.08.07 22:02:52.136,1.6173,1.61964,1.50,1.50
2011.08.07 22:02:52.247,1.6173,1.61964,1.50,1.50
2011.08.07 22:02:52.468,1.61729,1.61968,1.50,1.50
2011.08.07 22:02:52.578,1.61733,1.6198,1.50,1.50
2011.08.07 22:02:53.188,1.61729,1.61973,1.50,1.50
2011.08.07 22:02:53.516,1.61767,1.62009,1.50,1.09
2011.08.07 22:02:53.737,1.61767,1.62014,1.50,1.65
2011.08.07 22:02:53.846,1.6169,1.61934,1.65,1.50
2011.08.07 22:02:54.176,1.61701,1.61943,1.69,1.50
2011.08.07 22:02:54.287,1.61769,1.62018,1.50,1.50
2011.08.07 22:02:54.726,1.61753,1.62,1.50,1.50
2011.08.07 22:02:57.001,1.61758,1.61995,1.50,1.50
2011.08.07 22:02:57.414,1.61758,1.61995,1.50,1.50
2011.08.07 22:02:57.746,1.61753,1.62,1.50,1.50
2011.08.07 22:02:57.966,1.6177,1.62017,1.50,1.50
2011.08.07 22:02:59.766,1.61775,1.62012,1.50,1.50
2011.08.07 22:03:00.307,1.6177,1.62012,1.50,1.50
2011.08.07 22:03:00.417,1.61775,1.62012,1.50,1.50
2011.08.07 22:03:01.559,1.61776,1.62006,1.50,1.50
2011.08.07 22:03:02.016,1.61781,1.61991,1.50,1.50
2011.08.07 22:03:02.710,1.61788,1.61982,1.50,1.50
2011.08.07 22:03:03.038,1.61794,1.61982,1.50,1.50
2011.08.07 22:03:03.148,1.61794,1.61974,1.50,1.50
2011.08.07 22:03:03.776,1.61801,1.61974,1.50,1.50
2011.08.07 22:03:04.214,1.61801,1.61974,1.50,1.50
2011.08.07 22:03:06.032,1.61806,1.61974,1.69,1.50
2011.08.07 22:03:06.158,1.61832,1.62077,1.50,1.50
2011.08.07 22:03:06.596,1.61805,1.62103,1.13,0.75
2011.08.07 22:03:07.037,1.61909,1.62103,0.15,0.75
2011.08.07 22:03:07.146,1.6193,1.62172,1.50,1.50
2011.08.07 22:03:07.986,1.61896,1.6214,1.65,1.50
2011.08.07 22:03:08.096,1.61896,1.6214,1.50,1.50
2011.08.07 22:03:08.206,1.61896,1.6214,1.50,1.50
2011.08.07 22:03:08.316,1.61882,1.62126,1.50,1.50
2011.08.07 22:03:09.017,1.61882,1.6213,1.69,1.50
2011.08.07 22:03:09.573,1.61923,1.62172,1.50,1.50
2011.08.07 22:03:09.687,1.61972,1.62214,1.50,1.50
2011.08.07 22:03:10.236,1.61962,1.62209,1.50,1.50
2011.08.07 22:03:10.346,1.61962,1.62206,1.50,1.50
2011.08.07 22:03:10.786,1.61972,1.62216,1.50,1.50
2011.08.07 22:03:11.449,1.61972,1.62216,1.50,1.50
2011.08.07 22:03:12.194,1.61972,1.62216,1.50,1.50
2011.08.07 22:03:12.727,1.61972,1.62216,1.50,1.50
2011.08.07 22:03:13.646,1.61997,1.62241,1.50,1.50
2011.08.07 22:03:14.195,1.61997,1.62241,1.50,1.50
2011.08.07 22:03:14.796,1.61997,1.62241,1.50,1.50
2011.08.07 22:03:15.846,1.62002,1.62241,1.50,1.50
2011.08.07 22:03:15.956,1.61997,1.62241,1.50,1.50
2011.08.07 22:03:16.067,1.61963,1.6221,1.50,1.50
2011.08.07 22:03:16.793,1.6189,1.62226,1.50,1.50
2011.08.07 22:03:16.907,1.61897,1.62148,1.50,1.50
2011.08.07 22:03:17.236,1.61904,1.62153,1.50,1.50
2011.08.07 22:03:18.047,1.61912,1.62161,1.50,1.50
2011.08.07 22:03:18.376,1.61917,1.62161,1.50,1.50
2011.08.07 22:03:18.706,1.61912,1.62161,1.50,1.50
2011.08.07 22:03:19.257,1.61913,1.6216,1.50,1.50
2011.08.07 22:03:19.366,1.61902,1.62144,1.50,1.50
2011.08.07 22:03:19.836,1.61893,1.62137,1.50,1.50
2011.08.07 22:03:22.825,1.61893,1.62137,1.50,1.50
2011.08.07 22:03:23.797,1.61907,1.62132,1.50,1.50
2011.08.07 22:03:25.246,1.61907,1.62132,1.50,1.50
2011.08.07 22:03:26.037,1.61906,1.62132,1.50,1.50
2011.08.07 22:03:26.896,1.61921,1.62132,1.50,1.50
2011.08.07 22:03:27.337,1.61906,1.62132,1.50,1.50
2011.08.07 22:03:28.307,1.61906,1.62132,1.50,1.50
2011.08.07 22:03:29.936,1.61906,1.62139,1.50,1.50
2011.08.07 22:03:30.411,1.61906,1.62106,1.50,1.50
2011.08.07 22:03:30.528,1.61901,1.6214,1.50,1.50
2011.08.07 22:03:30.833,1.61901,1.6214,1.50,1.50
2011.08.07 22:03:31.486,1.61923,1.62138,1.50,1.50
2011.08.07 22:03:32.475,1.61923,1.62138,1.50,1.50
2011.08.07 22:03:32.806,1.61923,1.62138,1.50,1.50
2011.08.07 22:03:33.137,1.61907,1.62138,1.50,1.50
2011.08.07 22:03:33.716,1.61893,1.62137,1.69,1.50
2011.08.07 22:03:33.936,1.61947,1.62191,1.50,1.50
2011.08.07 22:03:35.448,1.61903,1.62147,1.65,1.50
2011.08.07 22:03:35.839,1.61903,1.62147,1.50,1.50
2011.08.07 22:03:35.947,1.61903,1.62142,1.50,1.50
2011.08.07 22:03:37.835,1.61903,1.62142,1.50,1.50
2011.08.07 22:03:38.375,1.61903,1.62142,1.50,1.50
2011.08.07 22:03:38.724,1.6191,1.62149,1.50,1.50
2011.08.07 22:03:39.375,1.61912,1.62149,1.50,1.50
2011.08.07 22:03:40.255,1.61912,1.62149,1.50,1.50
2011.08.07 22:03:40.917,1.61912,1.62149,1.50,1.50
2011.08.07 22:03:41.456,1.61912,1.62149,1.50,1.50
2011.08.07 22:03:42.157,1.61912,1.62149,1.50,1.50
2011.08.07 22:03:42.915,1.61932,1.62139,1.50,1.50
2011.08.07 22:03:43.796,1.61936,1.62139,1.50,1.50
2011.08.07 22:03:45.332,1.61939,1.62149,1.50,2.25
2011.08.07 22:03:45.437,1.61937,1.62138,1.50,1.50
2011.08.07 22:03:49.619,1.61939,1.62138,1.50,1.50
2011.08.07 22:03:49.948,1.61941,1.62134,1.50,1.50
2011.08.07 22:03:52.019,1.61952,1.62138,1.50,1.50
2011.08.07 22:03:52.486,1.61952,1.62138,1.50,1.50
2011.08.07 22:03:53.048,1.61952,1.62134,1.50,1.50
2011.08.07 22:03:53.156,1.61952,1.62133,1.50,1.50
2011.08.07 22:03:53.387,1.61947,1.62133,1.50,1.50
2011.08.07 22:03:53.607,1.61942,1.62133,1.50,1.50
2011.08.07 22:03:53.718,1.61937,1.62133,1.50,1.50
2011.08.07 22:03:53.826,1.61937,1.62133,1.50,1.50
2011.08.07 22:04:00.300,1.6194,1.62133,1.50,1.50
2011.08.07 22:04:01.917,1.6194,1.62139,1.50,1.50
2011.08.07 22:04:02.248,1.61941,1.62129,1.50,1.50
2011.08.07 22:04:02.466,1.61941,1.62134,1.50,1.50
2011.08.07 22:04:02.927,1.61941,1.6215,1.50,1.50
2011.08.07 22:04:03.166,1.61924,1.62161,1.69,1.50
2011.08.07 22:04:03.386,1.61924,1.62161,1.69,1.50
2011.08.07 22:04:04.476,1.61924,1.62161,1.50,1.69
2011.08.07 22:04:05.426,1.61917,1.62156,1.50,1.50
2011.08.07 22:04:05.866,1.61902,1.62139,1.50,1.69
2011.08.07 22:04:09.046,1.61902,1.62139,1.69,1.50
2011.08.07 22:04:19.996,1.61926,1.62163,1.69,1.50
2011.08.07 22:04:22.006,1.61982,1.62219,1.50,1.50
2011.08.07 22:04:23.606,1.61964,1.62208,1.50,1.50
2011.08.07 22:04:23.716,1.61959,1.62208,1.50,1.50
2011.08.07 22:04:27.556,1.61951,1.622,1.50,1.50
2011.08.07 22:04:27.895,1.61941,1.6221,1.50,1.50
2011.08.07 22:04:28.226,1.61941,1.62236,1.50,1.50
2011.08.07 22:04:30.067,1.61941,1.62211,1.50,1.50
2011.08.07 22:04:30.177,1.61942,1.62211,1.50,1.50
2011.08.07 22:04:30.508,1.61942,1.62193,1.13,1.50
2011.08.07 22:04:31.686,1.61942,1.62187,1.13,1.50
2011.08.07 22:04:33.816,1.61942,1.62208,1.50,1.50
2011.08.07 22:04:34.596,1.61896,1.6225,1.13,1.13
2011.08.07 22:04:37.046,1.61905,1.62259,1.13,1.13
2011.08.07 22:04:49.557,1.61925,1.62226,0.75,1.13
2011.08.07 22:04:51.465,1.61868,1.62227,1.13,1.13
2011.08.07 22:04:51.576,1.61868,1.62227,1.13,1.13
2011.08.07 22:04:52.646,1.61871,1.62227,1.13,1.13
2011.08.07 22:04:55.297,1.61873,1.62227,1.32,1.13
2011.08.07 22:04:56.876,1.61941,1.62234,0.75,1.13
2011.08.07 22:04:57.796,1.61888,1.62244,1.13,1.13
2011.08.07 22:04:58.016,1.61886,1.62242,1.13,1.13
2011.08.07 22:04:59.736,1.61877,1.62231,1.32,1.13
2011.08.07 22:05:00.546,1.61873,1.62227,1.13,1.13
2011.08.07 22:05:00.766,1.61879,1.62235,1.32,1.32
2011.08.07 22:05:00.986,1.61873,1.62227,1.28,1.13
2011.08.07 22:05:05.027,1.61873,1.62197,1.09,1.09
2011.08.07 22:05:08.357,1.61845,1.62201,1.32,1.13
2011.08.07 22:05:08.576,1.61836,1.6219,1.13,1.13
2011.08.07 22:05:09.176,1.61825,1.62179,1.13,1.13
2011.08.07 22:05:09.637,1.6182,1.62174,1.13,1.13
2011.08.07 22:05:17.006,1.61886,1.62177,0.75,1.13
2011.08.07 22:05:17.337,1.61821,1.62177,1.13,1.13
2011.08.07 22:05:21.977,1.61844,1.62181,1.09,1.09
2011.08.07 22:05:22.307,1.61844,1.62181,1.09,1.09
2011.08.07 22:05:22.416,1.61844,1.62181,1.09,1.09
2011.08.07 22:05:22.747,1.61853,1.62181,1.32,1.09
2011.08.07 22:05:23.538,1.61879,1.62176,1.09,1.09
2011.08.07 22:05:23.564,1.61879,1.62176,1.09,1.09
2011.08.07 22:05:26.176,1.61855,1.62184,1.09,1.09
2011.08.07 22:05:27.486,1.61878,1.6225,1.13,1.59
2011.08.07 22:05:28.887,1.61873,1.62161,1.13,0.75
2011.08.07 22:05:29.696,1.61896,1.62224,1.13,1.09
2011.08.07 22:05:34.727,1.61898,1.62238,1.13,1.13
2011.08.07 22:05:34.836,1.61961,1.62238,0.75,1.13
2011.08.07 22:05:37.505,1.61898,1.62237,1.09,1.09
2011.08.07 22:05:40.577,1.61913,1.62207,1.09,1.09
2011.08.07 22:05:41.456,1.61884,1.62221,1.09,1.09
2011.08.07 22:05:44.096,1.61883,1.622,1.09,1.13
2011.08.07 22:05:44.316,1.61913,1.62161,1.50,1.50
2011.08.07 22:05:44.648,1.61913,1.62161,1.50,1.50
2011.08.07 22:05:44.976,1.61901,1.62099,1.50,1.13
2011.08.07 22:05:45.309,1.61901,1.62098,1.50,1.13
2011.08.07 22:05:45.748,1.619,1.62098,1.50,1.13
2011.08.07 22:05:45.967,1.61887,1.62099,1.50,1.13
2011.08.07 22:05:46.077,1.61876,1.62099,1.50,1.13
2011.08.07 22:05:47.247,1.61875,1.62099,1.50,1.13
2011.08.07 22:05:48.147,1.61876,1.62099,1.50,1.13
2011.08.07 22:05:49.119,1.61875,1.62099,1.50,1.13
2011.08.07 22:05:49.381,1.61875,1.62099,1.50,1.13
2011.08.07 22:05:49.487,1.61865,1.62099,1.50,1.13
2011.08.07 22:05:49.706,1.61865,1.62098,1.69,1.13
2011.08.07 22:05:50.037,1.61879,1.62161,1.09,1.13
2011.08.07 22:05:51.384,1.61879,1.62161,1.09,1.13
2011.08.07 22:05:52.139,1.61909,1.62129,1.09,1.50
2011.08.07 22:05:52.925,1.61909,1.62124,1.09,1.50
2011.08.07 22:05:53.247,1.61909,1.62124,1.09,1.50
2011.08.07 22:05:53.585,1.61909,1.62124,1.09,1.50
2011.08.07 22:05:53.918,1.61909,1.6212,1.09,1.50
2011.08.07 22:05:54.247,1.61908,1.62119,1.09,1.50
2011.08.07 22:05:54.358,1.61908,1.62119,1.09,1.50
2011.08.07 22:05:54.467,1.61907,1.62119,1.09,1.50
2011.08.07 22:05:54.717,1.61894,1.62114,1.65,1.50
2011.08.07 22:05:54.936,1.61893,1.62109,1.50,1.50
2011.08.07 22:05:55.267,1.61893,1.62098,1.50,1.50
2011.08.07 22:05:55.657,1.61893,1.62092,1.50,1.50
2011.08.07 22:05:56.107,1.61894,1.62067,2.10,1.35
2011.08.07 22:05:56.667,1.61894,1.62067,2.10,1.35
2011.08.07 22:05:56.996,1.61899,1.62069,2.10,1.35
2011.08.07 22:05:57.757,1.61899,1.62069,2.10,1.35
2011.08.07 22:05:57.977,1.61894,1.62067,2.10,1.35
2011.08.07 22:05:58.663,1.6191,1.62084,1.35,2.03
2011.08.07 22:05:58.887,1.6191,1.62084,1.35,1.35
2011.08.07 22:05:59.527,1.6191,1.62084,2.10,1.35
2011.08.07 22:05:59.857,1.61924,1.62087,1.35,1.35
2011.08.07 22:06:00.701,1.61924,1.62087,1.35,2.10
2011.08.07 22:06:00.819,1.61924,1.62087,1.35,1.35
2011.08.07 22:06:02.479,1.61924,1.62087,2.10,1.35
2011.08.07 22:06:03.545,1.61924,1.62087,1.35,1.35
2011.08.07 22:06:03.664,1.61924,1.62087,2.10,1.35
2011.08.07 22:06:04.926,1.61924,1.62087,1.35,1.35
2011.08.07 22:06:05.041,1.61924,1.62087,2.10,1.35
2011.08.07 22:06:06.277,1.61924,1.62087,1.54,1.35
2011.08.07 22:06:06.388,1.61911,1.62147,1.09,0.75
2011.08.07 22:06:06.497,1.6186,1.62207,1.09,1.13
2011.08.07 22:06:06.607,1.61854,1.62205,1.09,1.13
2011.08.07 22:06:06.827,1.61853,1.62125,1.09,0.75
2011.08.07 22:06:07.157,1.61911,1.62133,1.50,1.50
2011.08.07 22:06:07.936,1.61911,1.62129,1.50,1.50
2011.08.07 22:06:09.318,1.61911,1.62125,1.50,1.50
2011.08.07 22:06:09.648,1.61924,1.62087,2.10,1.35
2011.08.07 22:06:10.481,1.61924,1.62087,2.10,1.35
2011.08.07 22:06:11.227,1.61924,1.62087,2.10,1.35
2011.08.07 22:06:11.337,1.61922,1.62072,2.10,1.35
2011.08.07 22:06:11.557,1.61925,1.62086,2.10,1.35
2011.08.07 22:06:12.507,1.61925,1.62086,2.10,1.35
2011.08.07 22:06:12.727,1.61922,1.62072,2.10,1.35
2011.08.07 22:06:13.478,1.61922,1.62072,1.35,1.35
2011.08.07 22:06:13.587,1.61912,1.6207,1.50,1.35
2011.08.07 22:06:14.537,1.61908,1.6207,2.10,1.35
2011.08.07 22:06:17.430,1.61908,1.6207,1.35,1.35
2011.08.07 22:06:17.648,1.61893,1.62068,2.10,1.35
2011.08.07 22:06:17.867,1.61901,1.62068,1.50,1.35
2011.08.07 22:06:17.978,1.61896,1.62068,1.50,1.35
2011.08.07 22:06:18.087,1.61908,1.6207,1.35,1.35
2011.08.07 22:06:18.528,1.61922,1.62072,1.35,1.35
2011.08.07 22:06:18.747,1.61912,1.62069,1.50,1.35
2011.08.07 22:06:18.858,1.61909,1.62069,1.35,1.35
2011.08.07 22:06:18.967,1.61896,1.62067,1.50,1.35
2011.08.07 22:06:20.218,1.61894,1.62067,2.10,1.35
2011.08.07 22:06:21.385,1.61894,1.62067,2.10,1.35
2011.08.07 22:06:23.359,1.61894,1.62067,2.10,1.35
2011.08.07 22:06:23.577,1.6189,1.62042,2.10,1.35
2011.08.07 22:06:24.126,1.6189,1.62042,2.10,1.35
2011.08.07 22:06:25.060,1.6189,1.62042,2.10,1.35
2011.08.07 22:06:25.192,1.61898,1.62046,1.35,1.35
2011.08.07 22:06:25.309,1.61891,1.62056,2.10,1.35
2011.08.07 22:06:25.528,1.61892,1.62057,2.10,1.35
2011.08.07 22:06:25.757,1.61892,1.62057,2.10,1.35
2011.08.07 22:06:25.869,1.61894,1.62083,2.10,2.03
2011.08.07 22:06:25.979,1.61894,1.62083,2.10,1.35
2011.08.07 22:06:26.309,1.61934,1.62094,1.35,1.35
2011.08.07 22:06:26.637,1.61931,1.62064,1.35,1.35
2011.08.07 22:06:28.676,1.61932,1.6208,1.35,1.35
2011.08.07 22:06:29.199,1.61932,1.6208,1.35,2.10
2011.08.07 22:06:29.527,1.61913,1.62059,1.35,1.35
2011.08.07 22:06:29.638,1.61923,1.62075,1.35,1.35
2011.08.07 22:06:30.077,1.61923,1.62075,1.73,1.35
2011.08.07 22:06:30.297,1.61952,1.621,1.35,1.35
2011.08.07 22:06:32.658,1.6195,1.62085,1.35,1.35
2011.08.07 22:06:33.577,1.61904,1.62093,1.50,1.50
2011.08.07 22:06:33.907,1.61902,1.62083,1.50,1.50
2011.08.07 22:06:34.257,1.61895,1.62083,1.50,1.50
2011.08.07 22:06:34.728,1.61895,1.62079,1.50,1.50
2011.08.07 22:06:35.446,1.61895,1.62068,1.50,1.50
2011.08.07 22:06:36.476,1.61896,1.62063,1.50,1.50
2011.08.07 22:06:36.696,1.61896,1.62064,1.50,1.50
2011.08.07 22:06:37.404,1.61896,1.62062,1.50,1.50
2011.08.07 22:06:38.277,1.61902,1.62067,1.50,1.50
2011.08.07 22:06:38.880,1.61901,1.62089,1.50,1.50
2011.08.07 22:06:39.096,1.61901,1.62092,1.50,1.50
2011.08.07 22:06:39.207,1.61911,1.62094,1.50,1.50
2011.08.07 22:06:40.308,1.61911,1.62092,1.50,1.50
2011.08.07 22:06:41.386,1.61911,1.62098,1.50,1.50
2011.08.07 22:06:41.718,1.61942,1.62152,1.69,1.09
2011.08.07 22:06:42.416,1.61947,1.62143,1.09,1.69
2011.08.07 22:06:44.006,1.61951,1.62139,1.09,1.69
2011.08.07 22:06:45.844,1.61959,1.62139,1.09,1.69
2011.08.07 22:06:46.250,1.61959,1.62133,1.09,1.50
2011.08.07 22:06:46.667,1.61956,1.6213,1.09,1.50
2011.08.07 22:06:46.778,1.61952,1.62144,1.09,1.50
2011.08.07 22:06:47.226,1.61928,1.62144,1.75,1.50
2011.08.07 22:06:47.338,1.61928,1.62134,1.60,1.50
2011.08.07 22:06:47.447,1.61878,1.62125,1.60,1.50
2011.08.07 22:06:47.667,1.61878,1.62125,1.50,1.50
2011.08.07 22:06:48.318,1.61911,1.62124,1.50,1.50
2011.08.07 22:06:48.537,1.61901,1.62101,2.10,1.35
2011.08.07 22:06:49.088,1.61898,1.62087,2.10,1.35
2011.08.07 22:06:49.418,1.61931,1.62104,1.35,1.35
2011.08.07 22:06:49.747,1.61929,1.62089,1.35,1.35
2011.08.07 22:06:51.067,1.61904,1.62087,1.13,1.35
2011.08.07 22:06:52.397,1.61898,1.62087,2.10,2.03
2011.08.07 22:06:52.507,1.61898,1.62076,2.10,1.43
2011.08.07 22:06:52.887,1.61896,1.62057,2.10,1.35
2011.08.07 22:06:53.502,1.61896,1.62057,2.10,1.35
2011.08.07 22:06:54.351,1.61896,1.62057,1.35,1.35
2011.08.07 22:06:54.766,1.61896,1.62057,2.10,1.35
2011.08.07 22:06:55.998,1.6191,1.62059,1.35,1.35
2011.08.07 22:06:56.327,1.61896,1.62057,2.10,1.35
2011.08.07 22:06:56.657,1.61897,1.62059,2.10,1.35
2011.08.07 22:06:57.267,1.61897,1.62059,1.35,1.35
2011.08.07 22:06:57.737,1.61897,1.62059,2.10,1.35
2011.08.07 22:07:00.447,1.61913,1.6206,1.35,1.35
2011.08.07 22:07:00.556,1.61897,1.62059,2.10,1.35
2011.08.07 22:07:01.247,1.61897,1.62059,1.35,1.35
2011.08.07 22:07:01.357,1.61895,1.62044,2.10,1.35
2011.08.07 22:07:02.758,1.61895,1.62044,1.35,2.10
2011.08.07 22:07:03.154,1.6189,1.62031,1.35,1.35
2011.08.07 22:07:20.531,1.61898,1.6204,1.35,1.35
2011.08.07 22:07:21.687,1.61898,1.62038,1.35,1.35
2011.08.07 22:07:22.401,1.61899,1.62039,1.35,1.35
2011.08.07 22:07:22.507,1.61906,1.62049,1.35,1.35
2011.08.07 22:07:25.579,1.61906,1.62049,1.54,1.35
2011.08.07 22:07:25.907,1.6193,1.62073,1.35,1.35
2011.08.07 22:07:27.599,1.61915,1.62056,1.35,1.35
2011.08.07 22:07:28.147,1.61907,1.62048,1.35,1.35
2011.08.07 22:07:29.507,1.61915,1.62056,1.35,2.10
2011.08.07 22:07:31.369,1.61907,1.62048,1.35,1.35
2011.08.07 22:07:37.180,1.61907,1.62048,2.10,1.35
2011.08.07 22:07:37.507,1.61948,1.62089,1.35,2.10
2011.08.07 22:07:37.617,1.61948,1.62089,1.35,1.35
2011.08.07 22:07:41.978,1.61975,1.62092,1.35,1.35
2011.08.07 22:07:42.087,1.61947,1.6209,1.35,1.35
2011.08.07 22:07:44.518,1.61947,1.6209,1.35,2.10
2011.08.07 22:07:44.627,1.61947,1.6209,1.35,1.35
2011.08.07 22:07:46.968,1.61947,1.6209,1.35,2.10
2011.08.07 22:07:47.297,1.61946,1.62071,1.35,1.35
2011.08.07 22:07:52.407,1.61943,1.62056,1.35,1.35
2011.08.07 22:07:55.080,1.61936,1.62049,1.35,1.35
2011.08.07 22:07:55.457,1.61943,1.62056,1.35,1.35
2011.08.07 22:07:57.597,1.61936,1.62049,1.35,1.35
2011.08.07 22:07:58.147,1.61943,1.62056,1.35,1.35
2011.08.07 22:07:59.618,1.61928,1.62042,1.50,1.35
2011.08.07 22:07:59.727,1.61945,1.62072,1.35,1.35
2011.08.07 22:08:00.537,1.61917,1.62034,2.10,1.35
2011.08.07 22:08:00.758,1.61926,1.62045,2.10,1.35
2011.08.07 22:08:00.868,1.61914,1.62039,1.35,1.35
2011.08.07 22:08:00.979,1.61906,1.62037,1.35,1.35
2011.08.07 22:08:01.197,1.61878,1.62035,2.10,1.35
2011.08.07 22:08:01.307,1.61878,1.62035,1.35,1.35
2011.08.07 22:08:01.417,1.6188,1.62043,1.35,1.35
2011.08.07 22:08:01.637,1.61878,1.62035,1.35,1.35
2011.08.07 22:08:01.858,1.61862,1.62073,1.50,1.50
2011.08.07 22:08:01.967,1.61863,1.62081,1.50,1.50
2011.08.07 22:08:02.759,1.61832,1.62082,1.50,1.50
2011.08.07 22:08:03.378,1.61832,1.62082,1.50,1.50
2011.08.07 22:08:03.695,1.61832,1.62082,1.50,1.50
2011.08.07 22:08:04.097,1.61853,1.62081,1.50,1.50
2011.08.07 22:08:04.904,1.61853,1.62081,2.25,1.50
2011.08.07 22:08:05.340,1.61853,1.62081,2.25,1.50
2011.08.07 22:08:05.940,1.61853,1.62082,1.50,1.50
2011.08.07 22:08:06.989,1.61863,1.62081,1.50,1.50
2011.08.07 22:08:08.640,1.61863,1.62081,1.50,1.50
2011.08.07 22:08:09.346,1.61863,1.62081,1.50,1.50
2011.08.07 22:08:14.301,1.61863,1.62081,1.50,1.50
2011.08.07 22:08:14.667,1.61863,1.62081,1.50,1.50
2011.08.07 22:08:20.132,1.61863,1.62081,1.50,1.50
2011.08.07 22:08:20.737,1.61863,1.62081,1.50,1.50
2011.08.07 22:08:21.450,1.61863,1.62081,1.50,1.50
2011.08.07 22:08:27.026,1.61853,1.62093,1.50,1.50
2011.08.07 22:08:27.248,1.61858,1.62097,1.50,1.50
2011.08.07 22:08:27.467,1.61858,1.62097,1.50,1.50
2011.08.07 22:08:28.697,1.61858,1.62097,1.50,1.50
2011.08.07 22:08:29.239,1.61863,1.62087,1.50,1.50
2011.08.07 22:08:29.967,1.61851,1.6209,1.50,1.50
2011.08.07 22:08:30.076,1.61851,1.6209,1.50,1.50
2011.08.07 22:08:30.516,1.6186,1.62099,1.50,1.50
2011.08.07 22:08:30.737,1.61867,1.62104,1.50,1.50
2011.08.07 22:08:31.698,1.61876,1.62088,1.50,1.50
2011.08.07 22:08:31.928,1.61867,1.62088,1.50,1.50
2011.08.07 22:08:32.148,1.61876,1.62088,1.50,1.50
2011.08.07 22:08:32.258,1.61857,1.62094,1.50,1.50
2011.08.07 22:08:32.477,1.61852,1.62094,1.50,1.50
2011.08.07 22:08:33.291,1.61852,1.62094,1.50,1.50
2011.08.07 22:08:33.718,1.61857,1.62088,1.50,1.50
2011.08.07 22:08:34.299,1.61857,1.62088,1.50,1.50
2011.08.07 22:08:35.600,1.61857,1.62088,1.50,1.50
2011.08.07 22:08:35.827,1.61857,1.62088,1.50,1.50
2011.08.07 22:08:36.268,1.61863,1.62087,1.50,1.50
2011.08.07 22:08:36.377,1.61853,1.62074,1.50,1.50
2011.08.07 22:08:36.735,1.61862,1.62072,1.50,1.50
2011.08.07 22:08:37.367,1.61862,1.62072,1.50,1.50
2011.08.07 22:08:37.807,1.61862,1.62088,1.50,1.50
2011.08.07 22:08:38.578,1.61859,1.62087,1.50,1.50
2011.08.07 22:08:39.829,1.61873,1.62087,1.50,1.50
2011.08.07 22:08:40.457,1.61873,1.62087,1.50,1.50
2011.08.07 22:08:40.907,1.61873,1.62087,1.50,1.50
2011.08.07 22:08:41.018,1.61873,1.62087,1.50,1.50
2011.08.07 22:08:41.238,1.61872,1.62088,1.50,1.50
2011.08.07 22:08:41.458,1.61872,1.62073,1.50,1.50
2011.08.07 22:08:41.787,1.61872,1.62083,1.50,1.50
2011.08.07 22:08:41.983,1.61872,1.62078,1.50,1.50
2011.08.07 22:08:42.397,1.61873,1.6208,1.50,1.50
2011.08.07 22:08:42.898,1.61872,1.62088,1.50,1.50
2011.08.07 22:08:43.258,1.61872,1.62088,1.50,1.50
2011.08.07 22:08:43.367,1.61872,1.62088,1.50,1.50
2011.08.07 22:08:44.218,1.61872,1.62088,1.50,1.50
2011.08.07 22:08:46.208,1.61872,1.62088,1.50,1.50
2011.08.07 22:08:46.428,1.61873,1.62079,1.50,1.50
2011.08.07 22:08:47.018,1.61873,1.62087,1.50,1.50
2011.08.07 22:08:47.238,1.61873,1.62087,1.50,1.50
2011.08.07 22:08:47.661,1.61873,1.62073,1.50,1.50
2011.08.07 22:08:48.182,1.61873,1.62087,1.50,1.50
2011.08.07 22:08:48.298,1.61873,1.62087,1.50,1.50
2011.08.07 22:08:48.787,1.61873,1.62087,1.50,1.50
2011.08.07 22:08:49.007,1.61873,1.62087,1.50,1.50
2011.08.07 22:08:50.618,1.61873,1.62087,1.50,1.50
2011.08.07 22:08:51.579,1.61873,1.62087,1.69,1.50
2011.08.07 22:08:51.799,1.61887,1.62093,1.69,1.50
2011.08.07 22:08:52.447,1.61887,1.62089,1.69,1.50
2011.08.07 22:08:52.778,1.61887,1.62089,1.69,1.50
2011.08.07 22:08:53.107,1.61884,1.62084,1.09,1.50
2011.08.07 22:08:53.596,1.61884,1.62082,1.09,1.69
2011.08.07 22:08:53.709,1.61907,1.62057,1.35,1.35
2011.08.07 22:09:00.509,1.61921,1.62059,1.35,2.10
2011.08.07 22:09:00.618,1.61891,1.6204,1.35,1.35
2011.08.07 22:09:01.158,1.61908,1.62056,1.35,2.10
2011.08.07 22:09:01.448,1.61908,1.62056,1.35,1.35
2011.08.07 22:09:06.707,1.61908,1.62056,1.35,2.10
2011.08.07 22:09:10.028,1.61921,1.62059,1.35,2.10
2011.08.07 22:09:10.630,1.61921,1.62059,1.35,2.10
2011.08.07 22:09:10.738,1.61907,1.62057,2.10,2.10
2011.08.07 22:09:10.847,1.61907,1.62057,2.10,1.35
2011.08.07 22:09:10.957,1.61938,1.62061,1.35,1.35
2011.08.07 22:09:11.067,1.6194,1.62069,1.35,2.10
2011.08.07 22:09:11.287,1.6194,1.62069,1.35,2.10
2011.08.07 22:09:11.769,1.61949,1.62071,1.35,1.35
2011.08.07 22:09:11.878,1.61941,1.6207,1.35,1.35
2011.08.07 22:09:12.098,1.61944,1.62097,1.35,2.10
2011.08.07 22:09:13.587,1.61917,1.62103,1.50,1.50
2011.08.07 22:09:15.240,1.61921,1.62104,1.50,1.50
2011.08.07 22:09:17.597,1.61922,1.62103,1.50,1.50
2011.08.07 22:09:17.928,1.61922,1.62103,1.50,1.50
2011.08.07 22:09:19.747,1.61927,1.62103,1.50,1.50
2011.08.07 22:09:20.187,1.61898,1.62099,1.50,1.50
2011.08.07 22:09:20.407,1.61899,1.62099,1.69,1.50
2011.08.07 22:09:20.738,1.61912,1.62103,1.50,1.50
2011.08.07 22:09:21.738,1.61916,1.62104,1.50,1.50
2011.08.07 22:09:22.072,1.61906,1.62094,1.50,1.50
2011.08.07 22:09:25.657,1.6193,1.62109,1.50,1.50
2011.08.07 22:09:26.219,1.61926,1.62104,1.50,1.50
2011.08.07 22:09:26.864,1.61922,1.62103,1.50,1.50
2011.08.07 22:09:27.528,1.61921,1.62099,1.50,1.50
2011.08.07 22:09:27.858,1.61926,1.62104,1.50,1.50
2011.08.07 22:09:28.270,1.6193,1.62103,1.50,1.50
2011.08.07 22:09:28.487,1.61927,1.62103,1.50,1.50
2011.08.07 22:09:28.597,1.61927,1.62103,1.50,1.50
2011.08.07 22:09:29.293,1.61931,1.62103,1.50,1.50
2011.08.07 22:09:30.249,1.61932,1.62109,1.50,1.50
2011.08.07 22:09:30.409,1.61922,1.62103,1.50,1.50
2011.08.07 22:09:30.968,1.6193,1.62109,1.50,1.50
2011.08.07 22:09:31.527,1.61899,1.62099,1.50,1.50
2011.08.07 22:09:31.968,1.61916,1.62104,1.50,1.50
2011.08.07 22:09:34.457,1.61898,1.62103,1.50,1.50
2011.08.07 22:09:34.797,1.61898,1.62109,1.50,1.50
2011.08.07 22:09:35.123,1.61922,1.62103,1.50,1.50
2011.08.07 22:09:38.270,1.6193,1.62109,1.50,1.50
2011.08.07 22:09:38.831,1.61916,1.62104,1.50,1.50
2011.08.07 22:09:46.803,1.6193,1.62123,1.50,1.50
2011.08.07 22:09:47.017,1.61917,1.62093,1.50,1.50
2011.08.07 22:09:48.347,1.6193,1.62104,1.50,1.50
2011.08.07 22:09:48.927,1.6193,1.62103,1.50,1.50
2011.08.07 22:09:49.639,1.61937,1.62126,1.50,1.69
2011.08.07 22:09:50.077,1.61957,1.62124,1.50,1.69
2011.08.07 22:09:50.368,1.61947,1.62124,1.50,1.69
2011.08.07 22:09:50.944,1.61966,1.62124,1.50,1.69
2011.08.07 22:09:51.057,1.61966,1.62124,1.50,1.69
2011.08.07 22:09:51.600,1.61966,1.62124,1.50,1.69
2011.08.07 22:09:51.818,1.61966,1.62132,1.50,1.09
2011.08.07 22:09:51.928,1.61967,1.62125,1.50,1.69
2011.08.07 22:09:52.038,1.61952,1.62125,1.50,1.69
2011.08.07 22:09:52.149,1.61957,1.62125,1.50,1.69
2011.08.07 22:09:52.258,1.61951,1.62125,1.50,1.69
2011.08.07 22:09:52.368,1.61962,1.62125,1.50,1.69
2011.08.07 22:09:52.478,1.61952,1.62125,1.50,1.69
2011.08.07 22:09:53.079,1.61967,1.62125,1.50,1.69
2011.08.07 22:09:53.363,1.61967,1.62125,1.50,1.69
2011.08.07 22:09:53.698,1.61956,1.62125,1.50,1.69
2011.08.07 22:09:54.104,1.61967,1.62125,1.50,1.69
2011.08.07 22:09:55.208,1.61967,1.62125,1.50,1.69
2011.08.07 22:09:55.934,1.61967,1.62131,1.50,1.09
2011.08.07 22:09:56.048,1.61967,1.62125,1.50,1.69
2011.08.07 22:09:56.748,1.61967,1.62125,1.50,1.69
2011.08.07 22:09:56.967,1.61967,1.62125,1.50,1.69
2011.08.07 22:09:57.499,1.61967,1.62125,1.50,1.69
2011.08.07 22:09:58.110,1.61967,1.62125,1.50,1.69
2011.08.07 22:09:58.218,1.61967,1.62125,1.50,1.69
2011.08.07 22:09:58.438,1.61962,1.62128,1.50,1.69
2011.08.07 22:09:58.549,1.61962,1.62131,1.50,1.09
2011.08.07 22:09:58.658,1.61966,1.62128,1.50,1.69
2011.08.07 22:09:58.878,1.6199,1.62103,1.35,1.35
2011.08.07 22:10:00.488,1.61984,1.62099,1.35,1.35
2011.08.07 22:10:02.748,1.61984,1.62099,1.35,1.69
2011.08.07 22:10:03.083,1.61969,1.62082,1.35,1.35
2011.08.07 22:10:07.168,1.61969,1.62082,2.10,1.35
2011.08.07 22:10:07.278,1.61969,1.62082,1.35,1.35
2011.08.07 22:10:07.498,1.61973,1.62088,1.35,1.35
2011.08.07 22:10:12.867,1.61965,1.62079,1.35,1.35
2011.08.07 22:10:13.647,1.61974,1.62087,1.35,1.35
2011.08.07 22:10:14.498,1.61965,1.62079,1.35,1.35
2011.08.07 22:10:14.607,1.61973,1.62088,1.35,1.35
2011.08.07 22:10:26.908,1.6197,1.62083,1.35,1.35
2011.08.07 22:10:33.219,1.6197,1.62083,2.10,1.35
2011.08.07 22:10:33.787,1.6197,1.62083,1.35,1.35
2011.08.07 22:10:35.579,1.61965,1.62078,1.35,1.35
2011.08.07 22:10:39.182,1.61965,1.62078,2.10,1.35
2011.08.07 22:10:40.593,1.61965,1.62078,1.35,1.35
2011.08.07 22:10:42.924,1.61965,1.62078,2.10,1.35
2011.08.07 22:10:43.038,1.61965,1.62078,1.35,1.35
2011.08.07 22:10:43.147,1.61965,1.62078,2.10,1.35
2011.08.07 22:10:43.368,1.61965,1.62078,1.35,1.35
2011.08.07 22:10:43.591,1.61935,1.62077,2.10,1.35
2011.08.07 22:10:43.810,1.61917,1.62091,1.50,1.50
2011.08.07 22:10:43.920,1.61909,1.62091,1.50,1.50
2011.08.07 22:10:44.460,1.61909,1.62091,1.50,1.50
2011.08.07 22:10:45.404,1.61909,1.62099,1.50,1.50
2011.08.07 22:10:45.520,1.61909,1.62094,1.50,1.50
2011.08.07 22:10:45.743,1.61864,1.62091,1.50,1.50
2011.08.07 22:10:45.960,1.61864,1.62091,1.50,1.50
2011.08.07 22:10:46.640,1.61864,1.62091,1.50,1.50
2011.08.07 22:10:46.748,1.61864,1.62091,1.50,1.50
2011.08.07 22:10:46.859,1.61864,1.62091,1.50,1.50
2011.08.07 22:10:46.968,1.61864,1.62091,1.50,1.50
2011.08.07 22:10:47.078,1.61864,1.62091,1.50,1.50
2011.08.07 22:10:47.192,1.61864,1.62091,1.50,1.50
2011.08.07 22:10:47.299,1.61864,1.62083,1.50,1.50
2011.08.07 22:10:47.410,1.61864,1.62073,1.50,1.50
2011.08.07 22:10:47.981,1.61851,1.62062,1.50,1.50
2011.08.07 22:10:48.308,1.61851,1.62058,1.50,1.50
2011.08.07 22:10:48.659,1.61851,1.62062,1.50,1.50
2011.08.07 22:10:48.770,1.61888,1.62045,1.35,1.35
2011.08.07 22:10:50.210,1.61887,1.62041,1.35,1.35
2011.08.07 22:10:50.320,1.61888,1.62045,1.35,1.35
2011.08.07 22:10:55.700,1.61906,1.62047,1.35,1.35
2011.08.07 22:11:05.139,1.61922,1.62061,1.35,1.50
2011.08.07 22:11:05.249,1.61922,1.62063,1.35,1.50
2011.08.07 22:11:05.469,1.61922,1.62064,1.35,2.10
2011.08.07 22:11:06.259,1.61922,1.62064,1.35,2.10
2011.08.07 22:11:12.450,1.61914,1.62055,1.35,1.35
2011.08.07 22:11:12.816,1.61898,1.62039,1.35,1.35
2011.08.07 22:11:16.884,1.61879,1.62038,1.35,1.35
2011.08.07 22:11:27.549,1.61897,1.62053,1.35,2.10
2011.08.07 22:11:28.109,1.61904,1.62062,1.35,2.10
2011.08.07 22:11:29.270,1.61887,1.62046,2.10,1.35
2011.08.07 22:11:30.592,1.61887,1.62046,1.54,1.35
2011.08.07 22:11:30.921,1.61913,1.6207,1.35,1.35
2011.08.07 22:11:31.030,1.6192,1.62079,1.35,2.85
2011.08.07 22:11:31.139,1.6192,1.62079,1.35,2.10
2011.08.07 22:11:34.659,1.61912,1.62071,2.10,1.35
2011.08.07 22:11:35.349,1.61904,1.62062,1.35,1.35
2011.08.07 22:11:36.381,1.61913,1.6207,1.35,1.35
2011.08.07 22:11:44.716,1.61913,1.6207,1.35,2.10
2011.08.07 22:11:45.269,1.61913,1.6207,1.35,1.35
2011.08.07 22:11:48.091,1.61913,1.6207,1.35,2.10
2011.08.07 22:11:48.682,1.61913,1.6207,1.35,1.35
2011.08.07 22:11:49.362,1.61921,1.62078,1.35,2.10
2011.08.07 22:11:49.693,1.6193,1.62086,1.35,1.35
2011.08.07 22:11:49.910,1.61887,1.62094,1.50,1.50
2011.08.07 22:11:50.130,1.61877,1.62093,1.50,1.50
2011.08.07 22:11:51.270,1.61877,1.62094,1.50,1.50
2011.08.07 22:11:51.756,1.61877,1.62094,1.50,1.50
2011.08.07 22:11:51.979,1.61895,1.62099,1.50,1.50
2011.08.07 22:11:52.750,1.61895,1.62103,1.50,1.50
2011.08.07 22:11:53.189,1.61895,1.62103,1.50,1.50
2011.08.07 22:11:53.810,1.61895,1.62104,1.50,1.50
2011.08.07 22:11:54.143,1.61895,1.62103,1.50,1.50
2011.08.07 22:11:55.741,1.6189,1.62134,1.50,1.69
2011.08.07 22:11:55.850,1.61862,1.62101,1.50,1.50
2011.08.07 22:11:55.958,1.61857,1.62101,1.50,1.50
2011.08.07 22:11:57.081,1.61862,1.62089,1.50,1.50
2011.08.07 22:11:57.692,1.61862,1.62079,1.50,1.50
2011.08.07 22:11:57.805,1.61862,1.62084,1.50,1.50
2011.08.07 22:11:59.987,1.61877,1.62079,1.50,1.50
2011.08.07 22:12:00.490,1.61877,1.62078,1.50,1.50
2011.08.07 22:12:00.969,1.61863,1.62078,1.50,1.50
2011.08.07 22:12:02.388,1.61863,1.62079,1.50,1.50
2011.08.07 22:12:02.498,1.61863,1.62078,1.50,1.50
2011.08.07 22:12:02.717,1.61863,1.62078,1.50,1.50
2011.08.07 22:12:04.008,1.61863,1.62077,1.50,1.50
2011.08.07 22:12:06.639,1.61863,1.62077,1.50,1.50
2011.08.07 22:12:06.967,1.61842,1.62073,1.69,1.50
2011.08.07 22:12:07.077,1.61882,1.62068,1.50,1.50
2011.08.07 22:12:07.297,1.61877,1.62058,1.50,1.50
2011.08.07 22:12:07.967,1.61877,1.62048,1.50,1.50
2011.08.07 22:12:08.300,1.61876,1.62044,1.50,1.50
2011.08.07 22:12:08.987,1.61877,1.62046,1.50,1.50
2011.08.07 22:12:09.309,1.61882,1.62046,1.50,1.50
2011.08.07 22:12:10.960,1.61881,1.62046,1.50,1.50
2011.08.07 22:12:12.388,1.61882,1.62058,1.50,1.50
2011.08.07 22:12:13.258,1.61882,1.62059,1.50,1.50
2011.08.07 22:12:13.589,1.61882,1.62046,1.50,1.50
2011.08.07 22:12:13.808,1.61844,1.62054,1.69,1.50
2011.08.07 22:12:14.431,1.61851,1.62045,1.50,1.50
2011.08.07 22:12:15.689,1.61851,1.62045,1.50,1.50
2011.08.07 22:12:16.058,1.61879,1.62058,1.09,1.50
2011.08.07 22:12:16.167,1.61878,1.62059,1.09,1.50
2011.08.07 22:12:16.573,1.61852,1.62053,1.65,1.50
2011.08.07 22:12:18.220,1.61845,1.62046,1.50,1.50
2011.08.07 22:12:18.553,1.61845,1.62046,1.50,1.50
2011.08.07 22:12:18.667,1.61845,1.62049,1.50,1.50
2011.08.07 22:12:19.257,1.61851,1.62049,1.50,1.50
2011.08.07 22:12:20.791,1.61874,1.62049,1.09,1.50
2011.08.07 22:12:21.119,1.61852,1.62046,1.50,1.50
2011.08.07 22:12:21.228,1.61852,1.62046,1.50,1.50
2011.08.07 22:12:22.290,1.61844,1.62046,1.50,1.50
2011.08.07 22:12:23.250,1.61844,1.62046,1.50,1.50
2011.08.07 22:12:24.132,1.61844,1.62046,1.50,1.50
2011.08.07 22:12:24.464,1.61844,1.62046,1.50,1.50
2011.08.07 22:12:25.017,1.61844,1.62045,1.50,1.50
2011.08.07 22:12:25.348,1.61844,1.62045,1.50,1.50
2011.08.07 22:12:25.458,1.61844,1.62058,1.69,1.50
2011.08.07 22:12:25.568,1.61852,1.62059,1.50,1.50
2011.08.07 22:12:25.899,1.61891,1.62032,1.35,1.35
2011.08.07 22:12:26.227,1.61882,1.62025,2.10,1.35
2011.08.07 22:12:26.787,1.61882,1.62025,2.10,1.35
2011.08.07 22:12:28.863,1.61882,1.62025,1.35,1.35
2011.08.07 22:12:28.980,1.61882,1.62025,2.10,1.35
2011.08.07 22:12:31.205,1.61882,1.62025,2.10,1.35
2011.08.07 22:12:35.298,1.61882,1.62025,1.35,1.35
2011.08.07 22:12:35.409,1.61875,1.62016,2.10,1.35
2011.08.07 22:12:35.629,1.61883,1.62024,1.35,1.35
2011.08.07 22:12:35.738,1.61875,1.62016,2.10,1.35
2011.08.07 22:12:36.067,1.61875,1.62016,2.10,1.35
2011.08.07 22:12:36.177,1.61875,1.62016,2.10,1.35
2011.08.07 22:12:36.930,1.61875,1.62016,2.10,1.35
2011.08.07 22:12:38.459,1.61875,1.62016,2.10,1.35
2011.08.07 22:12:38.569,1.61875,1.62016,1.35,1.35
2011.08.07 22:12:38.898,1.61875,1.62016,2.10,1.35
2011.08.07 22:12:39.298,1.61875,1.62016,2.10,1.35
2011.08.07 22:12:39.738,1.61883,1.62024,2.10,1.35
2011.08.07 22:12:39.848,1.61883,1.62024,1.35,1.35
2011.08.07 22:12:40.398,1.61883,1.62024,2.10,1.35
2011.08.07 22:12:40.619,1.61891,1.62032,1.35,1.35
2011.08.07 22:12:43.752,1.61891,1.62032,2.10,1.35
2011.08.07 22:12:44.412,1.61891,1.62032,2.10,1.35
2011.08.07 22:12:45.068,1.61891,1.62032,2.10,1.35
2011.08.07 22:12:45.289,1.6189,1.62033,2.10,1.35
2011.08.07 22:12:45.399,1.6189,1.62033,2.10,1.35
2011.08.07 22:12:45.618,1.6189,1.62033,2.10,1.35
2011.08.07 22:12:45.727,1.6189,1.62033,2.10,1.35
2011.08.07 22:12:46.391,1.6189,1.62033,2.10,1.35
2011.08.07 22:12:47.058,1.6189,1.62033,1.35,2.10
2011.08.07 22:12:47.277,1.6189,1.62033,2.10,1.35
2011.08.07 22:12:47.718,1.6189,1.62033,2.10,1.35
2011.08.07 22:12:47.827,1.6189,1.62033,2.10,1.35
2011.08.07 22:12:47.937,1.6189,1.62033,2.10,1.35
2011.08.07 22:12:48.048,1.6189,1.62033,2.10,1.35
2011.08.07 22:12:48.378,1.6189,1.62033,1.35,1.35
2011.08.07 22:12:48.818,1.61897,1.6204,1.35,1.35
2011.08.07 22:12:49.149,1.6189,1.6203,1.35,1.35
2011.08.07 22:12:49.258,1.61897,1.6204,1.35,1.35
2011.08.07 22:12:49.368,1.61897,1.6204,1.35,2.10
2011.08.07 22:12:49.479,1.61897,1.6204,1.35,1.35
2011.08.07 22:12:49.943,1.6189,1.6203,1.35,1.35
2011.08.07 22:12:50.060,1.61898,1.62039,1.35,1.35
2011.08.07 22:12:50.388,1.61889,1.62031,1.35,1.35
2011.08.07 22:12:50.498,1.61883,1.62024,2.10,1.35
2011.08.07 22:12:50.828,1.61882,1.62025,2.10,1.35
2011.08.07 22:12:51.048,1.61881,1.62002,2.10,1.35
2011.08.07 22:12:51.380,1.61883,1.62019,1.35,1.35
2011.08.07 22:12:51.488,1.61883,1.62019,2.10,1.35
2011.08.07 22:12:51.600,1.61882,1.62025,2.10,1.35
2011.08.07 22:12:51.710,1.61882,1.62025,2.10,1.35
2011.08.07 22:12:51.819,1.6189,1.62033,1.35,1.35
2011.08.07 22:12:51.928,1.61899,1.62041,1.35,1.35
2011.08.07 22:12:52.589,1.6189,1.62033,2.10,1.35
2011.08.07 22:12:53.920,1.6189,1.62033,2.10,1.35
2011.08.07 22:12:54.926,1.6189,1.62033,2.10,1.35
2011.08.07 22:12:55.707,1.6189,1.62033,2.10,1.35
2011.08.07 22:12:55.928,1.61882,1.62025,2.10,1.35
2011.08.07 22:12:56.148,1.61882,1.62025,2.10,1.35
2011.08.07 22:12:56.368,1.61899,1.62041,1.35,1.35
2011.08.07 22:12:59.299,1.61899,1.62041,2.10,1.35
2011.08.07 22:13:00.409,1.61899,1.62041,1.35,1.35
2011.08.07 22:13:00.519,1.61891,1.62032,2.10,1.35
2011.08.07 22:13:00.738,1.61891,1.62032,2.10,1.35
2011.08.07 22:13:01.348,1.61899,1.62041,2.10,1.35
2011.08.07 22:13:04.232,1.61901,1.62041,1.50,1.35
2011.08.07 22:13:04.339,1.61908,1.62049,2.10,1.35
2011.08.07 22:13:06.357,1.61892,1.62032,1.50,1.35
2011.08.07 22:13:07.068,1.61897,1.62032,1.50,1.35
2011.08.07 22:13:07.178,1.61899,1.62041,1.35,1.35
2011.08.07 22:13:08.231,1.61899,1.62041,2.10,1.35
2011.08.07 22:13:09.018,1.61899,1.62041,2.10,1.35
2011.08.07 22:13:09.128,1.61916,1.62057,2.10,1.35
2011.08.07 22:13:09.347,1.619,1.6204,2.10,1.35
2011.08.07 22:13:09.788,1.61906,1.6204,1.50,1.35
2011.08.07 22:13:09.898,1.61915,1.62058,2.10,1.35
2011.08.07 22:13:13.617,1.61917,1.62049,1.50,1.35
2011.08.07 22:13:13.733,1.61908,1.62049,1.35,1.35
2011.08.07 22:13:13.853,1.61892,1.62032,1.50,1.35
2011.08.07 22:13:14.070,1.619,1.6204,2.10,1.35
2011.08.07 22:13:14.180,1.61902,1.6204,1.50,1.35
2011.08.07 22:13:14.292,1.61908,1.62049,2.10,1.35
2011.08.07 22:13:14.401,1.61908,1.62049,1.35,1.35
2011.08.07 22:13:14.511,1.61892,1.62033,1.50,1.35
2011.08.07 22:13:16.631,1.619,1.6204,2.10,1.35
2011.08.07 22:13:16.960,1.61893,1.62033,1.50,1.35
2011.08.07 22:13:17.487,1.61893,1.62033,1.50,1.35
2011.08.07 22:13:18.001,1.61891,1.62033,1.50,1.35
2011.08.07 22:13:25.759,1.619,1.6204,1.35,1.35
2011.08.07 22:13:26.660,1.619,1.6204,2.10,1.35
2011.08.07 22:13:27.209,1.619,1.6204,1.35,1.35
2011.08.07 22:13:27.319,1.619,1.6204,2.10,1.35
2011.08.07 22:13:28.230,1.619,1.6204,1.35,1.35
2011.08.07 22:13:28.710,1.619,1.6204,2.10,1.35
2011.08.07 22:13:29.320,1.619,1.6204,1.35,1.35
2011.08.07 22:13:29.539,1.61891,1.62032,2.10,1.35
2011.08.07 22:13:33.502,1.61891,1.62032,2.10,1.35
2011.08.07 22:13:38.574,1.61891,1.62032,2.10,1.35
2011.08.07 22:13:38.832,1.61891,1.62032,2.10,1.35
2011.08.07 22:13:42.519,1.61891,1.62032,1.35,1.35
2011.08.07 22:13:42.629,1.61877,1.6203,1.50,1.35
2011.08.07 22:13:42.849,1.61882,1.62038,2.10,1.35
2011.08.07 22:13:43.069,1.61874,1.6203,2.10,1.35
2011.08.07 22:13:45.029,1.61874,1.6203,2.10,1.35
2011.08.07 22:13:46.480,1.61874,1.6203,2.10,1.35
2011.08.07 22:13:47.861,1.61872,1.62025,2.10,1.35
2011.08.07 22:13:48.659,1.61872,1.62025,2.10,1.35
2011.08.07 22:13:49.429,1.61872,1.62025,2.10,1.35
2011.08.07 22:13:49.542,1.61874,1.6203,2.10,1.35
2011.08.07 22:13:51.960,1.61874,1.6203,2.10,1.35
2011.08.07 22:13:52.069,1.61881,1.62039,1.35,1.35
2011.08.07 22:13:52.401,1.61881,1.62039,1.35,2.10
2011.08.07 22:13:52.510,1.61881,1.62039,1.35,2.10
2011.08.07 22:13:53.059,1.61881,1.62039,2.10,1.35
2011.08.07 22:13:53.170,1.61881,1.62039,2.10,1.35
2011.08.07 22:13:53.849,1.61889,1.62048,1.35,1.35
2011.08.07 22:13:54.069,1.61897,1.62056,1.35,1.35
2011.08.07 22:13:54.400,1.6189,1.62047,1.35,1.35
2011.08.07 22:13:56.280,1.6189,1.62047,2.10,1.35
2011.08.07 22:13:58.017,1.61891,1.62047,1.50,1.35
2011.08.07 22:13:59.349,1.61896,1.62047,1.50,1.35
2011.08.07 22:13:59.869,1.61882,1.62038,2.85,1.35
2011.08.07 22:13:59.981,1.61882,1.62038,2.10,1.35
2011.08.07 22:14:02.223,1.61882,1.62038,2.10,1.35
2011.08.07 22:14:03.330,1.61882,1.62038,2.10,1.35
2011.08.07 22:14:03.659,1.61882,1.62038,2.10,1.35
2011.08.07 22:14:03.769,1.61882,1.62038,2.10,1.35
2011.08.07 22:14:04.582,1.61882,1.62038,2.10,1.35
2011.08.07 22:14:04.689,1.61882,1.62038,2.10,1.35
2011.08.07 22:14:07.539,1.61882,1.62038,1.35,1.35
2011.08.07 22:14:07.761,1.61882,1.62038,2.10,1.35
2011.08.07 22:14:09.999,1.61882,1.62038,2.10,1.35
2011.08.07 22:14:10.551,1.61882,1.62038,2.10,1.35
2011.08.07 22:14:10.659,1.61882,1.62038,2.10,1.35
2011.08.07 22:14:11.013,1.61891,1.62039,1.35,1.35
2011.08.07 22:14:12.051,1.61906,1.62057,1.35,1.35
2011.08.07 22:14:13.071,1.61914,1.62065,1.35,1.35
2011.08.07 22:14:17.323,1.61914,1.62065,2.10,1.35
2011.08.07 22:14:17.430,1.61914,1.62065,2.10,1.35
2011.08.07 22:14:18.479,1.61914,1.62065,1.35,1.35
2011.08.07 22:14:18.589,1.61899,1.62048,2.10,1.35
2011.08.07 22:14:18.920,1.6189,1.6204,2.10,1.35
2011.08.07 22:14:20.119,1.6189,1.6204,2.10,1.35
2011.08.07 22:14:21.262,1.6189,1.6204,2.10,1.35
2011.08.07 22:14:21.512,1.6189,1.6204,2.10,1.35
2011.08.07 22:14:22.239,1.6189,1.6204,2.10,1.35
2011.08.07 22:14:25.761,1.6189,1.6204,2.10,1.35
2011.08.07 22:14:26.150,1.6189,1.6204,2.10,1.35
2011.08.07 22:14:27.241,1.6189,1.6204,2.10,1.35
2011.08.07 22:14:27.458,1.61899,1.62062,1.35,1.50
2011.08.07 22:14:27.569,1.61899,1.62089,2.10,1.50
2011.08.07 22:14:27.679,1.61899,1.62092,2.10,1.50
2011.08.07 22:14:28.671,1.61899,1.62095,2.10,2.10
2011.08.07 22:14:29.117,1.61899,1.62095,2.10,2.10
2011.08.07 22:14:29.677,1.61899,1.62095,2.10,2.10
2011.08.07 22:14:30.441,1.61899,1.62095,2.10,2.10
2011.08.07 22:14:30.821,1.61899,1.62095,2.10,2.10
2011.08.07 22:14:31.259,1.61897,1.62081,2.10,1.35
2011.08.07 22:14:33.109,1.61899,1.62093,2.10,1.43
2011.08.07 22:14:33.442,1.61909,1.62095,1.13,1.35
2011.08.07 22:14:33.771,1.61929,1.62098,1.35,1.35
2011.08.07 22:14:35.528,1.61929,1.62098,2.10,1.35
2011.08.07 22:14:36.525,1.61929,1.62098,2.10,1.35
2011.08.07 22:14:38.391,1.61929,1.62098,1.35,1.35
2011.08.07 22:14:38.500,1.61929,1.62098,2.10,1.35
2011.08.07 22:14:38.829,1.61944,1.62099,1.35,1.35
2011.08.07 22:14:39.320,1.61931,1.62081,2.10,1.35
2011.08.07 22:14:39.650,1.61961,1.62116,1.35,1.35
2011.08.07 22:14:39.761,1.61946,1.62114,2.10,1.35
2011.08.07 22:14:41.687,1.61946,1.62114,2.10,1.35
2011.08.07 22:14:41.801,1.61946,1.62114,2.10,1.35
2011.08.07 22:14:42.411,1.61929,1.62098,2.10,1.35
2011.08.07 22:14:42.960,1.61944,1.62099,2.10,1.35
2011.08.07 22:14:44.656,1.61939,1.6209,2.10,1.35
2011.08.07 22:14:44.770,1.61939,1.6209,2.10,1.35
2011.08.07 22:14:45.921,1.61939,1.6209,2.10,1.35
2011.08.07 22:14:46.912,1.61939,1.6209,2.10,1.35
2011.08.07 22:14:49.011,1.61939,1.6209,2.10,1.35
2011.08.07 22:14:49.591,1.61939,1.6209,1.35,1.35
2011.08.07 22:14:49.699,1.61939,1.6209,2.10,1.35
2011.08.07 22:14:50.339,1.61939,1.6209,2.10,1.35
2011.08.07 22:14:50.669,1.61938,1.62081,2.10,1.35
2011.08.07 22:14:51.120,1.61938,1.62081,2.10,1.35
2011.08.07 22:14:51.559,1.61938,1.62081,2.10,1.35
2011.08.07 22:14:51.671,1.6194,1.62089,2.10,1.35
2011.08.07 22:14:51.780,1.6194,1.62089,1.35,1.35
2011.08.07 22:14:51.889,1.61934,1.62081,1.50,1.35
2011.08.07 22:14:52.661,1.61931,1.62081,2.10,1.35
2011.08.07 22:14:52.879,1.61924,1.62072,2.10,1.35
2011.08.07 22:14:53.100,1.61931,1.62081,2.10,1.35
2011.08.07 22:14:57.292,1.61932,1.62081,1.50,1.35
2011.08.07 22:15:00.321,1.61931,1.62081,2.10,1.35
2011.08.07 22:15:00.539,1.61931,1.62081,2.10,2.03
2011.08.07 22:15:00.946,1.6192,1.62037,2.10,1.35
2011.08.07 22:15:02.680,1.6192,1.62037,1.35,1.35
2011.08.07 22:15:03.571,1.61927,1.62046,1.35,1.35
2011.08.07 22:15:04.610,1.61919,1.62038,1.35,1.35
2011.08.07 22:15:06.531,1.61919,1.62038,2.10,1.35
2011.08.07 22:15:07.361,1.61919,1.62038,1.35,1.35
2011.08.07 22:15:07.820,1.61925,1.62044,1.35,1.35
2011.08.07 22:15:08.150,1.6193,1.62047,1.35,1.35
2011.08.07 22:15:08.839,1.61931,1.62066,1.35,2.10
2011.08.07 22:15:09.280,1.61931,1.62066,1.35,1.35
2011.08.07 22:15:09.390,1.61939,1.62074,1.35,2.10
2011.08.07 22:15:09.501,1.61939,1.62074,1.35,2.10
2011.08.07 22:15:09.612,1.61942,1.62091,1.35,2.85
2011.08.07 22:15:09.829,1.61939,1.62074,1.35,2.10
2011.08.07 22:15:11.081,1.61939,1.62074,1.35,2.10
2011.08.07 22:15:11.411,1.61939,1.62074,1.35,2.10
2011.08.07 22:15:11.520,1.61939,1.62074,1.35,2.10
2011.08.07 22:15:11.739,1.61939,1.62074,1.35,2.10
2011.08.07 22:15:11.959,1.61939,1.62074,1.35,2.10
2011.08.07 22:15:12.069,1.61939,1.62074,1.35,2.10
2011.08.07 22:15:13.073,1.61939,1.62074,1.35,2.10
2011.08.07 22:15:13.623,1.61939,1.62074,1.35,2.10
2011.08.07 22:15:13.842,1.61932,1.62065,1.35,1.35
2011.08.07 22:15:14.060,1.61939,1.62074,1.35,2.10
2011.08.07 22:15:16.491,1.61948,1.62082,1.35,1.35
2011.08.07 22:15:16.712,1.61951,1.62098,1.35,1.50
2011.08.07 22:15:17.261,1.61951,1.62097,1.35,1.50
2011.08.07 22:15:17.590,1.61947,1.62074,1.35,1.35
2011.08.07 22:15:21.520,1.61947,1.62074,1.35,2.10
2011.08.07 22:15:21.631,1.61937,1.62068,1.35,2.10
2011.08.07 22:15:21.850,1.61937,1.62068,1.35,2.10
2011.08.07 22:15:22.181,1.61931,1.62056,1.35,1.35
2011.08.07 22:15:22.510,1.61947,1.62074,1.35,2.10
2011.08.07 22:15:22.840,1.61938,1.62065,1.35,1.35
2011.08.07 22:15:27.281,1.61938,1.62065,1.35,2.10
2011.08.07 22:15:27.389,1.61938,1.62065,1.35,1.35
2011.08.07 22:15:28.042,1.6194,1.62073,1.35,2.10
2011.08.07 22:15:28.149,1.6194,1.62073,1.35,2.10
2011.08.07 22:15:28.260,1.61932,1.62065,1.35,1.35
2011.08.07 22:15:29.624,1.61931,1.62056,1.35,1.35
2011.08.07 22:15:29.959,1.61939,1.62064,1.35,1.35
2011.08.07 22:15:32.871,1.6193,1.62057,1.35,1.35
2011.08.07 22:15:34.120,1.61938,1.62065,1.35,1.35
2011.08.07 22:15:35.420,1.61938,1.62065,1.35,2.10
2011.08.07 22:15:35.900,1.61931,1.62056,1.35,1.35
2011.08.07 22:15:36.359,1.61939,1.62064,1.35,2.10
2011.08.07 22:15:36.689,1.61931,1.62056,1.35,1.35
2011.08.07 22:15:39.532,1.61931,1.62056,2.10,1.35
2011.08.07 22:15:39.752,1.61931,1.62056,1.35,1.35
2011.08.07 22:15:40.399,1.61931,1.62056,2.10,1.35
2011.08.07 22:15:40.619,1.61931,1.62056,1.35,2.10
2011.08.07 22:15:41.469,1.61931,1.62056,1.35,1.35
2011.08.07 22:15:42.759,1.61934,1.62083,1.35,2.10
2011.08.07 22:15:42.870,1.61934,1.62083,1.35,2.10
2011.08.07 22:15:43.422,1.61934,1.62083,1.35,1.35
2011.08.07 22:15:43.981,1.61909,1.62077,2.10,2.10
2011.08.07 22:15:44.091,1.61909,1.62077,1.35,2.10
2011.08.07 22:15:44.745,1.61909,1.62077,1.35,2.10
2011.08.07 22:15:44.859,1.61909,1.62077,1.35,2.10
2011.08.07 22:15:45.079,1.61908,1.62075,1.35,2.10
2011.08.07 22:15:45.190,1.61908,1.62075,1.35,2.10
2011.08.07 22:15:45.430,1.61908,1.62078,1.35,1.35
2011.08.07 22:15:45.539,1.61934,1.62083,1.35,2.10
2011.08.07 22:15:49.252,1.61934,1.62083,1.35,2.10
2011.08.07 22:15:50.241,1.61934,1.62083,1.35,2.10
2011.08.07 22:15:52.841,1.61934,1.62083,1.35,2.10
2011.08.07 22:15:54.592,1.61934,1.62083,1.35,1.35
2011.08.07 22:15:59.150,1.61934,1.62083,1.35,2.10
2011.08.07 22:15:59.370,1.61916,1.62087,1.50,1.50
2011.08.07 22:15:59.481,1.61916,1.62075,1.50,1.50
2011.08.07 22:15:59.810,1.61917,1.62078,1.50,1.50
2011.08.07 22:15:59.919,1.61917,1.62086,1.50,1.50
2011.08.07 22:16:02.230,1.61922,1.62086,1.50,1.50
2011.08.07 22:16:06.450,1.61922,1.62086,1.50,1.50
2011.08.07 22:16:10.491,1.61922,1.62088,1.50,1.50
2011.08.07 22:16:10.600,1.61922,1.62086,1.50,1.50
2011.08.07 22:16:11.906,1.61922,1.62089,1.50,1.50
2011.08.07 22:16:12.135,1.61922,1.62086,1.50,1.50
2011.08.07 22:16:12.659,1.61922,1.62084,1.50,1.50
2011.08.07 22:16:15.682,1.61922,1.62086,1.50,1.50
2011.08.07 22:16:22.489,1.61927,1.62092,1.50,1.50
2011.08.07 22:16:26.961,1.61927,1.62099,1.69,1.50
2011.08.07 22:16:29.260,1.61927,1.62098,1.50,1.50
2011.08.07 22:16:29.939,1.61921,1.62093,1.50,1.50
2011.08.07 22:16:30.379,1.61927,1.62093,1.50,1.50
2011.08.07 22:16:32.259,1.61932,1.62091,1.50,1.50
2011.08.07 22:16:32.700,1.61922,1.62093,1.50,1.50
2011.08.07 22:16:34.332,1.61922,1.62089,1.50,1.50
2011.08.07 22:16:35.201,1.61922,1.62086,1.50,1.50
2011.08.07 22:16:38.281,1.61922,1.62086,1.50,1.50
2011.08.07 22:16:39.002,1.61922,1.62086,1.50,1.50
2011.08.07 22:16:43.894,1.61906,1.62086,1.50,1.50
2011.08.07 22:16:44.601,1.61921,1.62086,1.50,1.50
2011.08.07 22:16:45.752,1.61922,1.62086,1.50,1.50
2011.08.07 22:16:46.229,1.61922,1.62094,1.50,1.50
2011.08.07 22:16:46.342,1.61927,1.62092,1.50,1.50
2011.08.07 22:16:46.559,1.61921,1.62088,1.50,1.50
2011.08.07 22:16:48.919,1.61921,1.62087,1.50,1.50
2011.08.07 22:16:49.223,1.61919,1.62084,1.50,1.50
2011.08.07 22:16:49.440,1.61921,1.62087,1.50,1.50
2011.08.07 22:16:50.382,1.61921,1.62087,1.50,1.50
2011.08.07 22:16:52.692,1.61921,1.62087,1.50,1.50
2011.08.07 22:16:53.479,1.61921,1.62087,1.50,1.50
2011.08.07 22:16:54.289,1.61921,1.62087,1.50,1.50
2011.08.07 22:16:54.401,1.61921,1.62087,1.50,1.50
2011.08.07 22:16:54.622,1.61921,1.62087,1.50,1.50
2011.08.07 22:16:54.950,1.61927,1.62098,1.50,1.50
2011.08.07 22:16:55.483,1.61933,1.62084,2.10,1.35
2011.08.07 22:16:55.700,1.61942,1.62091,1.35,2.10
2011.08.07 22:16:56.140,1.6195,1.621,1.35,1.35
2011.08.07 22:16:56.383,1.6195,1.621,1.35,2.10
2011.08.07 22:16:56.950,1.6195,1.621,1.35,2.10
2011.08.07 22:16:59.643,1.6195,1.621,1.35,2.10
2011.08.07 22:17:00.079,1.6195,1.621,1.35,2.10
2011.08.07 22:17:01.053,1.6195,1.621,1.35,2.10
2011.08.07 22:17:01.171,1.6195,1.621,1.35,2.10
2011.08.07 22:17:01.749,1.6195,1.621,1.35,2.10
2011.08.07 22:17:01.859,1.61958,1.62101,1.35,2.10
2011.08.07 22:17:02.889,1.61976,1.62103,1.35,2.10
2011.08.07 22:17:03.000,1.61976,1.62103,1.35,1.35
2011.08.07 22:17:03.745,1.61978,1.62095,1.35,1.35
2011.08.07 22:17:04.950,1.6197,1.62087,1.35,1.35
2011.08.07 22:17:07.312,1.61975,1.62099,1.35,2.10
2011.08.07 22:17:07.530,1.61975,1.62099,1.35,1.35
2011.08.07 22:17:07.749,1.61986,1.62103,1.35,1.35
2011.08.07 22:17:09.830,1.61975,1.62099,1.35,1.35
2011.08.07 22:17:11.862,1.61975,1.62099,1.35,2.10
2011.08.07 22:17:12.623,1.61986,1.62103,1.35,1.35
2011.08.07 22:17:16.791,1.6197,1.62087,1.35,1.35
2011.08.07 22:17:18.059,1.61976,1.62093,1.35,2.10
2011.08.07 22:17:20.492,1.61976,1.62093,1.35,2.10
2011.08.07 22:17:20.752,1.61976,1.62093,1.35,2.10
2011.08.07 22:17:21.700,1.61976,1.62093,1.35,2.10
2011.08.07 22:17:21.920,1.61976,1.62093,1.35,1.35
2011.08.07 22:17:22.031,1.61976,1.62093,1.35,2.10
2011.08.07 22:17:22.981,1.61976,1.62093,1.35,2.10
2011.08.07 22:17:23.475,1.61994,1.6211,1.35,2.10
2011.08.07 22:17:23.593,1.61993,1.6211,1.35,2.10
2011.08.07 22:17:23.700,1.61993,1.6211,1.35,2.10
2011.08.07 22:17:23.810,1.61993,1.6211,1.35,2.10
2011.08.07 22:17:24.002,1.61993,1.6211,1.35,2.10
2011.08.07 22:17:24.941,1.61993,1.6211,1.35,2.10
2011.08.07 22:17:25.540,1.61993,1.6211,1.35,2.10
2011.08.07 22:17:25.650,1.61993,1.6211,1.35,2.10
2011.08.07 22:17:25.761,1.62001,1.62118,1.35,2.10
2011.08.07 22:17:26.092,1.62001,1.62118,1.35,2.10
2011.08.07 22:17:26.470,1.62001,1.62118,1.35,2.10
2011.08.07 22:17:27.271,1.62001,1.62118,1.35,2.10
2011.08.07 22:17:27.788,1.62001,1.62118,1.35,2.10
2011.08.07 22:17:28.231,1.62001,1.62118,1.35,1.35
2011.08.07 22:17:28.572,1.62001,1.62118,1.35,2.10
2011.08.07 22:17:28.901,1.62001,1.62118,1.35,2.10
2011.08.07 22:17:29.010,1.62001,1.62118,1.35,2.10
2011.08.07 22:17:29.121,1.62008,1.62127,1.35,2.10
2011.08.07 22:17:29.341,1.62008,1.62127,1.35,2.10
2011.08.07 22:17:30.531,1.62008,1.62127,1.35,2.10
2011.08.07 22:17:30.640,1.62008,1.62127,1.35,2.10
2011.08.07 22:17:31.881,1.62008,1.62127,1.35,2.10
2011.08.07 22:17:32.504,1.62008,1.62127,1.35,2.10
2011.08.07 22:17:33.302,1.62008,1.62127,1.35,2.10
2011.08.07 22:17:36.052,1.62008,1.62127,1.35,2.10
2011.08.07 22:17:36.160,1.62008,1.62127,1.35,2.10
2011.08.07 22:17:37.933,1.62008,1.62127,1.35,2.10
2011.08.07 22:17:41.344,1.62008,1.62127,1.35,2.10
2011.08.07 22:17:46.563,1.62008,1.62127,1.35,2.10
2011.08.07 22:17:47.326,1.62008,1.62127,1.35,2.10
2011.08.07 22:17:51.022,1.62008,1.62127,1.35,2.10
2011.08.07 22:17:54.548,1.62008,1.62127,1.35,1.35
2011.08.07 22:17:55.312,1.62008,1.62127,1.35,2.10
2011.08.07 22:17:55.761,1.62016,1.62135,1.35,2.10
2011.08.07 22:17:55.870,1.62016,1.62135,1.35,2.10
2011.08.07 22:17:57.273,1.62016,1.62135,1.35,2.10
2011.08.07 22:17:58.263,1.62016,1.62135,1.35,2.10
2011.08.07 22:18:02.064,1.62016,1.62135,1.35,2.10
2011.08.07 22:18:02.493,1.62016,1.62135,1.35,2.10
2011.08.07 22:18:05.470,1.62016,1.62135,1.35,2.10
2011.08.07 22:18:05.581,1.62016,1.62135,1.35,2.10
2011.08.07 22:18:05.690,1.62016,1.62135,1.35,2.10
2011.08.07 22:18:05.801,1.62024,1.62144,1.35,2.10
2011.08.07 22:18:06.931,1.62024,1.62144,1.35,2.10
2011.08.07 22:18:08.163,1.62024,1.62144,1.35,2.10
2011.08.07 22:18:08.772,1.62024,1.62144,1.35,2.10
2011.08.07 22:18:13.281,1.62024,1.62144,1.35,2.10
2011.08.07 22:18:13.721,1.6199,1.62139,1.73,2.10
2011.08.07 22:18:14.380,1.6199,1.62139,1.35,2.10
2011.08.07 22:18:15.551,1.6199,1.62139,1.35,2.10
2011.08.07 22:18:18.463,1.6199,1.62139,1.35,2.10
2011.08.07 22:18:18.636,1.6199,1.62139,1.35,2.10
2011.08.07 22:18:20.255,1.61965,1.62114,1.35,2.10
2011.08.07 22:18:20.683,1.6199,1.62136,1.35,1.09
2011.08.07 22:18:20.794,1.6199,1.62139,1.35,2.10
2011.08.07 22:18:21.671,1.61989,1.62136,1.35,2.10
2011.08.07 22:18:23.040,1.61989,1.6213,1.35,3.04
2011.08.07 22:18:23.150,1.61963,1.62106,1.35,2.10
2011.08.07 22:18:23.370,1.61963,1.62106,2.10,1.35
2011.08.07 22:18:23.480,1.61977,1.62127,1.35,2.10
2011.08.07 22:18:23.591,1.61988,1.6213,1.35,1.50
2011.08.07 22:18:24.329,1.61988,1.6213,1.35,1.50
2011.08.07 22:18:25.041,1.61988,1.6213,1.35,1.50
2011.08.07 22:18:25.152,1.61988,1.6213,1.35,1.50
2011.08.07 22:18:25.870,1.61984,1.62097,1.35,1.35
2011.08.07 22:18:26.201,1.61959,1.62072,1.35,1.35
2011.08.07 22:18:26.310,1.61972,1.62094,1.35,1.35
2011.08.07 22:18:26.639,1.61983,1.62098,1.35,1.35
2011.08.07 22:18:27.080,1.61958,1.62073,1.35,1.35
2011.08.07 22:18:27.410,1.61984,1.62097,1.35,1.35
2011.08.07 22:18:28.312,1.61984,1.62097,1.35,2.10
2011.08.07 22:18:29.181,1.61984,1.62097,1.35,2.10
2011.08.07 22:18:29.401,1.61958,1.62073,1.35,1.35
2011.08.07 22:18:29.620,1.61983,1.62098,1.35,2.10
2011.08.07 22:18:29.951,1.61983,1.62098,1.35,2.10
2011.08.07 22:18:31.502,1.61983,1.62098,1.35,2.10
2011.08.07 22:18:32.349,1.61974,1.62089,1.35,2.10
2011.08.07 22:18:32.878,1.61974,1.62089,1.35,1.35
2011.08.07 22:18:33.209,1.61974,1.62089,1.35,2.10
2011.08.07 22:18:34.972,1.61974,1.62089,1.35,2.10
2011.08.07 22:18:35.416,1.61974,1.62089,1.35,2.10
2011.08.07 22:18:36.441,1.61974,1.62089,1.35,1.35
2011.08.07 22:18:38.311,1.61974,1.62089,1.35,2.10
2011.08.07 22:18:38.819,1.61974,1.62089,1.35,1.35
2011.08.07 22:18:40.288,1.61974,1.62089,1.35,2.10
2011.08.07 22:18:45.479,1.61974,1.62089,1.35,2.10
2011.08.07 22:18:46.280,1.61974,1.62089,1.35,2.10
2011.08.07 22:18:46.390,1.61974,1.62089,1.35,2.10
2011.08.07 22:18:46.500,1.61974,1.62089,1.35,1.35
2011.08.07 22:18:46.719,1.61974,1.62089,1.35,2.10
2011.08.07 22:18:48.810,1.61974,1.62089,1.35,2.10
2011.08.07 22:18:49.249,1.61974,1.62089,1.35,2.10
2011.08.07 22:18:58.760,1.61974,1.62089,1.35,2.10
2011.08.07 22:18:58.872,1.61965,1.6208,1.35,1.35
2011.08.07 22:18:59.090,1.61969,1.62085,1.35,2.10
2011.08.07 22:18:59.421,1.61974,1.62089,1.35,2.10
2011.08.07 22:19:00.001,1.61974,1.62089,1.35,1.35
2011.08.07 22:19:00.111,1.61984,1.62097,1.35,2.10
2011.08.07 22:19:05.361,1.61984,1.62097,1.35,2.10
2011.08.07 22:19:09.583,1.61984,1.62097,1.35,2.10
2011.08.07 22:19:11.003,1.61984,1.62097,1.35,2.10
2011.08.07 22:19:17.291,1.61984,1.62097,1.35,1.35
2011.08.07 22:19:17.406,1.61984,1.62097,1.35,2.10
2011.08.07 22:19:19.272,1.61984,1.62097,1.35,2.10
2011.08.07 22:19:19.381,1.61984,1.62097,1.35,1.35
2011.08.07 22:19:19.491,1.61982,1.62095,1.35,1.35
2011.08.07 22:19:20.267,1.61983,1.62098,1.35,2.10
2011.08.07 22:19:21.285,1.61983,1.62098,1.35,2.10
2011.08.07 22:19:21.400,1.61983,1.62098,1.35,2.10
2011.08.07 22:19:22.651,1.61983,1.62098,1.35,2.10
2011.08.07 22:19:23.862,1.61983,1.62098,1.35,2.10
2011.08.07 22:19:26.112,1.61978,1.62093,1.35,2.10
2011.08.07 22:19:27.271,1.61978,1.62093,1.35,2.10
2011.08.07 22:19:31.121,1.6197,1.62084,1.35,2.10
2011.08.07 22:19:32.350,1.6197,1.62084,1.35,2.10
2011.08.07 22:19:39.761,1.6197,1.62084,1.35,2.10
2011.08.07 22:19:39.872,1.61936,1.62086,1.50,1.50
2011.08.07 22:19:40.310,1.61939,1.62086,1.13,1.50
2011.08.07 22:19:40.734,1.61941,1.62086,1.50,1.50
2011.08.07 22:19:41.441,1.61939,1.62086,1.13,2.25
2011.08.07 22:19:41.772,1.61941,1.62067,1.50,1.13
2011.08.07 22:19:41.991,1.6194,1.62058,1.13,1.13
2011.08.07 22:19:42.322,1.61941,1.62081,1.88,1.13
2011.08.07 22:19:42.541,1.61943,1.62082,1.50,1.13
2011.08.07 22:19:42.762,1.61941,1.62081,1.50,1.50
2011.08.07 22:19:42.937,1.61943,1.62081,1.50,1.50
2011.08.07 22:19:43.493,1.61941,1.6208,1.88,1.13
2011.08.07 22:19:43.736,1.61943,1.6208,1.50,1.13
2011.08.07 22:19:43.961,1.61943,1.6208,1.50,1.13
2011.08.07 22:19:44.472,1.61943,1.62081,1.50,1.50
2011.08.07 22:19:44.690,1.61943,1.62081,1.50,1.50
2011.08.07 22:19:45.016,1.61943,1.62081,1.50,1.88
2011.08.07 22:19:45.240,1.61941,1.62081,1.13,1.88
2011.08.07 22:19:45.461,1.61942,1.62081,1.50,1.50
2011.08.07 22:19:45.683,1.61943,1.62076,1.50,1.13
2011.08.07 22:19:46.614,1.61946,1.62076,1.13,1.13
2011.08.07 22:19:46.950,1.61946,1.621,1.50,1.13
2011.08.07 22:19:47.063,1.61946,1.621,1.13,1.13
2011.08.07 22:19:47.479,1.61946,1.621,1.50,1.50
2011.08.07 22:19:47.816,1.61953,1.62079,1.13,1.13
2011.08.07 22:19:47.934,1.61953,1.62079,1.13,1.13
2011.08.07 22:19:48.311,1.61953,1.62079,1.13,1.13
2011.08.07 22:19:48.892,1.61953,1.62075,1.13,1.13
2011.08.07 22:19:49.123,1.61942,1.62075,1.50,1.13
2011.08.07 22:19:49.452,1.61951,1.62076,1.50,1.50
2011.08.07 22:19:49.780,1.61958,1.62071,1.13,1.13
2011.08.07 22:19:50.112,1.61931,1.62074,1.50,1.13
2011.08.07 22:19:50.225,1.61943,1.62074,1.50,1.13
2011.08.07 22:19:50.344,1.61953,1.62078,1.13,1.50
2011.08.07 22:19:51.618,1.61953,1.62076,1.13,1.50
2011.08.07 22:19:51.841,1.61954,1.62076,1.13,1.88
2011.08.07 22:19:52.502,1.61953,1.62076,1.13,1.13
2011.08.07 22:19:52.862,1.61954,1.62074,1.13,1.50
2011.08.07 22:19:53.192,1.6196,1.62069,1.35,1.50
2011.08.07 22:19:53.299,1.6196,1.62072,1.35,1.13
2011.08.07 22:19:53.520,1.61943,1.62069,1.50,1.13
2011.08.07 22:19:53.852,1.61954,1.62066,1.13,1.50
2011.08.07 22:19:54.181,1.61954,1.62064,1.13,1.13
2011.08.07 22:19:54.619,1.61942,1.6204,1.13,1.13
2011.08.07 22:19:55.123,1.61959,1.62031,1.13,1.13
2011.08.07 22:19:55.243,1.61932,1.62063,1.50,1.13
2011.08.07 22:19:56.021,1.61973,1.62062,1.13,1.13
2011.08.07 22:19:56.748,1.61966,1.62068,1.20,1.50
2011.08.07 22:19:56.972,1.61976,1.62068,1.13,1.13
2011.08.07 22:19:57.191,1.61978,1.62083,1.13,1.50
2011.08.07 22:19:57.631,1.61923,1.62083,1.50,1.50
2011.08.07 22:19:58.042,1.61952,1.62077,1.47,1.50
2011.08.07 22:19:58.968,1.61946,1.62077,1.13,1.50
2011.08.07 22:19:59.087,1.61958,1.62077,1.13,1.50
2011.08.07 22:19:59.355,1.61959,1.62077,1.13,1.50
2011.08.07 22:19:59.582,1.61946,1.62075,1.13,1.13
2011.08.07 22:19:59.692,1.61946,1.62071,1.50,1.13
2011.08.07 22:20:00.351,1.61942,1.62074,1.17,1.13
2011.08.07 22:20:00.459,1.61941,1.62077,1.13,1.50
2011.08.07 22:20:00.569,1.61941,1.62077,1.50,1.50
2011.08.07 22:20:00.682,1.61983,1.62079,1.13,1.13
2011.08.07 22:20:00.903,1.61983,1.62079,1.13,1.13
2011.08.07 22:20:01.230,1.61929,1.62082,1.50,1.13
2011.08.07 22:20:01.342,1.61969,1.62082,1.50,2.63
2011.08.07 22:20:01.782,1.61956,1.62075,1.13,1.50
2011.08.07 22:20:01.897,1.61953,1.62075,1.13,1.50
2011.08.07 22:20:02.764,1.61948,1.62075,1.13,1.88
2011.08.07 22:20:02.871,1.61948,1.62075,1.13,1.88
2011.08.07 22:20:03.090,1.61948,1.62075,1.13,1.88
2011.08.07 22:20:03.867,1.61948,1.62075,1.13,1.88
2011.08.07 22:20:04.089,1.61912,1.62075,1.13,1.50
2011.08.07 22:20:04.200,1.61911,1.62072,1.50,1.13
2011.08.07 22:20:04.309,1.61912,1.62075,1.13,1.50
2011.08.07 22:20:04.641,1.61912,1.62074,1.50,1.13
2011.08.07 22:20:04.861,1.61928,1.62072,1.13,1.13
2011.08.07 22:20:05.082,1.61922,1.6207,1.58,1.13
2011.08.07 22:20:05.193,1.61918,1.62071,1.32,1.50
2011.08.07 22:20:05.300,1.61918,1.62073,1.13,1.13
2011.08.07 22:20:05.411,1.61918,1.62075,1.13,1.50
2011.08.07 22:20:05.850,1.6193,1.62069,1.35,1.13
2011.08.07 22:20:06.072,1.6193,1.62068,1.73,1.13
2011.08.07 22:20:06.183,1.6193,1.62069,2.10,1.13
2011.08.07 22:20:06.686,1.61931,1.62072,2.10,1.13
2011.08.07 22:20:06.915,1.61931,1.62071,1.73,1.50
2011.08.07 22:20:07.035,1.61932,1.62072,1.50,1.13
2011.08.07 22:20:07.150,1.61931,1.62073,1.35,1.50
2011.08.07 22:20:07.263,1.61931,1.62071,1.73,1.13
2011.08.07 22:20:07.592,1.61933,1.62074,1.13,1.13
2011.08.07 22:20:07.701,1.61931,1.62077,1.73,1.13
2011.08.07 22:20:08.251,1.61931,1.62078,2.10,1.50
2011.08.07 22:20:08.361,1.61931,1.62073,2.10,1.13
2011.08.07 22:20:08.692,1.61931,1.62071,1.35,1.13
2011.08.07 22:20:09.241,1.61931,1.62072,1.35,1.13
2011.08.07 22:20:09.350,1.61931,1.62073,1.35,1.13
2011.08.07 22:20:09.460,1.61931,1.62079,1.35,2.10
2011.08.07 22:20:09.568,1.61931,1.62079,1.73,2.10
2011.08.07 22:20:09.902,1.61974,1.62087,1.35,2.48
2011.08.07 22:20:11.233,1.61974,1.62087,1.35,2.10
2011.08.07 22:20:11.341,1.61974,1.62087,1.35,2.10
2011.08.07 22:20:11.671,1.61974,1.62066,1.35,1.13
2011.08.07 22:20:11.783,1.61966,1.62061,1.35,1.13
2011.08.07 22:20:11.891,1.61966,1.62064,1.35,1.13
2011.08.07 22:20:13.753,1.61966,1.62066,1.35,1.13
2011.08.07 22:20:14.322,1.61966,1.6207,1.35,1.23
2011.08.07 22:20:14.545,1.61966,1.62067,1.35,1.13
2011.08.07 22:20:15.102,1.61966,1.62066,1.35,1.13
2011.08.07 22:20:17.057,1.61966,1.62083,1.35,2.10
2011.08.07 22:20:17.502,1.61966,1.62083,1.35,2.10
2011.08.07 22:20:18.423,1.61966,1.62083,1.35,2.10
2011.08.07 22:20:18.640,1.61963,1.62078,1.35,2.10
2011.08.07 22:20:18.971,1.61963,1.62078,1.35,2.85
2011.08.07 22:20:19.523,1.61963,1.62076,1.35,1.50
2011.08.07 22:20:20.981,1.61963,1.62078,1.35,2.10
2011.08.07 22:20:21.093,1.61956,1.62074,1.35,1.35
2011.08.07 22:20:22.151,1.61956,1.62074,1.35,2.10
2011.08.07 22:20:25.201,1.61956,1.62074,1.35,2.10
2011.08.07 22:20:28.345,1.61956,1.62074,1.35,2.10
2011.08.07 22:20:28.470,1.61956,1.62074,1.35,2.10
2011.08.07 22:20:30.515,1.61956,1.62074,1.35,2.10
2011.08.07 22:20:30.631,1.61956,1.62074,1.35,2.10
2011.08.07 22:20:30.961,1.61956,1.62074,1.35,2.10
2011.08.07 22:20:31.422,1.61956,1.62074,1.35,2.10
2011.08.07 22:20:31.972,1.61956,1.62074,1.35,2.48
2011.08.07 22:20:32.082,1.61948,1.62065,1.35,1.35
2011.08.07 22:20:32.301,1.61955,1.6207,1.35,2.10
2011.08.07 22:20:32.631,1.61958,1.62075,1.35,1.73
2011.08.07 22:20:33.206,1.61958,1.62075,1.35,1.73
2011.08.07 22:20:33.850,1.61958,1.62074,1.35,1.13
2011.08.07 22:20:34.454,1.61958,1.62075,1.35,2.10
2011.08.07 22:20:34.563,1.61951,1.62064,1.35,2.10
2011.08.07 22:20:35.920,1.61951,1.62064,1.35,2.10
2011.08.07 22:20:36.032,1.61951,1.62064,1.35,2.10
2011.08.07 22:20:37.772,1.61951,1.62064,1.35,2.10
2011.08.07 22:20:39.492,1.61951,1.62064,1.35,2.10
2011.08.07 22:20:39.712,1.61945,1.6206,1.35,1.35
2011.08.07 22:20:40.853,1.61945,1.6206,1.35,2.10
2011.08.07 22:20:42.213,1.61945,1.6206,1.35,2.10
2011.08.07 22:20:42.493,1.61945,1.6206,1.35,2.10
2011.08.07 22:20:43.283,1.61945,1.62051,1.35,1.13
2011.08.07 22:20:43.791,1.61945,1.62051,1.35,1.13
2011.08.07 22:20:44.013,1.61945,1.62056,1.35,1.13
2011.08.07 22:20:44.122,1.61945,1.6206,1.73,2.10
2011.08.07 22:20:46.692,1.61948,1.6206,1.13,2.10
2011.08.07 22:20:46.801,1.61948,1.6206,1.13,2.10
2011.08.07 22:20:46.913,1.61948,1.6206,1.13,2.10
2011.08.07 22:20:47.663,1.61948,1.6206,1.13,2.10
2011.08.07 22:20:48.491,1.61948,1.6206,1.13,1.35
2011.08.07 22:20:48.714,1.61951,1.62077,1.35,1.13
2011.08.07 22:20:48.933,1.61951,1.62086,2.10,1.87
2011.08.07 22:20:49.501,1.61951,1.62081,2.10,1.13
2011.08.07 22:20:51.852,1.61951,1.62081,2.10,1.13
2011.08.07 22:20:52.832,1.61951,1.62081,2.10,1.13
2011.08.07 22:20:53.823,1.61951,1.62082,1.35,1.13
2011.08.07 22:20:56.811,1.61951,1.62085,1.35,1.13
2011.08.07 22:20:57.034,1.61951,1.62083,1.35,1.32
2011.08.07 22:20:57.142,1.61919,1.62068,2.10,1.35
2011.08.07 22:20:57.252,1.61925,1.62066,1.35,1.13
2011.08.07 22:20:57.361,1.619,1.62051,2.10,1.35
2011.08.07 22:20:57.472,1.61917,1.62065,1.35,2.14
2011.08.07 22:20:57.801,1.61925,1.62061,1.73,1.13
2011.08.07 22:20:57.912,1.61925,1.62061,1.35,1.13
2011.08.07 22:20:59.416,1.61951,1.62073,1.35,1.10
2011.08.07 22:20:59.644,1.61951,1.62075,1.35,1.17
2011.08.07 22:21:00.042,1.61951,1.62083,1.35,1.13
2011.08.07 22:21:00.590,1.61951,1.62083,1.35,1.88
2011.08.07 22:21:00.701,1.61951,1.62075,1.35,1.37
2011.08.07 22:21:00.921,1.61951,1.62077,1.35,1.16
2011.08.07 22:21:02.123,1.61951,1.62072,1.35,1.13
2011.08.07 22:21:02.343,1.61951,1.62076,2.10,1.13
2011.08.07 22:21:03.861,1.61952,1.62071,2.10,1.13
2011.08.07 22:21:04.302,1.61926,1.62054,1.13,1.50
2011.08.07 22:21:04.411,1.61909,1.62051,1.35,1.13
2011.08.07 22:21:04.743,1.61909,1.62068,2.10,2.10
2011.08.07 22:21:04.852,1.61909,1.62068,2.10,1.35
2011.08.07 22:21:04.963,1.61909,1.62052,2.10,1.13
2011.08.07 22:21:05.513,1.61909,1.62052,1.35,1.13
2011.08.07 22:21:05.872,1.61913,1.62068,1.13,2.10
2011.08.07 22:21:05.982,1.61914,1.62054,1.13,1.50
2011.08.07 22:21:06.594,1.61913,1.62052,1.13,1.13
2011.08.07 22:21:07.152,1.61941,1.62061,1.35,1.37
2011.08.07 22:21:07.526,1.61941,1.62061,1.35,1.13
2011.08.07 22:21:07.644,1.61952,1.62067,1.35,1.13
2011.08.07 22:21:16.071,1.61952,1.62073,1.35,1.42
2011.08.07 22:21:16.626,1.61952,1.62075,1.35,1.20
2011.08.07 22:21:16.743,1.61952,1.62094,1.35,1.50
2011.08.07 22:21:16.851,1.61952,1.62089,1.35,1.13
2011.08.07 22:21:17.352,1.61952,1.62071,1.35,1.13
2011.08.07 22:21:17.572,1.61952,1.62108,1.35,2.10
2011.08.07 22:21:17.682,1.61952,1.62094,1.35,1.50
2011.08.07 22:21:18.011,1.61952,1.62066,1.35,1.13
2011.08.07 22:21:19.631,1.61952,1.62093,1.35,1.50
2011.08.07 22:21:19.741,1.61952,1.62093,1.35,1.13
2011.08.07 22:21:19.851,1.61952,1.62084,1.35,1.05
2011.08.07 22:21:21.052,1.61952,1.62075,1.35,1.32
2011.08.07 22:21:23.791,1.61952,1.62065,1.35,1.13
2011.08.07 22:21:23.902,1.61949,1.62061,1.35,1.13
2011.08.07 22:21:24.461,1.61949,1.62061,1.35,1.13
2011.08.07 22:21:26.783,1.61949,1.62062,1.35,1.13
2011.08.07 22:21:27.003,1.61949,1.62069,1.35,1.50
2011.08.07 22:21:27.333,1.61949,1.62066,1.35,1.13
2011.08.07 22:21:27.775,1.61949,1.62061,1.35,1.13
2011.08.07 22:21:28.952,1.61949,1.62078,1.35,2.21
2011.08.07 22:21:29.281,1.61949,1.62067,1.35,1.19
2011.08.07 22:21:29.614,1.61949,1.62056,1.35,1.13
2011.08.07 22:21:30.123,1.61949,1.62052,1.35,1.13
2011.08.07 22:21:30.672,1.61949,1.62052,1.35,1.13
2011.08.07 22:21:30.893,1.61949,1.62072,1.35,1.13
2011.08.07 22:21:31.113,1.61949,1.62069,1.35,1.13
2011.08.07 22:21:31.223,1.61949,1.62069,1.35,1.13
2011.08.07 22:21:31.475,1.61949,1.62069,1.35,1.50
2011.08.07 22:21:32.042,1.61949,1.62056,1.35,1.13
2011.08.07 22:21:32.261,1.61949,1.62068,1.35,1.53
2011.08.07 22:21:32.861,1.61949,1.62069,1.35,1.13
2011.08.07 22:21:34.822,1.61949,1.62069,1.35,1.50
2011.08.07 22:21:35.686,1.61949,1.62066,1.35,1.13
2011.08.07 22:21:37.302,1.61949,1.62078,1.35,1.50
2011.08.07 22:21:39.993,1.61949,1.62078,1.35,1.50
2011.08.07 22:21:40.212,1.61949,1.62078,1.35,1.50
2011.08.07 22:21:40.322,1.61957,1.62079,1.35,1.50
2011.08.07 22:21:40.653,1.61957,1.62072,1.35,1.13
2011.08.07 22:21:41.170,1.61949,1.62071,1.35,1.13
2011.08.07 22:21:41.284,1.61949,1.62072,1.35,1.13
2011.08.07 22:21:42.171,1.61949,1.62071,1.35,1.23
2011.08.07 22:21:42.503,1.6196,1.62075,1.35,2.10
2011.08.07 22:21:42.611,1.61947,1.62072,1.35,1.22
2011.08.07 22:21:42.722,1.61947,1.62076,1.35,2.10
2011.08.07 22:21:42.831,1.61949,1.62074,1.35,1.50
2011.08.07 22:21:43.271,1.61949,1.62081,1.35,2.10
2011.08.07 22:21:43.601,1.61949,1.62074,1.35,1.13
2011.08.07 22:21:43.931,1.61949,1.62066,1.35,1.13
2011.08.07 22:21:44.543,1.61949,1.62061,1.35,1.13
2011.08.07 22:21:44.762,1.61949,1.62069,1.35,1.13
2011.08.07 22:21:45.091,1.61949,1.62062,1.35,1.13
2011.08.07 22:21:45.798,1.61949,1.62069,1.35,1.50
2011.08.07 22:21:46.132,1.61949,1.62056,1.35,1.13
2011.08.07 22:21:48.173,1.61949,1.62061,1.35,1.13
2011.08.07 22:21:48.281,1.61949,1.62074,1.35,1.13
2011.08.07 22:21:48.392,1.61949,1.62074,1.35,1.13
2011.08.07 22:21:48.723,1.61949,1.62062,1.35,1.13
2011.08.07 22:21:49.312,1.61949,1.62061,1.35,1.13
2011.08.07 22:21:50.101,1.61949,1.62062,1.35,1.13
2011.08.07 22:21:51.502,1.61949,1.62061,1.35,1.13
2011.08.07 22:21:52.332,1.61949,1.62062,1.35,1.13
2011.08.07 22:21:54.612,1.61949,1.62061,1.35,1.13
2011.08.07 22:21:55.162,1.61949,1.62062,1.35,1.13
2011.08.07 22:21:55.922,1.61949,1.62061,1.35,1.13
2011.08.07 22:21:56.365,1.61949,1.62069,1.35,1.13
2011.08.07 22:21:56.882,1.61949,1.62081,1.35,2.10
2011.08.07 22:21:56.992,1.61949,1.62081,2.10,2.10
2011.08.07 22:21:58.642,1.61933,1.62076,1.13,2.10
2011.08.07 22:21:58.751,1.61938,1.62077,1.73,2.48
2011.08.07 22:21:58.861,1.61938,1.62077,1.73,2.48
2011.08.07 22:21:58.971,1.61938,1.62077,1.35,2.10
2011.08.07 22:21:59.081,1.61949,1.62078,1.35,1.50
2011.08.07 22:22:00.001,1.61949,1.62076,1.35,1.13
2011.08.07 22:22:00.512,1.61949,1.62077,1.35,1.13
2011.08.07 22:22:01.711,1.61928,1.62033,1.13,1.35
2011.08.07 22:22:02.205,1.61908,1.6204,1.35,1.35
2011.08.07 22:22:02.322,1.61922,1.62051,1.35,1.13
2011.08.07 22:22:02.431,1.61922,1.62058,1.35,1.13
2011.08.07 22:22:02.541,1.61922,1.62077,1.35,2.10
2011.08.07 22:22:02.762,1.61937,1.6207,1.35,1.13
2011.08.07 22:22:02.982,1.61937,1.62078,1.35,2.10
2011.08.07 22:22:03.092,1.61949,1.62081,1.35,2.10
2011.08.07 22:22:06.561,1.61949,1.62069,1.73,1.13
2011.08.07 22:22:06.672,1.61949,1.62081,1.35,2.10
2011.08.07 22:22:06.782,1.61949,1.62077,2.10,1.50
2011.08.07 22:22:07.112,1.61953,1.62075,1.13,1.13
2011.08.07 22:22:07.512,1.61949,1.62075,1.35,1.13
2011.08.07 22:22:07.622,1.61954,1.62075,1.13,1.13
2011.08.07 22:22:08.272,1.61954,1.62075,1.13,1.13
2011.08.07 22:22:12.883,1.61953,1.62075,1.13,1.13
2011.08.07 22:22:14.311,1.61946,1.62072,2.50,1.13
2011.08.07 22:22:14.422,1.61946,1.62069,1.73,1.13
2011.08.07 22:22:14.861,1.61949,1.62066,1.13,1.50
2011.08.07 22:22:15.083,1.61946,1.62064,1.35,1.13
2011.08.07 22:22:15.521,1.61946,1.62062,1.35,1.13
2011.08.07 22:22:16.377,1.61946,1.62064,1.35,1.13
2011.08.07 22:22:16.603,1.61942,1.62057,1.35,2.10
2011.08.07 22:22:16.933,1.61927,1.6204,2.10,1.35
2011.08.07 22:22:17.152,1.61924,1.62037,1.88,1.35
2011.08.07 22:22:17.262,1.61924,1.62037,1.13,1.35
2011.08.07 22:22:17.372,1.61943,1.62054,1.35,1.50
2011.08.07 22:22:18.792,1.61943,1.62044,1.35,1.13
2011.08.07 22:22:18.902,1.61923,1.62038,1.13,1.73
2011.08.07 22:22:19.122,1.61933,1.62042,1.35,1.13
2011.08.07 22:22:21.081,1.61933,1.62038,1.35,1.13
2011.08.07 22:22:21.412,1.61924,1.62033,1.13,1.73
2011.08.07 22:22:21.633,1.61924,1.62026,1.13,1.35
2011.08.07 22:22:21.742,1.61929,1.62029,1.13,2.10
2011.08.07 22:22:22.507,1.61916,1.62029,1.24,2.10
2011.08.07 22:22:23.306,1.61924,1.62029,1.13,2.10
2011.08.07 22:22:23.626,1.61915,1.62029,1.13,2.10
2011.08.07 22:22:23.851,1.61909,1.62029,2.48,2.10
2011.08.07 22:22:23.962,1.61912,1.62029,1.13,2.10
2011.08.07 22:22:24.293,1.61918,1.62029,1.13,2.10
2011.08.07 22:22:26.342,1.61913,1.62029,1.13,2.10
2011.08.07 22:22:27.002,1.61924,1.6203,1.13,2.10
2011.08.07 22:22:27.223,1.61903,1.62043,1.13,1.13
2011.08.07 22:22:27.442,1.61909,1.62025,1.68,1.50
2011.08.07 22:22:27.551,1.61918,1.62025,1.13,1.13
2011.08.07 22:22:29.232,1.61918,1.62025,1.13,1.13
2011.08.07 22:22:30.534,1.61919,1.62026,1.13,1.13
2011.08.07 22:22:30.862,1.61918,1.62024,1.13,1.13
2011.08.07 22:22:32.383,1.61919,1.62023,1.13,1.13
2011.08.07 22:22:32.709,1.61914,1.62029,1.35,2.10
2011.08.07 22:22:32.822,1.61914,1.62024,2.10,1.13
2011.08.07 22:22:33.162,1.61914,1.62021,2.48,1.13
2011.08.07 22:22:33.384,1.61924,1.62026,1.13,1.50
2011.08.07 22:22:33.493,1.61914,1.62025,2.10,1.13
2011.08.07 22:22:34.025,1.61914,1.62025,2.10,1.13
2011.08.07 22:22:34.364,1.61923,1.62023,1.13,2.10
2011.08.07 22:22:34.480,1.61917,1.62023,1.13,2.10
2011.08.07 22:22:34.813,1.61933,1.62023,1.13,2.10
2011.08.07 22:22:35.577,1.61933,1.62023,1.13,2.10
2011.08.07 22:22:35.912,1.61933,1.62023,1.13,2.10
2011.08.07 22:22:36.243,1.61917,1.62021,1.62,1.50
2011.08.07 22:22:36.751,1.61915,1.62015,2.10,1.13
2011.08.07 22:22:37.302,1.61924,1.6201,1.13,1.50
2011.08.07 22:22:38.315,1.61923,1.6201,1.13,1.50
2011.08.07 22:22:39.072,1.61923,1.6201,1.13,1.50
2011.08.07 22:22:39.182,1.61923,1.6201,1.13,1.50
2011.08.07 22:22:39.731,1.61923,1.62007,1.13,1.13
2011.08.07 22:22:40.283,1.61924,1.6201,1.13,1.13
2011.08.07 22:22:40.652,1.61904,1.62011,1.73,1.13
2011.08.07 22:22:41.059,1.61904,1.62011,1.73,1.13
2011.08.07 22:22:41.393,1.61904,1.6201,2.10,1.13
2011.08.07 22:22:41.611,1.61904,1.62012,2.10,1.50
2011.08.07 22:22:41.721,1.61904,1.62011,2.10,1.13
2011.08.07 22:22:42.054,1.61914,1.6201,1.13,1.13
2011.08.07 22:22:42.603,1.61913,1.6201,2.48,1.13
2011.08.07 22:22:43.151,1.61913,1.62011,2.48,1.50
2011.08.07 22:22:43.737,1.61913,1.62011,2.48,1.13
2011.08.07 22:22:44.426,1.61913,1.62009,2.48,1.13
2011.08.07 22:22:44.983,1.61914,1.62009,1.13,1.13
2011.08.07 22:22:45.311,1.61914,1.62009,1.13,1.13
2011.08.07 22:22:45.422,1.61914,1.62009,1.13,1.13
2011.08.07 22:22:45.971,1.61914,1.62012,1.13,1.50
2011.08.07 22:22:46.082,1.61919,1.62011,1.13,1.88
2011.08.07 22:22:46.192,1.61919,1.62011,1.13,1.88
2011.08.07 22:22:46.715,1.61919,1.62011,1.13,1.88
2011.08.07 22:22:47.260,1.61918,1.62011,1.13,1.50
2011.08.07 22:22:47.823,1.61913,1.6201,2.10,1.13
2011.08.07 22:22:47.933,1.61913,1.6201,2.10,1.13
2011.08.07 22:22:48.372,1.61913,1.6201,2.10,1.13
2011.08.07 22:22:48.835,1.61913,1.62011,2.10,1.13
2011.08.07 22:22:48.955,1.61919,1.62011,1.13,1.13
2011.08.07 22:22:51.192,1.61928,1.62031,1.13,2.10
2011.08.07 22:22:51.522,1.61939,1.62034,1.13,2.10
2011.08.07 22:22:51.852,1.61933,1.62034,1.50,2.10
2011.08.07 22:22:52.563,1.61939,1.62034,1.13,2.10
2011.08.07 22:22:53.432,1.61939,1.62034,1.13,2.10
2011.08.07 22:22:54.264,1.61933,1.62033,1.13,2.10
2011.08.07 22:22:54.811,1.61939,1.62033,1.13,2.10
2011.08.07 22:22:55.073,1.61933,1.62033,1.13,2.10
2011.08.07 22:22:56.206,1.61938,1.62032,1.13,2.10
2011.08.07 22:22:58.663,1.61928,1.62032,1.13,2.10
2011.08.07 22:22:58.991,1.61929,1.62032,1.13,1.35
2011.08.07 22:22:59.101,1.6193,1.62032,1.50,1.35
2011.08.07 22:22:59.213,1.61938,1.6208,1.13,1.13
2011.08.07 22:22:59.653,1.61942,1.62089,1.13,1.13
2011.08.07 22:23:00.293,1.6193,1.6209,1.13,1.50
2011.08.07 22:23:00.404,1.61942,1.62084,1.13,1.13
2011.08.07 22:23:01.432,1.61931,1.6208,1.13,1.13
2011.08.07 22:23:02.408,1.61939,1.6208,1.13,1.50
2011.08.07 22:23:02.744,1.61928,1.62078,1.13,1.13
2011.08.07 22:23:02.962,1.61911,1.62098,1.50,1.61
2011.08.07 22:23:03.071,1.61911,1.62087,1.50,1.13
2011.08.07 22:23:03.183,1.61922,1.62076,1.47,1.50
2011.08.07 22:23:03.512,1.61928,1.62075,1.13,1.13
2011.08.07 22:23:03.623,1.61929,1.62074,1.13,1.13
2011.08.07 22:23:04.733,1.61928,1.62074,1.13,1.13
2011.08.07 22:23:05.995,1.61928,1.62074,1.13,1.13
2011.08.07 22:23:07.351,1.61928,1.62074,1.13,1.13
2011.08.07 22:23:07.682,1.61928,1.62076,1.13,1.50
2011.08.07 22:23:08.852,1.61929,1.62076,1.13,1.50
2011.08.07 22:23:09.201,1.61929,1.62076,1.13,1.50
2011.08.07 22:23:09.532,1.61928,1.62066,1.13,1.13
2011.08.07 22:23:10.616,1.61929,1.62066,1.13,1.88
2011.08.07 22:23:10.989,1.61902,1.62066,1.50,1.13
2011.08.07 22:23:11.103,1.61928,1.62066,1.13,1.13
2011.08.07 22:23:11.212,1.61929,1.62066,1.13,1.13
2011.08.07 22:23:11.432,1.61934,1.62074,1.13,1.13
2011.08.07 22:23:11.939,1.61933,1.62072,1.13,1.13
2011.08.07 22:23:12.309,1.61933,1.62072,1.13,1.13
2011.08.07 22:23:13.042,1.61936,1.62049,1.35,2.10
2011.08.07 22:23:13.579,1.61936,1.62049,2.10,2.10
2011.08.07 22:23:14.033,1.61936,1.62049,2.10,2.10
2011.08.07 22:23:14.412,1.61936,1.62049,2.10,2.10
2011.08.07 22:23:14.744,1.61934,1.62031,1.13,1.35
2011.08.07 22:23:15.182,1.61901,1.62039,2.25,2.10
2011.08.07 22:23:15.512,1.61933,1.62032,1.13,2.10
2011.08.07 22:23:15.622,1.61933,1.62032,1.13,2.10
2011.08.07 22:23:15.952,1.61934,1.62032,1.13,2.10
2011.08.07 22:23:16.172,1.61933,1.62044,1.13,2.85
2011.08.07 22:23:16.390,1.61925,1.62038,1.73,2.10
2011.08.07 22:23:16.942,1.61939,1.62038,1.13,2.10
2011.08.07 22:23:17.552,1.61926,1.62039,2.10,2.10
2011.08.07 22:23:18.042,1.61938,1.6204,1.13,2.10
2011.08.07 22:23:18.152,1.61938,1.62036,1.13,2.10
2011.08.07 22:23:19.090,1.61918,1.62034,1.73,2.10
2011.08.07 22:23:19.419,1.61936,1.62049,1.35,2.10
2011.08.07 22:23:19.640,1.61921,1.62047,1.73,2.10
2011.08.07 22:23:19.750,1.61918,1.62031,2.10,1.35
2011.08.07 22:23:19.861,1.61918,1.62031,1.35,1.35
2011.08.07 22:23:19.973,1.61924,1.62041,2.67,2.10
2011.08.07 22:23:21.252,1.61924,1.62041,1.35,2.10
2011.08.07 22:23:21.693,1.61926,1.62041,1.69,2.10
2011.08.07 22:23:22.023,1.61929,1.62041,1.50,2.10
2011.08.07 22:23:22.349,1.61924,1.62041,1.35,2.10
2011.08.07 22:23:22.459,1.61862,1.62046,1.13,1.13
2011.08.07 22:23:22.570,1.61859,1.62021,1.13,1.50
2011.08.07 22:23:22.902,1.61861,1.62009,1.28,1.50
2011.08.07 22:23:23.232,1.61865,1.61976,1.17,1.61
2011.08.07 22:23:23.341,1.61852,1.61976,1.13,1.13
2011.08.07 22:23:23.453,1.61869,1.61976,1.13,1.61
2011.08.07 22:23:23.892,1.61869,1.61985,1.13,1.13
2011.08.07 22:23:24.332,1.61869,1.61966,1.13,1.13
2011.08.07 22:23:24.850,1.61822,1.61964,1.50,1.13
2011.08.07 22:23:24.963,1.61858,1.61963,1.13,1.50
2011.08.07 22:23:25.069,1.61812,1.61963,1.50,1.13
2011.08.07 22:23:25.180,1.61813,1.61973,1.50,1.13
2011.08.07 22:23:25.512,1.61867,1.61973,1.39,1.62
2011.08.07 22:23:26.322,1.6182,1.62027,1.50,1.13
2011.08.07 22:23:26.432,1.61868,1.61989,1.13,2.14
2011.08.07 22:23:27.000,1.61854,1.61981,1.13,1.13
2011.08.07 22:23:27.331,1.61868,1.61976,1.13,1.23
2011.08.07 22:23:27.664,1.61873,1.61976,1.13,1.23
2011.08.07 22:23:27.992,1.61873,1.61977,1.13,1.13
2011.08.07 22:23:28.539,1.61832,1.61973,1.50,1.50
2011.08.07 22:23:29.057,1.61832,1.61973,1.50,1.50
2011.08.07 22:23:29.237,1.61836,1.61973,1.13,1.50
2011.08.07 22:23:30.581,1.6186,1.61972,1.32,1.13
2011.08.07 22:23:30.912,1.61869,1.61972,1.13,1.13
2011.08.07 22:23:31.320,1.61836,1.61976,2.22,1.50
2011.08.07 22:23:31.745,1.61846,1.61977,1.09,1.61
2011.08.07 22:23:32.322,1.61864,1.61976,1.13,1.61
2011.08.07 22:23:32.656,1.61863,1.61974,1.13,1.50
2011.08.07 22:23:33.105,1.61869,1.61978,1.13,1.50
2011.08.07 22:23:33.482,1.61868,1.61979,1.13,1.50
2011.08.07 22:23:33.596,1.61869,1.61978,1.13,1.50
2011.08.07 22:23:33.934,1.61868,1.61971,1.13,1.13
2011.08.07 22:23:34.364,1.61873,1.61971,1.13,1.13
2011.08.07 22:23:35.021,1.61846,1.61973,1.09,1.13
2011.08.07 22:23:35.240,1.61846,1.61973,1.09,1.13
2011.08.07 22:23:35.775,1.61846,1.61961,1.09,1.13
2011.08.07 22:23:36.110,1.61851,1.61971,1.50,1.50
2011.08.07 22:23:36.662,1.61859,1.61969,1.13,1.50
2011.08.07 22:23:37.340,1.61854,1.61968,1.13,1.50
2011.08.07 22:23:39.512,1.61849,1.6197,1.47,1.13
2011.08.07 22:23:39.731,1.61842,1.61972,1.47,1.13
2011.08.07 22:23:39.841,1.61842,1.61973,1.47,1.50
2011.08.07 22:23:39.950,1.61847,1.61973,1.13,1.50
2011.08.07 22:23:40.192,1.61858,1.61973,1.13,1.50
2011.08.07 22:23:40.415,1.61858,1.61973,1.13,1.50
2011.08.07 22:23:40.693,1.61854,1.61973,1.13,1.50
2011.08.07 22:23:40.802,1.61853,1.61976,1.13,1.50
2011.08.07 22:23:41.270,1.61831,1.61976,1.50,1.50
2011.08.07 22:23:41.380,1.61831,1.61976,1.50,1.50
2011.08.07 22:23:41.741,1.61852,1.61976,1.35,1.50
2011.08.07 22:23:42.683,1.61836,1.61974,1.50,1.50
2011.08.07 22:23:42.790,1.61852,1.61968,1.13,1.50
2011.08.07 22:23:43.343,1.61863,1.61968,1.13,1.50
2011.08.07 22:23:48.083,1.61863,1.61963,1.13,1.50
2011.08.07 22:23:48.961,1.61841,1.61963,1.13,1.50
2011.08.07 22:23:49.071,1.61842,1.61963,1.50,1.50
2011.08.07 22:23:50.125,1.61858,1.61963,1.13,1.50
2011.08.07 22:23:50.733,1.61858,1.61968,1.13,1.50
2011.08.07 22:23:51.281,1.61839,1.61969,1.13,1.50
2011.08.07 22:23:51.614,1.61863,1.61969,1.13,1.50
2011.08.07 22:23:51.722,1.61854,1.61962,1.20,1.13
2011.08.07 22:23:52.054,1.61858,1.61959,1.13,2.85
2011.08.07 22:23:52.920,1.61842,1.61959,1.73,2.85
2011.08.07 22:23:53.167,1.61843,1.61959,1.13,2.85
2011.08.07 22:23:55.812,1.61844,1.61949,1.13,1.50
2011.08.07 22:23:56.809,1.61844,1.61949,1.13,1.50
2011.08.07 22:23:57.033,1.61842,1.61949,1.73,1.50
2011.08.07 22:23:57.362,1.61842,1.61949,1.35,1.50
2011.08.07 22:23:59.022,1.6186,1.61969,1.35,1.50
2011.08.07 22:24:00.283,1.6186,1.61969,1.35,1.50
2011.08.07 22:24:04.296,1.6186,1.61969,1.35,1.50
2011.08.07 22:24:05.372,1.6186,1.61969,1.35,1.50
2011.08.07 22:24:07.670,1.6186,1.61969,1.35,1.50
2011.08.07 22:24:08.222,1.6186,1.61964,1.35,1.50
2011.08.07 22:24:10.554,1.6186,1.61969,1.35,1.50
2011.08.07 22:24:12.354,1.6186,1.61969,1.35,1.50
2011.08.07 22:24:13.192,1.6186,1.61973,1.35,1.35
2011.08.07 22:24:13.412,1.61873,1.62004,2.10,1.50
2011.08.07 22:24:13.652,1.61874,1.61998,1.35,1.23
2011.08.07 22:24:13.771,1.61874,1.61997,1.35,1.62
2011.08.07 22:24:14.102,1.61873,1.61988,1.35,1.13
2011.08.07 22:24:21.532,1.61873,1.61992,1.73,1.13
2011.08.07 22:24:22.082,1.61873,1.61985,1.35,1.13
2011.08.07 22:24:24.353,1.61883,1.61986,1.35,1.13
2011.08.07 22:24:24.683,1.61883,1.61986,1.35,1.13
2011.08.07 22:24:25.234,1.61883,1.61987,1.35,1.13
2011.08.07 22:24:25.345,1.61874,1.61981,1.35,1.13
2011.08.07 22:24:25.973,1.61874,1.61987,1.35,1.13
2011.08.07 22:24:27.692,1.61866,1.61987,2.10,1.13
2011.08.07 22:24:28.763,1.61881,1.62001,1.35,1.23
2011.08.07 22:24:29.773,1.61881,1.62,1.35,1.23
2011.08.07 22:24:30.854,1.61881,1.62,1.35,1.23
2011.08.07 22:24:31.295,1.61881,1.62001,1.35,1.23
2011.08.07 22:24:31.845,1.61881,1.61986,1.35,1.13
2011.08.07 22:24:32.632,1.6189,1.61987,1.35,1.13
2011.08.07 22:24:32.961,1.6189,1.61997,1.35,1.13
2011.08.07 22:24:33.401,1.61882,1.61997,1.35,1.13
2011.08.07 22:24:33.623,1.61882,1.61992,1.35,1.73
2011.08.07 22:24:34.252,1.61882,1.61986,1.35,1.13
2011.08.07 22:24:36.362,1.61882,1.61997,1.35,1.23
2011.08.07 22:24:36.583,1.61882,1.61996,1.35,1.13
2011.08.07 22:24:36.932,1.61881,1.61986,1.35,1.13
2011.08.07 22:24:37.523,1.61881,1.61986,1.35,1.13
2011.08.07 22:24:38.543,1.61881,1.61987,1.35,1.13
2011.08.07 22:24:41.493,1.61881,1.61998,1.35,1.23
2011.08.07 22:24:41.603,1.61881,1.61996,1.35,1.13
2011.08.07 22:24:41.946,1.61881,1.61987,1.35,1.13
2011.08.07 22:24:43.027,1.61881,1.61986,1.35,1.13
2011.08.07 22:24:43.583,1.61881,1.61986,1.35,1.13
2011.08.07 22:24:43.915,1.61873,1.61986,1.35,1.13
2011.08.07 22:24:44.034,1.61873,1.61997,1.35,1.13
2011.08.07 22:24:44.143,1.61873,1.61997,1.35,1.50
2011.08.07 22:24:44.252,1.61873,1.61992,1.35,1.62
2011.08.07 22:24:44.774,1.6189,1.61986,1.35,1.13
2011.08.07 22:24:45.323,1.61889,1.61984,1.35,1.13
2011.08.07 22:24:45.544,1.61887,1.61982,1.35,1.13
2011.08.07 22:24:45.763,1.61887,1.62002,1.35,1.13
2011.08.07 22:24:45.875,1.61887,1.61982,1.35,1.13
2011.08.07 22:24:46.533,1.61887,1.61992,1.35,1.13
2011.08.07 22:24:46.643,1.61887,1.61989,1.35,1.13
2011.08.07 22:24:46.974,1.61887,1.61997,1.35,1.13
2011.08.07 22:24:47.083,1.61887,1.61996,1.35,1.99
2011.08.07 22:24:47.196,1.61887,1.61996,1.35,1.23
2011.08.07 22:24:47.793,1.61887,1.61982,1.35,1.13
2011.08.07 22:24:48.342,1.61887,1.61986,1.35,1.13
2011.08.07 22:24:49.242,1.61887,1.61986,1.35,1.13
2011.08.07 22:24:49.903,1.61887,1.61993,1.35,1.54
2011.08.07 22:24:50.563,1.61887,1.61982,1.35,1.13
2011.08.07 22:24:51.475,1.61887,1.61996,1.35,1.23
2011.08.07 22:24:51.693,1.61887,1.6199,1.35,1.40
2011.08.07 22:24:52.626,1.61887,1.61982,1.35,1.13
2011.08.07 22:24:53.931,1.61887,1.6199,1.35,1.13
2011.08.07 22:24:54.155,1.61879,1.61976,1.35,1.13
2011.08.07 22:24:54.863,1.61879,1.61983,1.35,1.55
2011.08.07 22:24:56.465,1.61879,1.61992,1.35,1.13
2011.08.07 22:24:56.583,1.61879,1.61986,1.35,1.41
2011.08.07 22:24:58.242,1.61879,1.61985,1.35,1.32
2011.08.07 22:25:03.633,1.61879,1.6199,1.35,1.50
2011.08.07 22:25:04.185,1.61896,1.61998,1.50,1.35
2011.08.07 22:25:04.403,1.61898,1.62014,1.13,2.10
2011.08.07 22:25:04.952,1.61904,1.62007,1.35,1.13
2011.08.07 22:25:05.503,1.61904,1.62016,1.73,1.53
2011.08.07 22:25:07.691,1.61904,1.62014,1.73,1.13
2011.08.07 22:25:08.244,1.61904,1.62023,2.10,2.48
2011.08.07 22:25:09.562,1.61904,1.62021,2.10,1.13
2011.08.07 22:25:09.673,1.61904,1.62023,2.48,2.48
2011.08.07 22:25:12.313,1.61904,1.62023,2.48,2.48
2011.08.07 22:25:14.105,1.61904,1.62023,2.10,2.48
2011.08.07 22:25:14.496,1.61904,1.6202,1.35,1.13
2011.08.07 22:25:16.464,1.61904,1.6202,1.35,1.13
2011.08.07 22:25:18.939,1.61904,1.6202,1.35,1.13
2011.08.07 22:25:19.434,1.61904,1.6202,1.35,1.13
2011.08.07 22:25:20.603,1.61904,1.62019,2.10,1.13
2011.08.07 22:25:23.744,1.61904,1.62019,2.48,1.13
2011.08.07 22:25:25.155,1.61904,1.62019,2.10,1.13
2011.08.07 22:25:25.413,1.61904,1.62019,1.35,1.13
2011.08.07 22:25:27.194,1.61904,1.62021,1.35,1.13
2011.08.07 22:25:28.273,1.61904,1.62023,1.35,2.10
2011.08.07 22:25:29.345,1.61904,1.62023,1.35,2.10
2011.08.07 22:25:36.560,1.61904,1.62023,1.35,2.10
2011.08.07 22:25:37.931,1.61904,1.62021,1.35,1.13
2011.08.07 22:25:41.345,1.61904,1.6202,1.35,1.13
2011.08.07 22:25:41.574,1.61904,1.62023,1.35,2.10
2011.08.07 22:25:42.053,1.61904,1.62023,2.10,2.10
2011.08.07 22:25:42.154,1.61908,1.62027,1.35,2.10
2011.08.07 22:25:42.703,1.61908,1.62027,1.35,2.48
2011.08.07 22:25:43.096,1.61908,1.62027,1.35,2.48
2011.08.07 22:25:45.233,1.61908,1.62027,1.35,2.10
2011.08.07 22:25:46.441,1.61908,1.62027,1.35,2.10
2011.08.07 22:25:47.937,1.61908,1.62027,1.35,2.10
2011.08.07 22:25:49.013,1.61908,1.62027,1.35,2.10
2011.08.07 22:25:49.463,1.61908,1.62027,1.35,2.10
2011.08.07 22:25:50.464,1.61908,1.62027,1.35,2.10
2011.08.07 22:25:52.383,1.61908,1.62027,1.35,2.10
2011.08.07 22:25:52.603,1.61901,1.62016,1.35,1.50
2011.08.07 22:25:53.419,1.61901,1.62018,1.35,2.10
2011.08.07 22:25:53.536,1.61901,1.62018,2.10,2.10
2011.08.07 22:25:53.654,1.61901,1.62018,2.10,1.35
2011.08.07 22:25:54.195,1.61903,1.62018,1.13,2.10
2011.08.07 22:25:54.532,1.61901,1.62018,2.10,2.10
2011.08.07 22:25:54.753,1.61901,1.62018,1.35,2.10
2011.08.07 22:25:54.863,1.61901,1.62018,1.35,2.10
2011.08.07 22:25:54.973,1.61901,1.62018,1.35,2.10
2011.08.07 22:25:55.081,1.61901,1.62018,1.35,2.10
2011.08.07 22:25:56.204,1.61901,1.62016,1.35,1.88
2011.08.07 22:25:56.314,1.61884,1.62001,1.35,1.35
2011.08.07 22:25:56.643,1.61891,1.62007,1.35,1.50
2011.08.07 22:25:57.402,1.61884,1.62001,1.35,1.35
2011.08.07 22:25:57.521,1.61884,1.61994,1.35,1.13
2011.08.07 22:25:57.742,1.61884,1.62001,1.35,1.35
2011.08.07 22:25:58.075,1.61876,1.61993,1.35,1.35
2011.08.07 22:25:58.844,1.61888,1.61993,1.13,1.35
2011.08.07 22:25:58.952,1.61892,1.62009,1.35,2.10
2011.08.07 22:26:00.073,1.61892,1.62009,1.35,2.10
2011.08.07 22:26:01.325,1.61892,1.62009,1.35,2.10
2011.08.07 22:26:05.303,1.61884,1.62001,1.35,2.10
2011.08.07 22:26:06.183,1.61884,1.62001,1.35,2.10
2011.08.07 22:26:08.244,1.61884,1.62001,1.35,2.10
2011.08.07 22:26:09.264,1.61884,1.62001,1.35,2.10
2011.08.07 22:26:11.494,1.61884,1.62001,1.35,2.10
2011.08.07 22:26:12.040,1.61884,1.62001,1.35,2.10
2011.08.07 22:26:12.495,1.61884,1.62001,1.35,2.10
2011.08.07 22:26:13.688,1.61884,1.62001,1.35,2.10
2011.08.07 22:26:16.219,1.61884,1.62001,1.35,2.10
2011.08.07 22:26:17.146,1.61884,1.62001,1.35,2.10
2011.08.07 22:26:17.265,1.61884,1.62001,1.35,2.10
2011.08.07 22:26:17.701,1.61886,1.62017,1.35,1.50
2011.08.07 22:26:17.811,1.61886,1.62021,1.73,1.50
2011.08.07 22:26:18.036,1.61888,1.62027,1.13,1.35
2011.08.07 22:26:18.154,1.61888,1.62042,1.13,1.13
2011.08.07 22:26:18.262,1.61892,1.62048,1.13,1.20
2011.08.07 22:26:18.593,1.61899,1.62042,1.13,1.13
2011.08.07 22:26:18.920,1.61896,1.62059,1.13,1.13
2011.08.07 22:26:19.258,1.61903,1.62037,1.13,1.13
2011.08.07 22:26:20.241,1.619,1.62073,1.13,1.13
2011.08.07 22:26:20.353,1.61901,1.62049,1.50,1.17
2011.08.07 22:26:20.902,1.61905,1.62049,1.13,1.73
2011.08.07 22:26:21.230,1.6189,1.62073,1.13,1.13
2011.08.07 22:26:21.676,1.6189,1.62079,1.13,1.13
2011.08.07 22:26:21.794,1.61898,1.62036,1.13,1.13
2011.08.07 22:26:22.119,1.61879,1.62037,1.13,1.50
2011.08.07 22:26:22.450,1.61872,1.6203,1.50,1.13
2011.08.07 22:26:22.559,1.61877,1.62037,1.50,1.50
2011.08.07 22:26:22.892,1.61903,1.62027,1.13,1.50
2011.08.07 22:26:23.332,1.61903,1.62012,1.13,1.35
2011.08.07 22:26:24.243,1.61904,1.62012,1.50,1.35
2011.08.07 22:26:24.352,1.61913,1.62032,1.13,1.13
2011.08.07 22:26:24.789,1.6191,1.62055,1.13,1.13
2011.08.07 22:26:25.013,1.6192,1.62063,1.09,1.39
2011.08.07 22:26:25.120,1.6192,1.62091,1.09,1.50
2011.08.07 22:26:25.231,1.61921,1.62097,1.50,1.50
2011.08.07 22:26:25.342,1.61931,1.62066,1.13,1.13
2011.08.07 22:26:25.672,1.61949,1.62108,1.13,1.50
2011.08.07 22:26:25.893,1.61966,1.62116,1.35,1.88
2011.08.07 22:26:26.676,1.61966,1.62116,1.35,1.13
2011.08.07 22:26:27.015,1.61956,1.62069,1.35,1.35
2011.08.07 22:26:27.615,1.61964,1.6208,1.35,1.35
2011.08.07 22:26:28.166,1.61955,1.6207,1.73,1.35
2011.08.07 22:26:28.502,1.61964,1.62077,1.35,1.35
2011.08.07 22:26:28.612,1.61955,1.6207,1.35,1.35
2011.08.07 22:26:30.382,1.61955,1.6207,1.35,2.10
2011.08.07 22:26:32.272,1.61955,1.6207,1.73,1.35
2011.08.07 22:26:32.383,1.61965,1.62088,1.35,1.13
2011.08.07 22:26:32.935,1.61965,1.62091,1.35,1.13
2011.08.07 22:26:34.352,1.61965,1.6209,1.35,1.13
2011.08.07 22:26:35.122,1.61965,1.62098,1.35,2.85
2011.08.07 22:26:35.703,1.61965,1.62098,1.35,2.85
2011.08.07 22:26:45.243,1.61965,1.6209,1.35,1.50
2011.08.07 22:26:46.782,1.61965,1.62097,1.35,1.50
2011.08.07 22:26:50.175,1.61965,1.62097,1.35,1.50
2011.08.07 22:26:50.723,1.61964,1.62089,1.35,2.10
2011.08.07 22:26:57.023,1.61964,1.62087,1.35,1.50
2011.08.07 22:26:57.132,1.61959,1.62087,1.13,1.50
2011.08.07 22:26:57.353,1.61947,1.62087,2.10,1.50
2011.08.07 22:26:57.465,1.61949,1.62087,1.13,1.50
2011.08.07 22:26:57.793,1.61963,1.62095,1.13,1.50
2011.08.07 22:26:59.222,1.61963,1.62095,1.13,1.50
2011.08.07 22:27:00.403,1.61954,1.62095,1.73,1.50
2011.08.07 22:27:00.511,1.61954,1.62095,1.73,1.50
2011.08.07 22:27:00.842,1.61968,1.62095,1.13,1.50
2011.08.07 22:27:01.756,1.61968,1.62095,1.13,1.50
2011.08.07 22:27:02.523,1.61969,1.62095,1.13,1.50
2011.08.07 22:27:02.633,1.61969,1.62095,1.13,1.50
2011.08.07 22:27:03.512,1.61969,1.62095,1.13,1.50
2011.08.07 22:27:05.093,1.61969,1.62095,1.13,1.50
2011.08.07 22:27:05.682,1.61964,1.62095,1.13,1.50
2011.08.07 22:27:07.630,1.61954,1.62095,1.35,1.50
2011.08.07 22:27:08.070,1.61954,1.62092,1.73,1.50
2011.08.07 22:27:08.405,1.61963,1.62091,1.13,2.10
2011.08.07 22:27:11.870,1.61953,1.62092,2.10,1.50
2011.08.07 22:27:14.549,1.61953,1.62092,1.73,1.50
2011.08.07 22:27:14.770,1.61953,1.62093,2.10,1.50
2011.08.07 22:27:15.323,1.61963,1.62099,2.10,1.50
2011.08.07 22:27:15.433,1.61963,1.62099,2.10,1.50
2011.08.07 22:27:15.654,1.61964,1.62095,1.13,2.10
2011.08.07 22:27:15.763,1.61957,1.62094,1.35,1.50
2011.08.07 22:27:15.980,1.61954,1.62094,1.73,1.50
2011.08.07 22:27:16.500,1.61955,1.62094,1.09,1.50
2011.08.07 22:27:17.482,1.61958,1.62094,1.13,1.50
2011.08.07 22:27:17.931,1.61954,1.62092,1.73,1.50
2011.08.07 22:27:18.044,1.61954,1.62092,1.73,1.50
2011.08.07 22:27:18.152,1.61936,1.62088,1.43,1.50
2011.08.07 22:27:18.609,1.61915,1.62089,1.13,1.50
2011.08.07 22:27:18.721,1.61937,1.62089,1.32,1.50
2011.08.07 22:27:18.830,1.61896,1.62089,1.50,1.50
2011.08.07 22:27:19.050,1.61929,1.62089,1.13,1.50
2011.08.07 22:27:19.795,1.61935,1.62089,1.17,1.50
2011.08.07 22:27:19.911,1.61896,1.62089,1.50,1.50
2011.08.07 22:27:20.050,1.61906,1.62089,1.13,1.50
2011.08.07 22:27:20.391,1.61936,1.62083,1.62,1.50
2011.08.07 22:27:20.499,1.61923,1.62083,1.13,1.50
2011.08.07 22:27:20.719,1.61897,1.6208,1.50,1.13
2011.08.07 22:27:22.182,1.61906,1.6208,1.50,1.13
2011.08.07 22:27:22.512,1.61928,1.6208,1.32,1.13
2011.08.07 22:27:22.906,1.61948,1.6208,1.13,1.13
2011.08.07 22:27:23.132,1.61949,1.62083,1.13,1.13
2011.08.07 22:27:23.353,1.61946,1.62083,1.20,1.13
2011.08.07 22:27:28.282,1.61953,1.62084,1.13,1.13
2011.08.07 22:27:29.023,1.6195,1.62084,1.13,1.13
2011.08.07 22:27:31.573,1.61959,1.62084,1.13,1.13
2011.08.07 22:27:34.995,1.61953,1.62084,1.13,1.13
2011.08.07 22:27:35.412,1.61949,1.62084,1.47,1.13
2011.08.07 22:27:36.073,1.61958,1.62084,1.13,1.13
2011.08.07 22:27:36.512,1.61958,1.62084,1.13,1.13
2011.08.07 22:27:37.329,1.61952,1.62084,1.13,1.13
2011.08.07 22:27:37.891,1.61958,1.62084,1.13,1.13
2011.08.07 22:27:38.674,1.61959,1.62083,1.13,1.13
2011.08.07 22:27:42.600,1.61947,1.62088,1.13,1.50
2011.08.07 22:27:42.709,1.61947,1.62088,1.50,1.50
2011.08.07 22:27:43.348,1.61947,1.62088,1.58,1.50
2011.08.07 22:27:43.462,1.61936,1.62088,1.50,1.50
2011.08.07 22:27:43.570,1.61947,1.62088,1.13,1.50
2011.08.07 22:27:43.912,1.61959,1.62088,1.13,1.50
2011.08.07 22:27:48.221,1.6195,1.62088,1.13,1.50
2011.08.07 22:27:48.331,1.61955,1.62088,1.13,1.50
2011.08.07 22:27:49.802,1.6196,1.62096,1.20,1.50
2011.08.07 22:27:50.132,1.61943,1.62088,1.32,1.50
2011.08.07 22:27:51.013,1.61948,1.62088,1.13,1.50
2011.08.07 22:27:51.343,1.61938,1.6208,1.69,1.50
2011.08.07 22:27:52.133,1.61944,1.6208,1.13,1.50
2011.08.07 22:27:52.510,1.61931,1.62084,1.13,1.50
2011.08.07 22:27:52.622,1.61943,1.62088,1.13,1.50
2011.08.07 22:27:53.680,1.61937,1.62096,1.13,1.50
2011.08.07 22:27:53.791,1.6194,1.62096,1.13,1.50
2011.08.07 22:27:54.340,1.61937,1.62096,1.50,1.50
2011.08.07 22:27:54.672,1.61959,1.62096,1.13,1.50
2011.08.07 22:27:55.157,1.61958,1.62096,1.13,1.50
2011.08.07 22:27:57.259,1.61941,1.62096,1.13,1.50
2011.08.07 22:27:57.370,1.6195,1.62096,1.13,1.50
2011.08.07 22:27:57.747,1.61942,1.62096,1.13,1.50
2011.08.07 22:27:58.407,1.61947,1.62096,1.13,1.50
2011.08.07 22:27:59.025,1.61959,1.62096,1.13,1.50
2011.08.07 22:28:01.063,1.61958,1.62096,1.13,1.50
2011.08.07 22:28:02.933,1.61958,1.62096,1.13,1.50
2011.08.07 22:28:04.251,1.61951,1.62104,1.13,1.50
2011.08.07 22:28:04.360,1.61951,1.62104,1.50,1.50
2011.08.07 22:28:04.909,1.61936,1.62096,1.50,1.50
2011.08.07 22:28:05.779,1.61927,1.62096,1.50,1.50
2011.08.07 22:28:05.891,1.61931,1.62089,1.13,1.50
2011.08.07 22:28:06.681,1.61931,1.62089,1.50,1.50
2011.08.07 22:28:07.119,1.61928,1.62089,1.50,1.50
2011.08.07 22:28:09.343,1.61926,1.62086,1.50,1.50
2011.08.07 22:28:10.792,1.61928,1.62086,1.50,1.50
2011.08.07 22:28:10.901,1.61926,1.62086,1.50,1.50
2011.08.07 22:28:11.772,1.61928,1.62086,1.88,1.50
2011.08.07 22:28:12.102,1.61933,1.62086,1.50,1.50
2011.08.07 22:28:12.213,1.6194,1.62094,1.62,1.50
2011.08.07 22:28:12.543,1.61946,1.62088,1.35,1.50
2011.08.07 22:28:17.284,1.61946,1.62086,1.35,1.50
2011.08.07 22:28:18.884,1.61926,1.62083,1.35,2.10
2011.08.07 22:28:18.991,1.61926,1.62083,1.73,1.35
2011.08.07 22:28:19.105,1.61946,1.62085,1.35,1.50
2011.08.07 22:28:20.292,1.61946,1.62087,1.35,1.50
2011.08.07 22:28:21.992,1.61946,1.62087,1.73,1.50
2011.08.07 22:28:22.103,1.61946,1.62093,1.73,1.50
2011.08.07 22:28:22.323,1.61946,1.62087,1.35,1.50
2011.08.07 22:28:24.473,1.61946,1.62087,2.10,1.50
2011.08.07 22:28:25.102,1.61946,1.62084,1.73,1.13
2011.08.07 22:28:25.212,1.61946,1.62084,1.35,1.13
2011.08.07 22:28:25.323,1.61946,1.62087,1.35,1.50
2011.08.07 22:28:26.234,1.61946,1.62087,1.35,1.50
2011.08.07 22:28:26.671,1.61946,1.62087,1.73,1.50
2011.08.07 22:28:26.780,1.61946,1.62087,1.73,1.50
2011.08.07 22:28:26.890,1.61946,1.62087,2.10,1.50
2011.08.07 22:28:27.224,1.61959,1.62087,1.13,1.50
2011.08.07 22:28:28.093,1.61953,1.62087,1.35,1.50
2011.08.07 22:28:28.820,1.61951,1.62087,1.13,1.50
2011.08.07 22:28:30.383,1.61946,1.62087,2.29,1.50
2011.08.07 22:28:30.602,1.61946,1.62087,2.10,1.50
2011.08.07 22:28:30.822,1.61957,1.62087,1.13,1.50
2011.08.07 22:28:31.393,1.61963,1.62091,1.13,1.50
2011.08.07 22:28:31.812,1.61954,1.62091,2.10,1.50
2011.08.07 22:28:31.924,1.61954,1.62091,1.73,1.50
2011.08.07 22:28:32.702,1.61958,1.62091,1.13,1.50
2011.08.07 22:28:32.920,1.61954,1.62091,1.73,1.50
2011.08.07 22:28:33.032,1.61954,1.62091,1.35,1.50
2011.08.07 22:28:33.253,1.61954,1.62079,1.35,1.50
2011.08.07 22:28:33.471,1.61938,1.62078,1.35,1.50
2011.08.07 22:28:33.806,1.61938,1.62074,1.35,1.50
2011.08.07 22:28:34.033,1.61938,1.62079,1.35,2.85
2011.08.07 22:28:34.364,1.61938,1.62074,1.35,1.50
2011.08.07 22:28:34.471,1.61938,1.62074,1.35,1.50
2011.08.07 22:28:35.307,1.61938,1.62079,2.10,2.85
2011.08.07 22:28:38.213,1.61938,1.62074,1.35,1.50
2011.08.07 22:28:38.431,1.61922,1.62062,1.73,2.10
2011.08.07 22:28:38.546,1.61928,1.62062,1.88,1.35
2011.08.07 22:28:38.771,1.6193,1.62068,1.13,1.88
2011.08.07 22:28:38.882,1.61929,1.62066,2.48,1.50
2011.08.07 22:28:38.994,1.61928,1.62054,1.62,1.35
2011.08.07 22:28:39.101,1.61921,1.62055,1.35,2.10
2011.08.07 22:28:39.212,1.61921,1.62055,1.35,1.35
2011.08.07 22:28:39.325,1.61929,1.62055,1.13,1.35
2011.08.07 22:28:39.442,1.61921,1.62063,2.10,2.85
2011.08.07 22:28:39.549,1.61921,1.62063,1.35,2.85
2011.08.07 22:28:39.660,1.61921,1.62053,1.35,1.50
2011.08.07 22:28:40.135,1.61921,1.62054,1.78,2.10
2011.08.07 22:28:40.471,1.61918,1.62054,1.13,2.10
2011.08.07 22:28:40.694,1.6194,1.62054,1.50,2.10
2011.08.07 22:28:41.240,1.61937,1.62054,1.13,1.50
2011.08.07 22:28:41.352,1.61921,1.62054,1.73,1.50
2011.08.07 22:28:41.461,1.61921,1.62054,1.73,1.50
2011.08.07 22:28:41.573,1.61921,1.62054,2.10,1.50
2011.08.07 22:28:41.684,1.61924,1.62056,1.13,2.10
2011.08.07 22:28:41.795,1.61924,1.62053,1.13,1.50
2011.08.07 22:28:42.481,1.61928,1.62048,1.13,2.10
2011.08.07 22:28:43.552,1.61922,1.62048,1.50,2.85
2011.08.07 22:28:43.662,1.61913,1.62048,2.10,2.10
2011.08.07 22:28:44.103,1.61921,1.62055,1.73,1.50
2011.08.07 22:28:45.017,1.61921,1.62055,1.73,1.50
2011.08.07 22:28:46.110,1.61921,1.62055,1.35,1.50
2011.08.07 22:28:46.332,1.61921,1.62055,1.73,1.50
2011.08.07 22:28:47.383,1.61921,1.62055,1.73,1.50
2011.08.07 22:28:47.834,1.61923,1.62055,1.13,1.50
2011.08.07 22:28:48.273,1.61921,1.62055,1.73,1.50
2011.08.07 22:28:48.712,1.61924,1.62055,1.13,1.50
2011.08.07 22:28:49.260,1.61921,1.62055,2.10,1.50
2011.08.07 22:28:49.483,1.61924,1.62055,1.50,1.50
2011.08.07 22:28:49.703,1.61931,1.62063,1.35,2.85
2011.08.07 22:28:50.371,1.61948,1.62065,2.85,2.10
2011.08.07 22:28:50.486,1.61949,1.62065,1.50,2.10
2011.08.07 22:28:51.454,1.61949,1.62065,1.50,1.35
2011.08.07 22:28:51.565,1.61972,1.62084,1.35,1.88
2011.08.07 22:28:51.673,1.61972,1.62084,1.35,1.13
2011.08.07 22:28:51.892,1.61962,1.62086,1.35,2.10
2011.08.07 22:28:53.363,1.61962,1.62086,1.35,2.10
2011.08.07 22:28:53.973,1.61962,1.62086,1.35,2.10
2011.08.07 22:28:54.413,1.61962,1.62086,1.35,2.10
2011.08.07 22:28:54.643,1.61962,1.62086,1.35,2.10
2011.08.07 22:28:54.973,1.61962,1.62085,1.35,1.13
2011.08.07 22:28:55.083,1.61955,1.62075,2.10,2.10
2011.08.07 22:28:55.303,1.61955,1.62075,2.10,1.35
2011.08.07 22:28:56.207,1.61955,1.62075,2.10,2.10
2011.08.07 22:28:57.246,1.61955,1.62075,2.10,2.10
2011.08.07 22:29:00.181,1.61955,1.62075,1.73,2.10
2011.08.07 22:29:00.623,1.61955,1.62075,1.35,2.10
2011.08.07 22:29:02.513,1.61955,1.62075,2.10,2.10
2011.08.07 22:29:03.373,1.61955,1.62075,2.10,2.10
2011.08.07 22:29:04.323,1.61955,1.62075,2.10,2.10
2011.08.07 22:29:04.792,1.61959,1.6207,1.13,2.10
2011.08.07 22:29:05.123,1.61964,1.62077,2.10,2.10
2011.08.07 22:29:05.341,1.61964,1.62077,1.35,2.10
2011.08.07 22:29:05.453,1.61964,1.62077,2.48,2.10
2011.08.07 22:29:06.003,1.61964,1.62077,2.10,2.10
2011.08.07 22:29:06.554,1.61964,1.62077,2.10,2.10
2011.08.07 22:29:07.194,1.61964,1.62071,2.10,1.13
2011.08.07 22:29:07.523,1.61938,1.62053,2.10,1.35
2011.08.07 22:29:07.634,1.61959,1.62053,1.88,1.35
2011.08.07 22:29:08.325,1.61958,1.62053,1.50,1.35
2011.08.07 22:29:08.653,1.61933,1.62021,1.65,1.13
2011.08.07 22:29:08.982,1.61923,1.62033,2.10,1.13
2011.08.07 22:29:09.234,1.61923,1.62033,1.73,1.13
2011.08.07 22:29:09.454,1.61929,1.62006,1.13,1.13
2011.08.07 22:29:09.565,1.6192,1.62004,1.32,1.13
2011.08.07 22:29:09.673,1.61889,1.62016,2.10,1.77
2011.08.07 22:29:10.001,1.6189,1.62022,1.13,2.10
2011.08.07 22:29:10.331,1.6189,1.62022,1.13,1.35
2011.08.07 22:29:10.880,1.61889,1.62022,1.73,1.35
2011.08.07 22:29:11.435,1.61889,1.62022,2.48,1.35
2011.08.07 22:29:11.545,1.61889,1.62022,2.10,1.35
2011.08.07 22:29:12.132,1.61889,1.62022,2.10,1.35
2011.08.07 22:29:12.933,1.61898,1.62022,1.39,2.10
2011.08.07 22:29:13.484,1.61889,1.62022,2.10,2.10
2011.08.07 22:29:13.593,1.61915,1.62028,1.35,1.35
2011.08.07 22:29:15.291,1.61915,1.62028,1.35,1.73
2011.08.07 22:29:15.401,1.61915,1.62028,1.35,1.35
2011.08.07 22:29:15.734,1.61923,1.62036,1.35,2.10
2011.08.07 22:29:15.953,1.61915,1.62028,1.35,1.35
2011.08.07 22:29:16.173,1.61922,1.62036,1.35,1.50
2011.08.07 22:29:17.214,1.61922,1.62037,1.35,2.10
2011.08.07 22:29:17.795,1.61922,1.62037,1.35,2.10
2011.08.07 22:29:17.903,1.61922,1.62037,1.35,2.10
2011.08.07 22:29:18.012,1.61922,1.62037,1.35,2.10
2011.08.07 22:29:18.234,1.61922,1.62037,1.35,2.10
2011.08.07 22:29:18.893,1.61922,1.62037,1.35,2.10
2011.08.07 22:29:19.003,1.61922,1.62037,1.35,2.10
2011.08.07 22:29:19.333,1.61922,1.62037,1.35,2.10
2011.08.07 22:29:23.953,1.61922,1.62037,1.35,2.10
2011.08.07 22:29:24.280,1.61922,1.62037,1.35,2.10
2011.08.07 22:29:24.985,1.6193,1.62045,1.35,2.10
2011.08.07 22:29:25.884,1.6193,1.62045,1.35,2.10
2011.08.07 22:29:27.372,1.6193,1.62045,1.35,2.10
2011.08.07 22:29:27.483,1.6193,1.62045,1.35,2.10
2011.08.07 22:29:27.590,1.6193,1.62045,1.35,2.10
2011.08.07 22:29:27.812,1.6193,1.62045,1.35,2.10
2011.08.07 22:29:28.143,1.6193,1.62045,1.35,2.48
2011.08.07 22:29:28.611,1.61923,1.62036,1.35,2.10
2011.08.07 22:29:29.384,1.61923,1.62036,1.73,2.10
2011.08.07 22:29:29.605,1.61923,1.62036,1.35,2.10
2011.08.07 22:29:29.934,1.61923,1.62036,2.48,2.10
2011.08.07 22:29:30.261,1.61923,1.62036,2.10,2.10
2011.08.07 22:29:30.594,1.61939,1.62045,1.13,2.10
2011.08.07 22:29:31.258,1.61938,1.62045,1.13,1.35
2011.08.07 22:29:31.373,1.6193,1.62045,1.73,2.10
2011.08.07 22:29:31.705,1.61936,1.62049,1.35,2.48
2011.08.07 22:29:31.813,1.61931,1.62039,1.73,1.50
2011.08.07 22:29:31.923,1.61935,1.62039,1.35,1.50
2011.08.07 22:29:32.361,1.61935,1.62049,1.35,1.13
2011.08.07 22:29:32.833,1.61935,1.6205,1.35,1.35
2011.08.07 22:29:33.162,1.61944,1.6205,1.13,1.35
2011.08.07 22:29:33.383,1.61951,1.62075,1.13,1.73
2011.08.07 22:29:33.494,1.6195,1.62075,1.13,1.35
2011.08.07 22:29:33.604,1.6195,1.6207,1.13,1.35
2011.08.07 22:29:34.153,1.61949,1.6207,1.13,1.35
2011.08.07 22:29:34.264,1.61949,1.62079,1.13,1.35
2011.08.07 22:29:34.377,1.61978,1.62087,1.35,1.13
2011.08.07 22:29:34.920,1.61978,1.62109,1.35,1.88
2011.08.07 22:29:35.692,1.61978,1.62087,1.35,1.13
2011.08.07 22:29:36.463,1.61978,1.62116,1.35,1.50
2011.08.07 22:29:37.171,1.61978,1.62108,1.35,1.50
2011.08.07 22:29:37.731,1.61971,1.62104,1.35,1.13
2011.08.07 22:29:37.844,1.61971,1.62096,1.35,1.13
2011.08.07 22:29:38.394,1.61971,1.62096,1.35,1.13
2011.08.07 22:29:38.632,1.61971,1.62093,1.35,1.13
2011.08.07 22:29:39.074,1.61971,1.62091,1.35,1.13
2011.08.07 22:29:42.419,1.61971,1.62099,1.35,1.50
2011.08.07 22:29:42.642,1.61971,1.62095,1.35,1.58
2011.08.07 22:29:43.311,1.61971,1.62099,1.35,1.50
2011.08.07 22:29:43.532,1.61971,1.62091,1.35,1.13
2011.08.07 22:29:44.110,1.61971,1.62092,1.35,1.13
2011.08.07 22:29:44.221,1.61971,1.62111,2.10,1.28
2011.08.07 22:29:44.552,1.6201,1.621,1.35,1.13
2011.08.07 22:29:44.666,1.61974,1.62091,1.13,1.13
2011.08.07 22:29:44.780,1.61975,1.62101,1.13,1.65
2011.08.07 22:29:45.302,1.61978,1.62087,1.13,1.13
2011.08.07 22:29:46.025,1.61979,1.62092,1.13,1.13
2011.08.07 22:29:47.311,1.61983,1.62091,1.13,1.13
2011.08.07 22:29:47.951,1.61981,1.62113,1.13,1.65
2011.08.07 22:29:48.060,1.61983,1.62113,1.13,1.28
2011.08.07 22:29:48.173,1.61987,1.62113,1.50,1.28
2011.08.07 22:29:48.392,1.61986,1.62114,1.13,1.28
2011.08.07 22:29:48.972,1.61986,1.62114,1.13,1.28
2011.08.07 22:29:49.301,1.61986,1.62114,1.13,1.28
2011.08.07 22:29:49.455,1.61986,1.62114,1.13,1.28
2011.08.07 22:29:50.811,1.61986,1.62111,1.13,1.28
2011.08.07 22:29:52.432,1.61988,1.62114,1.13,1.65
2011.08.07 22:29:52.541,1.6198,1.6211,1.13,1.28
2011.08.07 22:29:52.653,1.61992,1.62113,1.13,1.28
2011.08.07 22:29:53.227,1.61992,1.62111,1.50,1.28
2011.08.07 22:29:53.752,1.61992,1.62112,1.50,1.28
2011.08.07 22:29:54.192,1.61992,1.62112,1.13,1.28
2011.08.07 22:29:54.302,1.61992,1.62113,1.13,1.65
2011.08.07 22:29:54.412,1.61992,1.62106,1.13,1.88
2011.08.07 22:29:54.850,1.6199,1.62113,1.13,1.28
2011.08.07 22:29:54.962,1.61992,1.62111,1.50,1.50
2011.08.07 22:29:55.623,1.61992,1.62109,1.13,1.99
2011.08.07 22:29:55.730,1.61989,1.62113,1.13,1.65
2011.08.07 22:29:56.173,1.61989,1.62108,1.50,1.99
2011.08.07 22:29:56.281,1.61987,1.62108,1.50,1.28
2011.08.07 22:29:56.390,1.61987,1.62135,1.50,1.24
2011.08.07 22:29:56.832,1.61989,1.62107,1.13,1.13
2011.08.07 22:29:56.940,1.61992,1.62129,1.09,1.13
2011.08.07 22:29:57.051,1.62014,1.62143,1.09,1.69
2011.08.07 22:29:57.161,1.62014,1.62146,1.09,1.69
2011.08.07 22:29:57.270,1.62014,1.62143,1.09,1.32
2011.08.07 22:29:57.493,1.61991,1.62139,1.50,1.13
2011.08.07 22:29:57.602,1.61999,1.62139,1.13,1.13
2011.08.07 22:29:58.261,1.61991,1.62139,1.50,1.50
2011.08.07 22:29:58.592,1.62,1.62139,1.13,1.50
2011.08.07 22:29:58.920,1.62001,1.62144,1.50,1.50
2011.08.07 22:29:59.761,1.62008,1.62139,1.13,1.50
2011.08.07 22:30:00.094,1.62008,1.62138,1.13,1.13
2011.08.07 22:30:00.432,1.62003,1.62138,1.73,1.88
2011.08.07 22:30:00.762,1.61988,1.62136,1.13,1.13
2011.08.07 22:30:00.871,1.61986,1.62136,1.50,1.50
2011.08.07 22:30:00.983,1.61991,1.62127,1.13,1.13
2011.08.07 22:30:01.205,1.61991,1.62135,1.13,1.13
2011.08.07 22:30:01.310,1.61996,1.62129,1.13,1.50
2011.08.07 22:30:01.534,1.61996,1.62136,1.50,1.50
2011.08.07 22:30:01.753,1.62009,1.62134,1.50,1.50
2011.08.07 22:30:03.135,1.6201,1.62133,1.50,1.88
2011.08.07 22:30:03.258,1.62009,1.62115,1.13,1.13
2011.08.07 22:30:03.481,1.62009,1.62129,1.13,1.50
2011.08.07 22:30:08.792,1.62009,1.62133,1.50,1.50
2011.08.07 22:30:09.013,1.62007,1.62128,1.50,1.50
2011.08.07 22:30:10.035,1.61987,1.62111,1.50,1.13
2011.08.07 22:30:10.360,1.61992,1.62133,1.50,1.50
2011.08.07 22:30:10.581,1.61973,1.62124,1.84,1.50
2011.08.07 22:30:10.693,1.61973,1.62106,1.84,1.13
2011.08.07 22:30:10.802,1.61957,1.62099,1.09,1.13
2011.08.07 22:30:11.903,1.61954,1.62077,1.50,1.35
2011.08.07 22:30:12.231,1.61947,1.62084,1.13,1.13
2011.08.07 22:30:12.455,1.61948,1.62083,1.13,1.13
2011.08.07 22:30:12.674,1.61942,1.62096,1.50,1.09
2011.08.07 22:30:12.892,1.61927,1.62083,1.09,1.69
2011.08.07 22:30:13.362,1.61931,1.62081,1.13,1.28
2011.08.07 22:30:13.484,1.61946,1.62079,1.13,1.24
2011.08.07 22:30:13.701,1.61953,1.62077,1.35,1.50
2011.08.07 22:30:14.256,1.61953,1.62083,2.10,1.50
2011.08.07 22:30:14.371,1.61953,1.62083,2.10,1.13
2011.08.07 22:30:14.480,1.61935,1.62086,1.35,1.13
2011.08.07 22:30:14.591,1.61914,1.62086,1.13,1.13
2011.08.07 22:30:14.701,1.61964,1.62124,1.13,1.50
2011.08.07 22:30:15.030,1.61958,1.62121,1.13,1.13
2011.08.07 22:30:15.253,1.61954,1.6212,1.67,1.13
2011.08.07 22:30:15.692,1.61956,1.62113,1.13,1.50
2011.08.07 22:30:15.909,1.61953,1.62135,1.13,1.50
2011.08.07 22:30:16.129,1.61955,1.62126,1.13,1.50
2011.08.07 22:30:16.470,1.61956,1.62113,1.13,1.50
2011.08.07 22:30:17.073,1.61953,1.62136,1.13,1.50
2011.08.07 22:30:17.186,1.61958,1.62129,1.13,1.13
2011.08.07 22:30:17.732,1.61956,1.62113,1.50,1.50
2011.08.07 22:30:17.840,1.61955,1.62113,1.13,1.50
2011.08.07 22:30:18.286,1.61951,1.62113,1.13,1.50
2011.08.07 22:30:18.621,1.61951,1.62113,1.13,1.50
2011.08.07 22:30:19.469,1.61953,1.62113,1.13,1.50
2011.08.07 22:30:20.310,1.61952,1.62113,1.13,1.50
2011.08.07 22:30:21.009,1.61952,1.62113,1.13,1.50
2011.08.07 22:30:21.563,1.61954,1.62113,1.13,1.50
2011.08.07 22:30:22.224,1.61953,1.62114,1.13,1.50
2011.08.07 22:30:23.104,1.61952,1.62123,1.13,1.50
2011.08.07 22:30:23.332,1.61953,1.62123,1.13,1.50
2011.08.07 22:30:23.934,1.61953,1.62123,1.13,1.50
2011.08.07 22:30:24.603,1.6195,1.62118,1.13,1.50
2011.08.07 22:30:24.712,1.61949,1.62118,1.13,1.50
2011.08.07 22:30:25.151,1.61943,1.62118,1.50,1.50
2011.08.07 22:30:25.260,1.61948,1.62118,1.13,1.50
2011.08.07 22:30:25.593,1.61949,1.62114,1.13,1.50
2011.08.07 22:30:25.704,1.61956,1.62112,1.13,1.50
2011.08.07 22:30:25.812,1.61949,1.62112,1.50,1.50
2011.08.07 22:30:26.143,1.61953,1.62112,1.13,1.50
2011.08.07 22:30:26.692,1.61943,1.62104,1.50,1.50
2011.08.07 22:30:27.170,1.61948,1.62103,1.13,1.50
2011.08.07 22:30:27.571,1.61948,1.62103,1.13,1.50
2011.08.07 22:30:28.463,1.61949,1.62114,1.13,1.50
2011.08.07 22:30:28.683,1.61946,1.62114,1.13,1.50
2011.08.07 22:30:28.793,1.61949,1.62114,1.13,1.50
2011.08.07 22:30:29.124,1.61949,1.62118,1.13,1.50
2011.08.07 22:30:29.343,1.61942,1.62114,1.50,1.50
2011.08.07 22:30:29.453,1.61942,1.62114,1.50,1.50
2011.08.07 22:30:30.352,1.61945,1.62109,1.13,1.50
2011.08.07 22:30:30.957,1.6195,1.62109,1.13,1.50
2011.08.07 22:30:31.292,1.61964,1.62108,1.13,1.50
2011.08.07 22:30:31.844,1.61947,1.62113,1.13,1.50
2011.08.07 22:30:31.953,1.61958,1.62114,1.13,1.50
2011.08.07 22:30:32.172,1.61942,1.62114,1.50,1.50
2011.08.07 22:30:32.282,1.61942,1.62114,1.13,1.50
2011.08.07 22:30:32.394,1.61953,1.62109,1.13,1.50
2011.08.07 22:30:32.720,1.61948,1.62114,1.13,1.50
2011.08.07 22:30:32.831,1.61942,1.62114,1.50,1.50
2011.08.07 22:30:32.943,1.61945,1.62114,1.24,1.50
2011.08.07 22:30:33.865,1.61953,1.62109,1.13,1.50
2011.08.07 22:30:34.192,1.61958,1.62107,1.13,1.13
2011.08.07 22:30:34.596,1.61953,1.62108,1.13,1.50
2011.08.07 22:30:34.714,1.61947,1.62107,1.13,1.13
2011.08.07 22:30:34.825,1.61954,1.62108,1.13,1.50
2011.08.07 22:30:35.372,1.61949,1.62107,1.24,1.13
2011.08.07 22:30:35.809,1.61944,1.62112,1.13,1.13
2011.08.07 22:30:35.922,1.61953,1.62107,1.13,1.50
2011.08.07 22:30:36.801,1.61942,1.62107,1.50,1.13
2011.08.07 22:30:36.916,1.61947,1.62106,1.13,1.13
2011.08.07 22:30:37.437,1.61953,1.62108,1.13,1.13
2011.08.07 22:30:37.983,1.61954,1.62108,1.13,1.50
2011.08.07 22:30:38.652,1.61954,1.62114,1.13,1.88
2011.08.07 22:30:38.984,1.61953,1.62114,1.13,1.50
2011.08.07 22:30:40.710,1.61949,1.62108,1.13,1.50
2011.08.07 22:30:40.823,1.61958,1.62108,1.13,1.50
2011.08.07 22:30:44.352,1.6195,1.62113,1.13,1.13
2011.08.07 22:30:44.574,1.61961,1.62108,1.62,1.13
2011.08.07 22:30:45.013,1.61959,1.62109,1.28,1.13
2011.08.07 22:30:45.671,1.61953,1.62109,1.13,1.13
2011.08.07 22:30:45.783,1.61953,1.62109,1.13,1.13
2011.08.07 22:30:46.535,1.61957,1.62109,1.13,1.13
2011.08.07 22:30:46.752,1.61955,1.62109,1.13,1.13
2011.08.07 22:30:47.102,1.61954,1.62109,1.13,1.13
2011.08.07 22:30:47.431,1.6195,1.62109,1.13,1.13
2011.08.07 22:30:47.541,1.61953,1.62109,1.13,1.13
2011.08.07 22:30:49.992,1.61958,1.62109,1.13,1.13
2011.08.07 22:30:50.542,1.61956,1.62109,2.10,1.13
2011.08.07 22:30:51.903,1.61964,1.62108,1.13,1.13
2011.08.07 22:30:52.123,1.61956,1.62108,1.13,1.13
2011.08.07 22:30:52.233,1.61954,1.62118,1.13,1.13
2011.08.07 22:30:52.453,1.61955,1.62109,1.13,1.13
2011.08.07 22:30:53.011,1.61956,1.62104,1.50,1.13
2011.08.07 22:30:53.122,1.61954,1.62109,1.13,1.13
2011.08.07 22:30:53.230,1.61956,1.62109,1.13,1.13
2011.08.07 22:30:53.564,1.61959,1.62109,1.13,1.13
2011.08.07 22:30:55.039,1.61957,1.62109,1.13,1.13
2011.08.07 22:30:55.153,1.61955,1.62109,1.13,1.13
2011.08.07 22:30:55.262,1.61959,1.62109,1.13,1.13
2011.08.07 22:30:56.442,1.61955,1.62108,1.13,1.13
2011.08.07 22:30:56.552,1.61958,1.62108,1.13,1.13
2011.08.07 22:30:57.102,1.61958,1.62108,1.13,1.13
2011.08.07 22:30:57.743,1.61958,1.62108,1.13,1.13
2011.08.07 22:30:58.292,1.61947,1.62108,1.65,1.13
2011.08.07 22:30:58.624,1.6195,1.62109,1.84,1.13
2011.08.07 22:30:59.431,1.61953,1.62103,1.13,1.13
2011.08.07 22:30:59.654,1.61954,1.62108,1.13,1.13
2011.08.07 22:31:00.624,1.61953,1.62109,1.13,1.13
2011.08.07 22:31:00.845,1.61954,1.62113,1.13,1.13
2011.08.07 22:31:01.383,1.61959,1.62113,1.13,1.13
2011.08.07 22:31:01.495,1.61958,1.62118,1.13,1.13
2011.08.07 22:31:02.034,1.61948,1.62096,1.13,1.13
2011.08.07 22:31:02.361,1.61949,1.62096,1.50,1.13
2011.08.07 22:31:05.053,1.61948,1.62109,1.50,1.50
2011.08.07 22:31:07.150,1.61949,1.62099,1.50,1.13
2011.08.07 22:31:07.814,1.61949,1.62091,1.13,1.13
2011.08.07 22:31:08.341,1.61943,1.62108,1.13,1.13
2011.08.07 22:31:08.452,1.61953,1.62094,1.13,1.39
2011.08.07 22:31:10.400,1.61951,1.62101,1.13,1.13
2011.08.07 22:31:10.513,1.6195,1.62087,1.13,1.13
2011.08.07 22:31:10.730,1.61943,1.62109,1.13,1.50
2011.08.07 22:31:10.952,1.61946,1.62102,1.13,1.35
2011.08.07 22:31:11.066,1.61946,1.62098,1.13,1.69
2011.08.07 22:31:11.595,1.61948,1.62092,1.13,1.13
2011.08.07 22:31:12.292,1.61948,1.62092,1.13,1.13
2011.08.07 22:31:12.845,1.61949,1.62091,1.13,1.13
2011.08.07 22:31:13.130,1.61946,1.62105,1.50,1.13
2011.08.07 22:31:13.353,1.61947,1.62096,1.50,1.13
2011.08.07 22:31:13.684,1.61946,1.62099,1.13,1.80
2011.08.07 22:31:17.604,1.61947,1.62091,1.13,1.13
2011.08.07 22:31:18.379,1.61949,1.62091,1.13,1.13
2011.08.07 22:31:18.495,1.61947,1.62108,1.13,1.13
2011.08.07 22:31:18.614,1.61949,1.621,1.13,1.77
2011.08.07 22:31:21.385,1.61948,1.62098,1.50,1.50
2011.08.07 22:31:21.711,1.61927,1.62103,1.13,1.13
2011.08.07 22:31:22.418,1.61927,1.62104,1.13,1.13
2011.08.07 22:31:22.532,1.61978,1.62104,1.13,1.13
2011.08.07 22:31:23.173,1.61979,1.62104,1.13,1.13
2011.08.07 22:31:23.700,1.61947,1.62103,1.50,1.13
2011.08.07 22:31:23.817,1.61985,1.62103,1.13,1.13
2011.08.07 22:31:24.041,1.61984,1.62104,1.50,1.13
2011.08.07 22:31:24.293,1.61986,1.62104,1.13,1.50
2011.08.07 22:31:25.294,1.61986,1.62104,1.13,1.88
2011.08.07 22:31:26.743,1.61985,1.62104,1.13,1.88
2011.08.07 22:31:28.070,1.61986,1.62104,1.13,1.88
2011.08.07 22:31:28.613,1.61986,1.62104,1.13,1.88
2011.08.07 22:31:29.411,1.61986,1.62104,1.13,1.50
2011.08.07 22:31:30.058,1.61986,1.62104,1.13,1.50
2011.08.07 22:31:30.612,1.61985,1.62104,1.13,1.50
2011.08.07 22:31:37.724,1.61984,1.62103,1.13,1.13
2011.08.07 22:31:38.608,1.61984,1.62103,1.50,1.13
2011.08.07 22:31:40.324,1.61989,1.62108,1.13,1.13
2011.08.07 22:31:41.299,1.61989,1.62108,1.13,1.13
2011.08.07 22:31:41.985,1.61986,1.62109,1.13,1.13
2011.08.07 22:31:42.095,1.61965,1.62113,2.10,1.13
2011.08.07 22:31:42.206,1.61965,1.62113,1.73,1.13
2011.08.07 22:31:42.316,1.61965,1.62093,1.35,1.13
2011.08.07 22:31:42.647,1.61948,1.62088,1.13,1.13
2011.08.07 22:31:42.758,1.61947,1.62088,1.58,1.13
2011.08.07 22:31:42.868,1.6195,1.62088,1.13,1.13
2011.08.07 22:31:42.976,1.61948,1.62088,1.13,1.13
2011.08.07 22:31:43.306,1.61935,1.62083,1.32,1.13
2011.08.07 22:31:43.417,1.61949,1.62083,1.13,1.13
2011.08.07 22:31:44.697,1.61949,1.62084,1.13,1.13
2011.08.07 22:31:45.025,1.61933,1.62081,1.13,1.13
2011.08.07 22:31:45.247,1.61944,1.62079,1.13,1.13
2011.08.07 22:31:45.466,1.61943,1.62079,1.13,1.13
2011.08.07 22:31:45.574,1.61916,1.62079,1.50,1.13
2011.08.07 22:31:46.146,1.61943,1.62079,1.50,1.13
2011.08.07 22:31:46.478,1.61949,1.62079,1.13,1.13
2011.08.07 22:31:47.086,1.61945,1.62088,1.13,1.13
2011.08.07 22:31:47.416,1.6195,1.62083,1.13,1.13
2011.08.07 22:31:47.943,1.61949,1.62093,1.13,1.88
2011.08.07 22:31:48.168,1.61949,1.62093,1.13,1.50
2011.08.07 22:31:48.707,1.61948,1.62093,1.13,1.50
2011.08.07 22:31:50.658,1.61949,1.62083,1.13,1.13
2011.08.07 22:31:51.098,1.61944,1.62088,1.92,1.13
2011.08.07 22:31:51.209,1.61947,1.62089,1.69,1.13
2011.08.07 22:31:51.847,1.61956,1.62091,1.20,1.13
2011.08.07 22:31:52.287,1.61963,1.62088,1.13,1.50
2011.08.07 22:31:52.866,1.61959,1.62088,1.13,1.13
2011.08.07 22:31:53.087,1.61964,1.62091,1.13,1.50
2011.08.07 22:31:54.266,1.61963,1.62089,1.13,1.50
2011.08.07 22:31:54.816,1.61964,1.62089,1.13,1.50
2011.08.07 22:31:55.558,1.61956,1.62089,1.13,1.50
2011.08.07 22:31:55.887,1.61969,1.62091,1.13,1.50
2011.08.07 22:31:56.105,1.61955,1.62094,1.13,1.50
2011.08.07 22:31:56.216,1.61959,1.62089,1.13,1.13
2011.08.07 22:31:56.662,1.61968,1.62082,1.69,1.13
2011.08.07 22:31:57.765,1.61978,1.62103,1.13,1.13
2011.08.07 22:31:57.878,1.61973,1.62103,1.13,1.13
2011.08.07 22:31:57.987,1.61967,1.6211,1.13,1.13
2011.08.07 22:31:58.096,1.61978,1.6211,1.13,1.13
2011.08.07 22:31:59.226,1.61983,1.6211,1.13,1.13
2011.08.07 22:31:59.576,1.61978,1.6211,1.13,1.13
2011.08.07 22:31:59.794,1.61977,1.6211,1.13,1.13
2011.08.07 22:31:59.906,1.61993,1.62113,1.13,1.13
2011.08.07 22:32:00.016,1.61994,1.62119,1.88,1.13
2011.08.07 22:32:00.237,1.61996,1.62119,1.13,1.13
2011.08.07 22:32:01.209,1.61996,1.62119,1.13,1.13
2011.08.07 22:32:01.886,1.61996,1.62118,1.13,1.50
2011.08.07 22:32:02.104,1.61994,1.62118,1.13,1.50
2011.08.07 22:32:02.508,1.61973,1.62118,1.35,1.50
2011.08.07 22:32:02.622,1.61974,1.6211,1.65,1.50
2011.08.07 22:32:04.167,1.61983,1.6211,1.13,1.50
2011.08.07 22:32:04.854,1.61973,1.6211,1.13,1.50
2011.08.07 22:32:05.471,1.61984,1.6211,1.13,1.50
2011.08.07 22:32:06.694,1.61972,1.6211,1.13,1.50
2011.08.07 22:32:07.587,1.61983,1.6211,1.13,1.50
2011.08.07 22:32:07.806,1.61967,1.6211,1.13,1.50
2011.08.07 22:32:07.918,1.61969,1.6211,1.13,1.50
2011.08.07 22:32:08.029,1.61972,1.6211,1.28,1.50
2011.08.07 22:32:08.136,1.61962,1.6211,1.50,1.50
2011.08.07 22:32:08.246,1.6197,1.6211,1.69,1.50
2011.08.07 22:32:08.786,1.61976,1.6211,1.13,1.50
2011.08.07 22:32:09.117,1.61982,1.6211,1.32,1.50
2011.08.07 22:32:09.228,1.61987,1.62113,1.13,1.50
2011.08.07 22:32:09.558,1.61988,1.62113,1.13,1.50
2011.08.07 22:32:10.123,1.61989,1.62113,1.13,1.50
2011.08.07 22:32:10.626,1.61988,1.62113,1.13,1.50
2011.08.07 22:32:11.224,1.61989,1.62109,1.13,1.50
2011.08.07 22:32:11.338,1.61973,1.62109,1.50,1.50
2011.08.07 22:32:11.446,1.61964,1.62108,1.35,1.50
2011.08.07 22:32:11.556,1.61956,1.62094,1.35,1.13
2011.08.07 22:32:11.669,1.61951,1.62093,1.50,1.13
2011.08.07 22:32:11.776,1.61951,1.62101,1.50,1.50
2011.08.07 22:32:11.887,1.61931,1.62089,1.35,1.13
2011.08.07 22:32:12.106,1.61931,1.62088,2.10,1.13
2011.08.07 22:32:12.325,1.61892,1.62087,1.13,1.50
2011.08.07 22:32:12.435,1.61892,1.62083,1.13,2.25
2011.08.07 22:32:12.544,1.61877,1.62072,1.35,1.50
2011.08.07 22:32:12.657,1.61834,1.62071,1.50,1.50
2011.08.07 22:32:12.767,1.61874,1.62061,1.13,1.13
2011.08.07 22:32:12.984,1.6185,1.62067,1.13,1.50
2011.08.07 22:32:13.316,1.61865,1.62062,1.13,1.13
2011.08.07 22:32:14.190,1.61865,1.62064,1.50,1.88
2011.08.07 22:32:14.527,1.61893,1.62063,1.50,1.50
2011.08.07 22:32:14.637,1.61908,1.62069,1.13,1.13
2011.08.07 22:32:14.745,1.619,1.62064,1.13,1.50
2011.08.07 22:32:14.965,1.61896,1.62058,1.35,1.50
2011.08.07 22:32:15.074,1.61876,1.62059,1.35,1.50
2011.08.07 22:32:15.184,1.61877,1.62053,1.50,1.13
2011.08.07 22:32:15.517,1.61894,1.62025,1.13,1.80
2011.08.07 22:32:15.848,1.61893,1.62012,1.13,1.13
2011.08.07 22:32:16.400,1.61898,1.62022,2.10,1.73
2011.08.07 22:32:16.631,1.61891,1.62069,1.13,1.50
2011.08.07 22:32:17.886,1.61881,1.62059,2.10,1.50
2011.08.07 22:32:18.491,1.61881,1.62054,2.10,1.50
2011.08.07 22:32:18.610,1.61881,1.62054,2.10,1.50
2011.08.07 22:32:18.837,1.61881,1.62054,2.10,1.50
2011.08.07 22:32:19.060,1.61881,1.62054,2.10,1.50
2011.08.07 22:32:19.286,1.61881,1.62054,2.10,1.50
2011.08.07 22:32:19.727,1.61881,1.62052,1.35,1.13
2011.08.07 22:32:20.277,1.61879,1.62051,2.10,1.50
2011.08.07 22:32:20.608,1.6188,1.6205,1.50,1.13
2011.08.07 22:32:20.719,1.6188,1.62051,1.13,1.88
2011.08.07 22:32:21.046,1.61879,1.62044,2.48,1.50
2011.08.07 22:32:22.248,1.61879,1.62044,2.48,1.50
2011.08.07 22:32:23.307,1.61879,1.62044,2.48,1.50
2011.08.07 22:32:24.165,1.61879,1.62044,2.48,1.50
2011.08.07 22:32:25.047,1.61879,1.62044,2.48,1.50
2011.08.07 22:32:25.487,1.61896,1.62063,1.09,1.13
2011.08.07 22:32:25.598,1.61907,1.62067,1.32,2.10
2011.08.07 22:32:25.926,1.61908,1.62069,1.13,1.50
2011.08.07 22:32:26.035,1.61891,1.62059,1.50,1.50
2011.08.07 22:32:26.146,1.61889,1.62059,1.13,1.50
2011.08.07 22:32:26.476,1.61881,1.62053,1.50,1.50
2011.08.07 22:32:27.716,1.6188,1.62058,1.13,1.50
2011.08.07 22:32:28.047,1.61907,1.62062,1.13,1.13
2011.08.07 22:32:28.156,1.61918,1.62067,1.13,1.13
2011.08.07 22:32:28.374,1.61894,1.62056,1.13,1.13
2011.08.07 22:32:28.486,1.61876,1.62055,1.28,1.13
2011.08.07 22:32:28.596,1.61862,1.62055,1.13,1.13
2011.08.07 22:32:28.814,1.61856,1.62054,1.50,1.50
2011.08.07 22:32:29.319,1.61883,1.62054,1.13,1.50
2011.08.07 22:32:30.017,1.61887,1.62057,1.13,1.50
2011.08.07 22:32:30.127,1.61918,1.62062,1.13,1.13
2011.08.07 22:32:30.236,1.61918,1.62057,1.13,1.13
2011.08.07 22:32:30.456,1.61863,1.62049,1.65,1.50
2011.08.07 22:32:31.404,1.61865,1.62049,1.13,1.50
2011.08.07 22:32:31.514,1.61857,1.62049,1.13,1.50
2011.08.07 22:32:31.628,1.61883,1.62048,1.13,1.13
2011.08.07 22:32:31.734,1.61863,1.62039,1.13,1.50
2011.08.07 22:32:31.844,1.61874,1.62051,1.13,1.13
2011.08.07 22:32:31.953,1.61887,1.62051,1.50,1.13
2011.08.07 22:32:32.175,1.61887,1.62049,1.50,1.13
2011.08.07 22:32:33.015,1.61895,1.62051,1.13,1.13
2011.08.07 22:32:33.237,1.61922,1.62057,1.09,1.13
2011.08.07 22:32:33.565,1.61922,1.62064,1.09,1.13
2011.08.07 22:32:33.676,1.61922,1.62065,1.09,1.13
2011.08.07 22:32:34.577,1.61922,1.62068,1.09,1.09
2011.08.07 22:32:35.378,1.61922,1.62064,1.09,1.50
2011.08.07 22:32:35.706,1.61911,1.62057,1.13,1.13
2011.08.07 22:32:35.816,1.61898,1.62049,1.80,1.50
2011.08.07 22:32:35.925,1.61887,1.62049,2.44,1.50
2011.08.07 22:32:36.035,1.61881,1.62049,1.88,1.50
2011.08.07 22:32:36.144,1.61887,1.62049,1.13,1.50
2011.08.07 22:32:36.735,1.61893,1.62049,1.13,1.50
2011.08.07 22:32:37.187,1.61888,1.62037,1.13,1.50
2011.08.07 22:32:37.294,1.61872,1.62033,1.13,1.50
2011.08.07 22:32:37.846,1.61884,1.62033,1.13,1.50
2011.08.07 22:32:37.957,1.61883,1.62046,1.09,1.13
2011.08.07 22:32:38.065,1.61887,1.62048,1.13,1.13
2011.08.07 22:32:38.178,1.61899,1.6205,1.13,1.13
2011.08.07 22:32:38.508,1.61899,1.62051,1.13,1.13
2011.08.07 22:32:38.836,1.61875,1.62034,1.69,1.50
2011.08.07 22:32:38.946,1.61871,1.62028,1.54,1.50
2011.08.07 22:32:39.056,1.61871,1.62028,1.54,1.50
2011.08.07 22:32:39.736,1.61871,1.62027,1.54,1.50
2011.08.07 22:32:40.113,1.61871,1.62024,1.54,1.50
2011.08.07 22:32:40.448,1.61884,1.62012,1.13,1.50
2011.08.07 22:32:40.777,1.61893,1.62012,1.13,1.50
2011.08.07 22:32:41.215,1.61894,1.62013,1.13,1.50
2011.08.07 22:32:41.767,1.61893,1.62012,1.13,1.50
2011.08.07 22:32:42.376,1.61883,1.62011,1.13,1.50
2011.08.07 22:32:42.925,1.61883,1.62011,1.13,1.50
2011.08.07 22:32:43.420,1.61883,1.62011,1.13,1.50
2011.08.07 22:32:44.504,1.61872,1.62003,1.13,1.50
2011.08.07 22:32:44.725,1.61842,1.62003,1.13,1.50
2011.08.07 22:32:44.834,1.61842,1.62003,1.13,1.50
2011.08.07 22:32:44.946,1.61846,1.62001,1.13,1.13
2011.08.07 22:32:45.167,1.61842,1.62001,1.13,1.13
2011.08.07 22:32:45.386,1.61834,1.61998,1.50,1.13
2011.08.07 22:32:45.496,1.61833,1.61998,1.13,1.13
2011.08.07 22:32:46.816,1.61825,1.61975,1.13,1.13
2011.08.07 22:32:46.924,1.61821,1.61975,1.50,1.13
2011.08.07 22:32:47.145,1.61821,1.61975,1.50,1.50
2011.08.07 22:32:47.506,1.61829,1.61971,1.13,1.13
2011.08.07 22:32:48.326,1.61828,1.61972,1.13,1.13
2011.08.07 22:32:48.657,1.61855,1.61978,1.13,1.50
2011.08.07 22:32:48.986,1.61836,1.61975,1.13,1.13
2011.08.07 22:32:49.097,1.61826,1.61975,1.35,1.13
2011.08.07 22:32:49.788,1.61825,1.61974,1.50,1.13
2011.08.07 22:32:50.336,1.61868,1.61972,1.13,1.13
2011.08.07 22:32:51.109,1.61874,1.61972,1.13,1.13
2011.08.07 22:32:51.697,1.61869,1.61975,1.13,1.13
2011.08.07 22:32:51.808,1.61872,1.6208,1.50,1.13
2011.08.07 22:32:51.916,1.61867,1.62069,1.28,1.50
2011.08.07 22:32:52.024,1.6188,1.62077,1.35,1.50
2011.08.07 22:32:52.246,1.6188,1.62077,2.10,1.50
2011.08.07 22:32:52.466,1.6188,1.62077,2.10,1.50
2011.08.07 22:32:52.906,1.61882,1.62076,1.13,1.50
2011.08.07 22:32:53.237,1.61903,1.62067,1.13,1.88
2011.08.07 22:32:53.563,1.61888,1.62063,1.13,1.50
2011.08.07 22:32:53.784,1.61877,1.62056,1.50,1.50
2011.08.07 22:32:53.897,1.61899,1.62044,1.13,1.50
2011.08.07 22:32:54.446,1.61898,1.62044,1.13,1.50
2011.08.07 22:32:55.234,1.61877,1.62044,1.13,1.13
2011.08.07 22:32:55.344,1.61874,1.62044,2.10,1.13
2011.08.07 22:32:55.678,1.61886,1.62061,1.13,1.13
2011.08.07 22:32:55.787,1.61888,1.62064,1.13,2.10
2011.08.07 22:32:55.894,1.61883,1.62093,2.10,1.50
2011.08.07 22:32:56.115,1.61886,1.62069,1.13,1.50
2011.08.07 22:32:56.336,1.61889,1.62083,1.35,1.13
2011.08.07 22:32:56.446,1.61891,1.62083,1.50,1.50
2011.08.07 22:32:56.775,1.619,1.62079,2.10,1.13
2011.08.07 22:32:56.889,1.61908,1.62078,1.84,1.50
2011.08.07 22:32:57.227,1.61914,1.62071,1.13,1.13
2011.08.07 22:32:57.917,1.61913,1.62077,1.13,1.88
2011.08.07 22:32:58.027,1.61913,1.62077,1.13,1.88
2011.08.07 22:32:59.035,1.61917,1.62071,1.13,1.13
2011.08.07 22:32:59.476,1.61909,1.62077,1.35,1.13
2011.08.07 22:32:59.588,1.61909,1.62075,1.35,1.13
2011.08.07 22:32:59.698,1.619,1.62071,1.35,1.13
2011.08.07 22:32:59.807,1.61887,1.62069,1.50,1.13
2011.08.07 22:33:00.137,1.61887,1.62058,1.50,1.13
2011.08.07 22:33:00.464,1.61887,1.62064,1.50,1.13
2011.08.07 22:33:00.685,1.61881,1.62059,1.50,1.50
2011.08.07 22:33:01.015,1.61861,1.62059,1.50,1.50
2011.08.07 22:33:01.129,1.61861,1.62059,1.50,1.13
2011.08.07 22:33:01.238,1.61861,1.62055,1.50,1.13
2011.08.07 22:33:01.347,1.61861,1.62041,1.50,1.35
2011.08.07 22:33:01.677,1.61861,1.62041,1.50,1.35
2011.08.07 22:33:01.786,1.61861,1.62051,1.50,1.13
2011.08.07 22:33:01.899,1.61868,1.62049,1.13,1.23
2011.08.07 22:33:02.229,1.61871,1.62044,1.13,1.13
2011.08.07 22:33:02.454,1.61861,1.62044,1.50,1.50
2011.08.07 22:33:02.851,1.6186,1.62051,1.50,1.50
2011.08.07 22:33:03.296,1.61876,1.62061,1.13,1.13
2011.08.07 22:33:04.208,1.61885,1.62061,1.13,1.13
2011.08.07 22:33:04.426,1.61879,1.62062,1.13,1.13
2011.08.07 22:33:04.644,1.61847,1.62075,1.50,1.50
2011.08.07 22:33:05.087,1.61868,1.62033,1.13,1.50
2011.08.07 22:33:05.526,1.6186,1.62027,1.32,1.13
2011.08.07 22:33:05.966,1.61864,1.62033,1.13,1.13
2011.08.07 22:33:06.074,1.61852,1.62042,1.88,1.13
2011.08.07 22:33:06.184,1.61852,1.62042,1.88,1.13
2011.08.07 22:33:06.516,1.61846,1.62024,1.50,1.13
2011.08.07 22:33:06.739,1.61865,1.62032,1.54,1.13
2011.08.07 22:33:07.066,1.61866,1.62033,1.54,1.50
2011.08.07 22:33:07.173,1.61865,1.62045,1.13,1.13
2011.08.07 22:33:07.287,1.61873,1.62033,1.13,1.50
2011.08.07 22:33:07.394,1.61865,1.62052,1.50,1.50
2011.08.07 22:33:07.508,1.61884,1.62048,1.13,1.50
2011.08.07 22:33:07.614,1.61875,1.62049,1.13,1.13
2011.08.07 22:33:07.724,1.6187,1.62074,1.13,1.50
2011.08.07 22:33:08.059,1.61884,1.6205,1.13,1.13
2011.08.07 22:33:08.285,1.6187,1.62036,1.13,1.50
2011.08.07 22:33:08.671,1.61878,1.62034,1.13,1.13
2011.08.07 22:33:09.114,1.61878,1.62034,1.13,1.50
2011.08.07 22:33:09.877,1.61878,1.62034,1.13,1.50
2011.08.07 22:33:10.237,1.61873,1.62029,1.13,1.50
2011.08.07 22:33:10.567,1.61868,1.62028,1.13,1.13
2011.08.07 22:33:10.894,1.61855,1.62029,1.50,1.13
2011.08.07 22:33:11.006,1.61861,1.62029,1.35,1.50
2011.08.07 22:33:11.576,1.61868,1.62029,1.13,1.50
2011.08.07 22:33:11.684,1.61856,1.62029,1.50,1.13
2011.08.07 22:33:11.794,1.61856,1.62029,1.13,1.13
2011.08.07 22:33:12.234,1.61847,1.6203,1.50,1.13
2011.08.07 22:33:12.347,1.61847,1.62029,1.13,1.50
2011.08.07 22:33:13.284,1.61843,1.62017,1.13,1.13
2011.08.07 22:33:13.505,1.61836,1.62029,1.50,1.50
2011.08.07 22:33:13.838,1.61839,1.62016,1.13,1.13
2011.08.07 22:33:14.057,1.61834,1.6201,1.13,2.10
2011.08.07 22:33:15.297,1.61834,1.62007,1.50,1.50
2011.08.07 22:33:16.048,1.61834,1.62007,1.13,1.50
2011.08.07 22:33:16.378,1.61864,1.62008,1.13,1.50
2011.08.07 22:33:16.927,1.61863,1.62008,1.13,1.50
2011.08.07 22:33:17.405,1.61864,1.62008,1.13,1.50
2011.08.07 22:33:18.726,1.61857,1.62008,1.62,1.50
2011.08.07 22:33:19.327,1.61868,1.62008,1.13,1.50
2011.08.07 22:33:19.915,1.61847,1.62008,1.13,1.50
2011.08.07 22:33:20.027,1.61853,1.62008,1.13,1.50
2011.08.07 22:33:20.137,1.61853,1.62008,1.13,1.50
2011.08.07 22:33:20.800,1.61851,1.62007,1.13,1.50
2011.08.07 22:33:20.915,1.61841,1.62007,1.50,1.50
2011.08.07 22:33:21.438,1.61837,1.62007,1.13,1.50
2011.08.07 22:33:21.658,1.61838,1.62007,1.43,1.50
2011.08.07 22:33:21.876,1.61844,1.62007,1.13,1.50
2011.08.07 22:33:22.646,1.61852,1.62007,1.50,1.50
2011.08.07 22:33:23.305,1.61854,1.62007,1.13,1.50
2011.08.07 22:33:24.249,1.61854,1.62007,1.13,1.50
2011.08.07 22:33:24.587,1.61853,1.62007,1.13,1.50
2011.08.07 22:33:25.125,1.61848,1.62007,1.13,1.50
2011.08.07 22:33:25.236,1.61849,1.61991,1.77,1.13
2011.08.07 22:33:25.458,1.61858,1.62007,1.13,1.88
2011.08.07 22:33:28.175,1.61851,1.62005,1.77,1.50
2011.08.07 22:33:28.586,1.61863,1.62005,1.13,1.50
2011.08.07 22:33:29.717,1.61863,1.62005,1.13,1.50
2011.08.07 22:33:30.315,1.61864,1.61989,1.13,1.50
2011.08.07 22:33:30.989,1.61863,1.61989,1.13,1.13
2011.08.07 22:33:34.303,1.61863,1.61989,1.13,1.13
2011.08.07 22:33:34.887,1.61863,1.61989,1.13,1.13
2011.08.07 22:33:37.437,1.61863,1.61979,1.13,1.13
2011.08.07 22:33:38.135,1.61857,1.61981,1.13,1.50
2011.08.07 22:33:39.027,1.61863,1.61978,1.13,1.13
2011.08.07 22:33:40.225,1.61864,1.61983,1.13,1.13
2011.08.07 22:33:40.339,1.61865,1.61982,1.13,1.13
2011.08.07 22:33:40.677,1.61865,1.61975,1.50,1.13
2011.08.07 22:33:40.785,1.61842,1.61978,1.88,1.13
2011.08.07 22:33:41.226,1.61856,1.6198,1.13,1.13
2011.08.07 22:33:41.448,1.61858,1.61981,1.13,1.13
2011.08.07 22:33:42.335,1.61858,1.61996,1.13,1.50
2011.08.07 22:33:42.887,1.61859,1.61985,1.13,2.10
2011.08.07 22:33:43.238,1.61863,1.61985,1.13,2.10
2011.08.07 22:33:43.768,1.61863,1.61994,1.13,1.50
2011.08.07 22:33:43.989,1.61863,1.61994,1.13,1.50
2011.08.07 22:33:44.107,1.61856,1.61984,1.13,1.50
2011.08.07 22:33:44.325,1.61836,1.61984,1.50,2.48
2011.08.07 22:33:44.440,1.61828,1.61984,1.13,2.85
2011.08.07 22:33:44.558,1.61827,1.61975,1.50,1.50
2011.08.07 22:33:44.669,1.61827,1.61975,1.13,1.50
2011.08.07 22:33:44.997,1.61837,1.61972,1.13,1.50
2011.08.07 22:33:45.209,1.61834,1.61972,1.13,1.50
2011.08.07 22:33:46.047,1.61822,1.61972,1.50,1.50
2011.08.07 22:33:46.158,1.61821,1.61972,1.50,1.50
2011.08.07 22:33:46.649,1.61822,1.61972,1.50,1.50
2011.08.07 22:33:46.988,1.61826,1.61976,1.50,1.50
2011.08.07 22:33:47.317,1.61843,1.61976,1.13,1.50
2011.08.07 22:33:49.847,1.61843,1.61976,1.13,1.50
2011.08.07 22:33:52.277,1.61836,1.61964,1.02,2.10
2011.08.07 22:33:57.994,1.61826,1.61964,2.48,2.10
2011.08.07 22:33:58.104,1.61836,1.61964,1.13,2.10
2011.08.07 22:33:58.657,1.61848,1.61967,1.13,2.10
2011.08.07 22:33:59.207,1.61825,1.61967,2.10,2.10
2011.08.07 22:33:59.874,1.61826,1.61967,1.50,2.10
2011.08.07 22:34:00.825,1.61826,1.61967,1.50,2.10
2011.08.07 22:34:00.939,1.61838,1.61952,1.13,1.13
2011.08.07 22:34:01.268,1.61829,1.6195,1.77,2.10
2011.08.07 22:34:01.487,1.6183,1.61959,1.35,1.35
2011.08.07 22:34:01.598,1.61847,1.61959,1.13,1.35
2011.08.07 22:34:02.180,1.61825,1.61956,1.35,1.35
2011.08.07 22:34:02.302,1.61818,1.61945,1.35,1.35
2011.08.07 22:34:02.637,1.61838,1.61936,1.13,1.35
2011.08.07 22:34:04.086,1.61842,1.61936,1.13,1.35
2011.08.07 22:34:04.418,1.61843,1.61936,1.13,1.35
2011.08.07 22:34:05.127,1.61843,1.61936,1.13,1.35
2011.08.07 22:34:05.457,1.61817,1.61936,1.73,1.35
2011.08.07 22:34:05.567,1.61819,1.61944,2.10,1.35
2011.08.07 22:34:05.678,1.61824,1.61944,1.13,1.35
2011.08.07 22:34:05.784,1.61819,1.61944,1.35,1.35
2011.08.07 22:34:05.894,1.61819,1.61944,1.73,1.35
2011.08.07 22:34:06.226,1.61824,1.61944,1.13,2.10
2011.08.07 22:34:06.554,1.61819,1.61944,2.10,2.10
2011.08.07 22:34:06.666,1.61819,1.61944,2.10,2.10
2011.08.07 22:34:07.222,1.61829,1.61944,1.13,1.35
2011.08.07 22:34:09.097,1.61829,1.61944,1.13,1.35
2011.08.07 22:34:09.425,1.61826,1.61944,1.13,2.10
2011.08.07 22:34:09.978,1.61833,1.61943,1.13,1.35
2011.08.07 22:34:10.308,1.6183,1.61943,1.58,1.35
2011.08.07 22:34:10.856,1.61834,1.61943,1.13,1.35
2011.08.07 22:34:11.367,1.61834,1.61943,1.13,2.10
2011.08.07 22:34:12.115,1.61828,1.61943,1.13,1.35
2011.08.07 22:34:12.223,1.61818,1.61943,1.35,1.35
2011.08.07 22:34:12.336,1.61822,1.61943,1.77,2.10
2011.08.07 22:34:12.666,1.61838,1.61936,1.13,1.35
2011.08.07 22:34:13.237,1.61838,1.61936,1.13,1.35
2011.08.07 22:34:13.584,1.61823,1.61936,1.13,1.35
2011.08.07 22:34:13.804,1.61828,1.61929,1.13,1.35
2011.08.07 22:34:14.600,1.61833,1.61929,1.13,1.35
2011.08.07 22:34:14.814,1.61809,1.61929,2.10,1.35
2011.08.07 22:34:14.924,1.61809,1.61929,1.35,1.35
2011.08.07 22:34:15.603,1.61809,1.61929,2.10,1.35
2011.08.07 22:34:15.936,1.61833,1.61929,1.13,1.35
2011.08.07 22:34:16.706,1.61828,1.61929,1.13,1.35
2011.08.07 22:34:16.926,1.61828,1.61937,1.13,1.13
2011.08.07 22:34:17.364,1.61811,1.61936,1.35,1.73
2011.08.07 22:34:17.586,1.61806,1.61921,1.35,1.35
2011.08.07 22:34:17.699,1.61795,1.61917,1.13,1.35
2011.08.07 22:34:17.809,1.61802,1.61924,1.35,1.32
2011.08.07 22:34:17.916,1.61802,1.61929,1.35,1.50
2011.08.07 22:34:18.025,1.61805,1.61927,1.35,2.10
2011.08.07 22:34:18.357,1.61823,1.61928,1.13,1.35
2011.08.07 22:34:18.579,1.61825,1.61931,1.13,1.35
2011.08.07 22:34:19.126,1.61814,1.61924,1.13,1.35
2011.08.07 22:34:19.907,1.61808,1.61924,1.73,1.35
2011.08.07 22:34:20.018,1.61799,1.61918,1.13,1.35
2011.08.07 22:34:20.236,1.61793,1.61919,1.13,2.10
2011.08.07 22:34:20.787,1.61798,1.61917,1.13,2.10
2011.08.07 22:34:20.964,1.61793,1.61917,1.50,2.10
2011.08.07 22:34:21.190,1.61793,1.61917,1.88,2.10
2011.08.07 22:34:21.748,1.61794,1.61914,1.50,2.10
2011.08.07 22:34:22.297,1.61793,1.61914,1.88,1.13
2011.08.07 22:34:22.518,1.61794,1.61914,1.50,1.50
2011.08.07 22:34:22.734,1.61793,1.61917,1.13,2.10
2011.08.07 22:34:23.267,1.61799,1.61907,1.13,1.35
2011.08.07 22:34:24.115,1.61798,1.61907,1.13,1.35
2011.08.07 22:34:25.176,1.61799,1.61907,1.13,1.35
2011.08.07 22:34:25.287,1.61799,1.61917,1.13,1.35
2011.08.07 22:34:25.507,1.61807,1.61941,1.35,1.13
2011.08.07 22:34:25.728,1.61807,1.61951,1.35,1.35
2011.08.07 22:34:25.839,1.61805,1.61936,1.73,1.35
2011.08.07 22:34:26.386,1.61805,1.61936,2.10,1.35
2011.08.07 22:34:26.937,1.61805,1.61936,2.10,1.35
2011.08.07 22:34:29.514,1.61805,1.61936,1.73,1.35
2011.08.07 22:34:29.737,1.61805,1.61936,1.73,1.35
2011.08.07 22:34:31.137,1.61824,1.61948,1.35,1.35
2011.08.07 22:34:32.398,1.61832,1.6195,1.35,1.35
2011.08.07 22:34:32.506,1.61833,1.6196,1.35,1.35
2011.08.07 22:34:32.617,1.61828,1.61958,1.35,2.10
2011.08.07 22:34:32.728,1.61842,1.61961,1.35,1.35
2011.08.07 22:34:33.056,1.61842,1.61961,1.35,2.10
2011.08.07 22:34:33.606,1.61825,1.61958,1.35,1.35
2011.08.07 22:34:33.827,1.61833,1.6196,1.35,2.10
2011.08.07 22:34:34.459,1.61823,1.61949,1.35,1.35
2011.08.07 22:34:36.664,1.61823,1.61949,1.35,2.48
2011.08.07 22:34:36.997,1.61809,1.61925,1.13,1.35
2011.08.07 22:34:37.324,1.61808,1.61921,1.73,1.35
2011.08.07 22:34:37.437,1.61812,1.61927,1.73,1.35
2011.08.07 22:34:37.988,1.61812,1.61927,1.73,1.35
2011.08.07 22:34:38.099,1.61818,1.61931,1.73,1.35
2011.08.07 22:34:38.650,1.61818,1.61931,1.73,1.35
2011.08.07 22:34:39.888,1.61816,1.61929,1.73,1.35
2011.08.07 22:34:40.438,1.61817,1.6193,1.73,1.35
2011.08.07 22:34:40.878,1.61812,1.61927,1.73,1.35
2011.08.07 22:34:41.207,1.61812,1.61927,1.73,1.35
2011.08.07 22:34:41.540,1.61812,1.61927,1.35,2.48
2011.08.07 22:34:41.769,1.61812,1.61927,2.10,1.73
2011.08.07 22:34:41.997,1.61814,1.61924,1.13,1.35
2011.08.07 22:34:42.217,1.61814,1.61924,1.13,1.35
2011.08.07 22:34:42.438,1.61814,1.61924,1.13,1.35
2011.08.07 22:34:43.027,1.61816,1.61929,1.73,2.10
2011.08.07 22:34:43.137,1.61816,1.61929,1.73,2.10
2011.08.07 22:34:43.250,1.61816,1.61929,1.73,2.10
2011.08.07 22:34:43.367,1.6181,1.61923,1.73,1.35
2011.08.07 22:34:43.478,1.61814,1.61927,1.73,1.35
2011.08.07 22:34:43.588,1.61808,1.61913,1.13,1.35
2011.08.07 22:34:43.916,1.61803,1.61913,1.13,1.35
2011.08.07 22:34:44.387,1.61803,1.61916,2.10,1.35
2011.08.07 22:34:44.498,1.61798,1.61911,2.63,1.35
2011.08.07 22:34:44.606,1.61796,1.61911,1.73,1.35
2011.08.07 22:34:44.718,1.61803,1.61911,1.13,1.35
2011.08.07 22:34:45.045,1.61769,1.61903,1.13,1.35
2011.08.07 22:34:45.157,1.61787,1.61913,1.69,1.35
2011.08.07 22:34:45.265,1.61785,1.61913,1.35,1.35
2011.08.07 22:34:45.377,1.61803,1.61913,1.13,1.35
2011.08.07 22:34:45.598,1.61804,1.61925,1.13,1.13
2011.08.07 22:34:45.814,1.6177,1.61922,1.73,1.35
2011.08.07 22:34:46.264,1.61768,1.61908,2.10,1.35
2011.08.07 22:34:46.486,1.61768,1.61908,1.73,1.35
2011.08.07 22:34:46.599,1.6179,1.61908,1.77,1.35
2011.08.07 22:34:46.827,1.61768,1.61908,1.73,1.35
2011.08.07 22:34:46.937,1.61771,1.61908,1.13,1.35
2011.08.07 22:34:47.489,1.61793,1.61908,1.13,1.35
2011.08.07 22:34:47.704,1.61769,1.61942,1.13,1.50
2011.08.07 22:34:47.816,1.61767,1.61941,1.50,1.50
2011.08.07 22:34:47.924,1.61769,1.61946,1.13,1.50
2011.08.07 22:34:48.035,1.61767,1.61946,1.50,1.50
2011.08.07 22:34:48.368,1.61793,1.61941,1.13,1.50
2011.08.07 22:34:49.084,1.61778,1.61927,2.48,2.10
2011.08.07 22:34:49.202,1.61778,1.61927,2.48,1.35
2011.08.07 22:34:49.318,1.61783,1.61927,1.13,2.10
2011.08.07 22:34:49.428,1.61784,1.61927,1.13,1.35
2011.08.07 22:34:49.536,1.61777,1.61948,1.13,1.13
2011.08.07 22:34:49.646,1.61783,1.61948,1.13,1.13
2011.08.07 22:34:49.866,1.61783,1.61948,1.13,1.13
2011.08.07 22:34:49.976,1.61783,1.61948,1.13,1.13
2011.08.07 22:34:50.305,1.61756,1.6195,1.50,1.13
2011.08.07 22:34:50.526,1.61756,1.61954,1.13,1.13
2011.08.07 22:34:50.636,1.61751,1.61956,1.13,1.13
2011.08.07 22:34:50.855,1.6175,1.61956,1.13,1.13
2011.08.07 22:34:50.970,1.61749,1.61907,1.13,1.13
2011.08.07 22:34:51.198,1.61748,1.61938,1.13,1.13
2011.08.07 22:34:51.527,1.61759,1.61937,1.13,2.25
2011.08.07 22:34:51.747,1.61749,1.61929,1.35,1.50
2011.08.07 22:34:51.856,1.61754,1.61929,1.84,1.50
2011.08.07 22:34:52.077,1.61734,1.61929,1.69,1.50
2011.08.07 22:34:52.766,1.6173,1.6191,1.13,1.13
2011.08.07 22:34:52.874,1.61726,1.61912,1.50,1.13
2011.08.07 22:34:52.987,1.61733,1.61906,1.32,1.13
2011.08.07 22:34:53.207,1.61726,1.61905,1.50,1.13
2011.08.07 22:34:53.786,1.61727,1.61905,1.13,1.13
2011.08.07 22:34:54.338,1.61733,1.61925,1.13,1.13
2011.08.07 22:34:54.669,1.6173,1.61926,1.13,1.50
2011.08.07 22:34:54.887,1.6173,1.61911,1.13,1.50
2011.08.07 22:34:55.107,1.6173,1.61906,1.13,1.50
2011.08.07 22:34:55.436,1.6173,1.61906,1.13,1.13
2011.08.07 22:34:55.768,1.61728,1.61899,1.13,1.80
2011.08.07 22:34:56.206,1.6173,1.6186,1.13,1.35
2011.08.07 22:34:56.536,1.6173,1.6186,1.13,1.35
2011.08.07 22:34:56.755,1.6173,1.6186,1.13,1.35
2011.08.07 22:34:57.305,1.6173,1.61869,1.13,1.35
2011.08.07 22:34:57.637,1.61755,1.61869,1.80,1.35
2011.08.07 22:34:57.966,1.61768,1.61869,1.13,1.35
2011.08.07 22:35:00.386,1.61753,1.61869,1.47,1.35
2011.08.07 22:35:01.285,1.61754,1.61869,1.24,1.35
2011.08.07 22:35:01.837,1.61758,1.61862,1.13,1.35
2011.08.07 22:35:02.055,1.61735,1.61862,1.13,1.35
2011.08.07 22:35:02.279,1.61758,1.61862,1.13,1.35
2011.08.07 22:35:02.499,1.61727,1.61862,1.73,1.35
2011.08.07 22:35:02.617,1.61727,1.61862,1.35,1.35
2011.08.07 22:35:03.615,1.6173,1.61862,1.13,1.35
2011.08.07 22:35:03.726,1.61727,1.61862,1.35,1.35
2011.08.07 22:35:03.840,1.6174,1.61862,1.13,1.35
2011.08.07 22:35:03.960,1.61728,1.61862,1.24,1.35
2011.08.07 22:35:05.969,1.61748,1.61862,1.13,1.35
2011.08.07 22:35:07.495,1.61727,1.61862,1.35,1.35
2011.08.07 22:35:07.608,1.61733,1.61862,1.24,1.35
2011.08.07 22:35:08.158,1.61743,1.61862,1.13,2.10
2011.08.07 22:35:08.268,1.61734,1.61862,1.47,1.35
2011.08.07 22:35:08.600,1.61739,1.61861,1.13,2.10
2011.08.07 22:35:09.307,1.61738,1.61861,1.13,2.10
2011.08.07 22:35:11.175,1.61728,1.61861,1.73,2.10
2011.08.07 22:35:11.729,1.61739,1.61861,1.13,2.10
2011.08.07 22:35:12.491,1.61738,1.6186,1.13,1.35
2011.08.07 22:35:13.006,1.6172,1.6186,1.73,1.35
2011.08.07 22:35:13.116,1.6172,1.6186,2.10,1.35
2011.08.07 22:35:13.697,1.61739,1.6186,1.13,2.10
2011.08.07 22:35:14.138,1.61738,1.6186,1.13,2.10
2011.08.07 22:35:14.865,1.6172,1.6186,1.73,1.35
2011.08.07 22:35:14.975,1.6172,1.6186,1.35,2.10
2011.08.07 22:35:15.088,1.6172,1.6186,2.67,2.10
2011.08.07 22:35:15.199,1.61726,1.61852,1.17,1.73
2011.08.07 22:35:15.307,1.61734,1.61836,1.13,1.35
2011.08.07 22:35:15.525,1.6171,1.6184,1.13,1.35
2011.08.07 22:35:15.639,1.61729,1.61855,1.13,1.35
2011.08.07 22:35:15.920,1.61729,1.6186,1.13,1.35
2011.08.07 22:35:16.368,1.61729,1.61858,1.50,1.35
2011.08.07 22:35:16.910,1.61729,1.61858,1.50,1.35
2011.08.07 22:35:17.428,1.61729,1.61859,1.13,1.35
2011.08.07 22:35:17.978,1.61729,1.61858,1.13,1.35
2011.08.07 22:35:18.527,1.61733,1.61858,1.13,2.10
2011.08.07 22:35:18.968,1.61729,1.61857,1.13,1.35
2011.08.07 22:35:19.297,1.61734,1.6186,1.13,2.10
2011.08.07 22:35:19.887,1.61733,1.6186,1.13,2.10
2011.08.07 22:35:20.438,1.61734,1.6186,1.13,1.35
2011.08.07 22:35:20.547,1.61733,1.61862,1.13,1.35
2011.08.07 22:35:20.874,1.61727,1.61862,2.10,2.10
2011.08.07 22:35:21.388,1.61723,1.61838,1.80,1.35
2011.08.07 22:35:21.717,1.61729,1.61831,1.13,1.35
2011.08.07 22:35:22.049,1.61729,1.61828,1.13,1.35
2011.08.07 22:35:22.376,1.61728,1.61828,1.13,1.35
2011.08.07 22:35:23.308,1.61728,1.61828,1.50,1.35
2011.08.07 22:35:25.387,1.61722,1.61835,1.73,2.10
2011.08.07 22:35:25.497,1.61722,1.61835,1.35,2.10
2011.08.07 22:35:25.605,1.61722,1.61835,1.73,1.35
2011.08.07 22:35:25.937,1.61729,1.61835,1.13,1.35
2011.08.07 22:35:26.384,1.61722,1.61835,1.35,2.10
2011.08.07 22:35:26.498,1.61723,1.61835,1.58,1.35
2011.08.07 22:35:26.825,1.61738,1.61871,1.35,1.73
2011.08.07 22:35:26.938,1.61738,1.61871,1.35,1.35
2011.08.07 22:35:27.266,1.61735,1.61857,1.73,1.35
2011.08.07 22:35:27.485,1.61738,1.61871,1.35,1.73
2011.08.07 22:35:27.707,1.61736,1.61856,1.73,1.35
2011.08.07 22:35:28.744,1.61736,1.61856,1.35,1.35
2011.08.07 22:35:29.076,1.61734,1.61844,1.13,1.35
2011.08.07 22:35:29.785,1.61723,1.61822,1.73,1.35
2011.08.07 22:35:30.005,1.6173,1.61845,1.73,1.35
2011.08.07 22:35:30.606,1.61731,1.61844,2.10,1.35
2011.08.07 22:35:32.439,1.61729,1.6183,1.13,1.35
2011.08.07 22:35:32.547,1.61735,1.61868,1.73,1.35
2011.08.07 22:35:33.446,1.61735,1.61868,2.10,2.10
2011.08.07 22:35:33.819,1.61735,1.61865,2.10,1.35
2011.08.07 22:35:34.459,1.61738,1.61869,1.13,2.10
2011.08.07 22:35:34.804,1.61734,1.61869,2.10,2.10
2011.08.07 22:35:35.355,1.61734,1.61869,1.73,2.10
2011.08.07 22:35:35.465,1.61734,1.61869,1.35,2.10
2011.08.07 22:35:35.906,1.61734,1.61869,1.73,2.10
2011.08.07 22:35:36.238,1.61734,1.61869,2.10,2.10
2011.08.07 22:35:37.203,1.61738,1.61869,1.13,2.10
2011.08.07 22:35:38.212,1.61734,1.61869,2.10,2.10
2011.08.07 22:35:38.548,1.61734,1.61869,2.22,2.10
2011.08.07 22:35:38.874,1.61734,1.61869,2.10,2.10
2011.08.07 22:35:39.600,1.61748,1.61869,1.13,1.35
2011.08.07 22:35:39.938,1.61733,1.61861,1.65,1.35
2011.08.07 22:35:40.157,1.6173,1.61861,1.35,1.35
2011.08.07 22:35:40.705,1.61739,1.61861,1.13,1.35
2011.08.07 22:35:41.599,1.61739,1.61857,1.13,1.35
2011.08.07 22:35:42.177,1.6173,1.61857,1.13,1.35
2011.08.07 22:35:42.508,1.6173,1.61851,2.48,1.35
2011.08.07 22:35:42.728,1.61732,1.61856,1.77,1.35
2011.08.07 22:35:42.946,1.61726,1.61854,1.35,1.35
2011.08.07 22:35:43.057,1.61729,1.61854,1.13,1.73
2011.08.07 22:35:43.387,1.61733,1.61836,1.13,1.35
2011.08.07 22:35:43.936,1.61729,1.61835,1.13,1.35
2011.08.07 22:35:44.159,1.61729,1.61835,1.13,1.73
2011.08.07 22:35:44.386,1.61729,1.61831,1.13,1.35
2011.08.07 22:35:46.035,1.61717,1.61831,1.73,1.35
2011.08.07 22:35:46.378,1.61721,1.61831,1.58,1.35
2011.08.07 22:35:46.926,1.61729,1.6183,1.13,1.35
2011.08.07 22:35:47.257,1.61725,1.61842,1.73,1.35
2011.08.07 22:35:47.364,1.61725,1.6184,1.73,1.35
2011.08.07 22:35:47.697,1.61729,1.6184,1.13,1.35
2011.08.07 22:35:47.917,1.61734,1.61847,1.13,1.35
2011.08.07 22:35:48.135,1.61729,1.61847,1.13,1.35
2011.08.07 22:35:48.249,1.61734,1.6185,1.13,1.35
2011.08.07 22:35:48.469,1.61729,1.6185,1.35,1.35
2011.08.07 22:35:48.685,1.61725,1.61847,1.73,1.35
2011.08.07 22:35:48.799,1.61734,1.61847,1.13,1.35
2011.08.07 22:35:49.018,1.61734,1.61851,1.13,1.35
2011.08.07 22:35:49.622,1.61734,1.61842,1.13,1.35
2011.08.07 22:35:50.149,1.61734,1.61849,1.13,1.35
2011.08.07 22:35:50.376,1.61734,1.61849,1.13,1.35
2011.08.07 22:35:51.037,1.61729,1.61849,1.13,1.35
2011.08.07 22:35:51.364,1.61726,1.61849,2.10,1.35
2011.08.07 22:35:51.474,1.61726,1.61849,1.73,1.35
2011.08.07 22:35:52.247,1.61726,1.61848,1.13,1.35
2011.08.07 22:35:52.357,1.61726,1.61848,1.13,1.35
2011.08.07 22:35:52.577,1.61743,1.61851,1.13,1.35
2011.08.07 22:35:53.925,1.61744,1.61851,1.13,1.35
2011.08.07 22:35:57.196,1.61725,1.61851,2.10,1.35
2011.08.07 22:35:57.765,1.61726,1.61851,1.73,1.35
2011.08.07 22:35:58.096,1.61723,1.61832,1.13,1.35
2011.08.07 22:35:58.205,1.61719,1.61832,2.48,1.35
2011.08.07 22:35:58.316,1.61727,1.61853,1.35,1.13
2011.08.07 22:35:58.425,1.61727,1.61857,1.73,2.10
2011.08.07 22:35:59.086,1.61726,1.61861,2.10,2.10
2011.08.07 22:35:59.197,1.61726,1.61861,1.35,2.10
2011.08.07 22:35:59.778,1.61725,1.61856,1.35,2.10
2011.08.07 22:36:00.576,1.61726,1.61858,1.73,2.10
2011.08.07 22:36:00.907,1.61726,1.61855,2.10,1.35
2011.08.07 22:36:01.017,1.61726,1.61858,2.10,1.35
2011.08.07 22:36:01.456,1.61726,1.61858,1.35,2.10
2011.08.07 22:36:02.007,1.61726,1.61855,1.35,1.73
2011.08.07 22:36:02.118,1.61726,1.61855,1.35,2.10
2011.08.07 22:36:02.227,1.61724,1.61843,1.73,1.35
2011.08.07 22:36:02.777,1.61724,1.61841,1.35,1.35
2011.08.07 22:36:02.995,1.61724,1.61841,1.73,1.35
2011.08.07 22:36:03.215,1.61724,1.61841,1.35,1.35
2011.08.07 22:36:03.327,1.61744,1.61857,1.35,1.35
2011.08.07 22:36:03.840,1.61717,1.61844,1.73,1.35
2011.08.07 22:36:03.957,1.61717,1.61844,1.73,1.73
2011.08.07 22:36:04.065,1.61717,1.61844,1.73,1.35
2011.08.07 22:36:04.616,1.61718,1.61843,2.10,1.35
2011.08.07 22:36:04.835,1.61717,1.61844,1.73,1.35
2011.08.07 22:36:05.056,1.61716,1.6183,1.73,1.35
2011.08.07 22:36:05.499,1.61717,1.61834,1.73,1.35
2011.08.07 22:36:06.072,1.61728,1.61837,1.50,1.35
2011.08.07 22:36:07.029,1.61732,1.61837,1.62,1.35
2011.08.07 22:36:07.140,1.61745,1.61864,1.35,1.09
2011.08.07 22:36:07.264,1.61747,1.61864,1.35,1.09
2011.08.07 22:36:07.381,1.61745,1.61858,1.35,1.35
2011.08.07 22:36:07.717,1.61729,1.61845,1.13,1.35
2011.08.07 22:36:08.053,1.61729,1.61845,1.13,1.35
2011.08.07 22:36:10.256,1.61734,1.61844,1.13,1.35
2011.08.07 22:36:12.428,1.61739,1.61844,1.13,1.35
2011.08.07 22:36:12.650,1.61739,1.61849,1.50,1.35
2011.08.07 22:36:12.770,1.61742,1.61852,1.13,1.35
2011.08.07 22:36:13.328,1.61742,1.61852,1.13,1.35
2011.08.07 22:36:13.798,1.61743,1.61852,1.50,1.35
2011.08.07 22:36:14.459,1.61748,1.61852,1.13,1.35
2011.08.07 22:36:14.788,1.61754,1.61852,1.13,1.35
2011.08.07 22:36:15.877,1.6175,1.61852,1.13,1.35
2011.08.07 22:36:15.986,1.61739,1.61852,1.73,1.35
2011.08.07 22:36:16.096,1.61739,1.61852,1.73,1.35
2011.08.07 22:36:16.206,1.61729,1.61845,1.73,1.35
2011.08.07 22:36:16.315,1.61729,1.61845,1.35,1.69
2011.08.07 22:36:16.537,1.61734,1.61847,1.35,1.35
2011.08.07 22:36:16.865,1.61734,1.61847,1.73,1.35
2011.08.07 22:36:17.420,1.61733,1.61838,1.39,1.35
2011.08.07 22:36:17.540,1.61743,1.61855,1.80,1.35
2011.08.07 22:36:17.659,1.61749,1.61853,1.13,1.35
2011.08.07 22:36:18.307,1.6174,1.61853,1.13,1.35
2011.08.07 22:36:18.857,1.6174,1.61853,1.13,1.35
2011.08.07 22:36:22.208,1.61748,1.61853,1.13,1.35
2011.08.07 22:36:22.807,1.61749,1.61853,1.13,1.35
2011.08.07 22:36:23.417,1.6174,1.61853,1.13,1.35
2011.08.07 22:36:24.777,1.61749,1.61853,1.13,1.35
2011.08.07 22:36:25.511,1.61742,1.61856,1.13,1.35
2011.08.07 22:36:25.849,1.61748,1.61856,1.13,1.35
2011.08.07 22:36:26.180,1.61753,1.61856,1.13,1.35
2011.08.07 22:36:26.737,1.61749,1.61856,1.13,1.35
2011.08.07 22:36:27.212,1.61754,1.61856,1.13,1.35
2011.08.07 22:36:27.792,1.61758,1.61857,1.13,1.35
2011.08.07 22:36:27.906,1.61736,1.61853,1.73,1.35
2011.08.07 22:36:28.126,1.61739,1.61887,2.48,1.13
2011.08.07 22:36:28.237,1.6174,1.61887,2.10,1.35
2011.08.07 22:36:28.347,1.61743,1.61887,1.13,1.73
2011.08.07 22:36:28.569,1.61743,1.6189,1.13,1.13
2011.08.07 22:36:28.786,1.61727,1.6189,1.50,1.13
2011.08.07 22:36:29.334,1.61733,1.61889,1.13,1.13
2011.08.07 22:36:29.804,1.61734,1.61889,1.13,1.13
2011.08.07 22:36:32.987,1.61736,1.61889,1.13,1.50
2011.08.07 22:36:34.247,1.61739,1.61894,1.13,1.50
2011.08.07 22:36:34.356,1.6174,1.61894,1.13,1.88
2011.08.07 22:36:34.793,1.61731,1.61894,1.50,1.13
2011.08.07 22:36:35.016,1.61738,1.61889,1.50,1.13
2011.08.07 22:36:35.236,1.61738,1.61894,1.50,1.13
2011.08.07 22:36:36.086,1.61739,1.61889,1.13,1.13
2011.08.07 22:36:37.016,1.6174,1.61889,1.13,1.13
2011.08.07 22:36:37.346,1.61743,1.61889,1.13,1.13
2011.08.07 22:36:37.786,1.61736,1.61889,1.13,1.13
2011.08.07 22:36:37.894,1.61736,1.61889,1.13,1.13
2011.08.07 22:36:38.447,1.61744,1.6188,1.13,2.10
2011.08.07 22:36:39.642,1.61744,1.6188,1.13,1.35
2011.08.07 22:36:39.761,1.61744,1.61889,1.13,1.35
2011.08.07 22:36:40.099,1.61743,1.61888,1.13,1.35
2011.08.07 22:36:40.427,1.61757,1.6189,1.35,1.73
2011.08.07 22:36:40.541,1.61758,1.61899,1.35,1.73
2011.08.07 22:36:40.878,1.61758,1.61899,1.35,1.35
2011.08.07 22:36:41.207,1.61758,1.61879,1.35,1.17
2011.08.07 22:36:41.537,1.61758,1.61862,1.35,1.13
2011.08.07 22:36:41.757,1.61758,1.61893,1.35,1.13
2011.08.07 22:36:41.868,1.6176,1.61891,1.35,1.50
2011.08.07 22:36:41.977,1.6176,1.61892,1.35,1.13
2011.08.07 22:36:42.089,1.61758,1.61891,1.35,1.13
2011.08.07 22:36:42.636,1.61758,1.61889,1.35,1.13
2011.08.07 22:36:42.857,1.61749,1.61883,1.88,1.50
2011.08.07 22:36:43.189,1.61754,1.6189,1.13,1.09
2011.08.07 22:36:43.786,1.61749,1.6189,1.13,1.09
2011.08.07 22:36:44.241,1.61738,1.61888,1.80,1.13
2011.08.07 22:36:44.359,1.61747,1.61899,1.13,1.13
2011.08.07 22:36:44.576,1.61743,1.61899,1.13,1.13
2011.08.07 22:36:45.124,1.61739,1.61898,1.13,1.13
2011.08.07 22:36:45.455,1.61743,1.61898,1.13,1.88
2011.08.07 22:36:46.047,1.61739,1.61898,1.13,1.50
2011.08.07 22:36:46.264,1.61737,1.61896,1.13,1.13
2011.08.07 22:36:46.377,1.61742,1.61893,1.24,1.13
2011.08.07 22:36:46.934,1.61739,1.61897,1.13,1.13
2011.08.07 22:36:47.266,1.61749,1.61886,1.13,1.13
2011.08.07 22:36:49.225,1.61742,1.61898,1.50,1.13
2011.08.07 22:36:49.843,1.61749,1.61889,1.13,1.13
2011.08.07 22:36:52.306,1.61749,1.61889,1.13,1.13
2011.08.07 22:36:53.624,1.61741,1.61889,1.13,1.13
2011.08.07 22:36:53.956,1.61754,1.61886,1.13,1.13
2011.08.07 22:36:54.284,1.61746,1.61899,1.13,1.50
2011.08.07 22:36:54.394,1.61741,1.61899,1.88,1.88
2011.08.07 22:36:54.833,1.61741,1.61899,1.88,1.88
2011.08.07 22:36:55.178,1.61751,1.61881,1.13,1.13
2011.08.07 22:36:55.686,1.61751,1.61888,1.50,1.20
2011.08.07 22:36:55.802,1.61749,1.6189,1.50,1.84
2011.08.07 22:36:56.030,1.61756,1.61882,1.35,1.13
2011.08.07 22:36:56.588,1.61756,1.61881,1.35,1.13
2011.08.07 22:36:57.197,1.61756,1.61882,1.35,1.13
2011.08.07 22:36:57.524,1.61756,1.61893,1.35,1.50
2011.08.07 22:36:57.744,1.61749,1.61889,1.35,2.10
2011.08.07 22:36:57.857,1.61749,1.61872,2.10,1.13
2011.08.07 22:36:58.530,1.61749,1.61872,2.10,1.13
2011.08.07 22:36:58.825,1.61749,1.61889,1.35,1.73
2011.08.07 22:36:58.937,1.61754,1.61889,1.43,2.10
2011.08.07 22:36:59.045,1.61758,1.61891,1.35,1.73
2011.08.07 22:36:59.158,1.61764,1.61891,1.77,1.73
2011.08.07 22:36:59.863,1.61773,1.61893,1.13,1.35
2011.08.07 22:36:59.977,1.61772,1.61893,1.13,1.35
2011.08.07 22:37:00.199,1.61773,1.61893,1.13,1.35
2011.08.07 22:37:01.118,1.61769,1.61899,1.13,1.13
2011.08.07 22:37:01.226,1.61767,1.619,1.35,1.50
2011.08.07 22:37:01.335,1.6174,1.61899,1.13,1.13
2011.08.07 22:37:01.449,1.61751,1.61897,1.13,1.13
2011.08.07 22:37:01.665,1.6174,1.61898,1.13,1.50
2011.08.07 22:37:01.779,1.61744,1.61894,1.13,1.13
2011.08.07 22:37:04.241,1.61746,1.61891,1.88,1.13
2011.08.07 22:37:05.119,1.61746,1.61894,1.13,1.13
2011.08.07 22:37:05.228,1.61747,1.61894,1.50,1.13
2011.08.07 22:37:05.558,1.61767,1.61894,1.73,2.10
2011.08.07 22:37:05.668,1.61767,1.61894,1.35,1.13
2011.08.07 22:37:05.888,1.61768,1.61894,1.35,1.50
2011.08.07 22:37:06.219,1.61798,1.61911,1.73,1.35
2011.08.07 22:37:06.546,1.61798,1.61911,1.73,1.73
2011.08.07 22:37:06.877,1.61801,1.61906,1.73,1.13
2011.08.07 22:37:07.298,1.61801,1.61901,1.73,1.13
2011.08.07 22:37:07.689,1.61801,1.61901,1.73,1.13
2011.08.07 22:37:07.806,1.61797,1.61902,1.73,1.13
2011.08.07 22:37:10.295,1.61797,1.61912,1.73,2.10
2011.08.07 22:37:10.818,1.61797,1.61912,1.73,2.10
2011.08.07 22:37:11.041,1.61797,1.61901,1.73,1.13
2011.08.07 22:37:11.588,1.61797,1.6191,1.73,1.80
2011.08.07 22:37:12.420,1.61797,1.61912,1.35,1.35
2011.08.07 22:37:12.539,1.61797,1.61909,1.35,1.28
2011.08.07 22:37:12.758,1.61797,1.61912,1.35,2.25
2011.08.07 22:37:13.468,1.61797,1.61896,1.35,1.13
2011.08.07 22:37:14.058,1.61797,1.61903,1.35,1.28
2011.08.07 22:37:14.389,1.61797,1.61901,1.35,1.77
2011.08.07 22:37:15.238,1.61797,1.61891,1.35,1.28
2011.08.07 22:37:15.570,1.61797,1.61882,1.35,1.13
2011.08.07 22:37:16.129,1.61797,1.61896,1.35,1.13
2011.08.07 22:37:16.355,1.61797,1.61881,1.35,1.13
2011.08.07 22:37:16.576,1.61799,1.61881,1.35,1.13
2011.08.07 22:37:16.686,1.61783,1.61898,2.07,1.73
2011.08.07 22:37:16.799,1.61792,1.61887,1.35,1.58
2011.08.07 22:37:17.125,1.61766,1.61903,1.35,1.50
2011.08.07 22:37:17.241,1.61773,1.61881,1.35,1.13
2011.08.07 22:37:17.357,1.61763,1.61882,1.35,1.13
2011.08.07 22:37:17.687,1.61763,1.61893,1.35,1.28
2011.08.07 22:37:17.796,1.61771,1.61886,1.35,1.13
2011.08.07 22:37:18.127,1.61771,1.61895,1.35,1.13
2011.08.07 22:37:18.747,1.61771,1.61877,1.35,1.13
2011.08.07 22:37:19.935,1.61771,1.61908,1.35,2.10
2011.08.07 22:37:20.522,1.61772,1.61872,1.35,1.13
2011.08.07 22:37:20.918,1.61788,1.61881,1.35,1.13
2011.08.07 22:37:21.028,1.61774,1.61881,1.35,1.13
2011.08.07 22:37:21.355,1.61774,1.6189,1.35,1.13
2011.08.07 22:37:21.470,1.61774,1.61881,1.35,2.22
2011.08.07 22:37:22.004,1.61774,1.61877,1.35,1.13
2011.08.07 22:37:23.737,1.61773,1.61876,1.35,1.13
2011.08.07 22:37:24.600,1.6177,1.61878,1.35,1.28
2011.08.07 22:37:24.937,1.61766,1.61866,1.35,1.13
2011.08.07 22:37:25.378,1.61765,1.61876,1.35,1.20
2011.08.07 22:37:25.595,1.61765,1.6189,1.35,1.13
2011.08.07 22:37:25.710,1.61765,1.61888,1.35,1.32
2011.08.07 22:37:25.829,1.61748,1.61881,1.35,1.24
2011.08.07 22:37:25.938,1.61748,1.61876,1.35,1.17
2011.08.07 22:37:26.155,1.61764,1.61894,1.35,1.13
2011.08.07 22:37:26.266,1.61748,1.61884,1.35,1.35
2011.08.07 22:37:26.374,1.61748,1.61884,1.35,1.73
2011.08.07 22:37:26.707,1.61748,1.61875,1.35,1.13
2011.08.07 22:37:27.039,1.61748,1.61867,1.35,1.13
2011.08.07 22:37:27.147,1.6173,1.61871,1.35,1.73
2011.08.07 22:37:27.475,1.61764,1.61872,1.35,1.13
2011.08.07 22:37:27.697,1.61764,1.61886,1.35,1.77
2011.08.07 22:37:27.807,1.61764,1.61883,1.35,1.05
2011.08.07 22:37:28.607,1.61764,1.61888,1.35,1.13
2011.08.07 22:37:28.718,1.61764,1.6189,2.48,1.13
2011.08.07 22:37:28.883,1.61764,1.61894,2.10,1.13
2011.08.07 22:37:29.227,1.61764,1.61894,2.10,1.13
2011.08.07 22:37:29.555,1.61764,1.61894,1.73,1.88
2011.08.07 22:37:29.668,1.61757,1.61882,1.35,1.13
2011.08.07 22:37:29.998,1.61754,1.61876,1.35,1.13
2011.08.07 22:37:30.988,1.61747,1.61881,2.10,2.10
2011.08.07 22:37:31.212,1.61747,1.61871,2.10,1.35
2011.08.07 22:37:31.549,1.61737,1.61859,1.20,1.35
2011.08.07 22:37:32.203,1.61744,1.61853,1.13,1.35
2011.08.07 22:37:32.543,1.61739,1.61839,1.13,1.35
2011.08.07 22:37:32.660,1.61739,1.61852,1.13,1.35
2011.08.07 22:37:32.776,1.61734,1.61858,2.10,1.73
2011.08.07 22:37:32.891,1.61744,1.61856,1.13,1.73
2011.08.07 22:37:33.230,1.61747,1.6186,2.10,1.73
2011.08.07 22:37:33.346,1.61757,1.61888,1.35,1.50
2011.08.07 22:37:33.569,1.61757,1.61889,1.35,1.13
2011.08.07 22:37:33.677,1.6176,1.61889,1.35,1.13
2011.08.07 22:37:34.227,1.6176,1.61894,1.35,1.13
2011.08.07 22:37:35.189,1.6176,1.61894,1.35,1.13
2011.08.07 22:37:36.897,1.61769,1.61894,1.35,1.13
2011.08.07 22:37:37.117,1.61769,1.61894,1.35,1.13
2011.08.07 22:37:39.031,1.61769,1.61899,1.35,1.13
2011.08.07 22:37:39.717,1.61768,1.61893,1.35,1.13
2011.08.07 22:37:39.829,1.61768,1.61893,1.35,1.13
2011.08.07 22:37:40.547,1.61768,1.6189,1.35,1.73
2011.08.07 22:37:40.878,1.61762,1.61877,1.35,1.35
2011.08.07 22:37:41.257,1.61756,1.61871,1.35,1.35
2011.08.07 22:37:42.387,1.61754,1.61871,1.35,1.35
2011.08.07 22:37:43.489,1.61754,1.61871,1.35,2.10
2011.08.07 22:37:45.965,1.61754,1.61871,1.35,1.35
2011.08.07 22:37:46.518,1.61754,1.61871,1.35,2.10
2011.08.07 22:37:50.451,1.61748,1.61863,2.48,1.35
2011.08.07 22:37:50.898,1.61752,1.61865,1.35,2.10
2011.08.07 22:37:51.007,1.61743,1.61856,1.35,1.35
2011.08.07 22:37:51.118,1.61743,1.61856,2.10,1.35
2011.08.07 22:37:51.447,1.61749,1.61862,1.35,2.10
2011.08.07 22:37:51.897,1.61743,1.61857,1.13,1.35
2011.08.07 22:37:52.021,1.61747,1.6186,1.35,1.35
2011.08.07 22:37:52.955,1.61747,1.61852,1.35,1.13
2011.08.07 22:37:53.296,1.61747,1.61842,1.35,1.13
2011.08.07 22:37:54.466,1.61747,1.61852,1.35,1.13
2011.08.07 22:37:54.576,1.61747,1.61851,1.35,1.50
2011.08.07 22:37:54.691,1.61743,1.61852,2.48,1.88
2011.08.07 22:37:55.245,1.61743,1.61851,1.35,1.13
2011.08.07 22:37:55.578,1.61743,1.61847,1.73,1.13
2011.08.07 22:37:55.905,1.61743,1.61852,1.35,1.50
2011.08.07 22:37:56.487,1.61743,1.61837,1.35,1.13
2011.08.07 22:37:56.998,1.61743,1.61836,1.35,1.13
2011.08.07 22:37:57.215,1.61743,1.61849,1.35,1.50
2011.08.07 22:37:57.718,1.61743,1.61836,1.35,1.13
2011.08.07 22:37:58.708,1.61745,1.6185,1.35,1.13
2011.08.07 22:37:58.840,1.61748,1.61863,1.35,2.44
2011.08.07 22:37:58.961,1.61753,1.61863,1.35,1.09
2011.08.07 22:38:01.998,1.61753,1.6186,1.35,1.09
2011.08.07 22:38:02.216,1.6172,1.61837,1.35,1.35
2011.08.07 22:38:02.546,1.6172,1.61837,1.73,1.35
2011.08.07 22:38:02.879,1.61738,1.61837,1.13,1.35
2011.08.07 22:38:03.429,1.61738,1.61833,1.13,1.35
2011.08.07 22:38:03.960,1.61738,1.61833,1.13,1.35
2011.08.07 22:38:04.199,1.61749,1.61847,1.13,1.35
2011.08.07 22:38:04.308,1.61722,1.61848,2.10,1.35
2011.08.07 22:38:04.531,1.61724,1.61864,2.10,1.13
2011.08.07 22:38:04.650,1.61744,1.61837,1.13,1.35
2011.08.07 22:38:05.210,1.61738,1.61837,1.13,1.35
2011.08.07 22:38:05.767,1.61739,1.61838,1.13,1.35
2011.08.07 22:38:06.877,1.61739,1.61841,1.13,1.35
2011.08.07 22:38:07.527,1.61738,1.61851,2.10,2.10
2011.08.07 22:38:07.639,1.61747,1.61847,1.13,1.35
2011.08.07 22:38:08.188,1.61749,1.61848,1.13,1.35
2011.08.07 22:38:08.708,1.61749,1.61849,1.13,1.35
2011.08.07 22:38:09.039,1.61729,1.61849,1.35,1.35
2011.08.07 22:38:09.147,1.61722,1.61839,1.73,1.35
2011.08.07 22:38:09.367,1.61722,1.61839,1.35,1.35
2011.08.07 22:38:09.476,1.61713,1.61832,1.35,1.35
2011.08.07 22:38:11.975,1.61729,1.61842,1.35,1.73
2011.08.07 22:38:12.308,1.61733,1.61846,1.35,1.73
2011.08.07 22:38:12.418,1.61733,1.61846,1.35,1.35
2011.08.07 22:38:12.528,1.61726,1.61841,1.73,1.35
2011.08.07 22:38:12.634,1.61726,1.61839,1.35,1.35
2011.08.07 22:38:12.745,1.61726,1.61839,2.10,1.35
2011.08.07 22:38:12.855,1.61733,1.61848,1.73,1.35
2011.08.07 22:38:13.076,1.61733,1.61848,1.73,1.35
2011.08.07 22:38:13.408,1.61733,1.61848,1.73,1.35
2011.08.07 22:38:13.519,1.61742,1.61855,1.35,1.35
2011.08.07 22:38:15.527,1.61742,1.61853,1.35,1.09
2011.08.07 22:38:15.640,1.61718,1.61831,1.35,1.35
2011.08.07 22:38:15.869,1.61709,1.61822,1.35,1.35
2011.08.07 22:38:16.199,1.61725,1.6184,1.35,1.69
2011.08.07 22:38:18.259,1.61725,1.61827,1.35,1.13
2011.08.07 22:38:20.147,1.61717,1.61832,1.35,1.35
2011.08.07 22:38:20.257,1.61717,1.61832,1.35,1.73
2011.08.07 22:38:20.851,1.61725,1.61826,1.35,1.13
2011.08.07 22:38:24.896,1.61725,1.61839,1.35,1.88
2011.08.07 22:38:25.007,1.61725,1.61826,1.35,1.13
2011.08.07 22:38:25.838,1.61725,1.61832,1.35,1.62
2011.08.07 22:38:25.948,1.61717,1.61826,1.73,1.13
2011.08.07 22:38:27.127,1.61717,1.61826,1.35,1.13
2011.08.07 22:38:28.110,1.61717,1.61832,1.35,1.35
2011.08.07 22:38:28.328,1.61717,1.61832,1.73,1.35
2011.08.07 22:38:28.907,1.61717,1.61832,1.73,1.35
2011.08.07 22:38:29.020,1.61722,1.61835,1.73,1.35
2011.08.07 22:38:30.278,1.61722,1.61835,1.73,2.10
2011.08.07 22:38:37.867,1.61722,1.61835,1.73,2.10
2011.08.07 22:38:38.198,1.61713,1.61828,1.73,1.35
2011.08.07 22:38:38.307,1.61713,1.61828,1.73,1.35
2011.08.07 22:38:38.915,1.61713,1.61828,1.73,1.35
2011.08.07 22:38:40.126,1.61715,1.6183,1.73,2.10
2011.08.07 22:38:40.241,1.61714,1.61827,2.10,1.35
2011.08.07 22:38:40.578,1.61722,1.61827,1.13,1.35
2011.08.07 22:38:41.128,1.61714,1.61827,2.10,1.35
2011.08.07 22:38:41.459,1.61724,1.61832,1.50,1.35
2011.08.07 22:38:41.567,1.61741,1.61854,1.35,2.48
2011.08.07 22:38:43.188,1.61741,1.61854,1.35,2.10
2011.08.07 22:38:43.408,1.61723,1.61838,2.10,1.35
2011.08.07 22:38:43.518,1.61723,1.61838,2.10,1.35
2011.08.07 22:38:44.416,1.61723,1.61838,2.10,1.35
2011.08.07 22:38:44.526,1.61723,1.61838,2.10,1.35
2011.08.07 22:38:44.858,1.61739,1.61845,1.88,1.35
2011.08.07 22:38:44.971,1.61744,1.61854,1.35,1.50
2011.08.07 22:38:45.089,1.61748,1.61858,1.35,1.13
2011.08.07 22:38:45.200,1.61739,1.61845,1.13,1.35
2011.08.07 22:38:45.430,1.61732,1.61845,1.73,1.35
2011.08.07 22:38:45.942,1.61732,1.61845,1.73,2.33
2011.08.07 22:38:46.280,1.61727,1.61832,1.35,1.13
2011.08.07 22:38:47.681,1.61722,1.61831,2.48,1.13
2011.08.07 22:38:47.910,1.61729,1.61831,1.50,1.13
2011.08.07 22:38:50.304,1.61726,1.61841,2.10,1.73
2011.08.07 22:38:50.416,1.61726,1.61841,1.35,1.73
2011.08.07 22:38:50.531,1.61726,1.61832,1.35,1.13
2011.08.07 22:38:50.758,1.61698,1.61831,2.10,2.48
2011.08.07 22:38:50.867,1.61685,1.6184,1.77,1.13
2011.08.07 22:38:50.976,1.61694,1.61844,1.13,1.50
2011.08.07 22:38:51.308,1.61694,1.61844,1.13,1.13
2011.08.07 22:38:51.634,1.61679,1.61844,1.13,1.13
2011.08.07 22:38:51.745,1.61677,1.61863,1.50,1.13
2011.08.07 22:38:51.856,1.61693,1.61863,1.13,1.13
2011.08.07 22:38:52.187,1.61699,1.61821,1.13,1.13
2011.08.07 22:38:52.717,1.61711,1.61863,1.13,1.13
2011.08.07 22:38:54.477,1.61714,1.61863,1.13,1.50
2011.08.07 22:38:55.066,1.61713,1.61857,1.13,1.13
2011.08.07 22:38:55.286,1.61711,1.61864,1.13,1.50
2011.08.07 22:38:55.397,1.61709,1.61856,1.50,1.13
2011.08.07 22:38:56.565,1.6171,1.61856,1.50,1.13
2011.08.07 22:38:57.745,1.61714,1.61859,1.13,1.13
2011.08.07 22:38:58.076,1.61729,1.61857,1.13,1.13
2011.08.07 22:38:58.404,1.61729,1.61869,1.50,1.13
2011.08.07 22:38:59.539,1.61731,1.61857,1.50,1.13
2011.08.07 22:39:00.127,1.61728,1.61857,1.88,1.13
2011.08.07 22:39:01.177,1.61731,1.61857,1.13,1.13
2011.08.07 22:39:01.854,1.61736,1.61874,1.50,1.13
2011.08.07 22:39:02.074,1.61721,1.61881,1.13,1.13
2011.08.07 22:39:02.187,1.61739,1.61881,1.13,1.13
2011.08.07 22:39:02.295,1.61739,1.61899,1.13,1.50
2011.08.07 22:39:02.407,1.61735,1.61877,1.13,1.13
2011.08.07 22:39:02.517,1.61733,1.61877,1.13,1.13
2011.08.07 22:39:03.619,1.61734,1.61876,1.13,1.13
2011.08.07 22:39:04.499,1.61734,1.61876,1.50,1.13
2011.08.07 22:39:04.726,1.61736,1.61904,1.13,1.50
2011.08.07 22:39:04.841,1.61739,1.61887,1.13,1.65
2011.08.07 22:39:05.179,1.61748,1.61882,1.50,1.13
2011.08.07 22:39:05.687,1.61745,1.61881,1.13,1.13
2011.08.07 22:39:05.797,1.6174,1.6189,1.13,2.22
2011.08.07 22:39:05.908,1.61749,1.61881,1.35,1.13
2011.08.07 22:39:06.261,1.61749,1.61882,2.10,1.13
2011.08.07 22:39:07.425,1.61749,1.61894,1.73,1.13
2011.08.07 22:39:07.646,1.61758,1.61894,1.73,1.50
2011.08.07 22:39:08.172,1.61758,1.61881,1.73,1.13
2011.08.07 22:39:08.282,1.6175,1.61886,2.10,1.73
2011.08.07 22:39:08.944,1.6175,1.61893,2.10,1.13
2011.08.07 22:39:09.057,1.61754,1.61893,1.13,1.50
2011.08.07 22:39:13.000,1.61749,1.6189,2.10,1.13
2011.08.07 22:39:13.234,1.61749,1.6189,1.35,1.13
2011.08.07 22:39:13.678,1.61749,1.61886,2.48,1.13
2011.08.07 22:39:13.784,1.61749,1.6189,2.10,1.13
2011.08.07 22:39:13.899,1.61748,1.61887,1.13,1.50
2011.08.07 22:39:15.283,1.61732,1.61893,1.13,1.50
2011.08.07 22:39:15.507,1.61739,1.61876,1.77,1.13
2011.08.07 22:39:18.328,1.61748,1.61882,1.13,1.13
2011.08.07 22:39:19.083,1.61733,1.61893,1.13,1.13
2011.08.07 22:39:19.415,1.61743,1.61893,1.13,1.50
2011.08.07 22:39:19.747,1.61753,1.61877,1.13,1.13
2011.08.07 22:39:21.215,1.61754,1.61873,1.13,1.13
2011.08.07 22:39:21.546,1.61753,1.61871,1.13,1.13
2011.08.07 22:39:22.065,1.61753,1.61891,1.13,1.13
2011.08.07 22:39:22.179,1.61758,1.61885,1.13,1.32
2011.08.07 22:39:22.286,1.61751,1.61899,1.13,1.13
2011.08.07 22:39:22.507,1.61756,1.61884,1.13,1.17
2011.08.07 22:39:23.009,1.61764,1.61888,1.13,1.13
2011.08.07 22:39:23.120,1.61768,1.61888,1.13,1.84
2011.08.07 22:39:23.678,1.61758,1.61877,1.13,1.50
2011.08.07 22:39:23.897,1.61759,1.61881,1.13,1.13
2011.08.07 22:39:24.117,1.61758,1.61882,2.10,1.13
2011.08.07 22:39:24.448,1.61764,1.61881,1.13,1.13
2011.08.07 22:39:25.056,1.61768,1.61882,1.35,1.13
2011.08.07 22:39:25.429,1.61774,1.61881,1.13,1.13
2011.08.07 22:39:26.099,1.61778,1.61887,1.09,1.13
2011.08.07 22:39:26.568,1.61793,1.61897,1.13,1.35
2011.08.07 22:39:26.677,1.61788,1.61901,2.10,1.35
2011.08.07 22:39:27.117,1.61788,1.61892,2.85,1.13
2011.08.07 22:39:27.447,1.61788,1.61891,2.48,1.13
2011.08.07 22:39:28.000,1.61789,1.61899,1.13,1.69
2011.08.07 22:39:28.670,1.61789,1.61891,1.13,1.13
2011.08.07 22:39:28.896,1.61788,1.61901,2.48,2.10
2011.08.07 22:39:29.449,1.61788,1.61892,1.13,1.13
2011.08.07 22:39:30.151,1.61783,1.61891,2.10,1.13
2011.08.07 22:39:30.379,1.61783,1.61892,2.10,1.13
2011.08.07 22:39:30.595,1.61783,1.61896,1.73,2.07
2011.08.07 22:39:30.710,1.61788,1.61896,1.50,2.07
2011.08.07 22:39:30.816,1.61788,1.61897,1.50,1.69
2011.08.07 22:39:30.931,1.61788,1.61897,1.13,1.69
2011.08.07 22:39:31.380,1.61784,1.61897,1.13,1.69
2011.08.07 22:39:31.830,1.61786,1.61897,1.50,1.69
2011.08.07 22:39:32.391,1.6179,1.61905,1.35,2.07
2011.08.07 22:39:32.858,1.61785,1.61902,1.35,2.48
2011.08.07 22:39:32.971,1.61791,1.61901,2.10,1.13
2011.08.07 22:39:33.855,1.61791,1.61904,1.35,1.35
2011.08.07 22:39:34.078,1.61784,1.61903,2.48,1.35
2011.08.07 22:39:34.189,1.61793,1.6191,1.35,1.35
2011.08.07 22:39:35.178,1.61793,1.6191,1.35,2.10
2011.08.07 22:39:37.359,1.61784,1.61903,2.48,1.35
2011.08.07 22:39:38.043,1.61784,1.61903,1.35,1.35
2011.08.07 22:39:39.150,1.61785,1.61902,1.35,1.35
2011.08.07 22:39:41.360,1.61785,1.61902,1.35,2.10
2011.08.07 22:39:41.901,1.61785,1.61902,1.35,1.35
2011.08.07 22:39:42.022,1.61778,1.61902,1.13,1.35
2011.08.07 22:39:42.249,1.61779,1.61902,1.13,1.35
2011.08.07 22:39:42.597,1.61783,1.61902,1.13,1.35
2011.08.07 22:39:42.705,1.61775,1.61902,1.73,1.35
2011.08.07 22:39:42.816,1.61775,1.61902,1.73,1.35
2011.08.07 22:39:42.927,1.61775,1.61902,2.10,2.10
2011.08.07 22:39:43.752,1.61778,1.619,1.13,1.13
2011.08.07 22:39:43.871,1.61784,1.61902,1.13,1.35
2011.08.07 22:39:44.424,1.61775,1.61902,2.10,1.35
2011.08.07 22:39:45.089,1.61776,1.61902,1.13,2.10
2011.08.07 22:39:45.419,1.61784,1.61902,1.13,2.10
2011.08.07 22:39:46.298,1.61784,1.61902,1.13,2.10
2011.08.07 22:39:46.556,1.61783,1.61902,1.13,2.10
2011.08.07 22:39:47.287,1.61784,1.61902,1.13,2.10
2011.08.07 22:39:47.864,1.61775,1.61902,2.48,2.10
2011.08.07 22:39:48.835,1.61776,1.61902,1.13,2.10
2011.08.07 22:39:48.946,1.61776,1.61902,1.13,1.35
2011.08.07 22:39:49.428,1.61783,1.6191,2.48,2.10
2011.08.07 22:39:49.648,1.61787,1.6191,1.13,2.10
2011.08.07 22:39:49.975,1.61782,1.61901,1.73,1.35
2011.08.07 22:39:50.307,1.61788,1.61901,1.13,1.35
2011.08.07 22:39:50.967,1.61789,1.61901,1.13,1.35
2011.08.07 22:39:52.190,1.61788,1.61901,1.13,2.10
2011.08.07 22:39:53.168,1.61788,1.61901,1.13,2.10
2011.08.07 22:39:54.289,1.61791,1.61901,1.13,1.35
2011.08.07 22:39:54.399,1.61813,1.61926,1.35,1.47
2011.08.07 22:39:54.507,1.61796,1.61909,1.13,1.35
2011.08.07 22:39:54.617,1.61786,1.61909,1.50,1.35
2011.08.07 22:39:54.728,1.61788,1.61927,1.32,1.28
2011.08.07 22:39:55.059,1.61789,1.61923,1.13,2.85
2011.08.07 22:39:55.811,1.6179,1.61927,1.35,1.50
2011.08.07 22:39:56.040,1.61783,1.61923,2.10,2.10
2011.08.07 22:39:56.159,1.61783,1.61923,1.73,2.10
2011.08.07 22:39:56.485,1.61783,1.61923,2.03,2.10
2011.08.07 22:39:56.816,1.6182,1.61935,1.35,1.35
2011.08.07 22:39:57.148,1.61817,1.61932,1.35,1.35
2011.08.07 22:39:57.255,1.61791,1.61925,2.10,1.35
2011.08.07 22:39:57.367,1.61791,1.61925,1.35,1.35
2011.08.07 22:39:57.587,1.61778,1.61922,2.10,1.35
2011.08.07 22:39:58.028,1.61779,1.61922,1.13,1.35
2011.08.07 22:39:58.137,1.61778,1.61922,2.48,2.10
2011.08.07 22:39:58.467,1.61775,1.61898,1.73,1.35
2011.08.07 22:39:58.689,1.61775,1.61898,1.73,1.35
2011.08.07 22:39:59.568,1.61803,1.61918,1.35,2.48
2011.08.07 22:39:59.898,1.61779,1.61899,2.10,1.35
2011.08.07 22:40:00.403,1.6178,1.61898,1.35,1.35
2011.08.07 22:40:00.627,1.61781,1.61902,1.35,1.35
2011.08.07 22:40:02.055,1.61784,1.61904,2.10,1.35
2011.08.07 22:40:02.387,1.61801,1.61916,1.35,2.10
2011.08.07 22:40:02.944,1.61801,1.61916,1.35,2.10
2011.08.07 22:40:03.168,1.61801,1.61916,1.35,1.35
2011.08.07 22:40:03.277,1.61806,1.61919,1.35,2.10
2011.08.07 22:40:04.479,1.61806,1.61919,1.35,2.10
2011.08.07 22:40:06.850,1.61806,1.61919,1.35,2.10
2011.08.07 22:40:06.972,1.61806,1.61919,1.35,2.10
2011.08.07 22:40:07.339,1.61806,1.61919,1.35,2.10
2011.08.07 22:40:07.449,1.61806,1.61919,1.35,2.10
2011.08.07 22:40:08.009,1.61806,1.61919,1.35,2.10
2011.08.07 22:40:08.133,1.61806,1.61919,1.35,2.10
2011.08.07 22:40:10.756,1.61787,1.61911,1.73,1.35
2011.08.07 22:40:10.866,1.61787,1.61911,1.35,1.35
2011.08.07 22:40:12.417,1.61787,1.61911,1.35,2.10
2011.08.07 22:40:12.746,1.61785,1.61912,1.35,2.10
2011.08.07 22:40:12.966,1.61785,1.61912,1.73,2.10
2011.08.07 22:40:13.542,1.61788,1.61912,1.13,2.10
2011.08.07 22:40:14.292,1.61788,1.61912,1.13,2.10
2011.08.07 22:40:15.244,1.61785,1.61912,2.10,2.10
2011.08.07 22:40:15.466,1.61788,1.61912,1.13,2.10
2011.08.07 22:40:16.205,1.61785,1.61912,1.73,2.10
2011.08.07 22:40:16.322,1.61789,1.61912,1.13,2.10
2011.08.07 22:40:16.437,1.61789,1.61912,1.13,2.10
2011.08.07 22:40:16.548,1.61788,1.61912,1.13,2.10
2011.08.07 22:40:17.121,1.61785,1.61912,2.10,2.10
2011.08.07 22:40:17.706,1.61785,1.61912,2.10,2.10
2011.08.07 22:40:17.814,1.61785,1.61912,1.73,2.10
2011.08.07 22:40:18.766,1.61785,1.61912,1.73,2.10
2011.08.07 22:40:19.098,1.61794,1.61912,1.13,2.10
2011.08.07 22:40:19.537,1.61787,1.61912,1.50,2.10
2011.08.07 22:40:20.092,1.61787,1.61912,1.13,2.10
2011.08.07 22:40:21.267,1.61787,1.61912,1.13,2.10
2011.08.07 22:40:21.732,1.61801,1.61912,1.54,1.35
2011.08.07 22:40:21.858,1.61797,1.61911,1.13,1.35
2011.08.07 22:40:21.970,1.61807,1.6192,1.13,1.13
2011.08.07 22:40:22.082,1.61809,1.61919,1.13,1.13
2011.08.07 22:40:22.309,1.61811,1.61923,2.10,1.50
2011.08.07 22:40:22.999,1.61811,1.61901,1.73,1.13
2011.08.07 22:40:23.349,1.61811,1.61905,2.10,1.38
2011.08.07 22:40:23.682,1.61811,1.61899,2.10,1.13
2011.08.07 22:40:23.802,1.61811,1.61891,1.35,1.13
2011.08.07 22:40:24.468,1.61811,1.619,1.35,1.13
2011.08.07 22:40:24.580,1.61798,1.619,1.13,1.84
2011.08.07 22:40:24.689,1.61798,1.61897,1.13,1.13
2011.08.07 22:40:24.796,1.61796,1.619,1.13,1.13
2011.08.07 22:40:24.906,1.61795,1.619,2.10,1.13
2011.08.07 22:40:25.238,1.61787,1.619,1.13,1.13
2011.08.07 22:40:25.347,1.61787,1.61911,1.13,1.20
2011.08.07 22:40:25.459,1.61793,1.61919,1.13,1.50
2011.08.07 22:40:25.567,1.61786,1.61919,2.97,1.13
2011.08.07 22:40:27.398,1.61798,1.61921,1.13,2.48
2011.08.07 22:40:28.395,1.61796,1.61921,1.35,2.48
2011.08.07 22:40:28.617,1.61793,1.61919,1.13,1.13
2011.08.07 22:40:31.127,1.61793,1.61919,1.13,1.13
2011.08.07 22:40:33.437,1.61793,1.61916,1.13,1.32
2011.08.07 22:40:34.095,1.61784,1.61896,1.95,1.35
2011.08.07 22:40:34.209,1.61788,1.61893,1.13,1.35
2011.08.07 22:40:36.909,1.61788,1.61893,1.13,2.10
2011.08.07 22:40:38.888,1.61788,1.61893,1.13,1.35
2011.08.07 22:40:38.995,1.61756,1.61891,1.35,1.35
2011.08.07 22:40:39.216,1.61762,1.61891,1.32,1.35
2011.08.07 22:40:39.786,1.61768,1.61891,1.13,1.35
2011.08.07 22:40:40.117,1.61773,1.61891,1.13,2.10
2011.08.07 22:40:40.957,1.61768,1.61891,1.13,2.10
2011.08.07 22:40:41.317,1.61768,1.61891,1.13,2.10
2011.08.07 22:40:43.466,1.61756,1.61891,2.48,2.10
2011.08.07 22:40:44.036,1.61764,1.61891,1.13,2.10
2011.08.07 22:40:44.149,1.61769,1.61891,1.50,2.10
2011.08.07 22:40:44.477,1.61774,1.61891,1.13,1.35
2011.08.07 22:40:46.190,1.61774,1.61891,1.13,2.10
2011.08.07 22:40:46.665,1.61769,1.61891,1.50,2.10
2011.08.07 22:40:46.778,1.61769,1.61891,1.88,1.35
2011.08.07 22:40:47.304,1.61773,1.61891,1.13,1.35
2011.08.07 22:40:48.220,1.61773,1.61891,1.13,2.10
2011.08.07 22:40:49.719,1.61769,1.61891,1.13,2.10
2011.08.07 22:40:50.443,1.61774,1.61891,1.13,2.10
2011.08.07 22:40:51.217,1.61769,1.61891,1.13,2.10
2011.08.07 22:40:51.545,1.61769,1.61891,1.13,2.10
2011.08.07 22:40:51.806,1.61769,1.61891,1.50,2.10
2011.08.07 22:40:52.025,1.61755,1.61889,1.13,2.48
2011.08.07 22:40:52.576,1.61773,1.61887,1.13,1.13
2011.08.07 22:40:53.129,1.61773,1.61887,1.13,1.13
2011.08.07 22:40:53.677,1.61773,1.61887,1.13,1.13
2011.08.07 22:40:53.899,1.61758,1.61886,1.13,1.13
2011.08.07 22:40:57.437,1.61749,1.61887,1.13,1.13
2011.08.07 22:40:57.867,1.61749,1.61887,1.13,1.13
2011.08.07 22:41:01.174,1.61751,1.61887,1.32,1.13
2011.08.07 22:41:01.835,1.6175,1.61887,1.13,1.13
2011.08.07 22:41:01.949,1.61759,1.61887,1.13,1.13
2011.08.07 22:41:02.575,1.61751,1.61887,1.13,1.13
2011.08.07 22:41:03.244,1.61751,1.61887,1.13,1.13
2011.08.07 22:41:03.797,1.61758,1.61887,1.13,1.13
2011.08.07 22:41:04.015,1.61751,1.61887,1.13,1.13
2011.08.07 22:41:05.399,1.61758,1.61887,1.13,1.13
2011.08.07 22:41:05.837,1.61763,1.61887,1.13,1.13
2011.08.07 22:41:09.360,1.61759,1.61885,1.13,1.13
2011.08.07 22:41:09.917,1.61739,1.61885,2.10,1.13
2011.08.07 22:41:11.845,1.61746,1.61885,1.13,1.13
2011.08.07 22:41:12.069,1.61759,1.61885,1.13,1.13
2011.08.07 22:41:12.336,1.61746,1.61885,1.13,1.13
2011.08.07 22:41:12.558,1.61759,1.61885,1.13,1.13
2011.08.07 22:41:12.890,1.61769,1.61891,1.13,2.10
2011.08.07 22:41:13.007,1.61768,1.61891,1.13,2.10
2011.08.07 22:41:13.195,1.61763,1.61891,1.13,2.10
2011.08.07 22:41:13.746,1.61769,1.61891,1.13,2.10
2011.08.07 22:41:14.187,1.61763,1.61891,1.13,1.35
2011.08.07 22:41:14.296,1.61763,1.61913,1.13,1.13
2011.08.07 22:41:14.410,1.6177,1.61915,1.13,1.13
2011.08.07 22:41:15.029,1.61787,1.61926,1.13,1.09
2011.08.07 22:41:15.365,1.61757,1.61908,1.13,1.50
2011.08.07 22:41:15.474,1.61757,1.61908,1.13,1.50
2011.08.07 22:41:15.827,1.61778,1.61896,1.13,1.13
2011.08.07 22:41:16.158,1.6178,1.61897,1.47,1.13
2011.08.07 22:41:17.678,1.6178,1.61897,1.47,1.13
2011.08.07 22:41:17.896,1.61801,1.61921,1.13,1.13
2011.08.07 22:41:18.005,1.61806,1.61918,1.13,1.13
2011.08.07 22:41:18.118,1.61796,1.61925,1.13,1.50
2011.08.07 22:41:18.229,1.61796,1.61925,1.13,1.50
2011.08.07 22:41:18.338,1.61794,1.61925,1.13,1.50
2011.08.07 22:41:18.777,1.61787,1.61923,1.50,1.50
2011.08.07 22:41:19.337,1.61788,1.61921,1.50,1.13
2011.08.07 22:41:19.668,1.61788,1.61919,1.50,1.13
2011.08.07 22:41:20.467,1.61791,1.61911,1.50,1.13
2011.08.07 22:41:20.836,1.61803,1.61921,1.13,1.13
2011.08.07 22:41:21.167,1.61811,1.61912,1.73,1.13
2011.08.07 22:41:22.915,1.61811,1.61924,1.35,3.23
2011.08.07 22:41:23.246,1.61811,1.61911,1.35,1.13
2011.08.07 22:41:23.357,1.61805,1.61918,1.73,1.50
2011.08.07 22:41:23.579,1.61805,1.6192,1.35,2.10
2011.08.07 22:41:24.128,1.61805,1.6192,1.35,2.10
2011.08.07 22:41:25.250,1.61805,1.61907,1.35,1.13
2011.08.07 22:41:27.368,1.61805,1.61907,1.35,1.13
2011.08.07 22:41:27.946,1.61805,1.61912,1.35,1.13
2011.08.07 22:41:28.168,1.61805,1.61906,1.35,1.13
2011.08.07 22:41:29.350,1.61805,1.61913,1.35,1.13
2011.08.07 22:41:29.568,1.61805,1.61907,1.35,1.13
2011.08.07 22:41:31.635,1.61805,1.61916,1.35,1.23
2011.08.07 22:41:31.986,1.61805,1.61906,1.35,1.13
2011.08.07 22:41:33.108,1.61805,1.61918,1.35,1.61
2011.08.07 22:41:33.220,1.61805,1.61917,1.35,1.13
2011.08.07 22:41:33.775,1.61805,1.61918,1.35,1.50
2011.08.07 22:41:33.998,1.61805,1.61912,1.35,1.13
2011.08.07 22:41:41.175,1.61805,1.6192,1.35,2.10
2011.08.07 22:41:41.529,1.61805,1.61919,1.35,1.13
2011.08.07 22:41:43.039,1.61805,1.61919,1.35,1.13
2011.08.07 22:41:46.108,1.61805,1.61919,1.35,1.50
2011.08.07 22:41:46.439,1.61805,1.61907,1.35,1.13
2011.08.07 22:41:46.548,1.61805,1.61907,1.35,1.13
2011.08.07 22:41:46.988,1.61805,1.61912,1.35,1.13
2011.08.07 22:41:47.097,1.61805,1.61914,1.35,1.13
2011.08.07 22:41:47.538,1.61805,1.61912,1.35,1.13
2011.08.07 22:41:49.078,1.61805,1.61906,1.35,1.13
2011.08.07 22:41:50.243,1.61805,1.61906,1.35,1.13
2011.08.07 22:41:50.758,1.61805,1.61914,1.35,1.50
2011.08.07 22:41:51.309,1.61805,1.61906,1.35,1.13
2011.08.07 22:41:54.158,1.61805,1.61914,1.35,1.88
2011.08.07 22:41:54.266,1.61805,1.61914,1.35,1.13
2011.08.07 22:41:54.780,1.61804,1.61914,1.35,1.50
2011.08.07 22:41:55.116,1.61804,1.61911,1.35,1.13
2011.08.07 22:41:55.809,1.61796,1.61908,1.35,1.50
2011.08.07 22:41:55.920,1.61798,1.61908,1.35,1.13
2011.08.07 22:41:56.258,1.61798,1.61908,1.35,1.50
2011.08.07 22:41:57.320,1.61798,1.61901,1.35,1.13
2011.08.07 22:41:58.068,1.61798,1.61902,1.35,1.13
2011.08.07 22:42:00.316,1.61798,1.61911,1.35,2.48
2011.08.07 22:42:00.541,1.61795,1.61909,2.10,1.13
2011.08.07 22:42:00.770,1.61793,1.61908,1.35,2.10
2011.08.07 22:42:01.747,1.61793,1.61908,1.35,2.10
2011.08.07 22:42:02.077,1.61791,1.61906,1.35,2.10
2011.08.07 22:42:02.409,1.61777,1.6189,1.09,1.35
2011.08.07 22:42:02.516,1.61796,1.61909,1.35,2.10
2011.08.07 22:42:03.095,1.61796,1.61909,1.35,2.10
2011.08.07 22:42:04.090,1.61796,1.61909,1.35,2.10
2011.08.07 22:42:04.211,1.61806,1.61918,1.35,1.88
2011.08.07 22:42:04.329,1.61806,1.61919,1.35,2.10
2011.08.07 22:42:05.208,1.61806,1.61919,1.35,2.10
2011.08.07 22:42:05.318,1.61796,1.61909,1.35,1.35
2011.08.07 22:42:06.418,1.61784,1.61898,1.13,1.35
2011.08.07 22:42:06.639,1.61768,1.61889,1.99,1.35
2011.08.07 22:42:06.748,1.61789,1.61889,1.17,1.35
2011.08.07 22:42:06.968,1.61774,1.61871,2.25,1.35
2011.08.07 22:42:07.409,1.61767,1.61871,1.50,1.35
2011.08.07 22:42:07.844,1.61768,1.61852,1.13,1.35
2011.08.07 22:42:07.964,1.61748,1.61852,1.13,1.35
2011.08.07 22:42:09.306,1.61735,1.61852,2.10,1.35
2011.08.07 22:42:09.423,1.6174,1.61852,1.56,1.35
2011.08.07 22:42:10.579,1.61748,1.61852,1.13,1.35
2011.08.07 22:42:11.290,1.61749,1.61852,1.13,1.35
2011.08.07 22:42:12.278,1.61749,1.61852,1.13,2.10
2011.08.07 22:42:13.098,1.61749,1.61852,1.13,2.10
2011.08.07 22:42:13.319,1.61748,1.61852,1.13,1.35
2011.08.07 22:42:14.055,1.61745,1.61859,1.13,1.73
2011.08.07 22:42:14.177,1.61749,1.61859,1.13,1.35
2011.08.07 22:42:14.510,1.61758,1.6186,1.13,2.10
2011.08.07 22:42:15.044,1.61758,1.6186,1.13,1.35
2011.08.07 22:42:15.799,1.61763,1.6186,1.78,1.35
2011.08.07 22:42:16.018,1.61747,1.6186,1.73,1.35
2011.08.07 22:42:16.129,1.61773,1.61879,1.35,1.13
2011.08.07 22:42:16.236,1.61754,1.6188,1.73,1.13
2011.08.07 22:42:16.787,1.61743,1.61872,1.13,1.13
2011.08.07 22:42:16.897,1.61743,1.61872,1.13,1.13
2011.08.07 22:42:17.447,1.61738,1.61872,1.33,1.13
2011.08.07 22:42:17.558,1.61743,1.61872,1.91,1.13
2011.08.07 22:42:18.149,1.61748,1.61872,1.13,1.13
2011.08.07 22:42:18.476,1.61748,1.61852,1.13,1.13
2011.08.07 22:42:19.625,1.61758,1.61878,1.03,2.48
2011.08.07 22:42:19.736,1.61758,1.61878,2.15,1.35
2011.08.07 22:42:19.849,1.61761,1.61878,1.04,1.35
2011.08.07 22:42:20.181,1.61773,1.61903,1.13,1.50
2011.08.07 22:42:20.301,1.6177,1.61905,1.13,1.50
2011.08.07 22:42:20.747,1.61769,1.61904,1.13,1.13
2011.08.07 22:42:21.075,1.61741,1.61907,1.13,1.13
2011.08.07 22:42:21.187,1.61783,1.61907,1.13,1.13
2011.08.07 22:42:23.287,1.61773,1.61916,1.20,1.13
2011.08.07 22:42:23.397,1.61773,1.61913,1.20,1.13
2011.08.07 22:42:23.726,1.61749,1.61889,1.77,1.13
2011.08.07 22:42:23.838,1.61754,1.61886,1.13,1.50
2011.08.07 22:42:24.057,1.61754,1.61886,1.13,1.50
2011.08.07 22:42:26.124,1.61738,1.61887,2.10,1.13
2011.08.07 22:42:26.239,1.61768,1.61888,1.13,1.73
2011.08.07 22:42:26.346,1.61763,1.61908,1.13,1.13
2011.08.07 22:42:26.458,1.61768,1.61897,1.13,1.13
2011.08.07 22:42:26.675,1.61757,1.61909,1.13,1.13
2011.08.07 22:42:26.787,1.61768,1.61906,1.13,2.07
2011.08.07 22:42:29.236,1.61752,1.61907,1.43,1.17
2011.08.07 22:42:29.345,1.61755,1.61906,1.13,1.13
2011.08.07 22:42:29.676,1.61768,1.61897,1.13,1.13
2011.08.07 22:42:30.267,1.61761,1.61914,1.13,1.50
2011.08.07 22:42:30.374,1.61752,1.61913,1.88,1.13
2011.08.07 22:42:30.487,1.61768,1.61908,1.35,1.50
2011.08.07 22:42:30.815,1.61768,1.61913,1.73,1.50
2011.08.07 22:42:30.927,1.61761,1.61902,1.13,1.23
2011.08.07 22:42:31.255,1.61782,1.61913,1.13,1.13
2011.08.07 22:42:31.588,1.61788,1.61907,1.13,1.13
2011.08.07 22:42:31.695,1.61784,1.61913,1.13,1.50
2011.08.07 22:42:31.809,1.61784,1.61906,1.13,1.13
2011.08.07 22:42:31.916,1.61783,1.61907,1.13,1.13
2011.08.07 22:42:32.029,1.61783,1.61911,1.13,1.62
2011.08.07 22:42:32.934,1.61771,1.61916,1.13,1.13
2011.08.07 22:42:33.154,1.61764,1.61913,1.13,1.13
2011.08.07 22:42:33.704,1.61769,1.61913,1.13,1.13
2011.08.07 22:42:33.814,1.61769,1.61917,1.13,1.13
2011.08.07 22:42:35.967,1.61778,1.61915,1.13,1.13
2011.08.07 22:42:36.295,1.61757,1.61921,1.13,1.13
2011.08.07 22:42:36.405,1.61757,1.61916,1.13,1.13
2011.08.07 22:42:36.515,1.61762,1.61916,1.50,1.13
2011.08.07 22:42:36.845,1.61767,1.61918,2.10,2.85
2011.08.07 22:42:37.065,1.61767,1.61917,1.73,1.13
2011.08.07 22:42:37.178,1.61768,1.61914,1.13,1.13
2011.08.07 22:42:37.509,1.61767,1.61913,2.10,1.13
2011.08.07 22:42:37.838,1.61763,1.61905,1.13,1.35
2011.08.07 22:42:40.137,1.61764,1.61905,1.13,2.10
2011.08.07 22:42:40.356,1.61761,1.61905,1.13,1.35
2011.08.07 22:42:40.467,1.61773,1.61905,1.13,1.35
2011.08.07 22:42:40.580,1.61788,1.61913,1.13,1.13
2011.08.07 22:42:42.824,1.61786,1.61919,1.35,2.48
2011.08.07 22:42:42.935,1.61786,1.61919,1.73,2.85
2011.08.07 22:42:43.049,1.61794,1.61916,1.13,1.13
2011.08.07 22:42:46.887,1.61786,1.61919,1.13,1.50
2011.08.07 22:42:46.996,1.61785,1.61919,2.10,1.50
2011.08.07 22:42:47.575,1.61793,1.61917,1.13,1.13
2011.08.07 22:42:49.939,1.61793,1.61911,1.13,1.35
2011.08.07 22:42:50.605,1.6178,1.61911,1.13,1.35
2011.08.07 22:42:50.715,1.61778,1.61906,1.35,1.50
2011.08.07 22:42:50.941,1.6177,1.61896,1.35,1.58
2011.08.07 22:42:51.058,1.61761,1.61894,2.48,1.35
2011.08.07 22:42:51.168,1.61761,1.61894,2.48,1.73
2011.08.07 22:42:51.498,1.61763,1.61887,1.13,1.13
2011.08.07 22:42:53.948,1.61763,1.61886,1.13,1.35
2011.08.07 22:42:54.390,1.61763,1.61892,1.13,1.13
2011.08.07 22:42:54.620,1.61763,1.61892,1.13,1.13
2011.08.07 22:42:55.385,1.61761,1.61894,2.85,2.10
2011.08.07 22:42:55.770,1.61764,1.61894,1.13,2.48
2011.08.07 22:42:57.389,1.61763,1.61888,1.13,1.50
2011.08.07 22:42:57.945,1.61763,1.61888,1.13,1.13
2011.08.07 22:42:58.505,1.61761,1.61894,2.48,2.10
2011.08.07 22:42:58.726,1.61761,1.61888,2.10,1.50
2011.08.07 22:42:58.947,1.61761,1.61888,2.10,1.50
2011.08.07 22:42:59.058,1.61763,1.61887,1.13,1.13
2011.08.07 22:42:59.607,1.61761,1.61894,2.10,2.10
2011.08.07 22:42:59.829,1.61764,1.61888,1.13,1.50
2011.08.07 22:43:01.809,1.61764,1.61891,1.13,1.13
2011.08.07 22:43:04.068,1.61764,1.61888,1.13,1.13
2011.08.07 22:43:04.400,1.61764,1.61881,1.13,1.13
2011.08.07 22:43:06.288,1.61763,1.61882,1.13,1.13
2011.08.07 22:43:06.618,1.6179,1.61881,1.35,1.13
2011.08.07 22:43:06.728,1.61782,1.61881,1.35,1.13
2011.08.07 22:43:07.240,1.61782,1.6189,1.35,1.13
2011.08.07 22:43:07.466,1.61782,1.61882,1.35,1.13
2011.08.07 22:43:08.138,1.61782,1.61877,1.35,1.13
2011.08.07 22:43:08.466,1.61782,1.61897,1.35,1.73
2011.08.07 22:43:08.580,1.61782,1.61881,1.35,1.13
2011.08.07 22:43:09.564,1.61782,1.61881,2.10,1.13
2011.08.07 22:43:10.118,1.61793,1.61881,1.13,1.13
2011.08.07 22:43:10.458,1.61793,1.61876,1.13,1.13
2011.08.07 22:43:16.657,1.6179,1.61877,1.50,1.13
2011.08.07 22:43:16.768,1.6179,1.61876,1.13,1.13
2011.08.07 22:43:17.309,1.61782,1.61894,1.73,1.13
2011.08.07 22:43:17.420,1.61778,1.61891,1.35,2.10
2011.08.07 22:43:17.646,1.61778,1.61891,1.35,1.35
2011.08.07 22:43:17.758,1.61782,1.61883,1.35,1.17
2011.08.07 22:43:19.208,1.61782,1.61876,1.35,1.13
2011.08.07 22:43:19.428,1.61782,1.61881,1.35,1.13
2011.08.07 22:43:20.899,1.61782,1.61885,1.35,1.80
2011.08.07 22:43:22.648,1.61782,1.61894,1.35,1.50
2011.08.07 22:43:22.763,1.6179,1.61903,1.35,1.32
2011.08.07 22:43:27.587,1.6179,1.61897,1.35,1.13
2011.08.07 22:43:27.699,1.6179,1.61896,1.35,1.13
2011.08.07 22:43:29.668,1.6179,1.61889,1.35,1.09
2011.08.07 22:43:30.001,1.61782,1.61889,1.35,1.09
2011.08.07 22:43:30.558,1.61782,1.61894,1.35,1.09
2011.08.07 22:43:31.440,1.61782,1.61894,1.35,1.09
2011.08.07 22:43:32.508,1.61782,1.61895,2.10,1.09
2011.08.07 22:43:32.998,1.61784,1.61895,1.13,1.47
2011.08.07 22:43:33.107,1.61784,1.61895,1.13,1.84
2011.08.07 22:43:40.396,1.61782,1.61893,2.10,1.50
2011.08.07 22:43:40.506,1.61782,1.61893,2.10,1.13
2011.08.07 22:43:40.619,1.61783,1.61893,1.13,1.50
2011.08.07 22:43:41.168,1.61782,1.61895,2.10,1.47
2011.08.07 22:43:41.275,1.61782,1.61895,1.73,1.47
2011.08.07 22:43:41.388,1.61782,1.61893,2.10,1.50
2011.08.07 22:43:41.718,1.61783,1.6189,1.13,1.65
2011.08.07 22:43:41.829,1.61782,1.61894,2.48,1.13
2011.08.07 22:43:41.940,1.61787,1.61899,2.10,1.09
2011.08.07 22:43:42.487,1.61789,1.61902,1.13,1.69
2011.08.07 22:43:42.846,1.61787,1.61902,2.10,1.69
2011.08.07 22:43:43.068,1.61787,1.61902,1.73,1.69
2011.08.07 22:43:43.618,1.61787,1.61899,2.10,1.09
2011.08.07 22:43:43.728,1.61787,1.61902,2.10,1.35
2011.08.07 22:43:43.836,1.61804,1.61913,1.13,1.13
2011.08.07 22:43:44.057,1.61804,1.61917,1.13,2.10
2011.08.07 22:43:44.168,1.61802,1.61917,1.35,2.10
2011.08.07 22:43:44.278,1.61802,1.61917,1.35,1.35
2011.08.07 22:43:44.718,1.61802,1.61917,1.35,2.10
2011.08.07 22:43:45.905,1.6182,1.61923,1.35,1.13
2011.08.07 22:43:46.300,1.6182,1.61928,1.73,1.88
2011.08.07 22:43:46.411,1.6182,1.61929,1.73,1.13
2011.08.07 22:43:46.527,1.6182,1.61928,1.73,1.13
2011.08.07 22:43:46.856,1.6182,1.61929,1.73,1.13
2011.08.07 22:43:47.408,1.61823,1.61928,1.13,1.13
2011.08.07 22:43:48.360,1.61826,1.61934,1.13,1.50
2011.08.07 22:43:48.689,1.61828,1.61932,1.13,1.13
2011.08.07 22:43:49.721,1.61829,1.61931,1.13,1.13
2011.08.07 22:43:51.306,1.61826,1.61934,1.13,1.50
2011.08.07 22:43:51.639,1.61823,1.61927,2.10,1.13
2011.08.07 22:43:51.752,1.61825,1.61927,1.13,1.13
2011.08.07 22:43:52.306,1.61823,1.61937,1.50,2.10
2011.08.07 22:43:52.746,1.61822,1.61936,1.35,1.13
2011.08.07 22:43:52.859,1.6183,1.61935,1.13,1.13
2011.08.07 22:43:52.970,1.61833,1.61937,1.13,2.48
2011.08.07 22:43:53.077,1.61836,1.61948,1.35,1.88
2011.08.07 22:43:53.410,1.6185,1.61951,1.35,1.13
2011.08.07 22:43:53.990,1.61854,1.61951,1.35,1.13
2011.08.07 22:43:54.426,1.61854,1.61967,1.35,1.09
2011.08.07 22:43:54.539,1.61854,1.61942,1.35,1.13
2011.08.07 22:43:54.760,1.61854,1.61953,1.35,1.39
2011.08.07 22:43:56.951,1.61854,1.61954,1.35,1.13
2011.08.07 22:43:57.069,1.61854,1.61944,1.35,1.13
2011.08.07 22:43:57.179,1.61854,1.61957,1.35,1.13
2011.08.07 22:43:57.288,1.61854,1.61959,1.35,1.50
2011.08.07 22:43:57.401,1.61826,1.61942,1.13,1.13
2011.08.07 22:43:57.519,1.61819,1.61941,1.35,1.35
2011.08.07 22:43:57.626,1.6181,1.61934,1.73,1.35
2011.08.07 22:43:57.736,1.6181,1.61934,1.35,1.35
2011.08.07 22:44:00.199,1.6181,1.61934,1.35,2.10
2011.08.07 22:44:00.418,1.61812,1.61934,1.13,2.10
2011.08.07 22:44:00.860,1.61824,1.61934,1.13,2.10
2011.08.07 22:44:01.709,1.61823,1.61932,1.13,1.50
2011.08.07 22:44:01.818,1.61829,1.61943,1.35,1.13
2011.08.07 22:44:01.926,1.61832,1.61943,1.35,1.50
2011.08.07 22:44:02.257,1.61832,1.61931,1.35,1.13
2011.08.07 22:44:03.507,1.61832,1.61944,1.35,1.50
2011.08.07 22:44:04.285,1.61832,1.61944,1.35,1.50
2011.08.07 22:44:05.047,1.61832,1.61943,1.35,1.13
2011.08.07 22:44:06.720,1.61832,1.61946,1.35,2.48
2011.08.07 22:44:07.491,1.61829,1.61944,1.73,1.13
2011.08.07 22:44:08.088,1.61829,1.61944,2.10,1.13
2011.08.07 22:44:08.678,1.61832,1.61943,1.73,1.50
2011.08.07 22:44:09.007,1.61832,1.61941,2.10,1.13
2011.08.07 22:44:09.625,1.61832,1.61943,1.35,1.50
2011.08.07 22:44:09.736,1.61832,1.61943,1.35,1.50
2011.08.07 22:44:10.068,1.61832,1.61941,1.35,1.13
2011.08.07 22:44:10.286,1.61832,1.61943,1.35,1.13
2011.08.07 22:44:10.398,1.61832,1.61943,1.35,1.50
2011.08.07 22:44:11.440,1.61832,1.61942,1.35,1.13
2011.08.07 22:44:11.988,1.61832,1.61941,1.35,1.13
2011.08.07 22:44:12.438,1.61832,1.61946,2.10,2.10
2011.08.07 22:44:12.771,1.61843,1.61945,1.13,2.10
2011.08.07 22:44:13.327,1.61832,1.61946,2.10,2.10
2011.08.07 22:44:13.440,1.61832,1.61945,2.10,1.13
2011.08.07 22:44:13.998,1.61831,1.61945,2.10,2.48
2011.08.07 22:44:14.913,1.61831,1.61945,2.10,2.48
2011.08.07 22:44:15.276,1.61831,1.61945,1.73,2.10
2011.08.07 22:44:15.392,1.61831,1.61945,2.10,2.48
2011.08.07 22:44:15.975,1.61829,1.61945,2.10,2.10
2011.08.07 22:44:16.604,1.61829,1.61942,1.13,1.35
2011.08.07 22:44:17.619,1.61835,1.6195,2.10,2.10
2011.08.07 22:44:17.951,1.61835,1.6195,2.10,2.10
2011.08.07 22:44:18.180,1.61834,1.61942,1.13,1.35
2011.08.07 22:44:19.240,1.61833,1.61942,1.13,2.10
2011.08.07 22:44:20.437,1.61827,1.61942,1.73,2.10
2011.08.07 22:44:20.550,1.61834,1.61942,1.13,2.10
2011.08.07 22:44:21.110,1.61833,1.61942,1.13,2.10
2011.08.07 22:44:21.620,1.61833,1.61942,1.13,2.10
2011.08.07 22:44:22.077,1.61825,1.61938,2.10,2.10
2011.08.07 22:44:22.637,1.61833,1.61938,1.13,2.10
2011.08.07 22:44:23.290,1.61833,1.61938,1.13,2.10
2011.08.07 22:44:23.957,1.61825,1.61938,1.73,2.10
2011.08.07 22:44:24.066,1.61825,1.61935,1.35,1.13
2011.08.07 22:44:24.178,1.61825,1.61934,2.55,1.13
2011.08.07 22:44:24.398,1.61827,1.61936,2.10,1.13
2011.08.07 22:44:24.615,1.61827,1.61939,1.35,1.50
2011.08.07 22:44:24.725,1.61825,1.61938,1.35,2.10
2011.08.07 22:44:25.165,1.61825,1.61935,1.35,1.13
2011.08.07 22:44:25.498,1.61828,1.61928,1.13,1.35
2011.08.07 22:44:25.610,1.6182,1.61927,1.13,1.35
2011.08.07 22:44:25.940,1.61823,1.61931,1.13,1.50
2011.08.07 22:44:26.456,1.61824,1.61924,1.13,1.35
2011.08.07 22:44:27.039,1.61824,1.61924,1.13,1.35
2011.08.07 22:44:27.559,1.61824,1.61924,1.13,1.35
2011.08.07 22:44:27.670,1.61822,1.61924,1.13,1.35
2011.08.07 22:44:27.789,1.61831,1.61943,1.35,1.09
2011.08.07 22:44:27.898,1.61829,1.61943,1.35,1.47
2011.08.07 22:44:28.340,1.6183,1.6194,1.35,1.09
2011.08.07 22:44:28.778,1.6183,1.61942,1.73,1.13
2011.08.07 22:44:29.776,1.6183,1.61941,2.10,1.13
2011.08.07 22:44:29.999,1.6183,1.61943,2.10,1.13
2011.08.07 22:44:30.548,1.6183,1.61944,2.10,1.13
2011.08.07 22:44:31.097,1.6183,1.61943,2.10,1.50
2011.08.07 22:44:31.853,1.61829,1.61935,1.13,1.35
2011.08.07 22:44:32.301,1.61825,1.61935,1.69,1.35
2011.08.07 22:44:32.991,1.61834,1.61935,1.13,1.35
2011.08.07 22:44:33.551,1.61821,1.61935,1.13,1.35
2011.08.07 22:44:33.780,1.6182,1.61935,2.10,1.35
2011.08.07 22:44:33.997,1.61828,1.61935,1.13,1.35
2011.08.07 22:44:35.008,1.61829,1.61935,1.13,1.35
2011.08.07 22:44:35.601,1.61828,1.61943,1.13,2.48
2011.08.07 22:44:36.140,1.61828,1.61943,1.13,2.48
2011.08.07 22:44:36.248,1.61828,1.61943,1.13,2.85
2011.08.07 22:44:36.800,1.61828,1.61942,1.13,1.13
2011.08.07 22:44:37.472,1.61828,1.61943,1.13,2.10
2011.08.07 22:44:39.418,1.61828,1.61939,1.13,1.13
2011.08.07 22:44:40.518,1.61827,1.61939,1.35,1.50
2011.08.07 22:44:41.320,1.61827,1.61939,1.73,1.50
2011.08.07 22:44:41.658,1.61829,1.61931,1.13,1.13
2011.08.07 22:44:41.969,1.61829,1.61939,1.13,1.50
2011.08.07 22:44:42.080,1.61829,1.61936,1.13,1.13
2011.08.07 22:44:42.549,1.61828,1.61932,1.13,1.13
2011.08.07 22:44:43.388,1.61829,1.61941,1.13,1.13
2011.08.07 22:44:43.498,1.61828,1.61939,1.13,1.50
2011.08.07 22:44:43.829,1.61829,1.61936,1.13,1.13
2011.08.07 22:44:45.080,1.61827,1.61939,2.10,1.50
2011.08.07 22:44:45.188,1.61827,1.61939,2.10,1.50
2011.08.07 22:44:45.738,1.61829,1.6194,1.13,1.13
2011.08.07 22:44:47.556,1.61827,1.61943,1.35,2.10
2011.08.07 22:44:47.669,1.61827,1.61942,2.10,1.50
2011.08.07 22:44:48.219,1.61827,1.61939,1.73,1.50
2011.08.07 22:44:48.438,1.61827,1.61939,1.35,1.13
2011.08.07 22:44:48.550,1.61827,1.61938,1.73,1.13
2011.08.07 22:44:48.657,1.61823,1.61928,1.13,1.35
2011.08.07 22:44:49.038,1.61823,1.61938,2.48,2.10
2011.08.07 22:44:50.359,1.61823,1.61938,2.48,2.85
2011.08.07 22:44:52.350,1.61823,1.61933,1.13,1.35
2011.08.07 22:44:52.577,1.61828,1.61942,1.35,1.35
2011.08.07 22:44:52.798,1.61828,1.61942,1.35,2.10
2011.08.07 22:44:52.909,1.61828,1.61942,1.35,1.35
2011.08.07 22:44:53.458,1.61834,1.61942,1.13,1.35
2011.08.07 22:44:53.681,1.61839,1.61949,1.13,2.10
2011.08.07 22:44:53.910,1.61839,1.61954,2.48,1.50
2011.08.07 22:44:54.469,1.61839,1.61954,2.10,1.50
2011.08.07 22:44:55.061,1.61839,1.6195,1.13,1.73
2011.08.07 22:44:55.183,1.6184,1.61955,2.10,2.10
2011.08.07 22:44:55.412,1.61849,1.61951,1.35,1.13
2011.08.07 22:44:55.643,1.61849,1.61963,1.35,1.50
2011.08.07 22:44:55.759,1.61849,1.61951,1.35,1.13
2011.08.07 22:44:56.100,1.61846,1.61952,1.35,1.13
2011.08.07 22:44:56.329,1.61838,1.61951,1.13,2.10
2011.08.07 22:44:56.656,1.61836,1.61951,1.73,1.73
2011.08.07 22:44:56.768,1.61836,1.61951,2.10,1.73
2011.08.07 22:44:57.099,1.61839,1.61951,1.13,1.35
2011.08.07 22:44:57.722,1.61839,1.61951,1.13,1.35
2011.08.07 22:44:58.500,1.61839,1.61951,1.13,1.35
2011.08.07 22:44:59.468,1.61839,1.61951,1.13,1.35
2011.08.07 22:45:00.331,1.61838,1.61951,1.13,2.10
2011.08.07 22:45:00.670,1.61828,1.61941,2.10,1.35
2011.08.07 22:45:01.199,1.61834,1.61941,1.13,1.35
2011.08.07 22:45:01.864,1.61834,1.61941,1.13,1.35
2011.08.07 22:45:02.197,1.61828,1.61941,2.10,1.35
2011.08.07 22:45:02.728,1.61829,1.61941,1.13,1.35
2011.08.07 22:45:03.184,1.61829,1.61941,1.13,2.10
2011.08.07 22:45:06.519,1.61829,1.61941,1.13,1.35
2011.08.07 22:45:06.629,1.61836,1.61949,1.35,1.47
2011.08.07 22:45:06.968,1.61836,1.61949,2.10,1.09
2011.08.07 22:45:07.730,1.61836,1.61949,1.73,1.09
2011.08.07 22:45:07.962,1.61839,1.61951,1.13,1.73
2011.08.07 22:45:08.189,1.61836,1.61951,2.10,1.35
2011.08.07 22:45:08.518,1.61844,1.61931,1.13,1.13
2011.08.07 22:45:08.848,1.6184,1.61931,1.35,1.13
2011.08.07 22:45:09.398,1.6184,1.61932,1.73,1.13
2011.08.07 22:45:10.408,1.6184,1.61932,1.73,1.13
2011.08.07 22:45:11.191,1.6184,1.61951,1.73,1.20
2011.08.07 22:45:11.739,1.6184,1.61946,1.73,1.13
2011.08.07 22:45:11.851,1.61847,1.61944,1.35,1.23
2011.08.07 22:45:12.526,1.61847,1.61945,1.35,1.23
2011.08.07 22:45:13.079,1.61847,1.61942,1.35,1.13
2011.08.07 22:45:14.107,1.61847,1.61963,1.35,2.85
2011.08.07 22:45:14.720,1.61847,1.61942,1.35,1.23
2011.08.07 22:45:17.527,1.61863,1.61947,1.35,1.23
2011.08.07 22:45:17.637,1.61863,1.61964,1.35,1.23
2011.08.07 22:45:18.108,1.61856,1.61956,1.35,1.13
2011.08.07 22:45:18.218,1.61856,1.61951,1.35,1.13
2011.08.07 22:45:18.701,1.61856,1.61941,1.35,1.13
2011.08.07 22:45:19.468,1.61856,1.61962,1.35,1.95
2011.08.07 22:45:19.577,1.61856,1.61962,1.35,1.84
2011.08.07 22:45:20.298,1.61856,1.61964,1.35,1.39
2011.08.07 22:45:20.408,1.61856,1.61953,1.35,1.13
2011.08.07 22:45:20.738,1.61856,1.61932,1.35,1.13
2011.08.07 22:45:21.518,1.61853,1.61931,1.35,1.13
2011.08.07 22:45:22.903,1.61853,1.61932,1.35,1.13
2011.08.07 22:45:25.550,1.61855,1.61952,1.35,1.50
2011.08.07 22:45:25.893,1.61847,1.61952,1.35,1.50
2011.08.07 22:45:26.126,1.6184,1.61951,1.35,1.13
2011.08.07 22:45:27.438,1.6184,1.61946,1.35,1.23
2011.08.07 22:45:33.598,1.6184,1.61951,1.35,1.13
2011.08.07 22:45:34.178,1.61839,1.61952,1.35,1.13
2011.08.07 22:45:35.195,1.61839,1.61952,1.35,1.13
2011.08.07 22:45:35.428,1.61839,1.61952,1.35,1.23
2011.08.07 22:45:35.758,1.61839,1.61942,1.35,1.23
2011.08.07 22:45:39.659,1.61844,1.61956,1.13,1.35
2011.08.07 22:45:39.988,1.61839,1.61956,1.35,1.35
2011.08.07 22:45:45.428,1.61839,1.61956,1.35,2.10
2011.08.07 22:45:45.758,1.61839,1.61951,1.35,1.13
2011.08.07 22:45:46.263,1.61839,1.61951,1.35,1.13
2011.08.07 22:45:46.381,1.61839,1.61956,2.48,2.10
2011.08.07 22:45:48.186,1.61839,1.61956,1.35,1.73
2011.08.07 22:45:49.927,1.61839,1.61956,2.48,2.10
2011.08.07 22:45:51.608,1.6184,1.61966,1.73,1.35
2011.08.07 22:45:53.388,1.6184,1.61967,1.73,1.73
2011.08.07 22:45:53.497,1.6184,1.61967,1.73,2.10
2011.08.07 22:45:53.829,1.61838,1.61946,1.13,1.35
2011.08.07 22:45:54.048,1.61841,1.61966,1.35,2.10
2011.08.07 22:45:54.159,1.61841,1.61966,1.35,1.73
2011.08.07 22:45:54.506,1.61841,1.61966,1.35,2.10
2011.08.07 22:45:54.618,1.61843,1.61966,1.13,2.10
2011.08.07 22:45:56.327,1.61843,1.61982,2.10,1.13
2011.08.07 22:45:57.054,1.61848,1.61975,1.13,2.10
2011.08.07 22:45:57.386,1.61842,1.61983,2.10,1.50
2011.08.07 22:45:57.497,1.61842,1.61984,2.10,2.85
2011.08.07 22:45:57.609,1.61849,1.61976,1.13,1.13
2011.08.07 22:45:59.063,1.61842,1.61983,2.10,2.25
2011.08.07 22:45:59.288,1.61849,1.61983,1.13,1.50
2011.08.07 22:46:00.251,1.61848,1.61977,1.13,1.13
2011.08.07 22:46:01.019,1.61849,1.61976,1.13,1.13
2011.08.07 22:46:04.133,1.61841,1.61978,1.13,2.10
2011.08.07 22:46:04.358,1.61848,1.61977,1.13,1.13
2011.08.07 22:46:06.306,1.61841,1.61975,1.13,1.13
2011.08.07 22:46:07.001,1.61848,1.61972,1.13,1.13
2011.08.07 22:46:07.227,1.61842,1.61975,1.13,2.10
2011.08.07 22:46:07.748,1.61849,1.61975,1.13,2.48
2011.08.07 22:46:09.667,1.61841,1.61975,1.13,2.10
2011.08.07 22:46:10.328,1.61849,1.61975,1.13,2.10
2011.08.07 22:46:11.288,1.61849,1.61975,1.13,2.10
2011.08.07 22:46:14.458,1.61848,1.61975,1.13,2.10
2011.08.07 22:46:15.025,1.61849,1.61975,1.13,2.10
2011.08.07 22:46:15.888,1.61818,1.61975,2.10,2.10
2011.08.07 22:46:15.998,1.6184,1.61975,1.13,2.10
2011.08.07 22:46:16.438,1.61825,1.61973,1.32,1.13
2011.08.07 22:46:16.658,1.61825,1.61977,1.32,1.62
2011.08.07 22:46:17.204,1.61823,1.61979,1.13,1.88
2011.08.07 22:46:17.315,1.61823,1.61979,1.13,2.25
2011.08.07 22:46:17.427,1.61823,1.61978,1.35,1.50
2011.08.07 22:46:17.536,1.61821,1.61978,1.05,1.50
2011.08.07 22:46:18.018,1.61823,1.61978,1.13,1.50
2011.08.07 22:46:21.565,1.6181,1.61978,1.13,1.50
2011.08.07 22:46:21.675,1.61802,1.61978,1.50,1.50
2011.08.07 22:46:21.786,1.61812,1.61978,1.73,1.50
2011.08.07 22:46:22.869,1.61819,1.61978,1.13,1.50
2011.08.07 22:46:29.339,1.61818,1.61978,1.13,1.50
2011.08.07 22:46:29.668,1.61818,1.61974,1.13,1.50
2011.08.07 22:46:30.217,1.61818,1.61974,1.13,1.50
2011.08.07 22:46:30.435,1.61783,1.61974,1.50,1.50
2011.08.07 22:46:31.403,1.61813,1.61973,1.13,1.50
2011.08.07 22:46:31.959,1.61788,1.61974,1.28,1.50
2011.08.07 22:46:32.070,1.61787,1.61974,1.28,1.88
2011.08.07 22:46:32.626,1.61781,1.61969,1.88,1.50
2011.08.07 22:46:32.955,1.61797,1.61969,1.13,1.50
2011.08.07 22:46:33.288,1.61809,1.61964,1.13,1.50
2011.08.07 22:46:34.199,1.61791,1.61964,1.50,1.50
2011.08.07 22:46:34.307,1.61791,1.61964,1.50,1.50
2011.08.07 22:46:36.167,1.61814,1.61961,1.13,1.50
2011.08.07 22:46:37.142,1.61813,1.61961,1.13,1.50
2011.08.07 22:46:38.108,1.61813,1.61961,1.13,1.50
2011.08.07 22:46:38.617,1.61792,1.61961,1.28,1.50
2011.08.07 22:46:39.625,1.61791,1.61961,1.13,1.50
2011.08.07 22:46:39.738,1.61823,1.61961,1.13,1.50
2011.08.07 22:46:40.067,1.61834,1.61961,1.13,1.50
2011.08.07 22:46:40.398,1.61833,1.61961,1.69,1.50
2011.08.07 22:46:40.510,1.61838,1.61968,1.13,1.50
2011.08.07 22:46:40.960,1.61838,1.61961,1.13,1.50
2011.08.07 22:46:41.608,1.61839,1.61961,1.13,1.50
2011.08.07 22:46:42.298,1.61839,1.61964,1.13,1.50
2011.08.07 22:46:43.413,1.61839,1.61961,1.13,1.50
2011.08.07 22:46:45.566,1.61842,1.61961,1.13,1.50
2011.08.07 22:46:45.898,1.61843,1.61967,1.13,1.50
2011.08.07 22:46:46.368,1.61843,1.61969,1.13,1.50
2011.08.07 22:46:46.698,1.61843,1.6197,1.13,1.13
2011.08.07 22:46:47.459,1.61825,1.61972,1.13,1.13
2011.08.07 22:46:47.568,1.61828,1.61968,1.84,1.77
2011.08.07 22:46:47.898,1.61847,1.61951,1.13,1.13
2011.08.07 22:46:49.378,1.61812,1.61969,1.50,1.13
2011.08.07 22:46:49.489,1.61848,1.61955,1.13,1.39
2011.08.07 22:46:49.815,1.61811,1.61964,2.25,1.13
2011.08.07 22:46:50.224,1.6184,1.61946,1.02,1.13
2011.08.07 22:46:52.316,1.61822,1.61963,1.50,1.88
2011.08.07 22:46:52.873,1.61822,1.61963,1.50,1.88
2011.08.07 22:46:53.517,1.61833,1.61963,1.13,1.13
2011.08.07 22:46:54.068,1.61849,1.61946,1.13,1.13
2011.08.07 22:46:55.276,1.61822,1.61963,1.50,1.13
2011.08.07 22:46:55.388,1.6184,1.61963,1.13,1.13
2011.08.07 22:46:55.608,1.61823,1.61963,1.13,1.50
2011.08.07 22:46:56.159,1.61843,1.61954,1.13,1.28
2011.08.07 22:46:56.377,1.61838,1.61963,1.13,1.13
2011.08.07 22:46:56.602,1.61848,1.61946,1.43,1.13
2011.08.07 22:46:56.717,1.61847,1.61964,1.13,1.13
2011.08.07 22:46:56.936,1.61847,1.61966,1.13,1.13
2011.08.07 22:46:57.050,1.61847,1.61955,2.07,1.17
2011.08.07 22:46:57.158,1.61842,1.61959,1.13,1.73
2011.08.07 22:46:57.638,1.61853,1.61955,1.13,1.13
2011.08.07 22:46:58.200,1.61853,1.61947,1.13,1.13
2011.08.07 22:47:01.336,1.61845,1.6196,1.13,2.10
2011.08.07 22:47:02.486,1.61853,1.61947,1.13,1.13
2011.08.07 22:47:06.200,1.61852,1.61947,1.13,1.13
2011.08.07 22:47:07.556,1.61848,1.61958,1.13,2.10
2011.08.07 22:47:07.669,1.61854,1.61946,1.13,1.13
2011.08.07 22:47:10.238,1.61843,1.6196,1.13,1.73
2011.08.07 22:47:10.350,1.61854,1.61946,1.13,1.13
2011.08.07 22:47:11.170,1.61851,1.61946,1.13,1.13
2011.08.07 22:47:11.280,1.61849,1.61946,1.13,1.13
2011.08.07 22:47:11.838,1.61848,1.61946,1.13,1.13
2011.08.07 22:47:15.478,1.61842,1.61958,1.84,1.13
2011.08.07 22:47:15.589,1.61849,1.6196,1.13,2.10
2011.08.07 22:47:16.168,1.61849,1.6196,1.13,2.10
2011.08.07 22:47:18.467,1.61833,1.6196,1.73,1.73
2011.08.07 22:47:20.237,1.61844,1.61951,1.13,1.13
2011.08.07 22:47:20.931,1.61849,1.61951,1.13,1.13
2011.08.07 22:47:22.301,1.61848,1.61952,1.13,1.13
2011.08.07 22:47:22.887,1.61848,1.61952,1.13,1.13
2011.08.07 22:47:23.438,1.61849,1.61951,1.13,1.13
2011.08.07 22:47:24.329,1.61843,1.61952,1.13,1.13
2011.08.07 22:47:24.767,1.6184,1.6196,1.13,1.73
2011.08.07 22:47:25.304,1.6184,1.6196,1.13,1.73
2011.08.07 22:47:25.498,1.6184,1.6196,1.13,1.73
2011.08.07 22:47:26.079,1.61844,1.61951,1.13,1.13
2011.08.07 22:47:27.937,1.61841,1.6196,1.13,1.73
2011.08.07 22:47:28.050,1.61844,1.6196,1.13,2.10
2011.08.07 22:47:28.160,1.61841,1.6196,1.13,1.35
2011.08.07 22:47:28.378,1.61832,1.6195,1.13,1.35
2011.08.07 22:47:29.006,1.61844,1.6195,1.13,1.35
2011.08.07 22:47:29.496,1.61843,1.61943,1.13,1.35
2011.08.07 22:47:29.633,1.61832,1.61943,1.13,1.35
2011.08.07 22:47:30.209,1.61843,1.61943,1.13,1.35
2011.08.07 22:47:38.668,1.61843,1.61951,1.13,1.35
2011.08.07 22:47:39.511,1.61843,1.61951,1.13,1.35
2011.08.07 22:47:39.738,1.61843,1.61951,1.13,1.35
2011.08.07 22:47:40.638,1.61844,1.61951,1.13,1.35
2011.08.07 22:47:44.368,1.61844,1.61951,1.13,2.10
2011.08.07 22:47:44.706,1.61843,1.61947,1.13,1.13
2011.08.07 22:47:46.595,1.61816,1.61951,2.10,1.35
2011.08.07 22:47:46.941,1.61835,1.61951,1.47,1.35
2011.08.07 22:47:47.498,1.61843,1.61951,1.13,1.35
2011.08.07 22:47:47.828,1.61843,1.61943,1.13,1.35
2011.08.07 22:47:49.476,1.61811,1.61943,2.85,1.35
2011.08.07 22:47:53.246,1.61835,1.61943,1.13,1.35
2011.08.07 22:47:53.797,1.61844,1.61943,1.13,1.35
2011.08.07 22:47:56.110,1.61843,1.61943,1.13,1.35
2011.08.07 22:47:56.617,1.61837,1.61943,1.13,1.35
2011.08.07 22:47:56.839,1.61844,1.61943,1.13,1.35
2011.08.07 22:47:57.058,1.61837,1.61943,1.13,1.35
2011.08.07 22:47:57.644,1.61844,1.61943,1.13,1.35
2011.08.07 22:47:57.869,1.61843,1.61943,1.13,1.35
2011.08.07 22:47:58.609,1.61837,1.61943,1.13,1.35
2011.08.07 22:48:01.189,1.61822,1.61942,1.13,1.35
2011.08.07 22:48:01.297,1.61806,1.61942,1.50,1.35
2011.08.07 22:48:01.410,1.61833,1.61942,1.13,1.35
2011.08.07 22:48:01.739,1.61833,1.61942,1.13,1.35
2011.08.07 22:48:03.168,1.61824,1.61942,1.13,1.35
2011.08.07 22:48:03.389,1.61833,1.61942,1.13,1.35
2011.08.07 22:48:06.656,1.61815,1.61942,1.13,1.35
2011.08.07 22:48:06.770,1.61818,1.61942,1.28,2.48
2011.08.07 22:48:06.987,1.61802,1.61942,2.10,2.10
2011.08.07 22:48:07.206,1.61806,1.61942,1.13,2.10
2011.08.07 22:48:07.536,1.61806,1.61942,1.13,2.10
2011.08.07 22:48:07.676,1.61802,1.61942,2.10,2.10
2011.08.07 22:48:07.792,1.61834,1.61942,1.39,1.73
2011.08.07 22:48:08.570,1.61836,1.61942,1.13,1.73
2011.08.07 22:48:08.677,1.61792,1.61935,2.85,1.73
2011.08.07 22:48:09.116,1.61797,1.61935,1.13,1.73
2011.08.07 22:48:09.498,1.61834,1.61932,1.13,1.13
2011.08.07 22:48:10.076,1.61834,1.61931,1.88,1.13
2011.08.07 22:48:12.629,1.61838,1.61931,1.13,1.13
2011.08.07 22:48:13.170,1.61838,1.61932,1.13,1.13
2011.08.07 22:48:17.571,1.61838,1.61935,1.13,2.10
2011.08.07 22:48:18.379,1.61836,1.61935,1.13,1.73
2011.08.07 22:48:18.596,1.61807,1.61935,1.50,1.73
2011.08.07 22:48:20.396,1.61807,1.61935,1.50,1.35
2011.08.07 22:48:20.509,1.61835,1.61934,1.50,1.84
2011.08.07 22:48:22.759,1.61838,1.61917,1.13,1.23
2011.08.07 22:48:22.979,1.61814,1.61911,1.50,1.13
2011.08.07 22:48:23.199,1.61807,1.61912,1.54,1.13
2011.08.07 22:48:23.307,1.61793,1.61928,1.73,2.10
2011.08.07 22:48:23.417,1.61793,1.61928,1.35,2.10
2011.08.07 22:48:23.856,1.61814,1.61919,1.50,1.73
2011.08.07 22:48:24.412,1.61824,1.61911,1.13,1.13
2011.08.07 22:48:25.094,1.61822,1.61912,1.13,1.13
2011.08.07 22:48:25.432,1.61814,1.61917,1.13,1.32
2011.08.07 22:48:25.548,1.61805,1.61928,1.13,2.10
2011.08.07 22:48:25.657,1.61792,1.61919,1.50,1.35
2011.08.07 22:48:25.769,1.61803,1.61912,1.13,2.10
2011.08.07 22:48:25.877,1.61794,1.61912,1.13,2.10
2011.08.07 22:48:26.098,1.61791,1.61911,1.13,2.10
2011.08.07 22:48:26.668,1.61794,1.61907,1.13,1.13
2011.08.07 22:48:32.759,1.61795,1.61907,1.13,1.13
2011.08.07 22:48:33.088,1.61798,1.61907,1.13,1.13
2011.08.07 22:48:33.419,1.61794,1.61907,1.73,1.13
2011.08.07 22:48:33.528,1.61789,1.61906,1.13,1.13
2011.08.07 22:48:33.638,1.61792,1.61906,1.13,1.13
2011.08.07 22:48:34.399,1.61792,1.6191,1.50,2.10
2011.08.07 22:48:34.616,1.61791,1.6191,1.13,1.35
2011.08.07 22:48:34.948,1.61794,1.6191,1.13,1.35
2011.08.07 22:48:36.027,1.61788,1.6191,1.13,1.35
2011.08.07 22:48:36.356,1.61783,1.619,2.10,1.35
2011.08.07 22:48:36.468,1.61776,1.61909,2.10,1.35
2011.08.07 22:48:36.580,1.61776,1.61909,2.33,2.10
2011.08.07 22:48:37.492,1.61783,1.61902,1.13,1.13
2011.08.07 22:48:37.818,1.61775,1.61898,2.10,1.35
2011.08.07 22:48:38.374,1.61784,1.61898,1.13,1.35
2011.08.07 22:48:38.712,1.61784,1.61901,1.13,2.10
2011.08.07 22:48:39.562,1.61784,1.61901,1.13,1.73
2011.08.07 22:48:40.094,1.61783,1.61897,1.13,1.13
2011.08.07 22:48:43.330,1.61774,1.61899,2.10,2.85
2011.08.07 22:48:43.439,1.61774,1.61899,1.35,2.10
2011.08.07 22:48:43.664,1.61783,1.61899,1.13,2.10
2011.08.07 22:48:44.447,1.61783,1.61899,1.13,1.35
2011.08.07 22:48:45.307,1.61774,1.61899,2.10,1.35
2011.08.07 22:48:45.528,1.61774,1.61898,1.35,1.13
2011.08.07 22:48:45.639,1.61774,1.61898,1.73,1.13
2011.08.07 22:48:45.988,1.61774,1.61898,2.10,1.50
2011.08.07 22:48:46.429,1.61774,1.61899,2.10,2.85
2011.08.07 22:48:47.078,1.61778,1.61892,1.13,1.13
2011.08.07 22:48:47.411,1.61774,1.61891,2.10,1.13
2011.08.07 22:48:47.631,1.61778,1.61892,1.13,1.13
2011.08.07 22:48:48.472,1.61774,1.61899,2.10,2.10
2011.08.07 22:48:49.722,1.61774,1.61899,2.48,2.10
2011.08.07 22:48:51.202,1.61786,1.61899,1.13,2.10
2011.08.07 22:48:51.535,1.61776,1.61899,1.13,2.10
2011.08.07 22:48:51.654,1.61785,1.61899,1.24,2.10
2011.08.07 22:48:52.093,1.61776,1.61899,1.13,2.10
2011.08.07 22:48:52.316,1.61789,1.61899,1.84,2.10
2011.08.07 22:48:52.653,1.61777,1.61894,1.13,1.35
2011.08.07 22:48:52.870,1.61785,1.61894,1.13,1.35
2011.08.07 22:48:52.985,1.6178,1.61894,1.13,1.35
2011.08.07 22:48:53.462,1.61789,1.61894,1.13,1.35
2011.08.07 22:48:53.578,1.61793,1.61899,1.13,2.10
2011.08.07 22:48:54.131,1.61786,1.61899,1.13,1.35
2011.08.07 22:48:55.041,1.61794,1.61899,1.13,2.48
2011.08.07 22:48:55.593,1.61798,1.61893,1.13,1.35
2011.08.07 22:48:57.665,1.61798,1.61893,1.50,1.35
2011.08.07 22:48:57.781,1.61774,1.61893,1.73,1.35
2011.08.07 22:48:57.890,1.61774,1.61893,1.35,1.35
2011.08.07 22:48:58.002,1.6179,1.61893,1.13,1.35
2011.08.07 22:48:58.111,1.61793,1.61893,1.13,1.35
2011.08.07 22:48:58.992,1.61783,1.61893,1.13,1.35
2011.08.07 22:48:59.211,1.61774,1.61893,2.10,1.35
2011.08.07 22:48:59.432,1.61783,1.61893,1.13,1.35
2011.08.07 22:48:59.761,1.61784,1.61885,1.13,1.35
2011.08.07 22:49:00.965,1.61787,1.61885,1.13,1.35
2011.08.07 22:49:01.304,1.61794,1.61885,1.13,1.35
2011.08.07 22:49:01.832,1.61794,1.61894,1.13,1.35
2011.08.07 22:49:02.382,1.61782,1.61893,1.13,1.35
2011.08.07 22:49:02.718,1.61786,1.61881,1.13,1.13
2011.08.07 22:49:03.274,1.61782,1.61879,1.13,1.35
2011.08.07 22:49:03.384,1.6177,1.61879,1.13,1.35
2011.08.07 22:49:03.504,1.61774,1.61862,1.13,1.35
2011.08.07 22:49:03.844,1.61774,1.6186,1.13,1.35
2011.08.07 22:49:03.965,1.61771,1.61874,1.13,1.35
2011.08.07 22:49:04.483,1.61767,1.61879,1.84,2.10
2011.08.07 22:49:04.599,1.61773,1.61874,1.13,1.73
2011.08.07 22:49:05.344,1.6176,1.61868,1.73,2.18
2011.08.07 22:49:05.462,1.6176,1.61874,1.73,1.73
2011.08.07 22:49:05.572,1.6176,1.61874,1.35,2.10
2011.08.07 22:49:06.200,1.6176,1.61866,1.35,1.13
2011.08.07 22:49:06.641,1.61758,1.61867,1.35,1.13
2011.08.07 22:49:08.413,1.61759,1.61873,1.13,2.21
2011.08.07 22:49:08.525,1.61764,1.61873,1.13,1.35
2011.08.07 22:49:08.645,1.61761,1.61873,1.13,1.35
2011.08.07 22:49:08.761,1.61766,1.61881,1.73,1.73
2011.08.07 22:49:08.874,1.61768,1.61874,1.35,1.54
2011.08.07 22:49:09.541,1.61752,1.61867,1.35,2.10
2011.08.07 22:49:09.668,1.61752,1.61867,1.35,2.48
2011.08.07 22:49:10.130,1.61754,1.61867,1.35,1.13
2011.08.07 22:49:11.104,1.61754,1.61866,1.35,1.13
2011.08.07 22:49:11.683,1.61754,1.61866,1.35,1.24
2011.08.07 22:49:13.531,1.61754,1.61863,1.35,1.23
2011.08.07 22:49:13.862,1.61759,1.61861,1.35,1.13
2011.08.07 22:49:14.442,1.61759,1.61861,1.35,1.13
2011.08.07 22:49:14.993,1.61759,1.61866,1.35,1.13
2011.08.07 22:49:15.214,1.61759,1.61871,1.73,1.13
2011.08.07 22:49:15.322,1.61769,1.61877,1.35,1.39
2011.08.07 22:49:15.430,1.61769,1.61882,1.35,2.10
2011.08.07 22:49:15.540,1.61769,1.61862,1.35,1.13
2011.08.07 22:49:16.005,1.61759,1.61862,1.35,1.13
2011.08.07 22:49:16.127,1.61759,1.61875,2.48,2.10
2011.08.07 22:49:16.245,1.61777,1.61876,1.35,1.61
2011.08.07 22:49:16.585,1.61769,1.61882,1.35,2.52
2011.08.07 22:49:16.813,1.61766,1.61881,1.73,2.10
2011.08.07 22:49:16.923,1.61771,1.61877,1.13,1.13
2011.08.07 22:49:17.250,1.61775,1.61883,1.73,1.13
2011.08.07 22:49:17.580,1.61775,1.61888,1.73,2.10
2011.08.07 22:49:17.690,1.61775,1.61888,1.73,2.10
2011.08.07 22:49:17.802,1.61773,1.61877,2.10,1.13
2011.08.07 22:49:18.241,1.61773,1.61873,2.44,1.13
2011.08.07 22:49:18.573,1.61774,1.6186,1.09,1.69
2011.08.07 22:49:18.904,1.61765,1.61851,1.69,1.13
2011.08.07 22:49:19.455,1.61765,1.6186,1.35,1.43
2011.08.07 22:49:19.953,1.61766,1.6186,2.10,1.43
2011.08.07 22:49:20.062,1.61766,1.61874,1.35,1.13
2011.08.07 22:49:20.170,1.61774,1.61874,1.35,1.13
2011.08.07 22:49:20.392,1.61774,1.61857,1.35,1.13
2011.08.07 22:49:20.991,1.61774,1.61856,1.35,1.13
2011.08.07 22:49:21.630,1.61774,1.61891,1.35,1.35
2011.08.07 22:49:21.743,1.61774,1.61878,1.35,1.65
2011.08.07 22:49:23.213,1.61774,1.61871,2.10,1.13
2011.08.07 22:49:23.323,1.61774,1.61872,1.35,1.13
2011.08.07 22:49:24.010,1.61774,1.61871,1.35,1.13
2011.08.07 22:49:24.231,1.61774,1.61891,1.35,2.10
2011.08.07 22:49:24.340,1.61782,1.61884,1.35,1.13
2011.08.07 22:49:24.450,1.61782,1.61899,1.35,1.73
2011.08.07 22:49:24.672,1.61782,1.61872,1.35,1.13
2011.08.07 22:49:24.889,1.61782,1.61899,1.35,1.35
2011.08.07 22:49:25.112,1.61782,1.61886,1.35,1.80
2011.08.07 22:49:25.219,1.61782,1.6189,1.35,1.13
2011.08.07 22:49:25.330,1.61782,1.61886,1.35,1.13
2011.08.07 22:49:25.551,1.61773,1.61892,1.35,2.10
2011.08.07 22:49:25.775,1.61773,1.61873,1.35,1.73
2011.08.07 22:49:25.894,1.61762,1.61867,1.09,1.13
2011.08.07 22:49:26.112,1.61762,1.61868,1.09,1.39
2011.08.07 22:49:27.284,1.61762,1.61861,2.44,1.13
2011.08.07 22:49:27.662,1.61762,1.61861,2.44,1.13
2011.08.07 22:49:27.879,1.61762,1.61877,3.19,1.73
2011.08.07 22:49:27.990,1.61771,1.61877,1.13,1.73
2011.08.07 22:49:28.323,1.6178,1.61872,1.35,1.13
2011.08.07 22:49:28.540,1.61781,1.619,1.35,1.35
2011.08.07 22:49:28.655,1.61781,1.61871,1.35,1.13
2011.08.07 22:49:29.136,1.61765,1.61857,2.10,1.13
2011.08.07 22:49:29.750,1.61765,1.61868,2.10,1.13
2011.08.07 22:49:30.194,1.61765,1.61871,2.10,1.13
2011.08.07 22:49:30.301,1.61765,1.61884,2.10,1.35
2011.08.07 22:49:30.522,1.61765,1.61884,2.10,1.35
2011.08.07 22:49:30.633,1.61765,1.61884,1.35,1.35
2011.08.07 22:49:30.744,1.61767,1.61892,1.35,1.35
2011.08.07 22:49:31.534,1.61767,1.61892,2.48,1.35
2011.08.07 22:49:31.652,1.61768,1.61902,1.13,1.35
2011.08.07 22:49:31.762,1.61767,1.61902,1.35,1.35
2011.08.07 22:49:32.634,1.61769,1.61906,1.35,1.13
2011.08.07 22:49:33.437,1.61766,1.61885,2.85,1.35
2011.08.07 22:49:33.553,1.61767,1.61895,2.10,1.35
2011.08.07 22:49:33.773,1.61767,1.61895,2.10,1.35
2011.08.07 22:49:34.173,1.61767,1.61895,2.10,1.35
2011.08.07 22:49:34.394,1.61767,1.61895,1.35,1.35
2011.08.07 22:49:34.720,1.61767,1.61895,2.85,1.35
2011.08.07 22:49:35.052,1.61783,1.61911,2.48,1.13
2011.08.07 22:49:35.272,1.61784,1.61913,1.13,1.73
2011.08.07 22:49:35.387,1.61783,1.61883,1.13,1.35
2011.08.07 22:49:35.500,1.61779,1.61883,1.13,1.35
2011.08.07 22:49:35.612,1.61769,1.6187,1.13,1.35
2011.08.07 22:49:35.835,1.61764,1.61878,1.09,1.35
2011.08.07 22:49:35.955,1.61779,1.61891,1.35,1.13
2011.08.07 22:49:36.189,1.61768,1.61883,1.35,1.35
2011.08.07 22:49:36.785,1.61763,1.61876,1.35,1.35
2011.08.07 22:49:37.734,1.61771,1.61882,1.03,2.48
2011.08.07 22:49:38.414,1.61789,1.61881,1.50,1.13
2011.08.07 22:49:38.532,1.61776,1.61891,1.35,2.58
2011.08.07 22:49:38.645,1.61789,1.6189,1.50,1.95
2011.08.07 22:49:38.876,1.61776,1.61882,1.35,1.13
2011.08.07 22:49:39.322,1.61764,1.61875,1.13,1.35
2011.08.07 22:49:39.434,1.61759,1.61875,2.10,1.35
2011.08.07 22:49:39.660,1.61759,1.61875,1.35,1.35
2011.08.07 22:49:40.432,1.61757,1.61872,2.10,1.35
2011.08.07 22:49:42.561,1.61757,1.61872,1.35,2.10
2011.08.07 22:49:43.111,1.61757,1.61872,1.35,2.48
2011.08.07 22:49:43.763,1.61757,1.61872,1.35,2.48
2011.08.07 22:49:45.960,1.61757,1.61872,1.35,2.10
2011.08.07 22:49:46.512,1.61757,1.61866,1.35,1.13
2011.08.07 22:49:46.842,1.61757,1.61862,1.35,1.13
2011.08.07 22:49:47.611,1.61757,1.61872,1.35,2.37
2011.08.07 22:49:47.942,1.61757,1.61857,1.35,1.13
2011.08.07 22:49:48.272,1.61763,1.61861,1.13,1.13
2011.08.07 22:49:48.490,1.61765,1.6188,1.35,2.48
2011.08.07 22:49:48.602,1.61765,1.61866,1.35,1.13
2011.08.07 22:49:49.956,1.61765,1.61866,2.10,1.13
2011.08.07 22:49:50.072,1.61765,1.61866,1.35,1.13
2011.08.07 22:49:50.184,1.61768,1.61867,1.35,1.13
2011.08.07 22:49:50.523,1.61772,1.61866,2.10,1.13
2011.08.07 22:49:50.629,1.61772,1.61885,1.35,2.48
2011.08.07 22:49:50.852,1.61772,1.61875,2.10,1.13
2011.08.07 22:49:50.962,1.61772,1.61875,1.35,1.13
2011.08.07 22:49:51.515,1.61772,1.61867,1.35,1.13
2011.08.07 22:49:51.850,1.61772,1.61882,1.35,1.13
2011.08.07 22:49:53.260,1.61772,1.61867,2.10,1.13
2011.08.07 22:49:53.481,1.61772,1.61885,1.35,1.35
2011.08.07 22:49:53.702,1.61775,1.61895,1.35,1.35
2011.08.07 22:49:53.922,1.61775,1.61904,1.35,1.35
2011.08.07 22:49:54.581,1.61775,1.61904,2.10,1.35
2011.08.07 22:49:54.695,1.61768,1.61901,1.13,1.35
2011.08.07 22:49:55.034,1.61754,1.61901,1.13,1.35
2011.08.07 22:49:55.262,1.61752,1.61901,1.13,1.35
2011.08.07 22:49:55.702,1.61752,1.61898,1.13,1.35
2011.08.07 22:49:56.442,1.61751,1.61898,1.50,1.35
2011.08.07 22:49:57.986,1.61752,1.61898,1.13,1.35
2011.08.07 22:49:58.323,1.61751,1.61895,1.13,1.91
2011.08.07 22:49:58.433,1.6175,1.61895,1.13,1.91
2011.08.07 22:49:58.762,1.61748,1.6189,1.13,1.73
2011.08.07 22:49:59.371,1.61748,1.6189,1.13,1.73
2011.08.07 22:50:00.142,1.61749,1.6189,1.13,1.73
2011.08.07 22:50:00.650,1.61749,1.61887,1.13,1.13
2011.08.07 22:50:01.122,1.61748,1.6189,1.13,2.10
2011.08.07 22:50:01.651,1.61749,1.6189,1.13,2.10
2011.08.07 22:50:02.520,1.6175,1.6189,1.13,1.73
2011.08.07 22:50:02.633,1.61754,1.6189,1.88,1.35
2011.08.07 22:50:02.851,1.61754,1.61898,1.50,1.35
2011.08.07 22:50:03.660,1.61754,1.61898,1.13,1.73
2011.08.07 22:50:03.771,1.61748,1.61898,1.73,2.85
2011.08.07 22:50:04.369,1.61748,1.61889,1.13,2.10
2011.08.07 22:50:05.051,1.6175,1.61889,1.13,2.10
2011.08.07 22:50:05.272,1.61754,1.61898,1.50,1.35
2011.08.07 22:50:06.282,1.61748,1.6189,1.13,1.35
2011.08.07 22:50:06.392,1.61748,1.6189,1.13,1.35
2011.08.07 22:50:07.491,1.61749,1.6189,1.13,1.35
2011.08.07 22:50:07.932,1.61751,1.6189,1.13,1.35
2011.08.07 22:50:08.263,1.61769,1.6189,1.13,1.35
2011.08.07 22:50:08.481,1.61769,1.61905,1.13,2.10
2011.08.07 22:50:09.470,1.61761,1.61905,1.13,1.35
2011.08.07 22:50:09.584,1.61769,1.61905,1.13,1.35
2011.08.07 22:50:09.704,1.61769,1.61912,1.13,1.13
2011.08.07 22:50:09.923,1.61767,1.61911,1.13,1.13
2011.08.07 22:50:10.402,1.61747,1.61889,1.13,1.35
2011.08.07 22:50:10.623,1.61748,1.61889,1.13,1.35
2011.08.07 22:50:12.552,1.61746,1.61889,2.25,1.35
2011.08.07 22:50:13.103,1.61747,1.61883,1.50,1.35
2011.08.07 22:50:13.430,1.61762,1.61883,1.50,1.35
2011.08.07 22:50:13.648,1.6176,1.61899,1.13,1.35
2011.08.07 22:50:13.760,1.61762,1.61899,1.13,1.73
2011.08.07 22:50:14.093,1.61768,1.61892,1.13,1.13
2011.08.07 22:50:14.422,1.61775,1.61892,1.43,1.13
2011.08.07 22:50:14.531,1.61767,1.61892,1.50,1.13
2011.08.07 22:50:14.639,1.61765,1.61905,2.10,1.13
2011.08.07 22:50:14.971,1.6175,1.61897,1.13,1.35
2011.08.07 22:50:15.081,1.6175,1.61897,1.13,2.10
2011.08.07 22:50:16.136,1.61749,1.61892,2.10,1.13
2011.08.07 22:50:16.362,1.61749,1.61897,2.10,1.35
2011.08.07 22:50:16.474,1.61749,1.61897,2.10,2.10
2011.08.07 22:50:16.579,1.61749,1.61897,1.73,1.73
2011.08.07 22:50:16.689,1.61749,1.61897,2.10,2.10
2011.08.07 22:50:17.242,1.61749,1.61892,2.10,1.13
2011.08.07 22:50:17.821,1.61749,1.61891,2.48,1.13
2011.08.07 22:50:18.481,1.61749,1.61891,2.48,1.13
2011.08.07 22:50:20.421,1.61748,1.6189,1.13,2.10
2011.08.07 22:50:20.641,1.61749,1.6189,1.13,2.10
2011.08.07 22:50:20.992,1.61746,1.61871,1.13,1.35
2011.08.07 22:50:21.101,1.61743,1.61871,1.13,1.35
2011.08.07 22:50:21.692,1.61742,1.61871,1.13,1.35
2011.08.07 22:50:21.802,1.61738,1.61862,1.88,1.35
2011.08.07 22:50:22.133,1.61742,1.61853,1.13,1.35
2011.08.07 22:50:22.642,1.61737,1.61861,2.48,1.35
2011.08.07 22:50:23.190,1.61742,1.61861,1.50,1.35
2011.08.07 22:50:23.300,1.61745,1.6187,1.73,1.73
2011.08.07 22:50:23.742,1.61745,1.6187,2.48,1.73
2011.08.07 22:50:24.072,1.61745,1.61861,1.35,1.13
2011.08.07 22:50:24.400,1.61745,1.61862,2.10,2.10
2011.08.07 22:50:24.731,1.61746,1.61857,1.13,1.13
2011.08.07 22:50:24.839,1.61745,1.61862,2.10,1.35
2011.08.07 22:50:25.061,1.61752,1.61871,1.35,2.10
2011.08.07 22:50:25.282,1.61744,1.61863,1.35,1.35
2011.08.07 22:50:25.390,1.61744,1.61863,1.35,1.73
2011.08.07 22:50:25.722,1.61744,1.61863,1.35,2.10
2011.08.07 22:50:26.051,1.61737,1.61854,1.13,1.35
2011.08.07 22:50:28.564,1.61735,1.61853,2.10,1.35
2011.08.07 22:50:29.442,1.61735,1.61853,2.10,1.35
2011.08.07 22:50:31.553,1.61752,1.61853,1.13,1.35
2011.08.07 22:50:32.603,1.61751,1.61853,1.28,1.35
2011.08.07 22:50:32.823,1.61743,1.61861,2.10,1.35
2011.08.07 22:50:32.932,1.61752,1.61861,1.24,1.35
2011.08.07 22:50:33.262,1.61759,1.61853,1.13,1.35
2011.08.07 22:50:36.253,1.61753,1.61853,1.39,1.35
2011.08.07 22:50:36.693,1.61759,1.6186,1.13,1.35
2011.08.07 22:50:38.532,1.61744,1.6186,2.10,1.35
2011.08.07 22:50:38.642,1.61747,1.6186,1.50,1.35
2011.08.07 22:50:40.171,1.61763,1.6186,1.13,1.35
2011.08.07 22:50:41.621,1.61766,1.6186,1.13,1.35
2011.08.07 22:50:41.843,1.61756,1.6186,1.73,1.35
2011.08.07 22:50:41.953,1.61758,1.6186,1.32,1.35
2011.08.07 22:50:42.283,1.61761,1.6186,1.24,1.35
2011.08.07 22:50:43.123,1.61768,1.6186,1.13,1.35
2011.08.07 22:50:44.664,1.61768,1.6186,1.13,1.35
2011.08.07 22:50:44.994,1.61768,1.61863,1.13,1.35
2011.08.07 22:50:46.093,1.61769,1.61863,1.13,1.35
2011.08.07 22:50:47.414,1.61768,1.61863,1.13,1.35
2011.08.07 22:50:50.943,1.6175,1.61863,1.84,1.35
2011.08.07 22:50:51.164,1.6177,1.6187,1.13,1.35
2011.08.07 22:50:57.293,1.61753,1.6187,1.73,1.35
2011.08.07 22:50:57.403,1.61746,1.61863,1.13,1.35
2011.08.07 22:50:57.512,1.61744,1.61863,2.10,1.35
2011.08.07 22:50:57.624,1.61761,1.61863,1.13,1.35
2011.08.07 22:50:58.173,1.61747,1.61863,1.13,1.35
2011.08.07 22:50:58.284,1.61769,1.61863,1.13,1.35
2011.08.07 22:50:58.833,1.61769,1.61861,1.13,1.35
2011.08.07 22:50:59.165,1.61768,1.61863,1.13,1.35
2011.08.07 22:50:59.394,1.61769,1.61861,1.13,1.35
2011.08.07 22:51:00.037,1.61762,1.61862,1.39,1.35
2011.08.07 22:51:00.654,1.61768,1.61862,1.13,1.35
2011.08.07 22:51:00.774,1.61763,1.61862,1.13,1.35
2011.08.07 22:51:00.895,1.61774,1.61862,1.13,1.35
2011.08.07 22:51:01.014,1.61774,1.6187,1.13,1.35
2011.08.07 22:51:01.583,1.61779,1.6187,1.13,1.35
2011.08.07 22:51:01.804,1.61774,1.6187,1.13,1.35
2011.08.07 22:51:01.922,1.61774,1.61862,1.13,1.35
2011.08.07 22:51:02.434,1.61773,1.61862,1.13,1.35
2011.08.07 22:51:02.984,1.61773,1.61862,1.13,1.35
2011.08.07 22:51:03.089,1.61762,1.61862,1.13,1.35
2011.08.07 22:51:03.310,1.61736,1.61862,1.13,1.35
2011.08.07 22:51:03.420,1.61765,1.61862,1.13,1.35
2011.08.07 22:51:03.866,1.61769,1.61862,1.13,2.10
2011.08.07 22:51:04.093,1.61769,1.61862,1.13,1.35
2011.08.07 22:51:04.644,1.61768,1.6187,1.13,1.35
2011.08.07 22:51:05.082,1.61769,1.61861,1.13,1.35
2011.08.07 22:51:08.285,1.61765,1.61861,1.13,1.35
2011.08.07 22:51:09.251,1.61749,1.61861,1.13,2.10
2011.08.07 22:51:09.363,1.61764,1.61861,1.13,2.85
2011.08.07 22:51:09.691,1.61736,1.61861,2.10,1.35
2011.08.07 22:51:09.800,1.61741,1.61861,1.13,1.35
2011.08.07 22:51:12.345,1.61748,1.61861,1.13,1.35
2011.08.07 22:51:12.684,1.61739,1.61861,1.65,1.35
2011.08.07 22:51:12.792,1.61739,1.61861,1.13,1.35
2011.08.07 22:51:12.903,1.61739,1.61861,1.13,2.48
2011.08.07 22:51:13.233,1.61741,1.61859,1.13,1.35
2011.08.07 22:51:13.344,1.61741,1.61861,1.13,1.35
2011.08.07 22:51:16.682,1.61737,1.61861,1.88,1.35
2011.08.07 22:51:16.792,1.61738,1.61861,1.13,1.35
2011.08.07 22:51:17.732,1.61738,1.61861,1.13,1.35
2011.08.07 22:51:18.114,1.61737,1.61846,1.50,1.35
2011.08.07 22:51:18.562,1.61734,1.61846,1.88,1.35
2011.08.07 22:51:19.154,1.61734,1.61846,1.50,1.35
2011.08.07 22:51:21.453,1.61734,1.61846,1.50,1.35
2011.08.07 22:51:21.672,1.6174,1.61854,1.35,1.35
2011.08.07 22:51:22.933,1.61741,1.61854,1.13,1.35
2011.08.07 22:51:23.482,1.61742,1.61854,1.13,1.35
2011.08.07 22:51:23.922,1.6174,1.61854,2.07,1.35
2011.08.07 22:51:24.035,1.61737,1.61845,1.47,1.35
2011.08.07 22:51:24.771,1.61737,1.61845,1.09,1.35
2011.08.07 22:51:27.674,1.61738,1.61845,1.09,1.35
2011.08.07 22:51:27.785,1.6174,1.61855,1.09,1.35
2011.08.07 22:51:28.124,1.61739,1.61855,1.69,1.35
2011.08.07 22:51:28.453,1.61737,1.61845,1.09,1.35
2011.08.07 22:51:30.557,1.61743,1.61855,1.13,1.35
2011.08.07 22:51:30.823,1.61744,1.61855,1.13,1.35
2011.08.07 22:51:31.153,1.61748,1.61863,1.35,1.35
2011.08.07 22:51:31.482,1.61743,1.61855,1.13,1.35
2011.08.07 22:51:31.810,1.61733,1.61845,1.09,1.35
2011.08.07 22:51:33.214,1.61737,1.61845,1.13,1.35
2011.08.07 22:51:33.773,1.61733,1.61845,1.13,1.35
2011.08.07 22:51:35.073,1.61733,1.61845,1.13,1.35
2011.08.07 22:51:35.290,1.61736,1.61845,1.13,1.35
2011.08.07 22:51:35.513,1.61739,1.61855,1.73,1.35
2011.08.07 22:51:36.062,1.61764,1.61855,1.13,1.35
2011.08.07 22:51:36.173,1.61766,1.61879,1.35,1.35
2011.08.07 22:51:36.625,1.61768,1.61879,1.13,1.35
2011.08.07 22:51:37.014,1.61778,1.61879,1.13,1.35
2011.08.07 22:51:37.454,1.61778,1.61879,1.13,1.35
2011.08.07 22:51:38.002,1.61779,1.61879,1.13,1.35
2011.08.07 22:51:38.443,1.61779,1.61879,1.13,1.35
2011.08.07 22:51:38.769,1.61785,1.61906,1.09,1.47
2011.08.07 22:51:39.433,1.6179,1.61901,1.09,1.09
2011.08.07 22:51:40.131,1.61785,1.61897,1.09,1.09
2011.08.07 22:51:40.680,1.61786,1.61894,1.09,1.09
2011.08.07 22:51:41.231,1.61782,1.61894,1.09,1.09
2011.08.07 22:51:41.560,1.61794,1.61913,1.13,1.47
2011.08.07 22:51:41.672,1.61798,1.61913,1.13,1.47
2011.08.07 22:51:43.323,1.61798,1.61908,1.13,1.09
2011.08.07 22:51:43.652,1.61794,1.61885,1.13,1.35
2011.08.07 22:51:44.437,1.61798,1.61885,1.13,1.35
2011.08.07 22:51:45.432,1.61777,1.61885,1.13,1.35
2011.08.07 22:51:46.217,1.61776,1.61885,1.09,1.35
2011.08.07 22:51:46.330,1.61781,1.61885,1.13,1.35
2011.08.07 22:51:46.664,1.61793,1.61885,1.13,1.35
2011.08.07 22:51:46.995,1.61793,1.61899,1.13,1.35
2011.08.07 22:51:47.113,1.61798,1.61899,1.13,1.35
2011.08.07 22:51:48.394,1.61802,1.61899,1.78,1.35
2011.08.07 22:51:48.624,1.61809,1.61923,1.69,1.35
2011.08.07 22:51:48.843,1.61811,1.61923,1.09,1.35
2011.08.07 22:51:49.173,1.61818,1.61923,1.13,1.35
2011.08.07 22:51:49.500,1.61809,1.61923,1.69,2.10
2011.08.07 22:51:50.031,1.61809,1.61919,1.69,1.13
2011.08.07 22:51:50.690,1.61813,1.6192,1.09,1.13
2011.08.07 22:51:51.020,1.61814,1.61923,1.09,1.35
2011.08.07 22:51:51.133,1.61815,1.61913,1.09,1.69
2011.08.07 22:51:51.991,1.61814,1.61923,1.09,2.10
2011.08.07 22:51:52.103,1.61815,1.61923,1.09,1.73
2011.08.07 22:51:52.431,1.61814,1.61923,1.09,2.10
2011.08.07 22:51:52.540,1.61809,1.61923,1.69,2.10
2011.08.07 22:51:52.650,1.61812,1.61923,1.47,2.10
2011.08.07 22:51:52.873,1.61815,1.61921,1.09,1.13
2011.08.07 22:51:53.096,1.61819,1.61923,1.03,2.10
2011.08.07 22:51:53.601,1.6186,1.61923,1.84,1.35
2011.08.07 22:51:53.715,1.61862,1.6198,1.09,1.09
2011.08.07 22:51:54.161,1.61858,1.61967,1.09,1.09
2011.08.07 22:51:54.933,1.6186,1.61967,1.09,1.09
2011.08.07 22:51:55.042,1.61858,1.61971,1.13,1.62
2011.08.07 22:51:55.152,1.61853,1.61967,1.50,1.13
2011.08.07 22:51:55.262,1.61855,1.61966,1.13,1.13
2011.08.07 22:51:55.852,1.61855,1.61966,1.13,1.13
2011.08.07 22:51:57.402,1.61858,1.61967,1.13,1.13
2011.08.07 22:51:57.733,1.61859,1.61961,1.13,1.13
2011.08.07 22:52:03.307,1.61862,1.61961,1.13,1.13
2011.08.07 22:52:03.640,1.61861,1.61966,1.13,1.13
2011.08.07 22:52:03.974,1.61852,1.61947,1.50,1.13
2011.08.07 22:52:04.382,1.61852,1.61947,1.50,1.13
2011.08.07 22:52:05.782,1.6185,1.61966,1.84,1.28
2011.08.07 22:52:08.975,1.61854,1.61957,1.13,1.13
2011.08.07 22:52:09.683,1.6185,1.61956,1.47,1.13
2011.08.07 22:52:11.544,1.6185,1.61983,1.47,2.22
2011.08.07 22:52:12.147,1.61852,1.61983,1.50,1.09
2011.08.07 22:52:12.483,1.6185,1.61983,1.09,1.09
2011.08.07 22:52:12.862,1.61851,1.61983,1.50,1.09
2011.08.07 22:52:13.526,1.61853,1.61983,1.13,1.09
2011.08.07 22:52:13.862,1.61851,1.61974,1.50,1.13
2011.08.07 22:52:14.411,1.61836,1.61954,1.13,1.35
2011.08.07 22:52:14.521,1.6182,1.61953,2.10,1.35
2011.08.07 22:52:14.632,1.6182,1.61953,2.10,1.73
2011.08.07 22:52:15.806,1.6182,1.61951,2.10,1.13
2011.08.07 22:52:16.360,1.6182,1.61953,2.10,1.73
2011.08.07 22:52:16.471,1.6182,1.61953,2.10,1.35
2011.08.07 22:52:17.241,1.6182,1.61953,2.10,1.83
2011.08.07 22:52:17.603,1.6182,1.61952,2.10,1.13
2011.08.07 22:52:18.850,1.6182,1.61953,2.10,1.73
2011.08.07 22:52:19.923,1.6182,1.61951,2.10,1.13
2011.08.07 22:52:21.235,1.6182,1.61953,2.10,2.10
2011.08.07 22:52:21.355,1.6182,1.61929,2.10,1.13
2011.08.07 22:52:21.474,1.6182,1.61931,1.35,1.13
2011.08.07 22:52:21.692,1.61812,1.61937,1.13,2.10
2011.08.07 22:52:21.913,1.61812,1.61945,2.85,1.35
2011.08.07 22:52:22.024,1.61812,1.61937,1.13,1.35
2011.08.07 22:52:22.252,1.61812,1.61937,1.13,1.35
2011.08.07 22:52:22.710,1.61816,1.61937,1.13,1.35
2011.08.07 22:52:22.820,1.61828,1.61962,1.35,1.35
2011.08.07 22:52:22.932,1.61828,1.61962,2.10,1.35
2011.08.07 22:52:23.595,1.61828,1.61961,1.35,1.43
2011.08.07 22:52:23.713,1.61818,1.61929,1.13,1.35
2011.08.07 22:52:24.044,1.61824,1.61929,1.13,1.35
2011.08.07 22:52:26.408,1.61817,1.61929,1.50,1.35
2011.08.07 22:52:27.293,1.61823,1.61929,1.13,1.35
2011.08.07 22:52:27.730,1.61816,1.61929,2.48,1.35
2011.08.07 22:52:27.955,1.61819,1.61929,1.13,1.35
2011.08.07 22:52:28.517,1.61817,1.61929,1.50,1.35
2011.08.07 22:52:28.962,1.61817,1.61929,1.50,1.35
2011.08.07 22:52:30.132,1.61825,1.61929,1.13,1.35
2011.08.07 22:52:30.467,1.61824,1.61929,1.13,1.35
2011.08.07 22:52:30.585,1.61824,1.61929,1.13,1.35
2011.08.07 22:52:31.110,1.61822,1.61929,1.13,1.35
2011.08.07 22:52:31.220,1.61817,1.61929,1.88,1.35
2011.08.07 22:52:31.664,1.61817,1.61925,1.13,1.35
2011.08.07 22:52:31.770,1.6181,1.61925,2.10,1.35
2011.08.07 22:52:32.324,1.61814,1.61925,1.88,1.35
2011.08.07 22:52:33.032,1.6181,1.61925,2.10,1.35
2011.08.07 22:52:35.243,1.6181,1.61925,2.10,1.35
2011.08.07 22:52:37.862,1.6181,1.61925,2.10,2.58
2011.08.07 22:52:38.086,1.6181,1.61925,2.10,1.73
2011.08.07 22:52:38.202,1.6181,1.61925,2.10,1.35
2011.08.07 22:52:38.316,1.6181,1.61925,2.10,2.10
2011.08.07 22:52:38.433,1.6181,1.61925,2.10,1.35
2011.08.07 22:52:43.296,1.61812,1.61925,1.09,1.35
2011.08.07 22:52:50.562,1.61828,1.61935,1.35,1.09
2011.08.07 22:52:50.673,1.61828,1.61941,1.69,2.10
2011.08.07 22:52:50.785,1.61828,1.61941,1.69,1.35
2011.08.07 22:52:50.903,1.61835,1.6195,1.69,1.73
2011.08.07 22:52:51.014,1.61843,1.61958,1.35,1.35
2011.08.07 22:52:51.344,1.61847,1.61969,1.35,1.35
2011.08.07 22:52:51.562,1.6185,1.61983,1.35,1.35
2011.08.07 22:52:51.780,1.6185,1.61998,1.35,2.10
2011.08.07 22:52:52.002,1.6185,1.61998,1.35,2.10
2011.08.07 22:52:53.932,1.6185,1.61997,2.10,1.13
2011.08.07 22:52:54.262,1.61866,1.61997,1.35,1.13
2011.08.07 22:52:54.914,1.61866,1.61999,1.35,1.73
2011.08.07 22:52:55.243,1.61876,1.61991,1.35,1.35
2011.08.07 22:52:55.355,1.61863,1.61985,1.35,1.35
2011.08.07 22:52:56.754,1.61863,1.61985,1.35,1.73
2011.08.07 22:52:57.273,1.6186,1.61973,2.10,1.35
2011.08.07 22:52:58.538,1.61868,1.61983,1.35,1.35
2011.08.07 22:52:58.873,1.61862,1.61971,1.13,1.35
2011.08.07 22:52:59.093,1.6185,1.61971,1.24,1.35
2011.08.07 22:52:59.532,1.61818,1.61983,1.13,1.13
2011.08.07 22:52:59.641,1.6182,1.61983,1.13,1.13
2011.08.07 22:52:59.752,1.61823,1.61983,1.50,1.13
2011.08.07 22:52:59.861,1.61821,1.61979,1.50,1.88
2011.08.07 22:53:00.194,1.61834,1.6197,1.13,1.13
2011.08.07 22:53:00.521,1.61808,1.61969,1.13,1.23
2011.08.07 22:53:00.631,1.61806,1.61969,1.50,1.23
2011.08.07 22:53:00.740,1.61808,1.61969,1.13,1.23
2011.08.07 22:53:00.849,1.61806,1.61969,1.50,1.23
2011.08.07 22:53:01.069,1.6181,1.61969,1.13,1.23
2011.08.07 22:53:01.631,1.61823,1.61967,1.13,1.23
2011.08.07 22:53:02.380,1.61815,1.61969,1.13,1.23
2011.08.07 22:53:02.490,1.61803,1.61969,1.13,1.50
2011.08.07 22:53:02.600,1.61796,1.61969,1.13,1.61
2011.08.07 22:53:02.710,1.61787,1.61968,1.13,1.23
2011.08.07 22:53:02.819,1.61787,1.61968,1.50,1.61
2011.08.07 22:53:03.150,1.61791,1.61964,1.13,1.13
2011.08.07 22:53:03.371,1.61798,1.61962,1.13,1.13
2011.08.07 22:53:03.701,1.61793,1.61966,1.17,1.31
2011.08.07 22:53:03.812,1.61798,1.61964,1.13,1.50
2011.08.07 22:53:04.358,1.61799,1.61961,1.13,1.13
2011.08.07 22:53:04.471,1.61799,1.61963,1.13,1.50
2011.08.07 22:53:04.692,1.61799,1.61956,1.13,1.13
2011.08.07 22:53:05.306,1.61792,1.61958,2.33,1.50
2011.08.07 22:53:05.643,1.61781,1.61937,1.13,1.23
2011.08.07 22:53:05.973,1.61799,1.61953,1.13,1.13
2011.08.07 22:53:06.191,1.61803,1.61953,1.13,1.50
2011.08.07 22:53:06.991,1.61788,1.61953,1.24,1.13
2011.08.07 22:53:07.100,1.61786,1.61953,1.50,1.50
2011.08.07 22:53:07.210,1.61786,1.61953,1.13,1.13
2011.08.07 22:53:07.653,1.61799,1.61946,1.13,1.13
2011.08.07 22:53:07.760,1.61777,1.61951,1.13,1.13
2011.08.07 22:53:07.871,1.61777,1.61947,1.50,1.13
2011.08.07 22:53:08.092,1.61798,1.61941,1.13,1.13
2011.08.07 22:53:08.611,1.61798,1.61942,1.13,1.13
2011.08.07 22:53:08.941,1.61798,1.61942,1.13,1.13
2011.08.07 22:53:09.273,1.61803,1.61941,1.13,1.13
2011.08.07 22:53:09.489,1.6176,1.61954,1.50,1.50
2011.08.07 22:53:09.601,1.61777,1.61953,1.50,1.23
2011.08.07 22:53:09.713,1.61783,1.61947,1.13,1.13
2011.08.07 22:53:09.942,1.61788,1.61937,1.13,1.13
2011.08.07 22:53:10.491,1.61768,1.61941,1.13,1.13
2011.08.07 22:53:10.602,1.61783,1.61937,1.13,1.13
2011.08.07 22:53:13.031,1.61783,1.61933,1.13,1.50
2011.08.07 22:53:13.362,1.61783,1.61933,1.13,1.50
2011.08.07 22:53:13.692,1.61756,1.61929,1.50,2.82
2011.08.07 22:53:13.912,1.61763,1.61922,1.13,1.13
2011.08.07 22:53:14.460,1.61746,1.6192,1.50,1.23
2011.08.07 22:53:14.571,1.61759,1.61917,1.73,1.13
2011.08.07 22:53:14.903,1.61759,1.61917,1.47,1.13
2011.08.07 22:53:15.343,1.61768,1.61918,1.13,1.50
2011.08.07 22:53:15.671,1.6176,1.61916,1.62,1.13
2011.08.07 22:53:16.444,1.61768,1.61918,1.13,1.88
2011.08.07 22:53:16.553,1.61768,1.61914,1.13,1.13
2011.08.07 22:53:17.101,1.61768,1.61902,1.13,1.13
2011.08.07 22:53:18.062,1.61763,1.61902,1.13,1.13
2011.08.07 22:53:18.509,1.61744,1.61908,1.50,1.13
2011.08.07 22:53:18.619,1.61757,1.61908,1.13,1.13
2011.08.07 22:53:18.952,1.61758,1.61892,1.13,1.13
2011.08.07 22:53:20.492,1.61754,1.61892,1.80,1.13
2011.08.07 22:53:21.042,1.61763,1.61907,1.13,1.50
2011.08.07 22:53:21.262,1.61763,1.61899,1.13,1.84
2011.08.07 22:53:21.702,1.61764,1.61897,1.13,1.84
2011.08.07 22:53:22.611,1.61763,1.61882,1.13,1.13
2011.08.07 22:53:27.325,1.6175,1.61897,1.13,1.13
2011.08.07 22:53:27.443,1.61746,1.61891,1.50,1.24
2011.08.07 22:53:27.554,1.61754,1.61903,1.50,1.13
2011.08.07 22:53:27.885,1.61773,1.61901,1.13,1.13
2011.08.07 22:53:28.281,1.61768,1.6191,1.13,1.28
2011.08.07 22:53:28.832,1.61769,1.61901,1.13,1.13
2011.08.07 22:53:29.441,1.61768,1.61902,1.13,1.13
2011.08.07 22:53:30.042,1.61761,1.61915,1.50,1.13
2011.08.07 22:53:30.153,1.61768,1.61902,1.13,1.13
2011.08.07 22:53:30.551,1.61768,1.61897,1.13,1.13
2011.08.07 22:53:31.242,1.61763,1.61897,1.13,1.13
2011.08.07 22:53:31.591,1.61763,1.61905,1.13,1.43
2011.08.07 22:53:34.017,1.61758,1.61905,1.13,1.13
2011.08.07 22:53:34.253,1.61764,1.61914,1.13,1.13
2011.08.07 22:53:34.582,1.61764,1.61901,1.13,1.28
2011.08.07 22:53:34.812,1.61757,1.61902,1.77,1.05
2011.08.07 22:53:36.802,1.61764,1.61911,1.13,1.13
2011.08.07 22:53:37.403,1.61769,1.61911,1.13,1.13
2011.08.07 22:53:38.223,1.61768,1.61912,1.13,1.13
2011.08.07 22:53:38.441,1.61768,1.61915,1.13,1.50
2011.08.07 22:53:39.882,1.61768,1.61915,1.13,1.50
2011.08.07 22:53:40.259,1.6176,1.61915,1.13,1.50
2011.08.07 22:53:40.811,1.61768,1.61915,1.13,1.50
2011.08.07 22:53:41.381,1.61762,1.61915,1.32,1.88
2011.08.07 22:53:44.009,1.61756,1.61915,1.50,1.50
2011.08.07 22:53:44.121,1.61768,1.61914,1.13,1.13
2011.08.07 22:53:44.999,1.61763,1.61915,1.13,1.50
2011.08.07 22:53:45.572,1.61774,1.61915,1.13,1.50
2011.08.07 22:53:46.119,1.61774,1.61915,1.13,1.50
2011.08.07 22:53:47.240,1.61773,1.61915,1.13,1.50
2011.08.07 22:53:47.569,1.61757,1.61915,1.50,1.50
2011.08.07 22:53:47.901,1.61783,1.61912,1.13,1.13
2011.08.07 22:53:48.699,1.61755,1.61913,1.50,1.50
2011.08.07 22:53:48.811,1.61764,1.61912,1.62,1.13
2011.08.07 22:53:50.242,1.61774,1.61912,1.13,1.13
2011.08.07 22:53:50.934,1.61779,1.61902,1.13,1.13
2011.08.07 22:53:52.030,1.61767,1.61913,1.13,1.13
2011.08.07 22:53:52.141,1.61767,1.61911,1.13,1.13
2011.08.07 22:53:52.470,1.61761,1.61911,1.13,1.50
2011.08.07 22:53:52.579,1.61751,1.61911,1.50,1.88
2011.08.07 22:53:52.805,1.61765,1.61897,1.39,1.13
2011.08.07 22:53:53.033,1.61763,1.61905,1.54,1.24
2011.08.07 22:53:53.145,1.61768,1.61908,1.13,1.13
2011.08.07 22:53:53.704,1.61773,1.61909,1.13,1.13
2011.08.07 22:53:55.983,1.61774,1.61906,1.13,1.50
2011.08.07 22:53:56.540,1.61774,1.61909,1.13,2.25
2011.08.07 22:53:57.091,1.6177,1.61909,1.17,1.50
2011.08.07 22:53:57.434,1.61778,1.61906,1.13,1.50
2011.08.07 22:53:58.842,1.61778,1.61906,2.14,1.50
2011.08.07 22:53:59.170,1.61748,1.61906,1.13,1.50
2011.08.07 22:53:59.280,1.61762,1.61906,1.13,1.50
2011.08.07 22:53:59.391,1.6176,1.61906,1.13,1.50
2011.08.07 22:53:59.504,1.61778,1.61915,1.13,2.25
2011.08.07 22:54:00.852,1.61774,1.61913,1.13,1.13
2011.08.07 22:54:01.072,1.61765,1.61913,1.20,1.13
2011.08.07 22:54:01.656,1.61776,1.61915,1.99,1.50
2011.08.07 22:54:01.992,1.61787,1.61932,1.32,1.13
2011.08.07 22:54:02.101,1.61777,1.61934,1.13,1.50
2011.08.07 22:54:02.210,1.61771,1.61932,1.50,1.13
2011.08.07 22:54:02.322,1.61781,1.61932,1.39,1.50
2011.08.07 22:54:02.871,1.61789,1.61936,1.13,1.13
2011.08.07 22:54:03.212,1.61775,1.61937,1.69,1.13
2011.08.07 22:54:03.432,1.61776,1.61931,1.13,1.13
2011.08.07 22:54:03.539,1.61762,1.61941,1.50,1.50
2011.08.07 22:54:03.654,1.61784,1.61921,1.13,1.13
2011.08.07 22:54:03.980,1.61782,1.61917,1.13,1.13
2011.08.07 22:54:04.089,1.61785,1.6194,1.13,1.50
2011.08.07 22:54:04.312,1.61794,1.61934,1.13,1.13
2011.08.07 22:54:05.291,1.61793,1.61934,1.13,1.13
2011.08.07 22:54:05.621,1.61793,1.61932,1.13,1.13
2011.08.07 22:54:05.951,1.61794,1.61934,1.13,1.50
2011.08.07 22:54:06.492,1.61789,1.61934,1.84,1.50
2011.08.07 22:54:06.713,1.61798,1.61931,1.13,1.13
2011.08.07 22:54:09.103,1.61798,1.61931,1.13,1.13
2011.08.07 22:54:09.282,1.61798,1.61933,1.13,1.50
2011.08.07 22:54:11.253,1.61798,1.61931,1.13,1.13
2011.08.07 22:54:12.528,1.61798,1.61929,1.13,1.13
2011.08.07 22:54:13.080,1.61798,1.61933,1.13,1.13
2011.08.07 22:54:14.133,1.61798,1.61933,1.13,1.13
2011.08.07 22:54:14.572,1.61799,1.61935,1.13,1.13
2011.08.07 22:54:15.689,1.61788,1.61937,1.13,1.13
2011.08.07 22:54:16.518,1.61799,1.6194,1.13,1.50
2011.08.07 22:54:17.163,1.61799,1.6194,1.13,1.50
2011.08.07 22:54:18.651,1.6179,1.61934,1.50,1.13
2011.08.07 22:54:18.763,1.6179,1.61934,1.88,1.50
2011.08.07 22:54:19.112,1.61799,1.61934,1.13,1.50
2011.08.07 22:54:21.601,1.61801,1.61934,1.13,1.50
2011.08.07 22:54:22.149,1.61799,1.61933,1.13,1.50
2011.08.07 22:54:22.700,1.61801,1.61933,1.50,1.50
2011.08.07 22:54:24.324,1.61801,1.61937,1.50,1.13
2011.08.07 22:54:24.871,1.61801,1.61931,1.50,1.13
2011.08.07 22:54:26.044,1.61804,1.61937,1.13,1.13
2011.08.07 22:54:26.558,1.61803,1.61939,1.13,1.50
2011.08.07 22:54:26.670,1.61802,1.61939,1.13,1.13
2011.08.07 22:54:26.780,1.61802,1.61939,1.13,1.13
2011.08.07 22:54:27.111,1.61804,1.61937,1.13,1.13
2011.08.07 22:54:27.439,1.618,1.61939,1.13,1.50
2011.08.07 22:54:27.551,1.618,1.61945,1.13,1.13
2011.08.07 22:54:27.662,1.61801,1.61936,1.50,1.13
2011.08.07 22:54:27.771,1.61801,1.61934,1.50,1.50
2011.08.07 22:54:27.883,1.61802,1.61932,1.13,1.13
2011.08.07 22:54:28.431,1.61799,1.61932,1.50,1.13
2011.08.07 22:54:29.191,1.61802,1.61932,1.13,1.13
2011.08.07 22:54:29.631,1.61801,1.61933,1.13,1.13
2011.08.07 22:54:29.850,1.618,1.61938,1.13,1.50
2011.08.07 22:54:30.289,1.618,1.6195,1.13,1.50
2011.08.07 22:54:31.664,1.61804,1.61941,1.13,1.13
2011.08.07 22:54:32.261,1.61805,1.61943,1.13,1.50
2011.08.07 22:54:32.373,1.61806,1.61941,1.13,1.13
2011.08.07 22:54:32.484,1.61806,1.61947,1.13,1.13
2011.08.07 22:54:32.705,1.61806,1.61943,1.13,1.50
2011.08.07 22:54:33.042,1.61806,1.61936,1.50,1.13
2011.08.07 22:54:35.312,1.61806,1.61937,1.13,1.13
2011.08.07 22:54:35.872,1.61804,1.61937,1.50,1.13
2011.08.07 22:54:36.092,1.61805,1.61944,1.13,1.13
2011.08.07 22:54:36.203,1.61806,1.61944,1.13,1.50
2011.08.07 22:54:36.419,1.61804,1.61944,1.13,1.50
2011.08.07 22:54:36.532,1.61811,1.61941,1.50,1.13
2011.08.07 22:54:38.682,1.61812,1.61941,1.13,1.13
2011.08.07 22:54:40.193,1.61812,1.61941,1.13,1.13
2011.08.07 22:54:40.413,1.61811,1.61936,1.50,1.13
2011.08.07 22:54:40.979,1.618,1.61943,1.50,1.13
2011.08.07 22:54:41.481,1.6181,1.61942,1.50,1.13
2011.08.07 22:54:42.141,1.61811,1.61942,1.13,1.13
2011.08.07 22:54:43.050,1.61811,1.61935,1.13,1.13
2011.08.07 22:54:43.391,1.6181,1.61931,1.50,1.13
2011.08.07 22:54:43.609,1.61808,1.61933,1.13,1.13
2011.08.07 22:54:43.721,1.61801,1.61931,1.50,1.50
2011.08.07 22:54:44.049,1.61797,1.61932,1.13,1.50
2011.08.07 22:54:44.269,1.61797,1.61938,1.50,1.50
2011.08.07 22:54:44.379,1.61797,1.61941,1.50,1.50
2011.08.07 22:54:44.490,1.61797,1.61938,1.50,1.50
2011.08.07 22:54:44.709,1.61797,1.61939,1.50,1.13
2011.08.07 22:54:44.822,1.61798,1.61938,1.13,1.13
2011.08.07 22:54:45.413,1.61798,1.61931,1.13,1.23
2011.08.07 22:54:45.941,1.61799,1.61931,1.13,1.98
2011.08.07 22:54:46.342,1.61799,1.61916,1.13,1.61
2011.08.07 22:54:46.669,1.61796,1.61934,1.50,1.61
2011.08.07 22:54:47.772,1.61801,1.61931,1.50,1.61
2011.08.07 22:54:48.861,1.61801,1.61931,1.13,1.98
2011.08.07 22:54:48.972,1.61798,1.61931,1.13,1.23
2011.08.07 22:54:49.599,1.61792,1.61938,1.13,1.50
2011.08.07 22:54:49.711,1.61791,1.61908,1.13,1.13
2011.08.07 22:54:49.819,1.61785,1.61937,1.13,1.13
2011.08.07 22:54:49.929,1.61782,1.61933,1.13,1.50
2011.08.07 22:54:50.043,1.61799,1.61924,1.13,1.13
2011.08.07 22:54:50.590,1.61788,1.61926,1.13,1.13
2011.08.07 22:54:50.701,1.61792,1.61921,1.13,1.61
2011.08.07 22:54:50.922,1.61789,1.61921,1.13,1.61
2011.08.07 22:54:51.141,1.61781,1.61922,1.50,1.61
2011.08.07 22:54:51.474,1.61799,1.61927,1.13,1.13
2011.08.07 22:54:51.915,1.61805,1.61929,1.35,1.35
2011.08.07 22:54:52.039,1.61805,1.61927,1.35,1.13
2011.08.07 22:54:52.740,1.61805,1.61932,1.35,2.10
2011.08.07 22:54:52.852,1.61805,1.61932,1.35,2.48
2011.08.07 22:54:53.074,1.61805,1.61932,1.35,1.35
2011.08.07 22:54:53.633,1.61805,1.61932,1.35,2.10
2011.08.07 22:54:54.073,1.61805,1.61926,1.35,1.13
2011.08.07 22:54:55.144,1.61814,1.61926,1.35,1.13
2011.08.07 22:54:55.471,1.61814,1.61931,1.35,1.50
2011.08.07 22:54:55.587,1.61814,1.61931,2.10,1.13
2011.08.07 22:54:55.922,1.61814,1.61916,1.35,1.13
2011.08.07 22:54:56.483,1.61814,1.61916,1.35,1.13
2011.08.07 22:54:56.967,1.61814,1.61922,1.35,1.13
2011.08.07 22:54:57.304,1.61814,1.6194,1.35,2.97
2011.08.07 22:54:58.893,1.61814,1.61937,1.35,1.28
2011.08.07 22:54:59.934,1.61814,1.61932,1.35,1.13
2011.08.07 22:55:00.153,1.61805,1.61932,2.10,2.48
2011.08.07 22:55:00.812,1.61807,1.61932,1.13,1.73
2011.08.07 22:55:01.033,1.61805,1.61932,2.10,2.10
2011.08.07 22:55:01.145,1.61805,1.61932,2.10,2.10
2011.08.07 22:55:01.803,1.61805,1.61932,2.10,2.48
2011.08.07 22:55:03.667,1.61805,1.61916,2.10,1.13
2011.08.07 22:55:04.438,1.61805,1.61926,2.10,1.23
2011.08.07 22:55:04.559,1.61805,1.61922,2.48,1.13
2011.08.07 22:55:04.674,1.61806,1.61922,1.13,1.50
2011.08.07 22:55:05.605,1.61805,1.61917,2.85,1.13
2011.08.07 22:55:06.243,1.61806,1.61916,1.58,1.13
2011.08.07 22:55:07.743,1.61813,1.61922,1.13,1.13
2011.08.07 22:55:07.853,1.61814,1.61923,1.13,1.13
2011.08.07 22:55:08.073,1.61814,1.61925,1.13,1.20
2011.08.07 22:55:08.291,1.61807,1.61922,1.50,1.13
2011.08.07 22:55:08.404,1.61814,1.61916,1.13,1.13
2011.08.07 22:55:09.503,1.61814,1.61916,1.13,1.13
2011.08.07 22:55:10.101,1.61814,1.61916,1.13,1.13
2011.08.07 22:55:10.216,1.61813,1.61924,1.13,1.13
2011.08.07 22:55:10.711,1.61806,1.61916,1.50,1.13
2011.08.07 22:55:10.826,1.61808,1.61912,1.13,1.13
2011.08.07 22:55:13.113,1.61808,1.61921,1.13,1.61
2011.08.07 22:55:13.333,1.61808,1.61917,1.13,1.13
2011.08.07 22:55:13.883,1.61806,1.61917,1.50,1.13
2011.08.07 22:55:14.390,1.61806,1.61917,1.50,1.13
2011.08.07 22:55:15.233,1.61806,1.61921,1.50,1.13
2011.08.07 22:55:15.343,1.61806,1.61921,1.50,1.13
2011.08.07 22:55:16.991,1.61805,1.61919,2.10,1.13
2011.08.07 22:55:17.322,1.61805,1.61913,2.10,1.13
2011.08.07 22:55:17.911,1.61805,1.61911,2.10,1.13
2011.08.07 22:55:18.654,1.61805,1.61919,2.10,1.13
2011.08.07 22:55:19.530,1.61805,1.61932,2.10,1.35
2011.08.07 22:55:19.642,1.61805,1.61932,2.10,1.73
2011.08.07 22:55:20.193,1.61805,1.61927,2.10,1.13
2011.08.07 22:55:20.676,1.61805,1.61917,2.10,1.13
2011.08.07 22:55:21.235,1.61805,1.61916,2.10,1.13
2011.08.07 22:55:21.764,1.61805,1.61916,2.10,1.13
2011.08.07 22:55:22.335,1.61805,1.61912,2.10,1.13
2011.08.07 22:55:22.894,1.61805,1.61923,2.48,1.13
2011.08.07 22:55:23.002,1.61805,1.61927,2.48,1.13
2011.08.07 22:55:23.334,1.61806,1.61927,1.13,1.13
2011.08.07 22:55:23.663,1.61813,1.61927,1.13,1.13
2011.08.07 22:55:25.953,1.61805,1.61927,2.48,1.13
2011.08.07 22:55:27.502,1.61805,1.61931,2.48,1.13
2011.08.07 22:55:27.612,1.61805,1.61932,2.48,3.23
2011.08.07 22:55:27.722,1.61805,1.61932,2.48,3.33
2011.08.07 22:55:28.165,1.61805,1.61932,2.48,2.48
2011.08.07 22:55:28.273,1.61809,1.61932,1.05,2.48
2011.08.07 22:55:28.724,1.61805,1.61932,2.48,2.48
2011.08.07 22:55:31.204,1.61806,1.61931,1.50,1.13
2011.08.07 22:55:32.120,1.61806,1.61932,1.50,1.73
2011.08.07 22:55:32.234,1.61805,1.61932,2.10,2.48
2011.08.07 22:55:32.903,1.61805,1.61932,2.48,2.48
2011.08.07 22:55:34.184,1.61805,1.61932,2.48,2.10
2011.08.07 22:55:34.513,1.61805,1.61922,2.48,1.23
2011.08.07 22:55:37.393,1.61805,1.61923,2.48,1.23
2011.08.07 22:55:37.724,1.61808,1.61922,1.13,1.61
2011.08.07 22:55:41.608,1.61808,1.61921,1.13,1.13
2011.08.07 22:55:41.726,1.61805,1.61932,2.10,2.96
2011.08.07 22:55:45.144,1.61805,1.61931,1.35,1.61
2011.08.07 22:55:45.251,1.61805,1.61932,1.35,1.35
2011.08.07 22:55:45.361,1.61805,1.61932,1.35,2.10
2011.08.07 22:55:45.693,1.61816,1.61922,1.50,1.73
2011.08.07 22:55:46.553,1.61822,1.61922,1.13,1.35
2011.08.07 22:55:46.883,1.61805,1.61922,2.48,1.35
2011.08.07 22:55:47.585,1.61805,1.61922,2.10,1.35
2011.08.07 22:55:47.914,1.61814,1.61922,1.88,1.73
2011.08.07 22:55:48.462,1.61822,1.61922,1.13,1.35
2011.08.07 22:55:48.683,1.61817,1.61922,1.13,1.73
2011.08.07 22:55:49.123,1.61808,1.61922,1.13,1.35
2011.08.07 22:55:49.341,1.61808,1.61922,1.13,1.73
2011.08.07 22:55:49.563,1.61814,1.61922,1.13,2.10
2011.08.07 22:55:50.134,1.61809,1.61922,1.50,1.73
2011.08.07 22:55:51.499,1.6181,1.61922,1.50,2.10
2011.08.07 22:55:51.725,1.61813,1.61922,1.13,2.10
2011.08.07 22:55:52.322,1.61813,1.61922,1.13,2.48
2011.08.07 22:55:53.701,1.61811,1.61922,1.13,1.73
2011.08.07 22:55:53.814,1.61813,1.61922,1.13,2.48
2011.08.07 22:55:54.483,1.61813,1.61922,1.13,2.10
2011.08.07 22:55:55.364,1.61813,1.61922,1.13,2.48
2011.08.07 22:55:57.253,1.61814,1.61916,1.13,1.13
2011.08.07 22:55:58.175,1.61812,1.61922,1.13,1.35
2011.08.07 22:55:58.291,1.61811,1.61931,1.13,1.35
2011.08.07 22:55:58.622,1.61811,1.61931,2.25,1.35
2011.08.07 22:55:58.734,1.61818,1.61952,1.13,1.13
2011.08.07 22:55:59.584,1.61818,1.6195,1.13,1.73
2011.08.07 22:55:59.695,1.61818,1.6195,1.13,2.10
2011.08.07 22:56:00.323,1.61818,1.6195,1.13,2.10
2011.08.07 22:56:00.845,1.61819,1.61946,1.13,1.13
2011.08.07 22:56:01.072,1.61816,1.61961,1.13,1.23
2011.08.07 22:56:01.182,1.61816,1.61961,1.50,1.13
2011.08.07 22:56:01.292,1.61816,1.61961,1.50,1.13
2011.08.07 22:56:02.512,1.61813,1.61962,1.13,1.13
2011.08.07 22:56:03.132,1.61813,1.61962,1.13,1.13
2011.08.07 22:56:04.489,1.61812,1.61972,1.88,1.13
2011.08.07 22:56:04.601,1.61816,1.61962,1.50,1.53
2011.08.07 22:56:05.437,1.61816,1.61952,1.13,1.13
2011.08.07 22:56:05.772,1.61819,1.61951,1.88,1.13
2011.08.07 22:56:06.212,1.61819,1.61952,1.50,1.13
2011.08.07 22:56:06.651,1.6182,1.61978,1.35,1.73
2011.08.07 22:56:06.762,1.61822,1.61971,1.77,1.84
2011.08.07 22:56:07.315,1.61828,1.61967,1.13,1.13
2011.08.07 22:56:07.891,1.61828,1.61967,1.13,1.13
2011.08.07 22:56:08.110,1.61814,1.61988,1.13,1.50
2011.08.07 22:56:08.224,1.61819,1.61946,1.13,1.13
2011.08.07 22:56:08.552,1.61814,1.61947,1.13,1.13
2011.08.07 22:56:08.662,1.61819,1.61947,1.50,1.13
2011.08.07 22:56:10.414,1.61823,1.61946,1.13,1.13
2011.08.07 22:56:12.059,1.61811,1.61983,1.50,1.13
2011.08.07 22:56:12.171,1.61819,1.61959,1.13,1.54
2011.08.07 22:56:12.282,1.61824,1.61951,1.13,1.13
2011.08.07 22:56:12.711,1.61824,1.61951,1.13,1.13
2011.08.07 22:56:13.216,1.61819,1.61959,1.50,1.13
2011.08.07 22:56:13.864,1.61824,1.61951,1.13,1.13
2011.08.07 22:56:15.432,1.61823,1.61957,1.13,1.13
2011.08.07 22:56:16.491,1.61819,1.61962,1.50,1.13
2011.08.07 22:56:16.712,1.61823,1.61957,1.13,1.13
2011.08.07 22:56:17.261,1.6182,1.61957,1.13,1.13
2011.08.07 22:56:17.369,1.61819,1.61973,1.13,1.13
2011.08.07 22:56:17.594,1.61819,1.61952,1.13,1.13
2011.08.07 22:56:18.219,1.61816,1.61984,1.88,1.50
2011.08.07 22:56:18.329,1.61817,1.61984,1.13,1.50
2011.08.07 22:56:18.669,1.61826,1.61984,1.13,1.50
2011.08.07 22:56:19.004,1.61824,1.61966,1.50,1.13
2011.08.07 22:56:19.525,1.61818,1.61967,1.13,1.13
2011.08.07 22:56:20.523,1.61822,1.61979,1.39,1.35
2011.08.07 22:56:20.851,1.61825,1.61972,1.17,1.13
2011.08.07 22:56:21.630,1.61824,1.61983,1.13,1.13
2011.08.07 22:56:21.857,1.61834,1.61982,1.13,1.13
2011.08.07 22:56:22.192,1.61826,1.61975,1.73,1.28
2011.08.07 22:56:22.522,1.61819,1.61983,1.13,2.03
2011.08.07 22:56:22.630,1.61817,1.61983,1.13,1.50
2011.08.07 22:56:23.170,1.61824,1.61971,1.13,1.13
2011.08.07 22:56:24.711,1.61818,1.61968,1.13,1.13
2011.08.07 22:56:25.712,1.61817,1.61962,1.50,1.13
2011.08.07 22:56:26.650,1.61818,1.61982,1.50,1.13
2011.08.07 22:56:26.764,1.61817,1.61977,1.50,1.13
2011.08.07 22:56:27.241,1.61817,1.61977,1.13,1.13
2011.08.07 22:56:27.353,1.61818,1.61983,1.13,1.13
2011.08.07 22:56:27.798,1.61818,1.61996,1.13,1.13
2011.08.07 22:56:27.913,1.61821,1.61997,1.50,1.13
2011.08.07 22:56:28.023,1.61824,1.61996,1.13,1.13
2011.08.07 22:56:28.595,1.61823,1.61997,1.13,1.13
2011.08.07 22:56:28.715,1.61818,1.61999,1.13,1.50
2011.08.07 22:56:28.836,1.61818,1.61996,1.50,1.13
2011.08.07 22:56:28.951,1.61821,1.62004,1.50,1.61
2011.08.07 22:56:29.061,1.61821,1.62004,1.50,1.13
2011.08.07 22:56:29.172,1.61824,1.62004,1.13,1.13
2011.08.07 22:56:30.162,1.61827,1.62007,1.50,1.50
2011.08.07 22:56:31.254,1.61827,1.62007,1.13,1.50
2011.08.07 22:56:31.482,1.61826,1.62013,1.88,1.13
2011.08.07 22:56:31.589,1.61837,1.62017,1.88,1.13
2011.08.07 22:56:31.921,1.61848,1.62017,1.88,1.98
2011.08.07 22:56:33.431,1.61852,1.62016,1.13,1.61
2011.08.07 22:56:33.760,1.61864,1.62016,1.13,1.23
2011.08.07 22:56:33.871,1.61864,1.62016,1.13,1.23
2011.08.07 22:56:35.003,1.61852,1.62016,1.88,1.98
2011.08.07 22:56:35.221,1.61852,1.62017,1.13,1.98
2011.08.07 22:56:36.055,1.61851,1.62012,1.13,1.13
2011.08.07 22:56:36.392,1.61848,1.62012,1.50,1.13
2011.08.07 22:56:36.940,1.61848,1.62008,1.50,1.13
2011.08.07 22:56:37.273,1.61848,1.62006,1.50,1.13
2011.08.07 22:56:37.493,1.61848,1.62006,1.50,1.13
2011.08.07 22:56:38.040,1.61859,1.62023,1.13,1.50
2011.08.07 22:56:38.372,1.61862,1.62028,1.50,1.50
2011.08.07 22:56:38.482,1.61856,1.62024,1.88,1.50
2011.08.07 22:56:38.592,1.61856,1.62024,1.13,1.88
2011.08.07 22:56:38.701,1.61856,1.62024,1.50,1.88
2011.08.07 22:56:39.279,1.61849,1.62024,1.50,1.88
2011.08.07 22:56:40.191,1.61849,1.62019,1.50,1.13
2011.08.07 22:56:41.435,1.61866,1.62021,1.50,1.13
2011.08.07 22:56:42.666,1.61869,1.62026,1.13,1.61
2011.08.07 22:56:42.782,1.61867,1.62026,1.50,1.23
2011.08.07 22:56:43.002,1.61869,1.62026,1.13,1.61
2011.08.07 22:56:43.113,1.61869,1.62031,1.13,1.61
2011.08.07 22:56:43.782,1.61869,1.62026,1.13,1.13
2011.08.07 22:56:44.112,1.61865,1.62026,1.88,1.13
2011.08.07 22:56:44.332,1.61867,1.62026,1.50,1.13
2011.08.07 22:56:44.959,1.61865,1.62032,1.50,1.13
2011.08.07 22:56:45.072,1.61867,1.62029,1.50,1.23
2011.08.07 22:56:45.402,1.61869,1.62021,1.88,1.13
2011.08.07 22:56:46.292,1.61869,1.62022,1.13,1.13
2011.08.07 22:56:46.902,1.61869,1.62022,1.50,1.13
2011.08.07 22:56:47.482,1.61872,1.62022,1.13,1.13
2011.08.07 22:56:48.273,1.61871,1.62022,1.50,1.13
2011.08.07 22:56:50.673,1.61871,1.62027,1.50,1.47
2011.08.07 22:56:50.890,1.61871,1.62044,1.50,1.88
2011.08.07 22:56:51.000,1.61879,1.62044,1.13,1.61
2011.08.07 22:56:51.329,1.61877,1.62049,1.78,1.13
2011.08.07 22:56:51.552,1.61882,1.62057,1.13,2.14
2011.08.07 22:56:51.882,1.61894,1.62051,1.13,1.13
2011.08.07 22:56:51.993,1.61894,1.62051,1.13,1.13
2011.08.07 22:56:52.731,1.61887,1.6205,2.19,1.13
2011.08.07 22:56:52.845,1.61883,1.62047,1.13,1.98
2011.08.07 22:56:52.962,1.61882,1.62047,1.50,1.61
2011.08.07 22:56:53.183,1.61883,1.62047,1.13,1.98
2011.08.07 22:56:55.382,1.61884,1.62046,1.13,1.98
2011.08.07 22:56:55.823,1.61882,1.62046,1.13,1.61
2011.08.07 22:56:56.153,1.61888,1.62042,1.13,1.13
2011.08.07 22:56:56.808,1.61886,1.62042,1.50,1.13
2011.08.07 22:56:57.143,1.61894,1.62031,1.13,1.13
2011.08.07 22:56:57.583,1.61887,1.62038,1.13,1.84
2011.08.07 22:56:57.691,1.61891,1.62035,1.50,1.13
2011.08.07 22:56:58.042,1.61892,1.62035,1.50,1.13
2011.08.07 22:56:58.369,1.61884,1.62068,1.50,1.50
2011.08.07 22:56:58.589,1.61884,1.62059,1.50,1.50
2011.08.07 22:56:58.922,1.61894,1.62011,1.13,1.13
2011.08.07 22:56:59.140,1.61891,1.62028,1.13,1.13
2011.08.07 22:56:59.261,1.61891,1.62011,1.50,1.13
2011.08.07 22:56:59.370,1.61891,1.62028,1.13,1.13
2011.08.07 22:56:59.481,1.61891,1.62011,1.50,1.13
2011.08.07 22:57:00.122,1.61891,1.62011,1.13,1.13
2011.08.07 22:57:00.673,1.61889,1.62011,1.13,1.13
2011.08.07 22:57:01.133,1.61887,1.62012,1.50,1.13
2011.08.07 22:57:01.712,1.61887,1.62024,1.13,1.58
2011.08.07 22:57:01.822,1.61887,1.62024,1.50,1.20
2011.08.07 22:57:02.044,1.61887,1.62016,1.50,1.13
2011.08.07 22:57:02.593,1.61894,1.62016,1.13,1.13
2011.08.07 22:57:02.921,1.61893,1.62017,1.13,1.13
2011.08.07 22:57:03.974,1.61893,1.62017,1.13,1.13
2011.08.07 22:57:04.612,1.61888,1.62022,1.13,1.13
2011.08.07 22:57:05.373,1.61889,1.62021,1.13,1.13
2011.08.07 22:57:05.592,1.61887,1.62031,1.50,1.50
2011.08.07 22:57:06.032,1.61887,1.62022,1.13,1.13
2011.08.07 22:57:07.372,1.61885,1.62021,1.13,1.13
2011.08.07 22:57:07.812,1.61885,1.62017,1.13,1.13
2011.08.07 22:57:08.863,1.61882,1.62025,1.50,1.58
2011.08.07 22:57:08.973,1.6188,1.62017,1.13,1.13
2011.08.07 22:57:09.083,1.61878,1.62017,1.13,1.13
2011.08.07 22:57:09.303,1.61876,1.62017,1.13,1.13
2011.08.07 22:57:09.521,1.61874,1.62033,1.13,1.13
2011.08.07 22:57:09.634,1.61876,1.62021,1.13,1.13
2011.08.07 22:57:10.194,1.61874,1.62022,1.13,1.13
2011.08.07 22:57:10.921,1.61875,1.62022,1.13,1.13
2011.08.07 22:57:11.592,1.61875,1.62018,1.13,1.13
2011.08.07 22:57:11.922,1.61875,1.62017,1.13,1.13
2011.08.07 22:57:15.294,1.61876,1.62017,1.13,1.13
2011.08.07 22:57:18.752,1.61877,1.6203,1.50,1.39
2011.08.07 22:57:19.480,1.61877,1.62061,1.50,1.50
2011.08.07 22:57:20.142,1.61878,1.62029,1.13,1.35
2011.08.07 22:57:20.472,1.61879,1.62021,1.13,1.13
2011.08.07 22:57:20.803,1.61878,1.62022,1.13,1.13
2011.08.07 22:57:21.493,1.61866,1.62011,1.50,1.50
2011.08.07 22:57:21.712,1.61864,1.62017,1.13,1.65
2011.08.07 22:57:22.294,1.61861,1.62011,1.50,1.13
2011.08.07 22:57:22.992,1.61862,1.62011,1.50,1.13
2011.08.07 22:57:24.645,1.61862,1.62023,1.50,1.13
2011.08.07 22:57:24.763,1.61862,1.62001,1.50,1.13
2011.08.07 22:57:25.772,1.61861,1.62006,1.50,1.13
2011.08.07 22:57:26.032,1.61861,1.62006,1.88,1.13
2011.08.07 22:57:26.802,1.61861,1.62021,1.50,1.65
2011.08.07 22:57:30.154,1.61866,1.62016,1.50,1.13
2011.08.07 22:57:30.703,1.61866,1.62011,1.50,1.13
2011.08.07 22:57:31.467,1.61862,1.62011,1.50,1.13
2011.08.07 22:57:31.990,1.61862,1.62021,1.50,1.13
2011.08.07 22:57:32.100,1.61862,1.62027,1.50,1.50
2011.08.07 22:57:32.432,1.61861,1.62002,1.50,1.13
2011.08.07 22:57:33.600,1.61861,1.62002,1.50,1.13
2011.08.07 22:57:34.498,1.6186,1.62001,1.13,1.13
2011.08.07 22:57:34.617,1.61859,1.62001,1.13,1.13
2011.08.07 22:57:34.840,1.61867,1.62014,1.50,1.13
2011.08.07 22:57:35.063,1.61861,1.62007,1.50,1.35
2011.08.07 22:57:35.502,1.61866,1.62007,1.50,1.35
2011.08.07 22:57:35.831,1.61867,1.62011,1.50,1.35
2011.08.07 22:57:36.381,1.61867,1.62027,1.50,1.50
2011.08.07 22:57:36.713,1.61864,1.61996,1.50,1.13
2011.08.07 22:57:36.822,1.61864,1.61996,1.50,1.13
2011.08.07 22:57:36.932,1.61864,1.61997,1.50,1.13
2011.08.07 22:57:37.043,1.61864,1.61997,1.50,1.13
2011.08.07 22:57:37.483,1.61864,1.6201,1.50,1.13
2011.08.07 22:57:37.884,1.61871,1.61997,1.50,1.13
2011.08.07 22:57:38.104,1.61871,1.61997,1.50,1.13
2011.08.07 22:57:38.214,1.61871,1.61997,1.50,1.13
2011.08.07 22:57:38.748,1.61871,1.62006,1.50,1.28
2011.08.07 22:57:39.084,1.61876,1.62001,1.50,1.13
2011.08.07 22:57:39.673,1.61876,1.62017,1.50,1.13
2011.08.07 22:57:40.331,1.61876,1.62016,1.50,1.13
2011.08.07 22:57:40.672,1.61876,1.62016,1.50,1.13
2011.08.07 22:57:40.781,1.61876,1.62034,1.50,1.50
2011.08.07 22:57:41.344,1.61876,1.62017,1.50,1.13
2011.08.07 22:57:41.999,1.61876,1.62016,1.50,1.13
2011.08.07 22:57:42.532,1.61876,1.62017,1.50,1.05
2011.08.07 22:57:42.645,1.61871,1.62014,1.50,1.50
2011.08.07 22:57:42.985,1.6188,1.61993,1.35,1.35
2011.08.07 22:57:43.480,1.61866,1.61981,2.10,1.35
2011.08.07 22:57:43.707,1.61879,1.61994,1.35,1.35
2011.08.07 22:57:44.926,1.61879,1.61994,1.69,1.35
2011.08.07 22:57:45.482,1.61868,1.61986,1.73,1.35
2011.08.07 22:57:45.591,1.61868,1.61986,1.35,1.35
2011.08.07 22:57:46.855,1.61868,1.61986,1.35,2.10
2011.08.07 22:57:47.404,1.6187,1.61986,1.13,1.73
2011.08.07 22:57:47.514,1.61872,1.61986,1.50,1.35
2011.08.07 22:57:47.621,1.61876,1.61994,1.35,2.10
2011.08.07 22:57:48.064,1.61868,1.61987,1.13,1.73
2011.08.07 22:57:48.282,1.61867,1.61987,1.35,1.35
2011.08.07 22:57:49.964,1.6188,1.61993,1.35,1.35
2011.08.07 22:57:53.187,1.6188,1.61992,1.35,1.09
2011.08.07 22:57:54.915,1.6188,1.61992,1.35,1.47
2011.08.07 22:57:55.834,1.6188,1.6198,1.35,1.13
2011.08.07 22:57:56.274,1.6188,1.61986,1.35,1.32
2011.08.07 22:57:56.743,1.6188,1.61993,1.35,2.82
2011.08.07 22:57:57.791,1.6188,1.61983,1.35,2.59
2011.08.07 22:57:57.900,1.61844,1.61983,1.05,2.59
2011.08.07 22:57:58.233,1.6184,1.61967,2.18,1.13
2011.08.07 22:57:58.897,1.61841,1.61963,1.50,1.35
2011.08.07 22:57:59.014,1.61839,1.61963,1.73,1.35
2011.08.07 22:57:59.124,1.61848,1.61963,1.13,1.35
2011.08.07 22:57:59.452,1.61848,1.61962,1.13,1.35
2011.08.07 22:58:00.537,1.61842,1.61962,1.39,1.35
2011.08.07 22:58:00.656,1.61839,1.61962,1.35,1.35
2011.08.07 22:58:00.776,1.61848,1.61962,1.13,1.35
2011.08.07 22:58:01.293,1.61848,1.61962,1.13,1.35
2011.08.07 22:58:01.736,1.61839,1.61962,1.35,1.35
2011.08.07 22:58:01.963,1.61838,1.61953,2.10,1.35
2011.08.07 22:58:02.653,1.61831,1.61946,2.85,1.35
2011.08.07 22:58:02.763,1.61834,1.61946,1.13,1.35
2011.08.07 22:58:02.872,1.61835,1.6195,2.10,1.35
2011.08.07 22:58:03.643,1.61838,1.6195,1.13,1.35
2011.08.07 22:58:05.548,1.61839,1.61948,1.13,1.35
2011.08.07 22:58:06.443,1.61838,1.61946,1.13,1.35
2011.08.07 22:58:06.661,1.61833,1.61946,1.73,1.35
2011.08.07 22:58:06.773,1.61833,1.61946,2.10,1.35
2011.08.07 22:58:08.234,1.61833,1.61946,2.10,1.35
2011.08.07 22:58:08.455,1.61833,1.61946,1.35,1.35
2011.08.07 22:58:08.689,1.61834,1.61947,1.13,1.35
2011.08.07 22:58:09.029,1.61827,1.61934,2.25,1.35
2011.08.07 22:58:09.143,1.61827,1.61934,1.88,1.35
2011.08.07 22:58:09.252,1.61832,1.61947,1.35,1.35
2011.08.07 22:58:09.475,1.61832,1.61947,2.10,1.35
2011.08.07 22:58:09.815,1.61832,1.61932,1.13,1.35
2011.08.07 22:58:10.326,1.61833,1.61938,1.13,1.35
2011.08.07 22:58:11.524,1.6183,1.61938,1.47,2.10
2011.08.07 22:58:12.137,1.6183,1.61938,1.47,2.10
2011.08.07 22:58:12.581,1.61844,1.61938,1.13,1.73
2011.08.07 22:58:13.453,1.61843,1.61938,1.13,1.73
2011.08.07 22:58:15.061,1.6183,1.61938,1.09,2.48
2011.08.07 22:58:15.399,1.61823,1.61938,1.69,2.48
2011.08.07 22:58:16.221,1.61826,1.61938,1.09,2.48
2011.08.07 22:58:16.443,1.61843,1.61938,1.13,1.73
2011.08.07 22:58:17.652,1.61823,1.61938,1.69,2.48
2011.08.07 22:58:17.761,1.61823,1.61938,2.07,2.48
2011.08.07 22:58:18.295,1.61834,1.61938,1.13,1.73
2011.08.07 22:58:18.636,1.61834,1.61938,1.13,1.73
2011.08.07 22:58:22.433,1.61833,1.61939,1.13,1.13
2011.08.07 22:58:22.541,1.61827,1.61939,1.69,1.13
2011.08.07 22:58:23.131,1.61827,1.61939,2.07,1.13
2011.08.07 22:58:23.469,1.61837,1.61939,1.13,1.50
2011.08.07 22:58:23.582,1.6183,1.61939,1.09,1.50
2011.08.07 22:58:23.692,1.61827,1.61939,2.07,1.13
2011.08.07 22:58:23.801,1.6183,1.61939,1.09,1.13
2011.08.07 22:58:24.309,1.61833,1.61939,1.13,1.13
2011.08.07 22:58:24.613,1.6183,1.61939,1.09,1.13
2011.08.07 22:58:24.891,1.6183,1.6193,1.09,1.35
2011.08.07 22:58:25.111,1.6183,1.6193,1.09,1.35
2011.08.07 22:58:25.710,1.6183,1.61933,1.09,1.13
2011.08.07 22:58:26.046,1.61825,1.61927,1.09,1.13
2011.08.07 22:58:26.276,1.61824,1.61934,1.09,1.13
2011.08.07 22:58:26.504,1.61828,1.61934,1.09,1.13
2011.08.07 22:58:27.062,1.61828,1.61933,1.47,1.50
2011.08.07 22:58:27.535,1.61824,1.61933,1.47,1.50
2011.08.07 22:58:28.584,1.61824,1.61935,1.47,2.48
2011.08.07 22:58:28.694,1.61824,1.61934,1.47,1.50
2011.08.07 22:58:30.689,1.61829,1.61932,1.84,1.13
2011.08.07 22:58:31.134,1.61835,1.61938,1.69,1.54
2011.08.07 22:58:31.241,1.61835,1.61944,1.69,1.09
2011.08.07 22:58:31.468,1.61835,1.61941,1.69,1.13
2011.08.07 22:58:31.584,1.61838,1.61941,1.35,1.13
2011.08.07 22:58:31.696,1.61838,1.61941,1.35,1.13
2011.08.07 22:58:31.935,1.61838,1.61949,1.35,2.51
2011.08.07 22:58:32.057,1.61831,1.61922,1.69,1.23
2011.08.07 22:58:32.502,1.61838,1.61947,1.35,1.50
2011.08.07 22:58:32.721,1.61838,1.61951,1.35,1.13
2011.08.07 22:58:32.831,1.61838,1.61949,1.35,1.13
2011.08.07 22:58:33.164,1.61838,1.61936,1.35,1.13
2011.08.07 22:58:34.296,1.61838,1.61948,1.35,1.50
2011.08.07 22:58:34.411,1.61838,1.61948,1.35,1.50
2011.08.07 22:58:34.524,1.61838,1.61938,1.35,1.77
2011.08.07 22:58:34.857,1.61835,1.61932,1.35,1.43
2011.08.07 22:58:35.381,1.61835,1.61944,1.35,1.13
2011.08.07 22:58:35.494,1.6182,1.6193,1.84,1.35
2011.08.07 22:58:35.712,1.61828,1.61941,1.35,1.35
2011.08.07 22:58:35.933,1.61827,1.61942,1.35,1.73
2011.08.07 22:58:36.047,1.61823,1.61922,1.13,2.10
2011.08.07 22:58:36.382,1.6182,1.61927,2.22,1.73
2011.08.07 22:58:36.493,1.61828,1.61933,1.69,1.13
2011.08.07 22:58:36.821,1.61817,1.61926,1.47,2.10
2011.08.07 22:58:37.529,1.61817,1.61917,1.84,1.13
2011.08.07 22:58:37.621,1.61811,1.61926,1.69,1.35
2011.08.07 22:58:37.731,1.61807,1.61918,1.09,1.35
2011.08.07 22:58:38.065,1.61815,1.61915,1.09,1.35
2011.08.07 22:58:38.402,1.61814,1.61917,1.09,1.35
2011.08.07 22:58:38.512,1.61805,1.61917,1.09,2.10
2011.08.07 22:58:38.621,1.61804,1.61916,2.44,1.13
2011.08.07 22:58:38.732,1.61804,1.61917,1.73,1.73
2011.08.07 22:58:38.841,1.61813,1.61917,1.13,1.73
2011.08.07 22:58:39.174,1.61783,1.61907,2.10,1.35
2011.08.07 22:58:39.283,1.61789,1.61907,1.13,1.35
2011.08.07 22:58:39.613,1.61794,1.61907,2.33,1.35
2011.08.07 22:58:39.720,1.61767,1.61894,2.10,1.35
2011.08.07 22:58:39.940,1.61767,1.61894,2.10,1.35
2011.08.07 22:58:40.271,1.61777,1.61894,1.13,1.35
2011.08.07 22:58:40.885,1.61789,1.61894,1.13,1.35
2011.08.07 22:58:41.003,1.61776,1.61902,2.10,1.35
2011.08.07 22:58:41.112,1.61782,1.61893,1.13,1.35
2011.08.07 22:58:41.453,1.61786,1.61893,1.28,1.35
2011.08.07 22:58:41.564,1.61782,1.61893,1.13,1.35
2011.08.07 22:58:41.678,1.61789,1.61881,1.13,1.35
2011.08.07 22:58:41.793,1.61789,1.61894,1.13,1.35
2011.08.07 22:58:42.344,1.61788,1.61874,1.13,1.35
2011.08.07 22:58:42.456,1.61788,1.61876,1.13,1.35
2011.08.07 22:58:42.902,1.61775,1.61883,1.13,1.35
2011.08.07 22:58:43.011,1.6178,1.61893,1.13,1.35
2011.08.07 22:58:43.122,1.61774,1.61893,1.13,2.10
2011.08.07 22:58:43.452,1.61788,1.61879,1.13,1.35
2011.08.07 22:58:43.956,1.61803,1.61886,1.13,1.35
2011.08.07 22:58:44.294,1.61802,1.61891,1.50,1.35
2011.08.07 22:58:44.625,1.61814,1.61891,1.13,1.35
2011.08.07 22:58:44.964,1.61794,1.61888,1.92,1.35
2011.08.07 22:58:45.069,1.61775,1.61888,2.10,1.35
2011.08.07 22:58:45.181,1.61797,1.61888,1.13,1.35
2011.08.07 22:58:45.297,1.61802,1.61896,1.13,1.35
2011.08.07 22:58:45.414,1.61803,1.61896,1.80,2.10
2011.08.07 22:58:45.745,1.61805,1.61888,1.77,1.35
2011.08.07 22:58:45.850,1.61775,1.61888,2.10,1.35
2011.08.07 22:58:45.963,1.61803,1.61888,1.13,1.35
2011.08.07 22:58:46.073,1.61797,1.61897,1.54,1.35
2011.08.07 22:58:46.180,1.61779,1.61936,1.13,1.13
2011.08.07 22:58:46.511,1.61776,1.61936,1.50,1.88
2011.08.07 22:58:46.842,1.61778,1.61883,1.13,1.35
2011.08.07 22:58:47.060,1.61778,1.61931,1.13,1.50
2011.08.07 22:58:47.519,1.61782,1.61931,1.50,1.13
2011.08.07 22:58:47.641,1.61778,1.61935,1.35,1.13
2011.08.07 22:58:47.753,1.61788,1.61935,1.13,1.13
2011.08.07 22:58:48.094,1.61793,1.61935,1.13,1.88
2011.08.07 22:58:48.541,1.61777,1.61935,1.13,1.50
2011.08.07 22:58:48.651,1.61775,1.61936,1.50,1.13
2011.08.07 22:58:48.760,1.61777,1.61942,1.50,1.50
2011.08.07 22:58:49.091,1.61789,1.61944,1.20,1.13
2011.08.07 22:58:49.530,1.61784,1.61944,1.50,1.88
2011.08.07 22:58:50.042,1.61793,1.61943,1.13,1.13
2011.08.07 22:58:50.833,1.61793,1.61942,1.13,1.50
2011.08.07 22:58:50.942,1.61793,1.61943,1.13,1.13
2011.08.07 22:58:52.232,1.61794,1.61942,1.13,1.50
2011.08.07 22:58:53.451,1.61794,1.6194,1.50,1.13
2011.08.07 22:58:53.559,1.61794,1.61959,1.13,1.88
2011.08.07 22:58:53.783,1.61801,1.61958,1.13,1.50
2011.08.07 22:58:53.893,1.61823,1.61958,1.13,1.50
2011.08.07 22:58:55.374,1.61822,1.61958,1.50,1.50
2011.08.07 22:58:55.482,1.61818,1.61959,1.50,1.88
2011.08.07 22:58:55.811,1.61824,1.61958,1.13,1.13
2011.08.07 22:58:56.142,1.61823,1.61952,1.13,1.13
2011.08.07 22:58:56.473,1.61815,1.61942,2.59,1.13
2011.08.07 22:58:56.584,1.61818,1.61946,1.13,1.13
2011.08.07 22:58:56.805,1.61818,1.61947,1.13,1.13
2011.08.07 22:58:56.924,1.61818,1.61944,1.13,1.13
2011.08.07 22:58:57.537,1.61819,1.61941,1.47,1.13
2011.08.07 22:58:57.642,1.61821,1.61978,1.50,1.50
2011.08.07 22:58:57.752,1.61821,1.61958,2.25,1.35
2011.08.07 22:58:58.302,1.61824,1.61951,1.13,1.13
2011.08.07 22:58:58.520,1.61803,1.61964,1.13,1.50
2011.08.07 22:58:58.630,1.61804,1.61963,1.50,1.50
2011.08.07 22:58:58.961,1.61809,1.61952,1.13,1.13
2011.08.07 22:58:59.550,1.61794,1.61963,1.13,1.13
2011.08.07 22:58:59.661,1.61816,1.61961,1.50,1.13
2011.08.07 22:59:00.103,1.61815,1.61954,1.09,1.13
2011.08.07 22:59:00.433,1.61844,1.61974,1.35,1.13
2011.08.07 22:59:00.541,1.61846,1.61988,1.13,1.13
2011.08.07 22:59:00.654,1.61848,1.61983,1.13,1.13
2011.08.07 22:59:00.763,1.61849,1.6199,1.13,1.50
2011.08.07 22:59:01.202,1.61849,1.61993,1.13,1.13
2011.08.07 22:59:01.645,1.61854,1.61993,1.13,1.13
2011.08.07 22:59:01.982,1.61819,1.61978,1.13,1.50
2011.08.07 22:59:02.516,1.61835,1.6198,1.39,1.13
2011.08.07 22:59:02.636,1.61835,1.61978,1.13,1.50
2011.08.07 22:59:03.312,1.61835,1.61978,1.54,1.50
2011.08.07 22:59:03.646,1.61844,1.61978,1.13,1.50
2011.08.07 22:59:04.183,1.61843,1.61978,1.13,1.50
2011.08.07 22:59:04.512,1.61844,1.61968,1.13,1.50
2011.08.07 22:59:04.843,1.61843,1.61953,1.13,1.35
2011.08.07 22:59:05.561,1.6184,1.61953,2.10,1.35
2011.08.07 22:59:06.424,1.61843,1.61953,1.13,1.35
2011.08.07 22:59:07.481,1.61827,1.61938,1.88,1.35
2011.08.07 22:59:07.593,1.61834,1.61938,1.13,1.35
2011.08.07 22:59:07.705,1.61833,1.61942,1.47,1.35
2011.08.07 22:59:07.933,1.61835,1.61948,2.10,1.35
2011.08.07 22:59:08.044,1.61839,1.61948,1.13,1.73
2011.08.07 22:59:08.371,1.61835,1.61948,1.35,1.35
2011.08.07 22:59:08.592,1.61835,1.61948,1.73,1.35
2011.08.07 22:59:09.815,1.61835,1.61948,1.73,1.35
2011.08.07 22:59:09.937,1.6184,1.61953,1.35,1.35
2011.08.07 22:59:10.183,1.61834,1.61941,1.13,1.35
2011.08.07 22:59:10.294,1.61835,1.61948,2.10,1.35
2011.08.07 22:59:11.495,1.61835,1.61948,1.35,1.35
2011.08.07 22:59:11.620,1.61835,1.61948,2.10,1.73
2011.08.07 22:59:12.123,1.61835,1.61948,2.10,2.85
2011.08.07 22:59:12.891,1.61839,1.61954,1.35,2.10
2011.08.07 22:59:13.223,1.61839,1.61942,1.35,1.54
2011.08.07 22:59:14.285,1.61839,1.6195,1.35,1.20
2011.08.07 22:59:14.842,1.61839,1.61954,1.35,1.35
2011.08.07 22:59:17.744,1.61839,1.61954,1.35,2.22
2011.08.07 22:59:17.852,1.61839,1.61954,1.35,1.73
2011.08.07 22:59:17.970,1.61839,1.61954,1.35,1.35
2011.08.07 22:59:18.084,1.61839,1.61954,1.35,2.10
2011.08.07 22:59:19.463,1.61839,1.61954,1.35,1.35
2011.08.07 22:59:21.499,1.61839,1.61954,1.35,2.10
2011.08.07 22:59:22.076,1.61839,1.61954,1.35,1.35
2011.08.07 22:59:25.964,1.61841,1.61954,2.03,1.35
2011.08.07 22:59:26.073,1.61873,1.61984,1.35,1.50
2011.08.07 22:59:26.405,1.61873,1.61983,1.35,1.50
2011.08.07 22:59:26.522,1.61865,1.61978,1.35,1.35
2011.08.07 22:59:26.631,1.61849,1.61962,1.35,1.35
2011.08.07 22:59:26.966,1.61851,1.61964,1.35,2.10
2011.08.07 22:59:27.413,1.61859,1.61972,1.35,2.10
2011.08.07 22:59:28.095,1.6185,1.61965,1.35,2.10
2011.08.07 22:59:29.213,1.6185,1.61965,1.35,1.35
2011.08.07 22:59:29.321,1.61854,1.6197,1.35,1.35
2011.08.07 22:59:30.202,1.61841,1.61953,1.09,1.35
2011.08.07 22:59:30.535,1.61841,1.61955,1.09,1.35
2011.08.07 22:59:32.893,1.61841,1.61954,1.69,1.35
2011.08.07 22:59:33.115,1.61836,1.6195,1.09,1.35
2011.08.07 22:59:33.444,1.61836,1.61941,1.13,1.35
2011.08.07 22:59:34.243,1.61836,1.61941,1.50,1.35
2011.08.07 22:59:34.572,1.61853,1.61941,1.13,1.35
2011.08.07 22:59:34.681,1.61831,1.6194,1.09,1.35
2011.08.07 22:59:35.014,1.61831,1.61933,1.09,1.35
2011.08.07 22:59:35.123,1.61831,1.61936,1.09,1.35
2011.08.07 22:59:36.102,1.61833,1.61946,1.35,1.35
2011.08.07 22:59:36.662,1.61827,1.61939,1.09,1.35
2011.08.07 22:59:37.763,1.61829,1.61944,1.69,1.35
2011.08.07 22:59:38.292,1.61831,1.61929,1.09,1.35
2011.08.07 22:59:38.512,1.61822,1.61937,2.82,2.10
2011.08.07 22:59:38.843,1.61833,1.61937,1.13,2.48
2011.08.07 22:59:39.495,1.61831,1.61936,1.09,1.13
2011.08.07 22:59:40.026,1.61828,1.61926,1.09,1.73
2011.08.07 22:59:40.473,1.61828,1.61924,1.09,1.35
2011.08.07 22:59:41.064,1.61831,1.61924,1.77,1.35
2011.08.07 22:59:41.173,1.61831,1.61921,1.09,1.35
2011.08.07 22:59:41.284,1.61831,1.61921,1.09,1.35
2011.08.07 22:59:41.394,1.61827,1.61921,1.09,1.35
2011.08.07 22:59:41.724,1.61827,1.61921,1.13,1.35
2011.08.07 22:59:42.294,1.6182,1.61921,1.20,1.35
2011.08.07 22:59:42.623,1.61816,1.61912,1.13,1.35
2011.08.07 22:59:43.312,1.61825,1.61912,1.84,1.35
2011.08.07 22:59:43.429,1.61828,1.61912,1.13,1.35
2011.08.07 22:59:43.877,1.61814,1.61904,1.13,1.35
2011.08.07 22:59:44.103,1.61781,1.61896,2.10,1.35
2011.08.07 22:59:44.213,1.61792,1.61896,1.13,1.35
2011.08.07 22:59:44.321,1.61781,1.61896,1.35,1.35
2011.08.07 22:59:44.433,1.61784,1.6189,1.43,1.35
2011.08.07 22:59:44.544,1.61784,1.61888,1.09,1.35
2011.08.07 22:59:45.094,1.61789,1.61889,1.13,1.35
2011.08.07 22:59:45.693,1.61789,1.61889,1.13,1.35
2011.08.07 22:59:46.253,1.61789,1.61898,1.13,1.35
2011.08.07 22:59:46.363,1.61791,1.61898,1.13,1.35
2011.08.07 22:59:46.472,1.61777,1.61901,1.13,1.35
2011.08.07 22:59:46.581,1.61783,1.61901,1.13,1.35
2011.08.07 22:59:47.296,1.61782,1.61901,1.09,1.35
2011.08.07 22:59:47.420,1.61798,1.61911,2.48,2.48
2011.08.07 22:59:48.083,1.61806,1.61919,1.35,3.19
2011.08.07 22:59:48.634,1.618,1.61915,2.10,1.73
2011.08.07 22:59:48.744,1.61802,1.61915,1.13,1.73
2011.08.07 22:59:49.074,1.61797,1.61904,1.84,1.35
2011.08.07 22:59:49.293,1.61805,1.61919,1.73,1.09
2011.08.07 22:59:49.401,1.61788,1.61903,2.10,1.35
2011.08.07 22:59:49.622,1.618,1.61915,1.73,1.73
2011.08.07 22:59:50.353,1.6179,1.61905,1.35,1.35
2011.08.07 22:59:50.465,1.61794,1.61907,1.17,1.35
2011.08.07 22:59:51.331,1.61792,1.61907,2.10,1.35
2011.08.07 22:59:51.445,1.61803,1.61907,1.13,1.35
2011.08.07 22:59:51.564,1.61805,1.61919,2.10,1.09
2011.08.07 22:59:51.899,1.61808,1.61919,1.13,2.44
2011.08.07 22:59:52.235,1.61809,1.61919,1.13,2.44
2011.08.07 22:59:52.573,1.61813,1.61919,1.13,2.44
2011.08.07 22:59:52.681,1.61798,1.61911,2.10,1.35
2011.08.07 22:59:52.791,1.61798,1.61911,1.35,1.35
2011.08.07 22:59:52.903,1.61798,1.61911,2.67,1.35
2011.08.07 22:59:53.124,1.61798,1.61911,2.10,1.35
2011.08.07 22:59:53.783,1.61798,1.61911,1.69,1.35
2011.08.07 22:59:53.892,1.61798,1.61911,1.73,1.35
2011.08.07 22:59:54.429,1.61805,1.61918,1.35,2.10
2011.08.07 22:59:54.545,1.61805,1.61918,1.35,1.35
2011.08.07 22:59:54.985,1.61805,1.6193,1.35,1.35
2011.08.07 22:59:55.203,1.61795,1.61908,2.48,1.35
2011.08.07 22:59:55.313,1.61799,1.61914,1.35,1.35
2011.08.07 22:59:56.191,1.61799,1.61914,1.69,1.35
2011.08.07 22:59:56.413,1.61807,1.6192,1.09,1.35
2011.08.07 22:59:56.521,1.61805,1.61918,1.73,1.35
2011.08.07 22:59:56.630,1.61805,1.61918,1.35,1.35
2011.08.07 22:59:56.745,1.61799,1.61914,1.35,1.73
2011.08.07 22:59:57.988,1.61823,1.61929,1.13,1.69
2011.08.07 22:59:58.324,1.61799,1.61914,1.69,1.69
2011.08.07 22:59:59.711,1.61799,1.61914,1.69,1.35
2011.08.07 22:59:59.822,1.61803,1.6192,1.09,1.73
2011.08.07 22:59:59.931,1.61816,1.6192,1.13,1.35
