2010.05.26 08:00:00.199,1.5406,1.5411,1.00,1.00
2010.05.26 08:00:00.498,1.5406,1.54115,1.80,1.10
2010.05.26 08:00:01.160,1.5406,1.5412,1.80,1.00
2010.05.26 08:00:01.478,1.54075,1.5412,1.00,1.00
2010.05.26 08:00:02.104,1.5407,1.54125,1.00,1.00
2010.05.26 08:00:02.372,1.54075,1.5413,1.00,1.00
2010.05.26 08:00:02.709,1.5408,1.5414,6.70,1.00
2010.05.26 08:00:03.389,1.5408,1.54135,5.90,1.00
2010.05.26 08:00:04.004,1.54065,1.54125,6.70,1.00
2010.05.26 08:00:04.342,1.54065,1.54125,4.70,1.00
2010.05.26 08:00:04.680,1.54065,1.54125,7.20,1.00
2010.05.26 08:00:04.989,1.5407,1.5413,1.00,1.00
2010.05.26 08:00:05.139,1.5407,1.5413,2.60,1.00
2010.05.26 08:00:05.289,1.54075,1.54135,1.80,1.00
2010.05.26 08:00:05.438,1.5408,1.54135,1.00,1.00
2010.05.26 08:00:05.911,1.5408,1.54135,4.00,1.00
2010.05.26 08:00:05.932,1.5408,1.5414,5.10,1.00
2010.05.26 08:00:06.283,1.5408,1.54145,2.60,1.30
2010.05.26 08:00:06.622,1.5408,1.5413,3.20,1.30
2010.05.26 08:00:06.880,1.54065,1.54125,1.50,1.00
2010.05.26 08:00:07.139,1.54065,1.54125,1.00,1.00
2010.05.26 08:00:08.562,1.54075,1.5413,1.00,1.00
2010.05.26 08:00:08.819,1.5407,1.5413,2.60,2.30
2010.05.26 08:00:09.101,1.54065,1.54125,2.60,2.40
2010.05.26 08:00:09.379,1.54055,1.5412,3.40,1.00
2010.05.26 08:00:09.659,1.54055,1.5412,3.40,1.00
2010.05.26 08:00:10.238,1.54055,1.54115,1.00,1.00
2010.05.26 08:00:10.471,1.54055,1.54115,1.00,1.00
2010.05.26 08:00:10.700,1.54055,1.54115,1.00,1.50
2010.05.26 08:00:10.929,1.54055,1.5411,1.00,1.00
2010.05.26 08:00:11.707,1.54045,1.54105,2.60,1.00
2010.05.26 08:00:13.781,1.54065,1.54105,1.00,1.00
2010.05.26 08:00:14.101,1.5406,1.5412,1.00,1.00
2010.05.26 08:00:15.029,1.5406,1.5412,1.00,1.00
2010.05.26 08:00:15.248,1.5406,1.54115,1.00,1.00
2010.05.26 08:00:15.358,1.54055,1.54115,1.10,1.00
2010.05.26 08:00:16.180,1.54055,1.54115,2.40,1.00
2010.05.26 08:00:16.519,1.54055,1.54115,3.50,1.00
2010.05.26 08:00:17.315,1.54055,1.54115,2.70,1.00
2010.05.26 08:00:17.649,1.5405,1.5411,3.40,1.00
2010.05.26 08:00:19.698,1.54055,1.5411,1.00,1.00
2010.05.26 08:00:20.044,1.54055,1.54115,3.50,1.00
2010.05.26 08:00:22.173,1.54055,1.54115,3.60,1.00
2010.05.26 08:00:24.376,1.5406,1.54115,1.00,1.00
2010.05.26 08:00:24.550,1.54055,1.54115,3.60,1.00
2010.05.26 08:00:28.783,1.54055,1.54115,5.20,1.00
2010.05.26 08:00:29.052,1.5406,1.5412,1.00,1.00
2010.05.26 08:00:29.591,1.54065,1.54115,1.00,1.00
2010.05.26 08:00:29.859,1.54065,1.54115,1.00,1.00
2010.05.26 08:00:32.419,1.54055,1.54115,1.80,1.00
2010.05.26 08:00:33.100,1.54065,1.54115,1.00,1.00
2010.05.26 08:00:33.440,1.5406,1.5412,2.60,1.00
2010.05.26 08:00:33.699,1.5406,1.5412,1.00,1.00
2010.05.26 08:00:34.989,1.5406,1.54115,1.00,1.00
2010.05.26 08:00:35.230,1.5405,1.5411,3.40,1.00
2010.05.26 08:00:35.931,1.5405,1.5411,2.60,1.30
2010.05.26 08:00:36.272,1.5404,1.541,1.10,1.00
2010.05.26 08:00:36.848,1.5404,1.541,1.10,1.50
2010.05.26 08:00:37.092,1.54035,1.54095,1.00,1.50
2010.05.26 08:00:37.331,1.5403,1.5409,1.00,1.00
2010.05.26 08:00:37.910,1.54025,1.5409,1.10,1.00
2010.05.26 08:00:38.749,1.5403,1.5409,1.00,1.00
2010.05.26 08:00:39.029,1.5403,1.5409,1.00,1.00
2010.05.26 08:00:39.702,1.5404,1.54095,1.00,1.00
2010.05.26 08:00:40.059,1.5404,1.541,5.10,1.00
2010.05.26 08:00:40.780,1.5404,1.54095,4.30,1.00
2010.05.26 08:00:41.122,1.54025,1.54085,2.70,1.00
2010.05.26 08:00:41.460,1.5402,1.54085,1.60,1.00
2010.05.26 08:00:42.042,1.54025,1.5408,1.60,1.00
2010.05.26 08:00:43.011,1.54025,1.5408,1.70,1.00
2010.05.26 08:00:43.197,1.54025,1.5408,1.00,1.00
2010.05.26 08:00:44.982,1.5404,1.54095,1.00,1.00
2010.05.26 08:00:45.209,1.54045,1.541,1.00,1.00
2010.05.26 08:00:45.549,1.54045,1.54105,1.00,1.00
2010.05.26 08:00:46.251,1.54055,1.54105,1.00,1.00
2010.05.26 08:00:46.909,1.54055,1.5411,1.00,1.00
2010.05.26 08:00:47.910,1.5406,1.54115,1.00,1.00
2010.05.26 08:00:48.591,1.54085,1.54115,1.00,1.00
2010.05.26 08:00:49.147,1.54085,1.5413,2.40,1.00
2010.05.26 08:00:49.419,1.54085,1.5414,2.90,1.00
2010.05.26 08:00:50.110,1.54085,1.5414,1.30,1.00
2010.05.26 08:00:50.449,1.54095,1.54135,1.60,1.00
2010.05.26 08:00:51.129,1.54085,1.5414,1.00,1.00
2010.05.26 08:00:51.469,1.54085,1.5414,2.40,1.00
2010.05.26 08:00:51.888,1.54085,1.5414,4.00,1.00
2010.05.26 08:00:52.098,1.5409,1.5414,1.00,1.00
2010.05.26 08:00:52.309,1.54095,1.54145,1.60,1.00
2010.05.26 08:00:52.858,1.54085,1.54145,5.50,1.00
2010.05.26 08:00:53.837,1.54085,1.54145,5.70,1.00
2010.05.26 08:00:54.178,1.54085,1.54145,5.50,1.00
2010.05.26 08:00:54.700,1.54085,1.5414,2.90,1.00
2010.05.26 08:00:55.038,1.54085,1.5414,3.10,1.00
2010.05.26 08:00:55.331,1.5409,1.5414,1.00,1.00
2010.05.26 08:00:55.518,1.5409,1.5414,1.00,1.00
2010.05.26 08:00:56.719,1.5409,1.5414,1.00,1.00
2010.05.26 08:00:57.758,1.5409,1.54135,1.00,1.00
2010.05.26 08:00:58.669,1.5408,1.54135,1.00,1.00
2010.05.26 08:00:58.860,1.54075,1.54135,2.70,1.00
2010.05.26 08:00:59.048,1.54075,1.54135,1.00,1.00
2010.05.26 08:00:59.580,1.54075,1.54135,1.00,1.50
2010.05.26 08:00:59.909,1.54075,1.5413,1.00,1.00
2010.05.26 08:01:00.632,1.5407,1.5413,1.20,1.00
2010.05.26 08:01:00.899,1.5407,1.54135,3.80,1.00
2010.05.26 08:01:01.168,1.54075,1.54135,1.00,1.00
2010.05.26 08:01:01.601,1.5408,1.54135,1.00,1.00
2010.05.26 08:01:02.283,1.54095,1.54155,2.60,1.00
2010.05.26 08:01:02.620,1.54085,1.5415,1.90,3.10
2010.05.26 08:01:02.828,1.54085,1.5415,2.70,1.00
2010.05.26 08:01:03.039,1.5409,1.5415,1.00,1.00
2010.05.26 08:01:03.249,1.5409,1.54155,5.90,1.00
2010.05.26 08:01:03.459,1.5409,1.5415,3.20,1.00
2010.05.26 08:01:03.940,1.5409,1.5415,1.60,3.10
2010.05.26 08:01:04.289,1.54095,1.54155,2.60,1.00
2010.05.26 08:01:04.632,1.5409,1.5415,1.70,1.50
2010.05.26 08:01:05.310,1.5409,1.5415,1.90,1.50
2010.05.26 08:01:05.651,1.5409,1.5415,1.80,1.50
2010.05.26 08:01:05.992,1.5409,1.5415,1.40,1.00
2010.05.26 08:01:07.790,1.5409,1.5415,1.40,1.50
2010.05.26 08:01:08.129,1.5409,1.5415,1.50,1.50
2010.05.26 08:01:08.288,1.5409,1.5415,1.50,1.70
2010.05.26 08:01:08.491,1.5409,1.5415,1.50,1.50
2010.05.26 08:01:09.283,1.5409,1.5414,1.50,1.00
2010.05.26 08:01:09.626,1.5409,1.5414,1.60,1.00
2010.05.26 08:01:09.969,1.5409,1.5414,1.50,1.00
2010.05.26 08:01:12.038,1.5409,1.5415,1.50,1.70
2010.05.26 08:01:12.258,1.5409,1.5415,1.50,1.00
2010.05.26 08:01:12.982,1.5409,1.5415,1.50,1.00
2010.05.26 08:01:13.319,1.5409,1.5415,1.50,1.00
2010.05.26 08:01:15.170,1.541,1.5415,1.00,1.00
2010.05.26 08:01:15.330,1.54105,1.5416,1.00,1.00
2010.05.26 08:01:15.490,1.5411,1.5417,1.00,1.00
2010.05.26 08:01:15.648,1.5411,1.5417,2.40,1.00
2010.05.26 08:01:15.810,1.54115,1.54175,1.80,1.00
2010.05.26 08:01:16.149,1.5412,1.54185,3.40,1.00
2010.05.26 08:01:16.489,1.5412,1.54185,2.60,1.00
2010.05.26 08:01:17.169,1.5412,1.5418,2.60,1.00
2010.05.26 08:01:17.359,1.5412,1.54185,2.60,1.00
2010.05.26 08:01:17.548,1.54125,1.54185,2.60,1.00
2010.05.26 08:01:17.739,1.54125,1.5419,2.60,1.70
2010.05.26 08:01:18.589,1.5413,1.5419,2.60,1.00
2010.05.26 08:01:18.930,1.5413,1.5419,2.60,1.00
2010.05.26 08:01:19.219,1.5413,1.5419,2.60,1.00
2010.05.26 08:01:19.803,1.5415,1.54195,1.00,1.00
2010.05.26 08:01:20.452,1.54155,1.5421,1.60,1.00
2010.05.26 08:01:20.793,1.54165,1.5423,3.40,1.00
2010.05.26 08:01:21.131,1.5417,1.5423,1.80,1.00
2010.05.26 08:01:21.442,1.5418,1.54235,1.00,1.00
2010.05.26 08:01:22.103,1.5418,1.5424,2.60,1.00
2010.05.26 08:01:22.781,1.5418,1.54235,1.00,1.00
2010.05.26 08:01:23.119,1.5418,1.5424,1.00,1.00
2010.05.26 08:01:23.502,1.5418,1.5424,1.80,1.00
2010.05.26 08:01:23.822,1.5418,1.5424,3.40,1.00
2010.05.26 08:01:24.141,1.5418,1.5424,2.60,1.00
2010.05.26 08:01:24.462,1.54175,1.54235,1.00,1.00
2010.05.26 08:01:25.413,1.54165,1.5422,1.00,1.00
2010.05.26 08:01:26.790,1.54155,1.5422,2.60,1.70
2010.05.26 08:01:27.129,1.54155,1.54215,2.60,1.00
2010.05.26 08:01:27.471,1.5415,1.54215,2.60,1.50
2010.05.26 08:01:28.470,1.54135,1.54195,2.60,2.40
2010.05.26 08:01:28.709,1.5413,1.5419,2.60,1.00
2010.05.26 08:01:28.949,1.5413,1.5419,2.60,3.80
2010.05.26 08:01:29.833,1.54125,1.5419,2.60,4.80
2010.05.26 08:01:30.509,1.54125,1.5418,2.60,1.00
2010.05.26 08:01:30.832,1.5412,1.5418,3.50,3.70
2010.05.26 08:01:31.153,1.5412,1.54185,2.70,1.00
2010.05.26 08:01:31.488,1.5412,1.5418,2.70,1.00
2010.05.26 08:01:31.810,1.5412,1.54185,2.60,1.50
2010.05.26 08:01:32.029,1.5412,1.54185,2.60,3.10
2010.05.26 08:01:32.569,1.54125,1.54185,1.10,2.40
2010.05.26 08:01:32.913,1.54125,1.5419,1.00,4.80
2010.05.26 08:01:33.251,1.5413,1.5419,1.00,1.00
2010.05.26 08:01:33.943,1.5413,1.5419,1.00,2.30
2010.05.26 08:01:34.620,1.5413,1.5419,1.00,2.50
2010.05.26 08:01:34.919,1.5413,1.5419,1.00,2.30
2010.05.26 08:01:35.220,1.54135,1.5419,1.00,1.80
2010.05.26 08:01:35.867,1.54135,1.54195,1.00,1.00
2010.05.26 08:01:36.093,1.54125,1.5419,1.00,1.00
2010.05.26 08:01:36.321,1.5412,1.5418,1.80,1.00
2010.05.26 08:01:36.551,1.54125,1.5418,1.00,1.00
2010.05.26 08:01:36.780,1.54125,1.54185,1.80,1.00
2010.05.26 08:01:38.961,1.5412,1.5418,2.60,1.30
2010.05.26 08:01:39.139,1.5412,1.5418,1.00,1.50
2010.05.26 08:01:39.319,1.5412,1.5417,1.00,1.00
2010.05.26 08:01:39.660,1.54095,1.54155,2.60,1.00
2010.05.26 08:01:40.001,1.54085,1.5415,1.00,1.00
2010.05.26 08:01:40.492,1.54085,1.5414,1.00,1.00
2010.05.26 08:01:40.830,1.5408,1.5414,3.40,1.00
2010.05.26 08:01:41.169,1.5408,1.5414,1.80,1.00
2010.05.26 08:01:41.439,1.5408,1.54135,1.00,1.00
2010.05.26 08:01:42.060,1.541,1.5415,1.00,1.20
2010.05.26 08:01:42.330,1.541,1.5415,1.00,1.00
2010.05.26 08:01:42.599,1.54115,1.5416,1.00,1.00
2010.05.26 08:01:43.052,1.54115,1.54165,1.00,1.00
2010.05.26 08:01:43.396,1.5412,1.5418,2.40,1.00
2010.05.26 08:01:43.732,1.54135,1.5419,1.60,1.40
2010.05.26 08:01:44.072,1.5413,1.54185,1.00,1.00
2010.05.26 08:01:44.450,1.54125,1.54185,2.70,1.00
2010.05.26 08:01:44.793,1.5412,1.5418,3.10,1.00
2010.05.26 08:01:45.469,1.5412,1.5416,1.00,1.00
2010.05.26 08:01:45.804,1.54095,1.5416,3.40,1.00
2010.05.26 08:01:46.141,1.541,1.5416,1.80,1.00
2010.05.26 08:01:46.850,1.54095,1.54155,1.00,1.00
2010.05.26 08:01:47.530,1.5409,1.5415,3.40,1.00
2010.05.26 08:01:48.263,1.5409,1.5415,2.60,1.00
2010.05.26 08:01:48.601,1.54085,1.54145,3.40,1.00
2010.05.26 08:01:48.880,1.54085,1.54145,2.60,1.30
2010.05.26 08:01:49.159,1.54085,1.5414,2.60,1.00
2010.05.26 08:01:49.770,1.54075,1.54135,1.00,1.00
2010.05.26 08:01:50.877,1.5407,1.5413,1.10,1.00
2010.05.26 08:01:51.224,1.54065,1.5413,1.00,1.00
2010.05.26 08:01:51.562,1.54065,1.54125,1.00,1.00
2010.05.26 08:01:52.255,1.54065,1.54125,1.00,1.00
2010.05.26 08:01:52.602,1.54055,1.5412,5.20,1.00
2010.05.26 08:01:52.940,1.54055,1.5412,2.70,1.00
2010.05.26 08:01:53.631,1.5406,1.54115,1.00,1.00
2010.05.26 08:01:53.970,1.54065,1.54125,1.00,1.00
2010.05.26 08:01:54.310,1.5407,1.5413,1.00,1.00
2010.05.26 08:01:54.652,1.5407,1.5413,1.60,1.00
2010.05.26 08:01:55.244,1.54075,1.5413,1.00,1.00
2010.05.26 08:01:55.490,1.5408,1.54135,1.00,1.00
2010.05.26 08:01:55.739,1.5408,1.5414,1.00,1.00
2010.05.26 08:01:56.360,1.5408,1.54145,1.00,1.70
2010.05.26 08:01:56.700,1.5408,1.54135,1.00,1.00
2010.05.26 08:01:57.518,1.54075,1.54135,1.00,1.00
2010.05.26 08:01:57.864,1.5408,1.5413,1.00,1.00
2010.05.26 08:01:58.203,1.54095,1.5414,1.00,1.00
2010.05.26 08:01:58.573,1.54095,1.54145,1.00,1.00
2010.05.26 08:01:58.855,1.541,1.5416,1.00,1.70
2010.05.26 08:01:59.131,1.541,1.5416,1.00,1.00
2010.05.26 08:01:59.413,1.541,1.5416,1.00,1.00
2010.05.26 08:02:00.099,1.54105,1.54165,1.00,1.00
2010.05.26 08:02:00.443,1.541,1.5416,1.00,1.00
2010.05.26 08:02:01.447,1.54095,1.54155,3.40,1.00
2010.05.26 08:02:01.795,1.54105,1.5416,1.00,1.00
2010.05.26 08:02:02.142,1.54095,1.5415,2.60,1.00
2010.05.26 08:02:02.870,1.5408,1.54145,2.60,1.50
2010.05.26 08:02:03.550,1.5408,1.54145,2.60,1.00
2010.05.26 08:02:04.270,1.54075,1.5414,2.70,3.10
2010.05.26 08:02:04.609,1.54075,1.5413,1.10,1.00
2010.05.26 08:02:04.951,1.54075,1.54125,1.00,1.00
2010.05.26 08:02:05.353,1.5407,1.54125,1.00,1.00
2010.05.26 08:02:05.697,1.54055,1.54115,2.70,1.30
2010.05.26 08:02:06.042,1.5405,1.5411,1.00,2.90
2010.05.26 08:02:06.677,1.54045,1.54105,1.60,3.00
2010.05.26 08:02:06.943,1.54055,1.54115,1.00,3.80
2010.05.26 08:02:07.210,1.5407,1.5412,1.00,1.00
2010.05.26 08:02:07.813,1.54085,1.54125,1.00,1.00
2010.05.26 08:02:08.153,1.54085,1.5414,1.00,1.00
2010.05.26 08:02:08.492,1.54085,1.54145,3.40,1.00
2010.05.26 08:02:09.563,1.5408,1.54135,1.00,1.00
2010.05.26 08:02:09.912,1.5407,1.54135,2.60,1.00
2010.05.26 08:02:10.542,1.5408,1.54135,1.00,1.00
2010.05.26 08:02:11.459,1.5408,1.5414,3.40,1.00
2010.05.26 08:02:12.152,1.5409,1.5415,1.00,1.00
2010.05.26 08:02:12.481,1.54095,1.5415,1.00,1.00
2010.05.26 08:02:13.049,1.5409,1.54155,2.60,1.00
2010.05.26 08:02:13.384,1.54085,1.5414,1.00,1.00
2010.05.26 08:02:13.721,1.54085,1.5415,1.00,1.00
2010.05.26 08:02:14.260,1.54085,1.5415,1.80,1.00
2010.05.26 08:02:14.604,1.5409,1.5415,1.80,1.00
2010.05.26 08:02:14.946,1.54095,1.54155,1.00,1.00
2010.05.26 08:02:15.291,1.54095,1.54155,1.80,1.00
2010.05.26 08:02:15.972,1.541,1.54155,1.80,1.00
2010.05.26 08:02:17.357,1.541,1.54155,1.00,1.00
2010.05.26 08:02:19.036,1.541,1.5416,1.00,1.00
2010.05.26 08:02:21.404,1.54095,1.54155,1.80,1.00
2010.05.26 08:02:21.989,1.541,1.5416,1.80,1.00
2010.05.26 08:02:22.330,1.54105,1.54165,1.00,1.00
2010.05.26 08:02:23.592,1.541,1.5416,1.00,1.50
2010.05.26 08:02:23.872,1.54105,1.5416,1.00,2.30
2010.05.26 08:02:24.213,1.5411,1.5417,1.00,1.00
2010.05.26 08:02:24.883,1.54105,1.54165,1.00,1.00
2010.05.26 08:02:25.221,1.541,1.54165,2.60,1.00
2010.05.26 08:02:26.259,1.541,1.54165,2.70,1.00
2010.05.26 08:02:27.799,1.541,1.5416,2.60,1.00
2010.05.26 08:02:28.101,1.54095,1.5416,3.40,1.00
2010.05.26 08:02:28.568,1.54095,1.54155,3.40,1.00
2010.05.26 08:02:29.193,1.5409,1.54155,2.70,1.00
2010.05.26 08:02:29.869,1.541,1.54155,1.00,1.00
2010.05.26 08:02:30.210,1.54095,1.5415,1.60,1.30
2010.05.26 08:02:30.911,1.5409,1.5415,1.00,1.00
2010.05.26 08:02:31.249,1.5409,1.5415,1.00,1.00
2010.05.26 08:02:31.818,1.5409,1.5415,1.00,1.00
2010.05.26 08:02:32.410,1.5409,1.5415,1.00,1.00
2010.05.26 08:02:32.749,1.54095,1.5415,1.00,1.00
2010.05.26 08:02:33.090,1.54095,1.54155,2.70,1.00
2010.05.26 08:02:33.431,1.541,1.5416,1.00,1.00
2010.05.26 08:02:33.775,1.541,1.5416,1.80,1.00
2010.05.26 08:02:34.120,1.541,1.5416,3.40,1.00
2010.05.26 08:02:37.772,1.541,1.5416,2.60,1.00
2010.05.26 08:02:38.654,1.541,1.5416,3.40,1.00
2010.05.26 08:02:38.983,1.54105,1.5417,2.60,1.00
2010.05.26 08:02:39.316,1.54115,1.5417,1.00,1.00
2010.05.26 08:02:39.826,1.54115,1.54175,1.00,1.00
2010.05.26 08:02:40.175,1.5411,1.54175,2.60,1.00
2010.05.26 08:02:40.510,1.5411,1.54175,3.40,1.00
2010.05.26 08:02:40.851,1.5411,1.54175,2.60,1.70
2010.05.26 08:02:41.198,1.5411,1.54175,2.60,3.40
2010.05.26 08:02:41.565,1.54115,1.5417,1.00,1.00
2010.05.26 08:02:42.905,1.54115,1.54175,2.60,1.00
2010.05.26 08:02:43.529,1.54115,1.5417,2.60,1.00
2010.05.26 08:02:44.188,1.54115,1.54175,2.60,1.00
2010.05.26 08:02:45.602,1.5412,1.54175,1.60,1.00
2010.05.26 08:02:45.943,1.5414,1.542,1.80,1.00
2010.05.26 08:02:46.283,1.5414,1.542,1.00,1.50
2010.05.26 08:02:46.982,1.54135,1.54195,2.60,1.00
2010.05.26 08:02:47.323,1.54135,1.5419,2.60,1.00
2010.05.26 08:02:47.660,1.5413,1.5419,1.00,1.50
2010.05.26 08:02:48.001,1.54125,1.54185,1.60,1.30
2010.05.26 08:02:48.725,1.54115,1.54175,2.60,1.30
2010.05.26 08:02:49.013,1.54115,1.54175,2.60,1.00
2010.05.26 08:02:49.849,1.54115,1.54175,2.60,1.50
2010.05.26 08:02:50.529,1.5411,1.54175,2.60,1.50
2010.05.26 08:02:50.832,1.54095,1.54155,1.00,2.40
2010.05.26 08:02:51.480,1.541,1.5416,1.00,1.00
2010.05.26 08:02:51.781,1.541,1.54165,1.00,1.50
2010.05.26 08:02:52.120,1.541,1.54155,1.00,1.00
2010.05.26 08:02:52.541,1.541,1.54165,3.40,1.00
2010.05.26 08:02:52.887,1.54105,1.5417,1.00,1.00
2010.05.26 08:02:53.232,1.5411,1.54175,2.60,1.00
2010.05.26 08:02:56.081,1.5411,1.54175,3.40,1.00
2010.05.26 08:02:56.763,1.54115,1.54175,1.00,1.00
2010.05.26 08:02:57.331,1.54115,1.54175,1.00,1.30
2010.05.26 08:02:57.663,1.5411,1.5417,2.60,1.00
2010.05.26 08:02:58.679,1.5412,1.5417,1.00,1.00
2010.05.26 08:02:59.025,1.5412,1.54175,1.00,1.00
2010.05.26 08:02:59.699,1.54115,1.54175,2.70,1.00
2010.05.26 08:03:00.365,1.5411,1.54165,1.80,1.00
2010.05.26 08:03:00.613,1.541,1.5416,6.70,1.00
2010.05.26 08:03:00.842,1.541,1.5416,1.00,1.00
2010.05.26 08:03:01.071,1.54095,1.5416,5.90,1.00
2010.05.26 08:03:01.792,1.54095,1.54155,1.00,1.00
2010.05.26 08:03:02.469,1.541,1.54155,1.00,1.00
2010.05.26 08:03:02.810,1.541,1.5416,1.00,1.00
2010.05.26 08:03:03.511,1.54105,1.54165,2.60,1.00
2010.05.26 08:03:04.590,1.54105,1.54165,3.40,1.00
2010.05.26 08:03:04.928,1.5411,1.5417,2.60,1.00
2010.05.26 08:03:05.439,1.5411,1.5416,2.60,1.00
2010.05.26 08:03:05.579,1.5411,1.5416,1.00,1.00
2010.05.26 08:03:05.720,1.54105,1.54165,3.40,2.70
2010.05.26 08:03:05.861,1.54115,1.54165,1.00,1.00
2010.05.26 08:03:06.001,1.54115,1.5417,1.00,1.00
2010.05.26 08:03:06.520,1.54115,1.54175,1.00,1.00
2010.05.26 08:03:07.200,1.54115,1.54175,1.00,1.00
2010.05.26 08:03:07.786,1.5412,1.54175,1.00,1.00
2010.05.26 08:03:08.133,1.5413,1.5419,2.40,1.40
2010.05.26 08:03:08.473,1.5414,1.5419,1.60,1.00
2010.05.26 08:03:09.171,1.54155,1.5419,2.60,1.00
2010.05.26 08:03:09.513,1.5416,1.5422,3.40,1.20
2010.05.26 08:03:09.851,1.5416,1.54225,3.40,1.00
2010.05.26 08:03:10.354,1.5416,1.54225,3.40,1.10
2010.05.26 08:03:10.564,1.5417,1.5423,2.60,1.30
2010.05.26 08:03:10.901,1.5417,1.54235,2.60,3.60
2010.05.26 08:03:11.407,1.5417,1.5423,2.60,1.30
2010.05.26 08:03:11.752,1.5416,1.5423,3.30,3.80
2010.05.26 08:03:12.091,1.5416,1.5422,3.30,1.00
2010.05.26 08:03:13.173,1.5416,1.54215,1.00,1.00
2010.05.26 08:03:13.515,1.54155,1.54215,1.00,1.00
2010.05.26 08:03:14.208,1.54145,1.54205,2.60,1.00
2010.05.26 08:03:14.552,1.5414,1.542,2.70,1.00
2010.05.26 08:03:14.933,1.5414,1.542,2.70,2.40
2010.05.26 08:03:15.413,1.5414,1.54195,1.00,2.10
2010.05.26 08:03:15.752,1.5415,1.5421,2.60,1.00
2010.05.26 08:03:16.310,1.5415,1.5421,5.10,1.00
2010.05.26 08:03:16.652,1.5416,1.54215,1.00,1.50
2010.05.26 08:03:16.990,1.54155,1.54215,2.60,1.50
2010.05.26 08:03:17.827,1.54155,1.54215,1.00,1.50
2010.05.26 08:03:18.171,1.54155,1.54215,1.00,2.00
2010.05.26 08:03:18.863,1.54155,1.54215,1.00,2.50
2010.05.26 08:03:19.201,1.54155,1.54215,1.00,2.30
2010.05.26 08:03:20.216,1.54155,1.54215,1.10,3.90
2010.05.26 08:03:20.538,1.54165,1.5422,5.10,1.00
2010.05.26 08:03:20.882,1.54165,1.54225,1.00,1.00
2010.05.26 08:03:21.395,1.54165,1.54225,3.20,1.00
2010.05.26 08:03:21.730,1.54165,1.5422,1.60,1.00
2010.05.26 08:03:22.070,1.5416,1.54215,1.00,2.90
2010.05.26 08:03:22.735,1.5416,1.54205,1.00,1.30
2010.05.26 08:03:23.103,1.5414,1.54205,2.60,1.50
2010.05.26 08:03:24.134,1.54135,1.5419,4.30,1.00
2010.05.26 08:03:24.473,1.54135,1.5418,1.00,1.00
2010.05.26 08:03:24.814,1.5413,1.5418,1.00,1.00
2010.05.26 08:03:25.519,1.5413,1.54195,4.40,1.50
2010.05.26 08:03:25.862,1.5413,1.54195,4.40,1.00
2010.05.26 08:03:26.568,1.54135,1.5419,1.00,1.00
2010.05.26 08:03:26.913,1.54125,1.54185,1.00,2.30
2010.05.26 08:03:27.252,1.54125,1.54185,1.00,1.00
2010.05.26 08:03:27.780,1.54125,1.54195,3.40,1.00
2010.05.26 08:03:28.120,1.5413,1.542,4.20,1.00
2010.05.26 08:03:28.461,1.5413,1.542,1.00,1.00
2010.05.26 08:03:28.982,1.5414,1.54205,1.00,1.20
2010.05.26 08:03:29.332,1.54145,1.54215,1.00,1.30
2010.05.26 08:03:29.675,1.54145,1.54215,1.00,1.00
2010.05.26 08:03:30.355,1.5414,1.5421,1.80,1.00
2010.05.26 08:03:30.640,1.5413,1.54195,1.00,1.00
2010.05.26 08:03:30.930,1.5413,1.54195,1.00,2.40
2010.05.26 08:03:31.218,1.5413,1.542,1.00,2.40
2010.05.26 08:03:31.902,1.5414,1.542,1.00,2.40
2010.05.26 08:03:32.241,1.54135,1.542,1.00,2.40
2010.05.26 08:03:32.579,1.5414,1.542,1.00,1.60
2010.05.26 08:03:32.937,1.54145,1.54205,1.00,1.00
2010.05.26 08:03:33.270,1.54145,1.54215,1.00,3.10
2010.05.26 08:03:33.609,1.54145,1.54215,1.00,3.10
2010.05.26 08:03:34.341,1.54145,1.54215,1.00,3.30
2010.05.26 08:03:35.660,1.5414,1.54205,1.00,1.60
2010.05.26 08:03:36.262,1.54135,1.54205,1.00,1.60
2010.05.26 08:03:36.602,1.54135,1.542,1.00,1.60
2010.05.26 08:03:36.940,1.5413,1.54195,1.00,2.40
2010.05.26 08:03:37.180,1.5413,1.54195,1.00,1.60
2010.05.26 08:03:38.040,1.54125,1.54195,1.00,1.60
2010.05.26 08:03:38.329,1.54135,1.54195,1.00,1.60
2010.05.26 08:03:38.620,1.54125,1.54195,1.80,2.40
2010.05.26 08:03:38.920,1.5413,1.54195,1.00,2.40
2010.05.26 08:03:39.619,1.5413,1.54195,1.00,1.00
2010.05.26 08:03:40.429,1.5413,1.54195,1.00,2.40
2010.05.26 08:03:40.969,1.54125,1.54185,1.00,1.00
2010.05.26 08:03:41.720,1.5413,1.54195,1.00,1.80
2010.05.26 08:03:42.060,1.5413,1.542,1.00,2.40
2010.05.26 08:03:42.399,1.5413,1.54195,1.00,1.60
2010.05.26 08:03:42.639,1.5413,1.54195,1.00,2.40
2010.05.26 08:03:42.879,1.5413,1.5419,1.00,1.00
2010.05.26 08:03:43.581,1.54125,1.5419,1.00,2.40
2010.05.26 08:03:43.839,1.5413,1.5419,1.00,2.40
2010.05.26 08:03:44.099,1.5413,1.5419,1.00,1.00
2010.05.26 08:03:44.360,1.5412,1.54185,1.00,1.00
2010.05.26 08:03:45.150,1.54125,1.5418,1.00,1.00
2010.05.26 08:03:47.040,1.5412,1.5418,1.00,1.00
2010.05.26 08:03:47.289,1.5412,1.5418,1.00,2.90
2010.05.26 08:03:47.920,1.5412,1.54175,1.00,2.40
2010.05.26 08:03:48.259,1.5412,1.54175,1.00,2.10
2010.05.26 08:03:48.599,1.54115,1.5418,2.50,1.00
2010.05.26 08:03:49.108,1.54115,1.54185,2.50,1.00
2010.05.26 08:03:49.453,1.54105,1.5415,1.60,2.40
2010.05.26 08:03:49.792,1.54105,1.5415,1.60,1.00
2010.05.26 08:03:50.444,1.5412,1.5415,1.60,1.60
2010.05.26 08:03:50.785,1.541,1.5416,1.00,1.00
2010.05.26 08:03:51.122,1.541,1.5417,1.00,1.30
2010.05.26 08:03:51.813,1.54115,1.54185,1.00,1.50
2010.05.26 08:03:52.150,1.54115,1.5418,1.00,1.00
2010.05.26 08:03:52.856,1.5411,1.5418,2.40,1.00
2010.05.26 08:03:53.203,1.5413,1.5417,1.60,1.00
2010.05.26 08:03:53.544,1.54105,1.54165,1.00,1.00
2010.05.26 08:03:53.881,1.5411,1.54165,1.00,1.00
2010.05.26 08:03:54.172,1.54105,1.54165,1.00,1.00
2010.05.26 08:03:54.880,1.54095,1.54165,1.00,1.60
2010.05.26 08:03:55.220,1.54095,1.5417,2.60,3.10
2010.05.26 08:03:55.562,1.541,1.5417,1.80,1.30
2010.05.26 08:03:55.962,1.541,1.5417,1.80,2.90
2010.05.26 08:03:56.316,1.5409,1.54155,2.70,1.00
2010.05.26 08:03:56.664,1.54095,1.54155,1.00,1.60
2010.05.26 08:03:57.215,1.54085,1.5415,4.30,1.00
2010.05.26 08:03:57.550,1.5409,1.5414,1.00,1.00
2010.05.26 08:03:57.891,1.5409,1.54145,1.00,1.00
2010.05.26 08:03:58.614,1.5409,1.5414,1.00,1.00
2010.05.26 08:03:58.952,1.54085,1.5414,1.00,1.00
2010.05.26 08:03:59.643,1.54085,1.5413,1.60,1.00
2010.05.26 08:03:59.984,1.54085,1.5413,1.00,1.00
2010.05.26 08:04:00.323,1.5408,1.54135,1.00,1.00
2010.05.26 08:04:01.030,1.5408,1.54135,1.00,1.00
2010.05.26 08:04:01.370,1.5407,1.5413,1.70,1.00
2010.05.26 08:04:01.711,1.54075,1.54125,1.00,1.00
2010.05.26 08:04:02.425,1.54075,1.54125,1.00,1.00
2010.05.26 08:04:03.440,1.54065,1.54125,2.60,1.00
2010.05.26 08:04:03.759,1.5407,1.54125,1.00,1.00
2010.05.26 08:04:05.199,1.54075,1.54125,1.00,1.00
2010.05.26 08:04:06.222,1.54085,1.5413,1.00,1.00
2010.05.26 08:04:06.530,1.5408,1.5413,2.60,1.00
2010.05.26 08:04:06.762,1.5408,1.54135,1.00,1.00
2010.05.26 08:04:07.510,1.5407,1.54135,4.20,1.00
2010.05.26 08:04:07.850,1.54075,1.54135,1.00,1.00
2010.05.26 08:04:08.192,1.5408,1.54135,1.00,1.00
2010.05.26 08:04:08.892,1.54075,1.54135,1.00,1.00
2010.05.26 08:04:09.193,1.54085,1.54135,1.00,1.00
2010.05.26 08:04:09.816,1.54085,1.5414,1.00,1.00
2010.05.26 08:04:10.109,1.5409,1.5414,1.00,1.00
2010.05.26 08:04:11.262,1.5409,1.54145,1.00,1.00
2010.05.26 08:04:11.605,1.54085,1.54145,1.80,1.00
2010.05.26 08:04:11.945,1.54075,1.5414,1.00,1.00
2010.05.26 08:04:12.629,1.5408,1.5414,1.00,1.00
2010.05.26 08:04:12.980,1.54085,1.54145,1.80,1.00
2010.05.26 08:04:13.672,1.54085,1.54145,1.60,1.50
2010.05.26 08:04:14.003,1.54085,1.5415,2.40,1.00
2010.05.26 08:04:14.342,1.5408,1.54145,1.00,1.00
2010.05.26 08:04:15.330,1.54075,1.54145,1.00,1.00
2010.05.26 08:04:17.040,1.5408,1.5414,1.60,1.00
2010.05.26 08:04:17.271,1.54075,1.5414,1.00,1.00
2010.05.26 08:04:17.719,1.5407,1.5414,1.00,1.00
2010.05.26 08:04:18.301,1.54065,1.5414,1.00,1.50
2010.05.26 08:04:18.640,1.54075,1.54135,1.00,1.00
2010.05.26 08:04:18.984,1.54065,1.5414,2.40,1.50
2010.05.26 08:04:19.350,1.54065,1.5414,1.00,1.50
2010.05.26 08:04:19.695,1.54055,1.5412,1.00,1.00
2010.05.26 08:04:20.030,1.54055,1.54125,1.00,2.40
2010.05.26 08:04:20.370,1.54055,1.54125,1.00,3.10
2010.05.26 08:04:21.049,1.54055,1.54125,1.00,3.10
2010.05.26 08:04:21.480,1.5406,1.54125,1.00,2.30
2010.05.26 08:04:21.639,1.5406,1.54125,1.00,1.00
2010.05.26 08:04:22.061,1.5406,1.54125,1.00,1.00
2010.05.26 08:04:22.483,1.54065,1.54125,1.00,1.00
2010.05.26 08:04:22.822,1.5406,1.54125,1.00,1.00
2010.05.26 08:04:23.162,1.5407,1.54135,1.00,1.00
2010.05.26 08:04:23.501,1.54075,1.54135,1.00,1.00
2010.05.26 08:04:24.180,1.54075,1.5414,1.00,1.00
2010.05.26 08:04:25.169,1.54075,1.5414,1.00,1.00
2010.05.26 08:04:25.676,1.5407,1.5414,2.40,1.00
2010.05.26 08:04:25.970,1.5407,1.54135,2.40,1.00
2010.05.26 08:04:26.259,1.5407,1.5411,1.60,1.00
2010.05.26 08:04:26.551,1.54055,1.5411,1.00,1.00
2010.05.26 08:04:26.842,1.5406,1.54115,2.40,1.00
2010.05.26 08:04:27.545,1.5406,1.5412,1.00,1.00
2010.05.26 08:04:28.160,1.54065,1.5412,1.00,1.00
2010.05.26 08:04:29.439,1.54065,1.5412,1.00,1.00
2010.05.26 08:04:29.781,1.54065,1.5412,1.00,1.50
2010.05.26 08:04:30.111,1.5406,1.54115,1.00,1.00
2010.05.26 08:04:30.420,1.5406,1.54115,1.00,1.00
2010.05.26 08:04:30.731,1.5406,1.5412,1.00,3.10
2010.05.26 08:04:31.327,1.5406,1.5412,1.00,1.00
2010.05.26 08:04:31.555,1.54065,1.54125,1.00,1.00
2010.05.26 08:04:31.780,1.5406,1.5413,4.00,1.50
2010.05.26 08:04:32.010,1.54065,1.5413,1.00,1.00
2010.05.26 08:04:33.371,1.54065,1.5413,1.00,1.00
2010.05.26 08:04:33.909,1.5407,1.5413,1.00,1.00
2010.05.26 08:04:34.510,1.54065,1.5413,1.00,1.00
2010.05.26 08:04:34.851,1.54065,1.5413,1.00,3.10
2010.05.26 08:04:35.601,1.5406,1.54125,1.00,1.00
2010.05.26 08:04:35.964,1.54055,1.54125,2.50,1.00
2010.05.26 08:04:37.619,1.54065,1.54125,1.00,1.00
2010.05.26 08:04:37.839,1.54065,1.54125,1.00,1.00
2010.05.26 08:04:38.059,1.54065,1.54125,1.00,1.00
2010.05.26 08:04:38.279,1.5406,1.54125,1.00,1.00
2010.05.26 08:04:38.498,1.5406,1.54125,1.00,1.00
2010.05.26 08:04:38.892,1.5406,1.54125,1.00,1.00
2010.05.26 08:04:39.213,1.54065,1.5413,1.00,3.10
2010.05.26 08:04:40.197,1.54065,1.5413,1.00,2.60
2010.05.26 08:04:40.559,1.54065,1.5413,1.00,2.40
2010.05.26 08:04:40.902,1.5407,1.54135,1.00,1.50
2010.05.26 08:04:41.162,1.5407,1.54125,1.00,2.40
2010.05.26 08:04:41.556,1.5406,1.54125,1.80,2.40
2010.05.26 08:04:41.812,1.5407,1.5413,1.00,1.60
2010.05.26 08:04:42.073,1.54075,1.5414,1.00,1.00
2010.05.26 08:04:42.410,1.5408,1.5414,1.00,1.00
2010.05.26 08:04:43.121,1.5408,1.54145,1.00,1.00
2010.05.26 08:04:43.790,1.5408,1.5415,1.00,1.00
2010.05.26 08:04:44.120,1.5408,1.54155,2.60,3.30
2010.05.26 08:04:44.790,1.54085,1.54145,1.00,1.00
2010.05.26 08:04:45.129,1.54075,1.54145,1.00,2.40
2010.05.26 08:04:45.802,1.5407,1.5414,1.00,4.00
2010.05.26 08:04:46.099,1.54065,1.5414,1.90,4.00
2010.05.26 08:04:46.863,1.54075,1.5414,1.00,2.20
2010.05.26 08:04:47.203,1.5408,1.5414,1.00,1.00
2010.05.26 08:04:47.669,1.5407,1.5414,2.40,1.00
2010.05.26 08:04:48.019,1.54075,1.54135,1.00,1.00
2010.05.26 08:04:48.363,1.5407,1.54135,2.40,1.00
2010.05.26 08:04:48.988,1.54075,1.54135,1.00,1.00
2010.05.26 08:04:49.330,1.5407,1.54135,1.00,1.00
2010.05.26 08:04:50.350,1.54085,1.5414,1.60,1.00
2010.05.26 08:04:50.973,1.5408,1.5415,5.00,1.80
2010.05.26 08:04:51.230,1.54095,1.5416,1.00,1.00
2010.05.26 08:04:51.489,1.5409,1.5416,4.00,1.00
2010.05.26 08:04:52.161,1.5409,1.5416,2.60,1.00
2010.05.26 08:04:52.500,1.5409,1.5416,1.00,1.00
2010.05.26 08:04:52.840,1.54085,1.5416,2.60,1.50
2010.05.26 08:04:53.530,1.5408,1.5415,1.00,4.00
2010.05.26 08:04:53.870,1.54085,1.5415,1.00,4.00
2010.05.26 08:04:54.199,1.54085,1.54155,1.00,1.30
2010.05.26 08:04:54.702,1.54085,1.54155,1.80,1.30
2010.05.26 08:04:55.040,1.54085,1.54155,1.00,1.30
2010.05.26 08:04:55.720,1.5408,1.54155,2.50,3.00
2010.05.26 08:04:56.114,1.5408,1.54155,1.00,4.60
2010.05.26 08:04:56.468,1.5408,1.54155,6.80,1.00
2010.05.26 08:04:56.810,1.54085,1.54155,1.00,1.00
2010.05.26 08:04:57.152,1.54085,1.5416,2.40,1.70
2010.05.26 08:04:57.550,1.54095,1.5416,1.00,1.50
2010.05.26 08:04:57.883,1.54095,1.54165,4.00,1.00
2010.05.26 08:04:59.240,1.54095,1.54165,1.00,1.00
2010.05.26 08:05:00.910,1.54095,1.54165,1.00,1.00
2010.05.26 08:05:01.220,1.5409,1.54165,1.00,4.80
2010.05.26 08:05:01.560,1.5409,1.5416,1.00,1.00
2010.05.26 08:05:02.260,1.5409,1.54155,1.00,1.00
2010.05.26 08:05:02.601,1.5408,1.5414,3.40,1.00
2010.05.26 08:05:02.942,1.5407,1.5414,2.50,1.00
2010.05.26 08:05:03.343,1.54075,1.5414,1.00,1.00
2010.05.26 08:05:03.690,1.54075,1.54145,1.00,1.00
2010.05.26 08:05:04.403,1.54075,1.54145,1.00,2.90
2010.05.26 08:05:04.745,1.54065,1.54135,1.60,3.10
2010.05.26 08:05:05.081,1.5406,1.54135,4.20,1.50
2010.05.26 08:05:06.272,1.54065,1.54135,2.60,1.00
2010.05.26 08:05:06.560,1.5407,1.54135,1.70,1.00
2010.05.26 08:05:06.889,1.5407,1.5414,1.70,1.50
2010.05.26 08:05:07.220,1.54075,1.5414,1.00,1.00
2010.05.26 08:05:07.644,1.54075,1.5414,1.00,1.00
2010.05.26 08:05:07.998,1.5407,1.54145,2.50,3.30
2010.05.26 08:05:08.342,1.5407,1.54135,1.00,1.00
2010.05.26 08:05:08.662,1.5406,1.54135,4.20,1.00
2010.05.26 08:05:08.980,1.54065,1.54135,1.00,1.00
2010.05.26 08:05:09.639,1.54065,1.54135,1.00,1.50
2010.05.26 08:05:10.848,1.54065,1.54135,1.00,1.00
2010.05.26 08:05:11.459,1.5407,1.54135,1.00,1.00
2010.05.26 08:05:11.621,1.5407,1.54135,1.00,1.50
2010.05.26 08:05:11.950,1.5407,1.5414,2.50,1.00
2010.05.26 08:05:12.109,1.5407,1.5414,4.00,1.00
2010.05.26 08:05:12.270,1.54075,1.5414,1.00,1.00
2010.05.26 08:05:12.801,1.5407,1.5414,1.00,1.30
2010.05.26 08:05:13.139,1.5407,1.5414,1.00,3.00
2010.05.26 08:05:13.479,1.5407,1.5414,1.00,3.20
2010.05.26 08:05:13.819,1.5407,1.5414,1.00,1.50
2010.05.26 08:05:14.502,1.54065,1.5414,1.00,1.70
2010.05.26 08:05:15.180,1.54075,1.5414,1.00,1.00
2010.05.26 08:05:15.520,1.54075,1.5414,1.00,1.00
2010.05.26 08:05:16.499,1.54075,1.54135,1.00,1.00
2010.05.26 08:05:17.670,1.5407,1.54135,1.00,1.00
2010.05.26 08:05:18.279,1.54075,1.5414,1.00,1.00
2010.05.26 08:05:18.480,1.54085,1.5414,1.00,1.00
2010.05.26 08:05:19.036,1.54085,1.54145,1.00,1.00
2010.05.26 08:05:19.241,1.54085,1.5415,1.00,1.00
2010.05.26 08:05:19.935,1.54085,1.5415,1.00,1.00
2010.05.26 08:05:20.271,1.54085,1.54155,2.40,1.00
2010.05.26 08:05:20.610,1.54085,1.54155,2.50,1.00
2010.05.26 08:05:20.900,1.5409,1.54155,1.70,1.00
2010.05.26 08:05:21.650,1.54095,1.54155,1.00,1.00
2010.05.26 08:05:23.663,1.541,1.54155,1.00,1.00
2010.05.26 08:05:23.880,1.541,1.5416,1.00,1.00
2010.05.26 08:05:24.871,1.541,1.5416,1.00,1.30
2010.05.26 08:05:25.501,1.54095,1.54155,1.00,1.00
2010.05.26 08:05:25.962,1.5409,1.5416,1.00,3.10
2010.05.26 08:05:26.109,1.5409,1.54155,1.00,1.50
2010.05.26 08:05:26.260,1.54085,1.54155,1.80,1.50
2010.05.26 08:05:26.409,1.54085,1.5415,1.00,1.00
2010.05.26 08:05:26.804,1.5409,1.5415,1.60,1.00
2010.05.26 08:05:26.951,1.5409,1.5415,1.00,1.50
2010.05.26 08:05:28.012,1.54085,1.5415,1.00,1.50
2010.05.26 08:05:28.691,1.54085,1.54145,1.00,1.00
2010.05.26 08:05:29.032,1.54075,1.54145,2.60,1.00
2010.05.26 08:05:29.401,1.54075,1.54145,1.00,1.00
2010.05.26 08:05:30.081,1.5407,1.54145,2.60,1.70
2010.05.26 08:05:31.114,1.5407,1.5414,1.00,1.00
2010.05.26 08:05:31.452,1.54075,1.54145,2.60,1.00
2010.05.26 08:05:32.342,1.54075,1.54145,1.00,1.00
2010.05.26 08:05:32.671,1.5408,1.5414,1.00,1.00
2010.05.26 08:05:33.000,1.54075,1.5414,1.00,1.00
2010.05.26 08:05:33.319,1.54075,1.5414,1.00,1.00
2010.05.26 08:05:35.600,1.54075,1.5414,1.00,1.00
2010.05.26 08:05:35.790,1.5408,1.5414,1.00,1.00
2010.05.26 08:05:36.361,1.5408,1.54145,1.00,1.00
2010.05.26 08:05:36.889,1.5408,1.54145,1.00,1.00
2010.05.26 08:05:37.600,1.54075,1.5414,1.00,1.00
2010.05.26 08:05:37.942,1.5407,1.5414,1.00,1.30
2010.05.26 08:05:38.242,1.54075,1.5414,1.00,1.30
2010.05.26 08:05:38.881,1.5408,1.54145,1.00,1.00
2010.05.26 08:05:39.561,1.5408,1.54145,1.00,1.50
2010.05.26 08:05:39.931,1.54075,1.54145,1.00,1.50
2010.05.26 08:05:40.270,1.54075,1.54135,1.00,1.00
2010.05.26 08:05:40.610,1.5407,1.5414,1.80,1.30
2010.05.26 08:05:40.949,1.54075,1.5414,1.00,1.00
2010.05.26 08:05:41.250,1.54075,1.5414,1.00,1.00
2010.05.26 08:05:41.609,1.54075,1.5414,1.00,1.00
2010.05.26 08:05:43.522,1.5408,1.5414,1.00,1.00
2010.05.26 08:05:44.588,1.5408,1.54145,1.00,1.00
2010.05.26 08:05:45.211,1.54085,1.54145,1.00,1.00
2010.05.26 08:05:45.409,1.5408,1.54145,1.00,1.00
2010.05.26 08:05:46.980,1.5408,1.54145,1.00,1.70
2010.05.26 08:05:47.572,1.5408,1.54145,1.00,4.80
2010.05.26 08:05:47.862,1.54075,1.5414,1.00,1.00
2010.05.26 08:05:48.818,1.5407,1.5414,1.00,1.00
2010.05.26 08:05:49.161,1.54065,1.54135,3.40,1.00
2010.05.26 08:05:49.501,1.54065,1.54135,1.70,1.30
2010.05.26 08:05:50.829,1.5407,1.54135,1.00,1.30
2010.05.26 08:05:51.759,1.54075,1.5414,1.00,2.40
2010.05.26 08:05:52.033,1.54075,1.54145,1.00,1.00
2010.05.26 08:05:52.712,1.5408,1.54145,2.40,1.00
2010.05.26 08:05:53.053,1.5408,1.54155,2.50,3.30
2010.05.26 08:05:53.715,1.5408,1.5415,2.40,1.00
2010.05.26 08:05:54.041,1.5409,1.54155,1.00,4.20
2010.05.26 08:05:54.382,1.54085,1.5415,1.00,1.00
2010.05.26 08:05:55.080,1.54085,1.5415,1.00,1.50
2010.05.26 08:05:55.425,1.5407,1.54135,2.60,1.00
2010.05.26 08:05:55.763,1.54065,1.5412,1.00,1.00
2010.05.26 08:05:56.573,1.54065,1.5412,1.00,2.40
2010.05.26 08:05:56.865,1.54075,1.5413,1.00,1.00
2010.05.26 08:05:57.152,1.54065,1.5414,1.00,3.10
2010.05.26 08:05:58.103,1.5407,1.54135,1.00,1.00
2010.05.26 08:05:58.439,1.54075,1.54135,1.00,1.00
2010.05.26 08:05:58.780,1.54075,1.5414,1.00,3.10
2010.05.26 08:05:59.494,1.5407,1.5414,1.00,3.10
2010.05.26 08:05:59.831,1.5407,1.54135,1.00,1.00
2010.05.26 08:06:00.954,1.5407,1.5414,1.00,2.40
2010.05.26 08:06:01.290,1.5407,1.5413,1.00,1.00
2010.05.26 08:06:01.631,1.54065,1.5412,1.00,1.00
2010.05.26 08:06:02.308,1.54065,1.54135,4.20,1.00
2010.05.26 08:06:02.655,1.5407,1.54135,1.00,1.50
2010.05.26 08:06:02.992,1.54065,1.54135,4.00,1.70
2010.05.26 08:06:03.271,1.5407,1.54135,1.00,1.50
2010.05.26 08:06:03.891,1.54075,1.54135,1.00,1.50
2010.05.26 08:06:04.856,1.54065,1.54135,4.20,1.70
2010.05.26 08:06:05.533,1.54065,1.54135,4.00,1.70
2010.05.26 08:06:05.870,1.5407,1.54145,6.80,1.30
2010.05.26 08:06:06.550,1.5408,1.54145,1.00,1.20
2010.05.26 08:06:08.231,1.5408,1.54145,1.00,1.20
2010.05.26 08:06:08.859,1.54085,1.54145,1.00,1.20
2010.05.26 08:06:09.140,1.54085,1.5415,1.70,1.00
2010.05.26 08:06:09.823,1.5409,1.54155,1.70,1.00
2010.05.26 08:06:10.070,1.5409,1.5415,1.00,1.00
2010.05.26 08:06:10.911,1.5409,1.54155,1.60,1.00
2010.05.26 08:06:11.288,1.5409,1.54155,3.20,1.00
2010.05.26 08:06:11.635,1.541,1.5416,1.00,1.00
2010.05.26 08:06:13.120,1.541,1.54155,1.00,1.00
2010.05.26 08:06:14.754,1.5409,1.54155,2.70,1.00
2010.05.26 08:06:14.761,1.5409,1.54155,4.30,1.00
2010.05.26 08:06:15.100,1.5409,1.54155,4.30,1.00
2010.05.26 08:06:15.299,1.5409,1.54155,4.30,1.00
2010.05.26 08:06:16.610,1.5409,1.54155,1.00,1.00
2010.05.26 08:06:16.950,1.5409,1.5415,1.60,1.00
2010.05.26 08:06:17.481,1.5409,1.5415,3.40,1.00
2010.05.26 08:06:17.820,1.5409,1.5415,1.00,2.40
2010.05.26 08:06:18.159,1.54095,1.5415,1.00,2.40
2010.05.26 08:06:19.613,1.54085,1.5415,1.00,2.40
2010.05.26 08:06:19.921,1.54085,1.54145,1.00,2.40
2010.05.26 08:06:20.231,1.5408,1.54145,1.00,2.40
2010.05.26 08:06:20.876,1.5408,1.54145,1.00,1.00
2010.05.26 08:06:21.235,1.5408,1.54145,1.00,2.40
2010.05.26 08:06:21.573,1.54085,1.5414,1.00,2.40
2010.05.26 08:06:22.646,1.5407,1.54135,1.00,2.40
2010.05.26 08:06:22.992,1.5408,1.54145,1.00,2.40
2010.05.26 08:06:23.317,1.54075,1.54145,1.00,2.40
2010.05.26 08:06:23.801,1.5408,1.54145,1.00,1.60
2010.05.26 08:06:24.005,1.54085,1.54155,1.00,3.30
2010.05.26 08:06:24.346,1.54085,1.54155,1.00,2.50
2010.05.26 08:06:25.029,1.54085,1.54155,1.00,2.30
2010.05.26 08:06:26.193,1.54085,1.54155,1.00,2.50
2010.05.26 08:06:26.429,1.5408,1.5415,1.60,1.00
2010.05.26 08:06:26.956,1.54075,1.54145,1.00,2.10
2010.05.26 08:06:27.203,1.54085,1.54145,1.00,1.60
2010.05.26 08:06:27.542,1.5409,1.5416,2.40,1.60
2010.05.26 08:06:28.083,1.541,1.5417,1.00,2.60
2010.05.26 08:06:28.423,1.54105,1.54175,4.00,1.00
2010.05.26 08:06:28.759,1.54115,1.54175,1.00,1.00
2010.05.26 08:06:29.100,1.54105,1.54175,1.60,1.00
2010.05.26 08:06:29.440,1.5411,1.54175,1.60,2.90
2010.05.26 08:06:30.146,1.54095,1.5416,1.00,1.00
2010.05.26 08:06:31.123,1.5409,1.54145,1.00,1.00
2010.05.26 08:06:31.769,1.5407,1.54135,1.80,1.00
2010.05.26 08:06:32.081,1.5406,1.54125,2.70,2.40
2010.05.26 08:06:32.401,1.54055,1.5413,1.90,1.00
2010.05.26 08:06:33.027,1.54055,1.54125,1.00,1.00
2010.05.26 08:06:33.373,1.5407,1.54135,2.40,2.90
2010.05.26 08:06:33.710,1.5407,1.54135,2.40,1.20
2010.05.26 08:06:33.960,1.5407,1.54135,2.40,1.00
2010.05.26 08:06:34.210,1.5407,1.54135,4.00,1.00
2010.05.26 08:06:35.644,1.5407,1.54135,3.20,1.00
2010.05.26 08:06:35.929,1.5407,1.54135,1.00,1.00
2010.05.26 08:06:36.219,1.54075,1.54135,1.00,1.00
2010.05.26 08:06:37.339,1.5407,1.54135,1.80,1.00
2010.05.26 08:06:37.659,1.5407,1.54135,1.60,1.00
2010.05.26 08:06:38.080,1.54065,1.54135,4.20,1.00
2010.05.26 08:06:38.245,1.5407,1.54135,1.00,1.00
2010.05.26 08:06:38.582,1.54065,1.54135,1.00,1.00
2010.05.26 08:06:38.921,1.54065,1.54135,4.00,1.00
2010.05.26 08:06:39.267,1.54065,1.54135,4.20,1.00
2010.05.26 08:06:39.621,1.5407,1.54135,4.00,1.00
2010.05.26 08:06:39.960,1.5407,1.54135,3.20,1.00
2010.05.26 08:06:40.301,1.54065,1.54115,1.00,1.00
2010.05.26 08:06:40.685,1.5406,1.54115,4.00,1.00
2010.05.26 08:06:41.036,1.54055,1.54125,1.70,1.50
2010.05.26 08:06:41.374,1.5406,1.5413,1.00,4.00
2010.05.26 08:06:42.048,1.5406,1.5413,1.60,1.30
2010.05.26 08:06:42.394,1.5405,1.5412,1.00,1.00
2010.05.26 08:06:42.730,1.5405,1.54125,1.70,1.50
2010.05.26 08:06:43.394,1.5405,1.54125,1.40,1.50
2010.05.26 08:06:43.411,1.5405,1.54125,1.00,1.50
2010.05.26 08:06:43.743,1.5405,1.54105,1.00,1.00
2010.05.26 08:06:44.073,1.5405,1.5411,1.00,1.00
2010.05.26 08:06:44.404,1.54045,1.541,1.00,1.00
2010.05.26 08:06:45.071,1.54045,1.54105,1.00,1.00
2010.05.26 08:06:47.201,1.5404,1.54105,1.00,2.40
2010.05.26 08:06:47.420,1.5404,1.54105,4.00,1.20
2010.05.26 08:06:47.641,1.5405,1.5411,3.20,1.20
2010.05.26 08:06:48.041,1.5405,1.5411,3.20,1.00
2010.05.26 08:06:48.382,1.5404,1.5411,3.50,1.00
2010.05.26 08:06:48.722,1.54035,1.54105,1.70,1.00
2010.05.26 08:06:49.254,1.54035,1.541,3.70,1.00
2010.05.26 08:06:49.593,1.54035,1.541,1.00,1.00
2010.05.26 08:06:49.932,1.54035,1.5409,1.00,1.00
2010.05.26 08:06:51.291,1.54035,1.541,1.00,1.80
2010.05.26 08:06:51.631,1.54035,1.54105,1.00,1.00
2010.05.26 08:06:51.850,1.54035,1.54105,1.80,1.00
2010.05.26 08:06:52.070,1.54035,1.54105,3.60,1.00
2010.05.26 08:06:52.629,1.5405,1.54105,1.00,1.00
2010.05.26 08:06:52.969,1.54045,1.54105,1.00,1.00
2010.05.26 08:06:54.680,1.54035,1.54105,1.90,1.00
2010.05.26 08:06:55.009,1.5404,1.5411,1.00,3.40
2010.05.26 08:06:55.310,1.5404,1.54105,1.00,1.00
2010.05.26 08:06:55.610,1.54035,1.541,1.10,1.00
2010.05.26 08:06:56.243,1.5404,1.54095,1.00,1.00
2010.05.26 08:06:56.471,1.54035,1.54095,1.00,1.00
2010.05.26 08:06:56.699,1.54035,1.54105,1.00,1.50
2010.05.26 08:06:57.963,1.54015,1.5409,6.80,1.00
2010.05.26 08:06:58.092,1.54015,1.54085,5.20,1.00
2010.05.26 08:06:58.350,1.54015,1.54085,1.00,1.00
2010.05.26 08:06:59.320,1.54015,1.54085,1.00,1.00
2010.05.26 08:06:59.660,1.54015,1.54085,1.00,1.00
2010.05.26 08:07:00.520,1.54015,1.54085,3.20,1.00
2010.05.26 08:07:01.211,1.54005,1.54065,1.00,1.00
2010.05.26 08:07:02.632,1.5401,1.54065,1.00,1.00
2010.05.26 08:07:03.559,1.54005,1.54065,1.00,1.00
2010.05.26 08:07:03.811,1.5401,1.5406,1.00,1.00
2010.05.26 08:07:04.064,1.54,1.5407,1.00,1.50
2010.05.26 08:07:04.792,1.54005,1.5407,1.00,1.00
2010.05.26 08:07:05.130,1.5401,1.5407,1.00,1.00
2010.05.26 08:07:05.469,1.5401,1.5407,1.60,1.00
2010.05.26 08:07:05.850,1.54005,1.5407,1.60,1.00
2010.05.26 08:07:06.205,1.54005,1.5407,1.00,1.00
2010.05.26 08:07:06.548,1.54005,1.5407,2.50,1.00
2010.05.26 08:07:07.150,1.54005,1.5407,1.70,1.30
2010.05.26 08:07:07.811,1.54,1.5407,1.00,1.30
2010.05.26 08:07:08.491,1.54,1.54065,1.00,1.00
2010.05.26 08:07:08.831,1.53995,1.54065,1.00,2.90
2010.05.26 08:07:09.110,1.54,1.54065,1.00,2.10
2010.05.26 08:07:09.460,1.54,1.54065,2.40,1.00
2010.05.26 08:07:09.741,1.54005,1.5407,1.00,1.00
2010.05.26 08:07:10.019,1.54,1.5407,2.70,1.00
2010.05.26 08:07:10.359,1.5401,1.5407,1.00,1.00
2010.05.26 08:07:11.036,1.54005,1.5406,1.00,1.60
2010.05.26 08:07:11.311,1.5401,1.5407,1.00,2.10
2010.05.26 08:07:11.580,1.5401,1.5407,1.00,2.30
2010.05.26 08:07:11.851,1.54005,1.5406,1.00,1.60
2010.05.26 08:07:12.124,1.54005,1.5406,1.00,2.40
2010.05.26 08:07:13.341,1.54015,1.5407,1.00,1.00
2010.05.26 08:07:13.680,1.54015,1.5409,1.00,1.50
2010.05.26 08:07:13.880,1.54025,1.5409,1.00,1.00
2010.05.26 08:07:14.080,1.54025,1.54095,1.00,1.00
2010.05.26 08:07:14.280,1.54025,1.541,6.70,1.00
2010.05.26 08:07:14.820,1.5403,1.54105,1.00,1.50
2010.05.26 08:07:15.840,1.5403,1.541,1.00,1.00
2010.05.26 08:07:16.191,1.5403,1.54105,1.00,1.50
2010.05.26 08:07:16.629,1.5403,1.54105,1.80,1.00
2010.05.26 08:07:16.974,1.5403,1.54105,5.10,1.00
2010.05.26 08:07:17.230,1.5403,1.54105,3.40,1.00
2010.05.26 08:07:17.480,1.5403,1.54105,3.40,1.00
2010.05.26 08:07:17.731,1.54035,1.54095,1.60,1.00
2010.05.26 08:07:18.072,1.54035,1.541,2.40,1.00
2010.05.26 08:07:18.750,1.5403,1.541,5.10,1.00
2010.05.26 08:07:19.129,1.5403,1.5409,4.30,1.00
2010.05.26 08:07:19.319,1.5403,1.5409,1.60,1.00
2010.05.26 08:07:19.510,1.54025,1.54085,1.60,1.00
2010.05.26 08:07:20.049,1.54035,1.5409,1.00,1.60
2010.05.26 08:07:20.390,1.5404,1.5411,1.60,1.00
2010.05.26 08:07:20.729,1.54045,1.5411,2.60,1.00
2010.05.26 08:07:21.820,1.54045,1.5411,1.60,1.00
2010.05.26 08:07:22.072,1.54045,1.54115,1.00,1.00
2010.05.26 08:07:22.332,1.54045,1.5411,2.60,1.00
2010.05.26 08:07:22.580,1.5404,1.5411,2.60,1.00
2010.05.26 08:07:22.958,1.5403,1.54105,5.80,2.40
2010.05.26 08:07:23.201,1.5403,1.54105,4.30,2.40
2010.05.26 08:07:23.540,1.5403,1.54095,2.30,1.00
2010.05.26 08:07:23.884,1.54025,1.5409,1.00,2.40
2010.05.26 08:07:24.223,1.5403,1.5409,1.00,1.60
2010.05.26 08:07:24.916,1.54015,1.54085,3.50,3.20
2010.05.26 08:07:25.260,1.54015,1.5409,5.10,2.40
2010.05.26 08:07:25.880,1.54025,1.5409,1.00,1.70
2010.05.26 08:07:26.369,1.5402,1.54095,4.10,5.10
2010.05.26 08:07:26.653,1.5403,1.54105,5.10,1.00
2010.05.26 08:07:26.939,1.54035,1.54105,1.00,1.00
2010.05.26 08:07:28.201,1.5404,1.5411,1.60,1.00
2010.05.26 08:07:28.880,1.5404,1.54095,1.60,1.00
2010.05.26 08:07:29.423,1.54035,1.54095,1.60,1.00
2010.05.26 08:07:29.682,1.54025,1.54095,1.00,2.50
2010.05.26 08:07:30.020,1.5402,1.5409,3.50,1.60
2010.05.26 08:07:30.989,1.5402,1.5409,3.50,1.70
2010.05.26 08:07:32.572,1.5402,1.5409,2.70,2.50
2010.05.26 08:07:32.629,1.5402,1.5409,2.70,2.40
2010.05.26 08:07:32.725,1.5402,1.54085,2.70,1.60
2010.05.26 08:07:32.879,1.5402,1.54085,1.00,1.60
2010.05.26 08:07:33.610,1.54015,1.5409,1.90,2.50
2010.05.26 08:07:34.722,1.5401,1.54085,1.00,2.90
2010.05.26 08:07:34.944,1.5401,1.54085,1.00,3.10
2010.05.26 08:07:36.337,1.54015,1.5409,4.00,3.10
2010.05.26 08:07:36.683,1.5402,1.5409,4.00,1.00
2010.05.26 08:07:37.021,1.5403,1.54095,1.00,1.00
2010.05.26 08:07:37.772,1.5403,1.54095,1.00,1.00
2010.05.26 08:07:38.580,1.5403,1.541,1.00,1.00
2010.05.26 08:07:38.779,1.5403,1.541,1.00,2.50
2010.05.26 08:07:39.179,1.5403,1.541,1.00,2.50
2010.05.26 08:07:40.282,1.5403,1.54095,1.00,1.00
2010.05.26 08:07:41.075,1.54025,1.54095,1.80,2.40
2010.05.26 08:07:41.331,1.54025,1.54095,1.00,2.40
2010.05.26 08:07:41.609,1.5402,1.54095,5.90,2.50
2010.05.26 08:07:42.506,1.54015,1.54085,3.10,1.70
2010.05.26 08:07:42.764,1.54025,1.54095,4.00,1.00
2010.05.26 08:07:43.521,1.54025,1.54095,2.40,1.00
2010.05.26 08:07:44.430,1.54025,1.5409,2.40,1.00
2010.05.26 08:07:46.056,1.54025,1.5409,2.50,1.00
2010.05.26 08:07:47.254,1.54,1.5407,3.50,1.00
2010.05.26 08:07:47.350,1.54,1.5407,1.00,1.00
2010.05.26 08:07:47.631,1.54,1.54065,1.00,1.00
2010.05.26 08:07:47.729,1.53995,1.54065,5.90,1.00
2010.05.26 08:07:48.242,1.53995,1.54065,4.10,1.00
2010.05.26 08:07:50.400,1.53995,1.54065,3.30,1.00
2010.05.26 08:07:50.739,1.53995,1.54065,1.00,1.00
2010.05.26 08:07:51.740,1.54005,1.54065,1.00,1.00
2010.05.26 08:07:52.419,1.53995,1.54065,1.00,1.00
2010.05.26 08:07:53.200,1.53995,1.5406,1.00,1.00
2010.05.26 08:07:54.044,1.54005,1.54065,1.00,1.00
2010.05.26 08:07:54.632,1.53995,1.54065,1.00,1.00
2010.05.26 08:07:54.859,1.53995,1.5406,1.00,1.00
2010.05.26 08:07:55.193,1.5399,1.5406,2.70,1.00
2010.05.26 08:07:55.420,1.5399,1.54055,1.00,1.00
2010.05.26 08:07:55.760,1.5398,1.54055,5.00,2.60
2010.05.26 08:07:56.794,1.5398,1.5405,5.10,1.00
2010.05.26 08:07:57.760,1.53985,1.5405,1.60,1.00
2010.05.26 08:07:58.030,1.5398,1.5405,5.10,1.00
2010.05.26 08:07:59.351,1.53985,1.54055,1.00,1.00
2010.05.26 08:07:59.830,1.5398,1.5405,4.30,1.00
2010.05.26 08:08:00.171,1.5398,1.5405,2.50,1.00
2010.05.26 08:08:00.949,1.5398,1.5405,2.50,1.80
2010.05.26 08:08:01.202,1.53975,1.5405,5.00,4.20
2010.05.26 08:08:01.460,1.53975,1.5405,5.10,4.00
2010.05.26 08:08:02.315,1.5398,1.5405,1.00,4.00
2010.05.26 08:08:02.650,1.5398,1.5405,1.00,4.00
2010.05.26 08:08:04.120,1.5398,1.5405,1.00,4.20
2010.05.26 08:08:04.439,1.5398,1.5405,1.00,4.00
2010.05.26 08:08:04.751,1.53985,1.54055,2.40,1.00
2010.05.26 08:08:05.411,1.53985,1.54055,3.40,1.00
2010.05.26 08:08:05.753,1.53995,1.54065,2.40,1.00
2010.05.26 08:08:06.090,1.53995,1.54065,2.40,1.00
2010.05.26 08:08:06.431,1.5399,1.5406,1.80,1.00
2010.05.26 08:08:06.947,1.5399,1.54055,1.00,1.00
2010.05.26 08:08:07.292,1.5399,1.54055,1.00,2.40
2010.05.26 08:08:08.317,1.54005,1.54055,1.00,1.60
2010.05.26 08:08:08.636,1.5401,1.5408,2.40,1.00
2010.05.26 08:08:08.961,1.5401,1.5408,5.00,1.00
2010.05.26 08:08:09.291,1.5401,1.54085,5.00,4.20
2010.05.26 08:08:10.010,1.5402,1.54085,1.00,3.40
2010.05.26 08:08:10.352,1.5402,1.5409,3.40,1.00
2010.05.26 08:08:10.692,1.54015,1.54085,2.60,2.40
2010.05.26 08:08:11.031,1.54015,1.54085,2.60,4.00
2010.05.26 08:08:12.010,1.54025,1.54085,1.00,3.20
2010.05.26 08:08:12.239,1.54025,1.5408,2.40,1.00
2010.05.26 08:08:12.700,1.5402,1.54085,3.40,1.00
2010.05.26 08:08:12.930,1.5402,1.5408,3.40,1.00
2010.05.26 08:08:14.042,1.5402,1.5409,3.40,1.00
2010.05.26 08:08:14.229,1.5404,1.5409,1.00,1.00
2010.05.26 08:08:14.609,1.54035,1.5409,1.60,1.00
2010.05.26 08:08:14.799,1.54035,1.5409,1.00,1.00
2010.05.26 08:08:14.990,1.54035,1.54085,1.00,1.00
2010.05.26 08:08:15.331,1.54025,1.54095,3.40,1.00
2010.05.26 08:08:15.669,1.54025,1.54095,1.00,4.20
2010.05.26 08:08:17.439,1.54025,1.54095,1.00,2.60
2010.05.26 08:08:17.740,1.54025,1.5409,1.00,1.00
2010.05.26 08:08:18.038,1.54025,1.5409,1.00,1.00
2010.05.26 08:08:18.830,1.54025,1.54095,3.40,1.00
2010.05.26 08:08:19.080,1.54025,1.54095,1.00,2.50
2010.05.26 08:08:19.329,1.54025,1.54095,1.80,2.50
2010.05.26 08:08:19.579,1.5403,1.54095,1.00,1.00
2010.05.26 08:08:19.952,1.5403,1.541,1.00,1.00
2010.05.26 08:08:20.201,1.5402,1.54095,5.90,1.00
2010.05.26 08:08:20.540,1.5403,1.541,1.00,1.00
2010.05.26 08:08:20.879,1.54025,1.54095,1.80,2.40
2010.05.26 08:08:21.222,1.54035,1.54095,1.00,1.60
2010.05.26 08:08:21.520,1.54025,1.54095,2.20,2.50
2010.05.26 08:08:21.894,1.54025,1.54095,1.20,2.50
2010.05.26 08:08:22.192,1.54025,1.54095,1.00,2.50
2010.05.26 08:08:24.200,1.5403,1.54095,1.00,2.40
2010.05.26 08:08:24.480,1.5403,1.54095,1.00,1.60
2010.05.26 08:08:25.161,1.54045,1.541,1.00,1.00
2010.05.26 08:08:25.500,1.54045,1.54105,1.00,1.00
2010.05.26 08:08:25.840,1.54045,1.54105,1.00,1.00
2010.05.26 08:08:26.579,1.54045,1.541,1.00,1.00
2010.05.26 08:08:28.598,1.54045,1.541,1.00,1.00
2010.05.26 08:08:28.944,1.5405,1.5411,1.60,1.00
2010.05.26 08:08:29.184,1.54055,1.54085,1.00,1.00
2010.05.26 08:08:29.545,1.54055,1.54085,1.00,1.00
2010.05.26 08:08:29.783,1.5403,1.541,2.20,2.40
2010.05.26 08:08:30.024,1.5403,1.54095,1.00,1.60
2010.05.26 08:08:30.548,1.5403,1.54095,1.00,2.40
2010.05.26 08:08:30.894,1.5401,1.5408,3.40,1.00
2010.05.26 08:08:31.232,1.54015,1.54085,1.20,1.30
2010.05.26 08:08:31.952,1.5401,1.5408,1.00,4.20
2010.05.26 08:08:32.290,1.5401,1.5408,1.00,4.00
2010.05.26 08:08:32.610,1.5401,1.5407,1.00,1.60
2010.05.26 08:08:33.022,1.5401,1.5407,1.00,2.40
2010.05.26 08:08:33.347,1.54005,1.5407,1.00,2.50
2010.05.26 08:08:33.694,1.54005,1.5407,1.10,1.00
2010.05.26 08:08:34.031,1.54005,1.54075,1.90,1.60
2010.05.26 08:08:34.572,1.54005,1.54075,1.10,1.00
2010.05.26 08:08:34.911,1.54015,1.5408,1.00,1.00
2010.05.26 08:08:35.250,1.54015,1.54085,1.00,1.00
2010.05.26 08:08:35.597,1.5402,1.5409,1.00,3.20
2010.05.26 08:08:35.893,1.5402,1.5409,1.00,1.00
2010.05.26 08:08:36.531,1.5402,1.5409,1.00,2.40
2010.05.26 08:08:36.834,1.5402,1.5409,1.00,1.00
2010.05.26 08:08:38.097,1.54035,1.5409,1.00,1.00
2010.05.26 08:08:38.333,1.54035,1.541,1.00,1.00
2010.05.26 08:08:38.791,1.54035,1.54095,1.00,1.00
2010.05.26 08:08:39.021,1.5403,1.5409,1.60,1.00
2010.05.26 08:08:39.565,1.54015,1.5409,2.40,2.40
2010.05.26 08:08:39.901,1.5402,1.54085,2.40,1.00
2010.05.26 08:08:40.580,1.54025,1.5408,1.60,1.00
2010.05.26 08:08:41.264,1.5405,1.541,1.00,1.00
2010.05.26 08:08:42.300,1.5405,1.54105,1.00,1.00
2010.05.26 08:08:42.788,1.5405,1.5411,1.00,1.00
2010.05.26 08:08:44.439,1.5405,1.54105,1.00,1.00
2010.05.26 08:08:45.810,1.5405,1.5411,1.00,1.00
2010.05.26 08:08:46.010,1.54055,1.5411,2.40,1.00
2010.05.26 08:08:46.409,1.54055,1.5411,1.60,1.00
2010.05.26 08:08:46.891,1.5405,1.5411,2.40,1.00
2010.05.26 08:08:47.309,1.5405,1.5411,1.00,1.00
2010.05.26 08:08:47.593,1.5405,1.54115,1.00,1.00
2010.05.26 08:08:47.921,1.54035,1.5411,5.00,1.00
2010.05.26 08:08:48.250,1.5404,1.54105,1.00,1.60
2010.05.26 08:08:48.571,1.5404,1.54115,1.00,3.00
2010.05.26 08:08:49.271,1.5405,1.5412,1.00,3.20
2010.05.26 08:08:49.920,1.5405,1.5412,1.00,1.00
2010.05.26 08:08:51.151,1.5405,1.54115,2.40,1.00
2010.05.26 08:08:51.370,1.5405,1.54125,2.40,3.30
2010.05.26 08:08:52.149,1.5405,1.5412,2.40,1.00
2010.05.26 08:08:52.875,1.54045,1.5412,1.00,4.20
2010.05.26 08:08:53.071,1.5404,1.5411,5.10,2.40
2010.05.26 08:08:53.270,1.5404,1.5411,2.70,2.40
2010.05.26 08:08:54.340,1.5404,1.5411,2.70,2.40
2010.05.26 08:08:54.681,1.5404,1.5411,2.70,2.40
2010.05.26 08:08:55.020,1.54045,1.5411,1.00,2.40
2010.05.26 08:08:57.205,1.54045,1.5411,1.00,2.50
2010.05.26 08:08:58.660,1.5406,1.5411,1.00,1.70
2010.05.26 08:08:59.404,1.5408,1.54145,1.60,1.00
2010.05.26 08:08:59.593,1.54085,1.54145,1.00,1.00
2010.05.26 08:08:59.780,1.5409,1.5414,1.60,1.00
2010.05.26 08:08:59.960,1.5408,1.5414,1.00,1.00
2010.05.26 08:09:00.140,1.5408,1.5414,1.00,1.00
2010.05.26 08:09:00.610,1.54075,1.5414,1.80,1.00
2010.05.26 08:09:00.796,1.54075,1.5414,1.00,1.00
2010.05.26 08:09:01.140,1.54075,1.5414,1.10,1.00
2010.05.26 08:09:01.482,1.5408,1.5414,1.00,1.00
2010.05.26 08:09:02.100,1.54075,1.54135,1.00,1.00
2010.05.26 08:09:02.760,1.5407,1.54135,6.00,1.00
2010.05.26 08:09:02.989,1.5407,1.54145,6.80,1.00
2010.05.26 08:09:03.220,1.54075,1.54145,3.20,1.00
2010.05.26 08:09:04.594,1.54075,1.54145,1.60,1.00
2010.05.26 08:09:05.163,1.5407,1.54145,2.40,2.50
2010.05.26 08:09:05.391,1.5407,1.54145,1.00,3.10
2010.05.26 08:09:05.944,1.54065,1.54135,2.70,1.00
2010.05.26 08:09:05.989,1.54065,1.54135,2.70,2.40
2010.05.26 08:09:06.336,1.5407,1.54135,1.00,1.00
2010.05.26 08:09:06.673,1.5408,1.5414,1.00,1.00
2010.05.26 08:09:07.011,1.5408,1.54145,1.00,1.00
2010.05.26 08:09:07.675,1.5408,1.54145,2.40,1.00
2010.05.26 08:09:08.013,1.5408,1.5415,4.00,1.00
2010.05.26 08:09:08.332,1.5409,1.54155,3.20,1.00
2010.05.26 08:09:08.652,1.5409,1.54145,3.20,1.00
2010.05.26 08:09:08.973,1.5408,1.5415,4.70,1.00
2010.05.26 08:09:09.645,1.54075,1.5415,2.40,1.50
2010.05.26 08:09:09.972,1.5408,1.5415,1.00,1.00
2010.05.26 08:09:11.393,1.5408,1.54145,1.00,1.00
2010.05.26 08:09:12.272,1.54075,1.5415,4.00,1.70
2010.05.26 08:09:12.670,1.54075,1.5414,4.00,1.00
2010.05.26 08:09:12.891,1.54075,1.5414,1.00,1.00
2010.05.26 08:09:13.910,1.54085,1.54145,1.00,1.00
2010.05.26 08:09:14.211,1.5408,1.5414,1.60,1.00
2010.05.26 08:09:14.509,1.5407,1.5414,1.00,1.00
2010.05.26 08:09:14.964,1.54075,1.5414,1.00,1.00
2010.05.26 08:09:16.049,1.54075,1.5414,1.00,1.00
2010.05.26 08:09:19.886,1.5407,1.5414,4.20,1.50
2010.05.26 08:09:20.062,1.5407,1.54135,1.00,1.00
2010.05.26 08:09:20.233,1.5407,1.54135,1.00,1.00
2010.05.26 08:09:20.402,1.54065,1.54135,3.20,1.30
2010.05.26 08:09:20.682,1.54065,1.54135,1.00,1.70
2010.05.26 08:09:21.438,1.5406,1.54135,4.20,1.70
2010.05.26 08:09:21.713,1.54065,1.5413,3.40,1.00
2010.05.26 08:09:23.069,1.54065,1.5413,3.30,1.00
2010.05.26 08:09:23.421,1.54055,1.5412,3.40,1.00
2010.05.26 08:09:23.762,1.54065,1.5413,1.00,1.00
2010.05.26 08:09:24.092,1.5406,1.5413,4.00,1.00
2010.05.26 08:09:24.761,1.54065,1.5413,1.60,1.70
2010.05.26 08:09:25.100,1.54065,1.54125,1.60,1.00
2010.05.26 08:09:25.544,1.5406,1.54125,1.60,1.00
2010.05.26 08:09:25.882,1.54055,1.54125,4.00,1.00
2010.05.26 08:09:26.222,1.5407,1.54125,2.40,1.00
2010.05.26 08:09:26.563,1.5407,1.5413,2.40,1.00
2010.05.26 08:09:28.611,1.5407,1.5413,2.40,1.00
2010.05.26 08:09:28.954,1.54075,1.54135,2.40,1.00
2010.05.26 08:09:30.771,1.5408,1.5414,1.00,1.00
2010.05.26 08:09:31.110,1.54075,1.54135,2.40,1.00
2010.05.26 08:09:31.623,1.5408,1.5414,1.00,1.00
2010.05.26 08:09:31.962,1.5408,1.54145,2.40,1.00
2010.05.26 08:09:32.300,1.5408,1.54145,2.40,1.00
2010.05.26 08:09:32.641,1.5408,1.5414,1.60,1.00
2010.05.26 08:09:33.341,1.54075,1.5414,2.50,1.00
2010.05.26 08:09:34.021,1.54075,1.5414,1.70,1.00
2010.05.26 08:09:34.332,1.54075,1.54135,1.60,1.00
2010.05.26 08:09:34.679,1.54075,1.54135,1.60,1.00
2010.05.26 08:09:34.994,1.5407,1.54125,1.60,1.00
2010.05.26 08:09:35.334,1.54055,1.54125,1.60,1.00
2010.05.26 08:09:35.671,1.5405,1.5412,1.10,1.00
2010.05.26 08:09:36.650,1.54055,1.5412,1.00,1.00
2010.05.26 08:09:36.959,1.54055,1.54125,1.00,1.50
2010.05.26 08:09:39.184,1.5405,1.54125,5.20,1.00
2010.05.26 08:09:39.460,1.5405,1.54125,1.90,4.00
2010.05.26 08:09:39.742,1.5405,1.5411,1.00,1.00
2010.05.26 08:09:40.022,1.54045,1.5412,4.00,1.00
2010.05.26 08:09:40.301,1.54045,1.5412,1.00,5.00
2010.05.26 08:09:40.611,1.5404,1.5411,1.00,1.00
2010.05.26 08:09:41.271,1.54045,1.5411,1.00,1.00
2010.05.26 08:09:41.580,1.5404,1.5411,1.00,1.00
2010.05.26 08:09:42.360,1.5404,1.5411,1.00,1.00
2010.05.26 08:09:43.046,1.5404,1.54105,1.00,1.00
2010.05.26 08:09:43.255,1.54035,1.541,1.60,1.00
2010.05.26 08:09:43.460,1.5403,1.541,1.00,2.40
2010.05.26 08:09:43.790,1.54025,1.54095,2.60,1.00
2010.05.26 08:09:44.333,1.5403,1.541,1.00,1.30
2010.05.26 08:09:44.683,1.54025,1.54095,4.20,1.00
2010.05.26 08:09:45.041,1.5403,1.541,1.00,1.00
2010.05.26 08:09:45.674,1.5403,1.541,1.00,1.00
2010.05.26 08:09:46.011,1.5403,1.541,1.60,1.30
2010.05.26 08:09:46.350,1.54025,1.541,1.00,1.50
2010.05.26 08:09:46.690,1.54025,1.541,1.00,1.50
2010.05.26 08:09:47.030,1.5403,1.5409,1.60,1.00
2010.05.26 08:09:47.398,1.54025,1.5409,1.00,1.00
2010.05.26 08:09:47.745,1.5403,1.541,1.60,1.50
2010.05.26 08:09:48.291,1.5403,1.541,2.40,1.00
2010.05.26 08:09:48.570,1.54035,1.541,1.60,1.50
2010.05.26 08:09:49.201,1.5403,1.54095,1.60,1.50
2010.05.26 08:09:49.541,1.54025,1.5409,1.60,1.00
2010.05.26 08:09:49.880,1.5401,1.54085,4.10,1.00
2010.05.26 08:09:50.220,1.5401,1.5408,1.00,1.00
2010.05.26 08:09:50.920,1.54015,1.54075,1.00,1.00
2010.05.26 08:09:52.370,1.5402,1.54075,1.00,1.00
2010.05.26 08:09:52.542,1.5401,1.54075,1.80,1.00
2010.05.26 08:09:53.791,1.5401,1.54075,3.40,1.00
2010.05.26 08:09:54.131,1.54015,1.54085,1.80,1.50
2010.05.26 08:09:54.471,1.5402,1.54085,1.00,1.00
2010.05.26 08:09:55.202,1.5402,1.54075,1.00,1.60
2010.05.26 08:09:55.543,1.54035,1.5409,1.00,1.00
2010.05.26 08:09:55.883,1.54035,1.54095,1.00,1.00
2010.05.26 08:09:56.614,1.54035,1.541,4.00,1.00
2010.05.26 08:09:56.953,1.54025,1.54075,1.00,1.00
2010.05.26 08:09:57.292,1.54015,1.54075,1.00,1.00
2010.05.26 08:09:59.631,1.54015,1.5407,1.00,1.00
2010.05.26 08:09:59.933,1.5402,1.54075,1.00,1.00
2010.05.26 08:10:03.630,1.54015,1.54075,1.00,1.00
2010.05.26 08:10:05.961,1.5402,1.5408,1.60,1.00
2010.05.26 08:10:06.170,1.54015,1.5408,1.00,1.00
2010.05.26 08:10:06.380,1.5401,1.5408,2.70,1.00
2010.05.26 08:10:06.590,1.5401,1.5408,2.70,1.00
2010.05.26 08:10:08.139,1.5401,1.54075,1.00,1.00
2010.05.26 08:10:08.479,1.5401,1.54075,1.00,1.00
2010.05.26 08:10:08.821,1.54005,1.5407,1.10,1.00
2010.05.26 08:10:12.473,1.54015,1.54075,1.00,1.00
2010.05.26 08:10:14.281,1.54005,1.54075,1.10,1.00
2010.05.26 08:10:14.627,1.54005,1.54075,1.10,2.40
2010.05.26 08:10:14.740,1.54,1.5407,2.70,1.00
2010.05.26 08:10:15.339,1.54,1.5407,1.10,2.40
2010.05.26 08:10:15.439,1.54,1.5407,1.00,2.40
2010.05.26 08:10:16.141,1.54,1.54065,1.00,2.40
2010.05.26 08:10:16.820,1.54,1.5406,1.00,2.40
2010.05.26 08:10:17.711,1.54,1.5406,1.00,1.00
2010.05.26 08:10:17.981,1.53995,1.54055,1.00,1.60
2010.05.26 08:10:18.312,1.53995,1.54065,6.70,1.00
2010.05.26 08:10:18.641,1.54,1.5406,1.00,1.00
2010.05.26 08:10:19.311,1.54,1.5405,1.00,1.00
2010.05.26 08:10:20.089,1.53995,1.5405,1.00,1.00
2010.05.26 08:10:20.399,1.54,1.5405,1.00,1.00
2010.05.26 08:10:21.314,1.53995,1.5405,1.00,1.00
2010.05.26 08:10:22.409,1.53995,1.5405,1.00,1.00
2010.05.26 08:10:23.492,1.53995,1.5405,2.50,1.00
2010.05.26 08:10:23.802,1.54,1.5405,1.00,1.00
2010.05.26 08:10:24.860,1.54,1.54045,1.00,1.00
2010.05.26 08:10:25.109,1.53995,1.54045,3.50,1.00
2010.05.26 08:10:25.795,1.53995,1.54045,5.20,1.00
2010.05.26 08:10:26.091,1.53995,1.5405,6.80,1.00
2010.05.26 08:10:27.070,1.53995,1.5405,6.00,1.00
2010.05.26 08:10:27.411,1.53995,1.5405,4.40,1.00
2010.05.26 08:10:27.540,1.53995,1.5405,3.50,1.00
2010.05.26 08:10:27.930,1.53995,1.54055,3.50,1.00
2010.05.26 08:10:29.709,1.53995,1.5405,6.80,1.00
2010.05.26 08:10:29.989,1.53995,1.5405,6.00,1.00
2010.05.26 08:10:30.269,1.53995,1.5405,6.80,1.00
2010.05.26 08:10:30.864,1.54,1.5405,1.00,1.00
2010.05.26 08:10:31.542,1.53995,1.5405,6.80,1.00
2010.05.26 08:10:32.342,1.53995,1.5405,3.50,1.00
2010.05.26 08:10:32.680,1.53995,1.5405,2.70,1.00
2010.05.26 08:10:32.949,1.53995,1.5405,1.00,1.00
2010.05.26 08:10:33.365,1.53995,1.5405,1.00,1.00
2010.05.26 08:10:33.641,1.54,1.54055,1.00,1.00
2010.05.26 08:10:35.880,1.5399,1.54055,5.10,1.00
2010.05.26 08:10:36.069,1.5399,1.54055,3.50,1.00
2010.05.26 08:10:36.259,1.5399,1.54055,1.00,1.00
2010.05.26 08:10:38.143,1.53995,1.54055,1.00,1.00
2010.05.26 08:10:44.957,1.5399,1.54055,1.00,1.00
2010.05.26 08:10:45.272,1.5399,1.5405,1.00,1.00
2010.05.26 08:10:46.409,1.54,1.5405,1.00,1.00
2010.05.26 08:10:46.720,1.54005,1.5405,1.00,1.00
2010.05.26 08:10:47.411,1.5401,1.5407,1.00,1.00
2010.05.26 08:10:47.690,1.5401,1.5408,1.00,1.60
2010.05.26 08:10:47.920,1.5402,1.5408,1.00,1.40
2010.05.26 08:10:48.150,1.5402,1.5408,2.40,1.00
2010.05.26 08:10:48.765,1.5401,1.54085,2.50,2.40
2010.05.26 08:10:49.440,1.5402,1.54085,1.00,2.40
2010.05.26 08:10:49.780,1.54015,1.54075,1.00,1.00
2010.05.26 08:10:50.471,1.5401,1.5407,1.00,1.00
2010.05.26 08:10:51.149,1.54005,1.54075,1.00,2.80
2010.05.26 08:10:51.380,1.54005,1.54075,1.00,1.50
2010.05.26 08:10:51.610,1.5401,1.5407,1.00,1.00
2010.05.26 08:10:55.760,1.54005,1.5407,1.00,1.00
2010.05.26 08:10:56.100,1.5401,1.5407,1.00,1.00
2010.05.26 08:10:57.395,1.54005,1.54075,1.00,1.00
2010.05.26 08:11:01.141,1.54005,1.5407,1.00,1.00
2010.05.26 08:11:02.112,1.54,1.5407,4.30,1.00
2010.05.26 08:11:02.789,1.54,1.5407,4.30,1.00
2010.05.26 08:11:04.183,1.5399,1.54065,3.50,1.00
2010.05.26 08:11:04.445,1.54,1.54065,1.60,1.00
2010.05.26 08:11:04.703,1.5399,1.54065,6.80,1.00
2010.05.26 08:11:05.075,1.5399,1.54065,6.70,1.00
2010.05.26 08:11:05.334,1.53985,1.54055,2.70,1.00
2010.05.26 08:11:07.022,1.5399,1.54055,1.00,1.00
2010.05.26 08:11:07.701,1.5399,1.5406,1.00,1.00
2010.05.26 08:11:08.901,1.54,1.5407,1.00,1.50
2010.05.26 08:11:09.151,1.53995,1.54065,1.80,1.00
2010.05.26 08:11:09.400,1.54,1.54065,1.60,1.00
2010.05.26 08:11:10.035,1.54005,1.54065,1.00,1.00
2010.05.26 08:11:10.385,1.54005,1.5407,1.00,1.00
2010.05.26 08:11:10.721,1.54,1.54075,6.80,1.00
2010.05.26 08:11:11.745,1.54005,1.54075,1.00,1.00
2010.05.26 08:11:12.310,1.54015,1.5408,1.00,1.00
2010.05.26 08:11:12.539,1.54015,1.5408,1.00,1.00
2010.05.26 08:11:13.161,1.54015,1.54085,1.00,3.10
2010.05.26 08:11:13.730,1.5401,1.5408,1.70,1.00
2010.05.26 08:11:14.070,1.5401,1.5408,1.00,1.00
2010.05.26 08:11:14.894,1.54005,1.54075,2.60,1.00
2010.05.26 08:11:15.231,1.5401,1.5408,1.00,1.00
2010.05.26 08:11:15.570,1.54015,1.54085,1.00,1.00
2010.05.26 08:11:16.239,1.54015,1.54085,4.00,1.00
2010.05.26 08:11:16.580,1.54025,1.54085,1.00,1.00
2010.05.26 08:11:16.920,1.54025,1.54085,2.40,1.00
2010.05.26 08:11:17.260,1.54025,1.5409,2.40,1.00
2010.05.26 08:11:17.601,1.54025,1.54085,1.00,1.00
2010.05.26 08:11:18.166,1.54025,1.54095,1.00,2.60
2010.05.26 08:11:18.514,1.54015,1.5406,1.00,1.00
2010.05.26 08:11:18.773,1.54005,1.5406,1.00,1.00
2010.05.26 08:11:19.031,1.5401,1.5407,1.00,3.20
2010.05.26 08:11:19.281,1.54005,1.54075,3.20,1.00
2010.05.26 08:11:19.962,1.53995,1.5407,6.80,1.00
2010.05.26 08:11:21.349,1.53995,1.5407,6.80,1.00
2010.05.26 08:11:22.363,1.53995,1.54065,6.00,1.00
2010.05.26 08:11:22.707,1.54,1.54065,1.00,1.00
2010.05.26 08:11:22.900,1.53995,1.54065,4.20,1.00
2010.05.26 08:11:23.090,1.53995,1.5407,4.20,1.50
2010.05.26 08:11:23.280,1.53995,1.54065,4.20,1.00
2010.05.26 08:11:24.290,1.54,1.5407,1.00,1.00
2010.05.26 08:11:24.924,1.5399,1.5406,2.70,1.00
2010.05.26 08:11:25.151,1.5401,1.5407,1.00,4.20
2010.05.26 08:11:25.382,1.54005,1.5407,1.60,1.70
2010.05.26 08:11:25.965,1.54,1.54065,1.00,1.00
2010.05.26 08:11:26.304,1.53995,1.54065,5.10,1.00
2010.05.26 08:11:26.640,1.54,1.54065,1.00,1.00
2010.05.26 08:11:27.694,1.53995,1.54045,3.20,1.00
2010.05.26 08:11:28.033,1.53985,1.54045,1.00,1.00
2010.05.26 08:11:30.835,1.5398,1.5403,4.20,1.00
2010.05.26 08:11:31.125,1.53975,1.54035,1.00,1.00
2010.05.26 08:11:31.952,1.53975,1.5404,1.00,1.00
2010.05.26 08:11:32.291,1.5397,1.5404,1.10,1.00
2010.05.26 08:11:33.896,1.5397,1.54035,1.00,1.00
2010.05.26 08:11:34.201,1.5398,1.5404,1.00,1.60
2010.05.26 08:11:34.513,1.5398,1.5405,2.40,1.00
2010.05.26 08:11:35.176,1.5398,1.5405,1.00,1.00
2010.05.26 08:11:35.800,1.5398,1.54055,1.00,1.50
2010.05.26 08:11:36.070,1.5398,1.54055,1.00,3.20
2010.05.26 08:11:36.340,1.5398,1.54035,1.00,1.60
2010.05.26 08:11:36.611,1.53975,1.5403,1.00,2.40
2010.05.26 08:11:36.972,1.5397,1.5403,1.00,2.40
2010.05.26 08:11:37.302,1.53965,1.5403,1.70,1.00
2010.05.26 08:11:37.640,1.53965,1.54035,1.70,2.40
2010.05.26 08:11:37.981,1.53965,1.5403,1.60,1.00
2010.05.26 08:11:38.871,1.53965,1.54035,1.60,1.00
2010.05.26 08:11:39.083,1.53965,1.5403,1.60,1.00
2010.05.26 08:11:39.280,1.53965,1.5403,1.60,1.00
2010.05.26 08:11:39.470,1.5396,1.5403,6.80,1.00
2010.05.26 08:11:39.660,1.53965,1.5403,1.60,1.00
2010.05.26 08:11:40.189,1.5397,1.54035,1.00,1.00
2010.05.26 08:11:40.529,1.53965,1.54035,1.70,1.00
2010.05.26 08:11:41.110,1.53965,1.54035,1.70,2.60
2010.05.26 08:11:42.722,1.53965,1.5403,1.60,2.40
2010.05.26 08:11:43.061,1.5396,1.5403,4.30,2.40
2010.05.26 08:11:43.310,1.5396,1.54025,1.60,1.00
2010.05.26 08:11:43.571,1.5396,1.5402,1.60,1.00
2010.05.26 08:11:43.822,1.53955,1.5402,2.60,1.00
2010.05.26 08:11:44.401,1.53955,1.54025,2.60,1.00
2010.05.26 08:11:44.661,1.5396,1.54025,1.00,1.00
2010.05.26 08:11:44.921,1.53965,1.54025,1.00,1.00
2010.05.26 08:11:45.180,1.5396,1.54025,1.00,1.00
2010.05.26 08:11:45.441,1.5396,1.5403,1.70,1.00
2010.05.26 08:11:45.882,1.5396,1.5403,1.70,2.40
2010.05.26 08:11:46.222,1.5397,1.5403,1.60,1.00
2010.05.26 08:11:46.561,1.5397,1.54035,1.60,1.00
2010.05.26 08:11:46.904,1.53965,1.54035,1.60,1.00
2010.05.26 08:11:47.606,1.5397,1.5404,1.70,2.40
2010.05.26 08:11:47.892,1.5397,1.5404,3.40,1.00
2010.05.26 08:11:48.526,1.53975,1.54035,1.00,1.00
2010.05.26 08:11:48.863,1.5397,1.54035,3.30,1.00
2010.05.26 08:11:49.203,1.53975,1.5403,1.00,1.00
2010.05.26 08:11:49.542,1.5397,1.54035,1.00,2.40
2010.05.26 08:11:50.223,1.5397,1.5403,1.00,1.00
2010.05.26 08:11:50.900,1.5397,1.5403,1.00,1.00
2010.05.26 08:11:51.668,1.53955,1.54015,1.00,1.00
2010.05.26 08:11:52.010,1.5395,1.54015,2.70,1.00
2010.05.26 08:11:52.352,1.53955,1.5402,1.80,1.00
2010.05.26 08:11:52.690,1.53955,1.54015,3.40,1.00
2010.05.26 08:11:53.370,1.5396,1.54015,1.00,1.00
2010.05.26 08:11:53.710,1.53955,1.54015,1.00,1.00
2010.05.26 08:11:54.783,1.5395,1.54015,2.70,1.00
2010.05.26 08:11:56.923,1.53945,1.54005,1.10,1.00
2010.05.26 08:11:59.652,1.53945,1.5401,1.10,1.00
2010.05.26 08:12:01.120,1.5396,1.54015,1.00,1.00
2010.05.26 08:12:01.547,1.5395,1.5401,3.40,1.00
2010.05.26 08:12:01.841,1.53945,1.54015,1.00,1.00
2010.05.26 08:12:02.143,1.5395,1.54015,1.00,1.00
2010.05.26 08:12:02.412,1.53945,1.54015,1.00,1.00
2010.05.26 08:12:04.489,1.53945,1.5401,1.00,1.00
2010.05.26 08:12:04.741,1.5394,1.5401,2.70,2.40
2010.05.26 08:12:04.994,1.53945,1.5401,1.00,1.00
2010.05.26 08:12:05.649,1.5394,1.5401,4.30,1.00
2010.05.26 08:12:06.329,1.5394,1.5401,4.30,1.00
2010.05.26 08:12:08.891,1.5394,1.54005,4.30,1.00
2010.05.26 08:12:09.059,1.5394,1.54005,5.10,1.00
2010.05.26 08:12:09.231,1.53945,1.54005,1.00,1.00
2010.05.26 08:12:09.569,1.53945,1.5401,1.00,1.00
2010.05.26 08:12:09.839,1.5394,1.5401,2.70,4.20
2010.05.26 08:12:11.300,1.5394,1.54005,2.70,1.00
2010.05.26 08:12:11.629,1.5394,1.54005,2.70,1.00
2010.05.26 08:12:11.769,1.5394,1.54005,1.10,1.00
2010.05.26 08:12:13.131,1.5394,1.54,1.10,1.00
2010.05.26 08:12:15.350,1.53945,1.54,1.00,1.00
2010.05.26 08:12:19.350,1.53945,1.5401,1.00,2.50
2010.05.26 08:12:19.729,1.53945,1.54,1.00,1.00
2010.05.26 08:12:23.744,1.53945,1.53995,1.00,1.00
2010.05.26 08:12:23.842,1.5394,1.53995,1.00,1.00
2010.05.26 08:12:24.030,1.53935,1.53985,1.10,1.00
2010.05.26 08:12:24.121,1.53935,1.53985,1.00,1.00
2010.05.26 08:12:24.581,1.5393,1.5398,1.00,1.00
2010.05.26 08:12:25.427,1.53925,1.53995,3.20,1.00
2010.05.26 08:12:25.773,1.5395,1.54005,1.00,1.00
2010.05.26 08:12:26.093,1.53965,1.54005,1.00,1.00
2010.05.26 08:12:26.469,1.5397,1.54005,1.60,1.00
2010.05.26 08:12:26.793,1.53975,1.54045,1.00,1.00
2010.05.26 08:12:27.157,1.53975,1.5404,1.00,1.00
2010.05.26 08:12:27.839,1.5397,1.54035,5.90,1.00
2010.05.26 08:12:28.498,1.5397,1.5404,6.70,1.00
2010.05.26 08:12:28.834,1.53985,1.5404,1.60,1.00
2010.05.26 08:12:29.039,1.53975,1.5404,5.90,1.00
2010.05.26 08:12:29.250,1.53975,1.54045,5.90,1.00
2010.05.26 08:12:29.460,1.53975,1.54035,2.60,1.00
2010.05.26 08:12:33.047,1.54,1.5406,3.20,1.00
2010.05.26 08:12:33.394,1.53975,1.54035,6.00,1.00
2010.05.26 08:12:33.738,1.5397,1.5403,1.00,1.00
2010.05.26 08:12:34.083,1.53965,1.54025,1.00,1.00
2010.05.26 08:12:35.075,1.53965,1.5403,1.00,1.00
2010.05.26 08:12:35.272,1.53965,1.54025,1.00,1.00
2010.05.26 08:12:35.661,1.53975,1.54035,1.00,3.80
2010.05.26 08:12:35.861,1.53985,1.5405,4.00,1.00
2010.05.26 08:12:36.061,1.5399,1.5405,3.20,1.00
2010.05.26 08:12:37.251,1.5399,1.54055,3.20,1.00
2010.05.26 08:12:37.440,1.5399,1.54055,4.00,1.00
2010.05.26 08:12:37.631,1.54,1.5406,1.00,1.00
2010.05.26 08:12:37.821,1.53995,1.54055,1.60,1.00
2010.05.26 08:12:38.382,1.5399,1.54055,4.00,1.00
2010.05.26 08:12:40.421,1.5399,1.5405,4.00,1.00
2010.05.26 08:12:40.771,1.54,1.5405,1.00,1.00
2010.05.26 08:12:41.011,1.54,1.54055,1.00,1.00
2010.05.26 08:12:41.250,1.5399,1.54055,4.00,1.00
2010.05.26 08:12:42.070,1.5399,1.5405,3.20,1.00
2010.05.26 08:12:42.555,1.5399,1.5405,1.60,1.00
2010.05.26 08:12:42.722,1.5398,1.5404,1.00,1.00
2010.05.26 08:12:42.891,1.53975,1.5405,3.60,2.40
2010.05.26 08:12:43.061,1.5398,1.54055,1.00,1.70
2010.05.26 08:12:43.220,1.53985,1.54055,3.20,1.70
2010.05.26 08:12:43.721,1.53985,1.54055,3.20,1.00
2010.05.26 08:12:44.821,1.5399,1.54055,1.00,1.00
2010.05.26 08:12:45.500,1.53995,1.5406,1.00,1.70
2010.05.26 08:12:45.949,1.53995,1.5406,1.00,1.00
2010.05.26 08:12:46.330,1.53995,1.5406,4.00,1.00
2010.05.26 08:12:46.521,1.54,1.5406,1.00,1.00
2010.05.26 08:12:46.900,1.54,1.54065,2.40,1.00
2010.05.26 08:12:47.462,1.54005,1.5406,1.00,1.00
2010.05.26 08:12:47.804,1.5401,1.5408,1.00,1.00
2010.05.26 08:12:48.104,1.54,1.54075,1.00,4.80
2010.05.26 08:12:48.751,1.54,1.5406,1.00,4.00
2010.05.26 08:12:49.050,1.53985,1.5405,1.00,2.40
2010.05.26 08:12:49.390,1.53985,1.5405,1.00,3.20
2010.05.26 08:12:49.817,1.5398,1.5405,1.00,3.20
2010.05.26 08:12:50.165,1.5398,1.5405,1.00,1.00
2010.05.26 08:12:50.503,1.53985,1.54055,1.00,1.00
2010.05.26 08:12:51.183,1.53985,1.5406,3.40,1.50
2010.05.26 08:12:51.861,1.5399,1.54055,1.00,1.00
2010.05.26 08:12:53.271,1.54,1.54055,1.00,1.00
2010.05.26 08:12:54.751,1.54,1.5406,1.00,1.00
2010.05.26 08:12:55.092,1.53995,1.54055,1.00,1.00
2010.05.26 08:12:55.361,1.5401,1.54065,1.00,1.00
2010.05.26 08:12:55.991,1.5401,1.54085,1.00,1.00
2010.05.26 08:12:56.261,1.54015,1.5409,1.00,1.70
2010.05.26 08:12:56.860,1.5402,1.5409,1.00,1.70
2010.05.26 08:12:57.288,1.5401,1.5408,2.60,1.00
2010.05.26 08:12:57.631,1.5401,1.54075,1.00,1.00
2010.05.26 08:12:57.901,1.54,1.5406,1.00,2.10
2010.05.26 08:12:58.171,1.54,1.54065,1.60,1.00
2010.05.26 08:12:58.431,1.53995,1.5407,1.00,1.50
2010.05.26 08:12:58.730,1.53995,1.5407,2.40,1.50
2010.05.26 08:12:59.316,1.53995,1.54065,1.60,1.00
2010.05.26 08:12:59.571,1.5399,1.54055,1.60,1.00
2010.05.26 08:12:59.819,1.5398,1.54055,3.60,1.00
2010.05.26 08:13:00.321,1.5398,1.5405,1.10,2.40
2010.05.26 08:13:00.571,1.53975,1.54045,1.00,2.40
2010.05.26 08:13:01.074,1.5397,1.54045,1.00,2.40
2010.05.26 08:13:01.413,1.5397,1.54045,1.00,1.00
2010.05.26 08:13:02.891,1.5397,1.54045,2.60,1.00
2010.05.26 08:13:03.235,1.5397,1.54045,3.50,1.00
2010.05.26 08:13:03.575,1.53975,1.5405,1.00,1.70
2010.05.26 08:13:03.881,1.5398,1.5405,1.00,1.00
2010.05.26 08:13:04.447,1.5399,1.54055,1.00,1.00
2010.05.26 08:13:04.764,1.5399,1.54065,1.00,1.50
2010.05.26 08:13:05.103,1.53985,1.54055,2.60,2.40
2010.05.26 08:13:05.603,1.54,1.54055,1.00,1.60
2010.05.26 08:13:05.944,1.53985,1.5406,3.50,2.90
2010.05.26 08:13:06.281,1.5399,1.5406,1.00,2.40
2010.05.26 08:13:06.621,1.53985,1.5406,1.00,3.20
2010.05.26 08:13:07.303,1.5398,1.54055,1.90,1.00
2010.05.26 08:13:07.640,1.5398,1.54055,1.80,1.00
2010.05.26 08:13:07.981,1.5398,1.5405,1.80,1.60
2010.05.26 08:13:08.320,1.5398,1.5405,1.80,1.00
2010.05.26 08:13:09.033,1.5398,1.5405,1.00,1.00
2010.05.26 08:13:09.332,1.5398,1.5405,1.00,1.00
2010.05.26 08:13:10.795,1.5398,1.5405,1.00,1.00
2010.05.26 08:13:11.451,1.5398,1.5405,1.00,1.00
2010.05.26 08:13:12.264,1.5398,1.54045,1.00,1.00
2010.05.26 08:13:14.140,1.53985,1.54045,1.00,1.00
2010.05.26 08:13:14.394,1.53995,1.5406,1.00,1.00
2010.05.26 08:13:14.681,1.54,1.54065,1.00,1.00
2010.05.26 08:13:14.971,1.53995,1.54065,1.00,1.00
2010.05.26 08:13:15.254,1.54,1.54065,1.00,1.00
2010.05.26 08:13:16.220,1.53995,1.5406,1.00,1.00
2010.05.26 08:13:17.815,1.53995,1.54055,1.00,1.00
2010.05.26 08:13:18.431,1.53985,1.5404,2.60,1.00
2010.05.26 08:13:18.740,1.53975,1.54035,1.00,1.00
2010.05.26 08:13:19.284,1.53975,1.54035,1.00,1.00
2010.05.26 08:13:19.581,1.53975,1.54045,2.40,1.00
2010.05.26 08:13:19.873,1.5398,1.54045,1.00,1.00
2010.05.26 08:13:20.498,1.53975,1.54045,5.80,1.00
2010.05.26 08:13:20.912,1.53975,1.5404,5.00,1.00
2010.05.26 08:13:21.249,1.53975,1.5404,1.00,1.00
2010.05.26 08:13:22.269,1.53975,1.5404,1.00,1.00
2010.05.26 08:13:23.562,1.53975,1.5404,1.00,1.00
2010.05.26 08:13:24.030,1.53975,1.5404,1.00,1.00
2010.05.26 08:13:24.162,1.5398,1.54045,1.60,1.00
2010.05.26 08:13:25.318,1.5398,1.5404,1.60,1.00
2010.05.26 08:13:25.591,1.53975,1.5403,1.60,1.60
2010.05.26 08:13:25.871,1.5398,1.54045,1.00,1.60
2010.05.26 08:13:26.420,1.53975,1.54045,2.00,1.00
2010.05.26 08:13:26.764,1.53975,1.54035,1.00,1.00
2010.05.26 08:13:27.100,1.53975,1.5404,1.00,1.00
2010.05.26 08:13:28.095,1.53975,1.5404,1.00,1.00
2010.05.26 08:13:29.060,1.53965,1.54035,2.90,1.00
2010.05.26 08:13:29.350,1.53965,1.54035,1.30,1.00
2010.05.26 08:13:30.280,1.53965,1.5403,1.00,1.00
2010.05.26 08:13:30.570,1.53955,1.5403,5.80,1.50
2010.05.26 08:13:30.859,1.53955,1.5403,4.80,2.20
2010.05.26 08:13:31.813,1.5397,1.5403,1.00,1.00
2010.05.26 08:13:32.151,1.5397,1.54035,1.00,1.00
2010.05.26 08:13:33.180,1.5397,1.54035,1.00,1.00
2010.05.26 08:13:33.963,1.5397,1.54035,1.00,1.00
2010.05.26 08:13:34.271,1.53975,1.54035,3.20,1.00
2010.05.26 08:13:34.624,1.53975,1.54035,1.60,2.40
2010.05.26 08:13:34.963,1.5396,1.54035,1.80,1.50
2010.05.26 08:13:35.719,1.53965,1.54035,1.00,1.00
2010.05.26 08:13:36.839,1.5396,1.54035,1.80,1.50
2010.05.26 08:13:38.731,1.5396,1.5403,1.80,1.00
2010.05.26 08:13:39.070,1.53975,1.5404,1.00,1.40
2010.05.26 08:13:39.260,1.53975,1.5404,3.00,1.00
2010.05.26 08:13:40.900,1.5398,1.5404,1.60,1.00
2010.05.26 08:13:41.079,1.5398,1.5404,2.60,1.00
2010.05.26 08:13:42.848,1.5398,1.5404,2.60,1.50
2010.05.26 08:13:43.198,1.53975,1.54035,2.60,1.00
2010.05.26 08:13:44.877,1.53965,1.5403,2.60,2.20
2010.05.26 08:13:45.152,1.5396,1.54025,3.40,1.00
2010.05.26 08:13:45.421,1.5396,1.54025,5.00,1.00
2010.05.26 08:13:45.800,1.5396,1.54025,1.80,4.00
2010.05.26 08:13:46.074,1.5395,1.5401,2.60,1.00
2010.05.26 08:13:46.412,1.53945,1.5401,2.60,4.60
2010.05.26 08:13:46.760,1.53945,1.54,2.60,1.00
2010.05.26 08:13:47.180,1.53945,1.54,1.00,1.00
2010.05.26 08:13:47.522,1.5394,1.54005,3.40,1.00
2010.05.26 08:13:47.861,1.53945,1.54015,2.60,3.30
2010.05.26 08:13:48.201,1.5395,1.54015,2.60,1.00
2010.05.26 08:13:48.910,1.5396,1.5402,2.60,1.00
2010.05.26 08:13:49.593,1.53955,1.54015,1.00,2.30
2010.05.26 08:13:50.103,1.53955,1.5401,1.00,1.00
2010.05.26 08:13:50.443,1.5396,1.5402,1.00,1.00
2010.05.26 08:13:51.120,1.5396,1.54025,1.00,1.50
2010.05.26 08:13:51.461,1.53955,1.5401,2.60,1.00
2010.05.26 08:13:52.142,1.5396,1.5402,2.60,1.00
2010.05.26 08:13:52.483,1.5396,1.54015,2.60,1.00
2010.05.26 08:13:52.770,1.5396,1.54015,1.00,1.00
2010.05.26 08:13:53.721,1.53955,1.54005,1.60,1.00
2010.05.26 08:13:54.062,1.5395,1.54015,1.00,1.00
2010.05.26 08:13:54.762,1.53955,1.54015,2.60,1.00
2010.05.26 08:13:55.440,1.53955,1.54015,2.60,1.00
2010.05.26 08:13:55.780,1.53955,1.54015,2.60,1.00
2010.05.26 08:13:57.142,1.5395,1.5401,1.00,1.00
2010.05.26 08:13:57.814,1.5395,1.54015,1.00,1.50
2010.05.26 08:13:58.771,1.53945,1.5401,2.60,2.30
2010.05.26 08:13:59.137,1.53945,1.5401,2.60,4.00
2010.05.26 08:13:59.401,1.53945,1.5401,2.60,1.50
2010.05.26 08:14:00.560,1.53945,1.5401,2.60,1.00
2010.05.26 08:14:00.900,1.53945,1.54005,2.60,1.00
2010.05.26 08:14:01.664,1.53945,1.5401,3.40,4.10
2010.05.26 08:14:02.002,1.53955,1.5401,1.00,1.00
2010.05.26 08:14:02.339,1.53955,1.54015,1.00,1.20
2010.05.26 08:14:04.220,1.53955,1.54015,1.00,1.40
2010.05.26 08:14:07.641,1.53955,1.54015,1.00,3.00
2010.05.26 08:14:08.330,1.53955,1.54015,1.00,3.70
2010.05.26 08:14:08.669,1.53955,1.54015,1.00,3.00
2010.05.26 08:14:09.010,1.53955,1.54015,1.00,1.30
2010.05.26 08:14:11.485,1.53955,1.54015,3.40,1.00
2010.05.26 08:14:11.802,1.53955,1.54015,2.60,1.00
2010.05.26 08:14:12.123,1.5395,1.54015,2.60,1.70
2010.05.26 08:14:12.880,1.53955,1.54015,1.00,1.70
2010.05.26 08:14:13.220,1.53955,1.54015,3.40,1.00
2010.05.26 08:14:13.988,1.53955,1.54015,3.40,1.00
2010.05.26 08:14:14.182,1.53955,1.54015,2.60,1.00
2010.05.26 08:14:17.753,1.53955,1.5401,2.60,1.00
2010.05.26 08:14:18.500,1.53955,1.54015,2.60,1.00
2010.05.26 08:14:18.840,1.53955,1.54015,1.60,1.00
2010.05.26 08:14:19.808,1.5395,1.54015,3.40,1.00
2010.05.26 08:14:19.990,1.5395,1.54015,2.60,1.00
2010.05.26 08:14:23.283,1.5395,1.54015,4.20,1.00
2010.05.26 08:14:23.522,1.5395,1.54015,2.60,1.00
2010.05.26 08:14:24.017,1.5395,1.54015,2.60,1.00
2010.05.26 08:14:24.596,1.5395,1.54015,3.40,1.00
2010.05.26 08:14:24.934,1.5395,1.5401,2.60,1.00
2010.05.26 08:14:25.282,1.53945,1.5401,2.60,3.30
2010.05.26 08:14:25.624,1.53945,1.5401,3.40,1.00
2010.05.26 08:14:26.329,1.5394,1.54005,3.40,1.00
2010.05.26 08:14:26.643,1.5395,1.54005,1.80,1.00
2010.05.26 08:14:26.962,1.5395,1.54015,3.40,1.00
2010.05.26 08:14:27.312,1.53955,1.54015,1.60,1.00
2010.05.26 08:14:27.624,1.53955,1.5401,2.60,1.00
2010.05.26 08:14:27.964,1.5395,1.54005,2.60,1.00
2010.05.26 08:14:28.303,1.5395,1.54005,2.60,1.00
2010.05.26 08:14:28.952,1.5395,1.54005,2.60,1.00
2010.05.26 08:14:29.270,1.5395,1.5401,2.60,1.00
2010.05.26 08:14:29.581,1.5395,1.54005,2.60,1.00
2010.05.26 08:14:30.312,1.53955,1.54015,1.00,1.20
2010.05.26 08:14:30.650,1.53955,1.54005,1.00,1.00
2010.05.26 08:14:30.991,1.53955,1.54015,1.00,1.00
2010.05.26 08:14:32.649,1.53955,1.54015,1.00,1.00
2010.05.26 08:14:33.400,1.53955,1.5401,1.00,1.00
2010.05.26 08:14:33.741,1.5395,1.5401,2.60,2.40
2010.05.26 08:14:34.080,1.5395,1.5401,3.40,1.00
2010.05.26 08:14:34.747,1.53955,1.5401,1.00,1.00
2010.05.26 08:14:35.092,1.5395,1.5401,1.00,1.70
2010.05.26 08:14:35.433,1.5395,1.54005,1.00,1.00
2010.05.26 08:14:36.494,1.53945,1.53995,1.00,1.00
2010.05.26 08:14:36.730,1.53935,1.53995,2.60,4.20
2010.05.26 08:14:36.971,1.53935,1.53995,2.60,1.00
2010.05.26 08:14:37.211,1.53945,1.53995,2.60,1.00
2010.05.26 08:14:37.902,1.5394,1.54,3.40,1.00
2010.05.26 08:14:38.241,1.53945,1.54005,2.60,1.00
2010.05.26 08:14:39.814,1.53945,1.54,2.60,1.00
2010.05.26 08:14:40.021,1.5394,1.54,2.60,1.00
2010.05.26 08:14:41.070,1.5394,1.54,2.60,1.30
2010.05.26 08:14:41.411,1.53945,1.53995,1.60,1.00
2010.05.26 08:14:41.751,1.53945,1.53995,2.60,1.00
2010.05.26 08:14:42.439,1.53945,1.5399,2.60,1.00
2010.05.26 08:14:43.800,1.53935,1.53995,1.00,1.00
2010.05.26 08:14:44.410,1.53935,1.5399,1.00,1.00
2010.05.26 08:14:46.380,1.53935,1.53985,1.00,1.00
2010.05.26 08:14:48.238,1.53935,1.53995,3.40,1.00
2010.05.26 08:14:48.410,1.53935,1.53995,1.00,1.00
2010.05.26 08:14:50.174,1.53935,1.5399,1.00,1.00
2010.05.26 08:14:53.731,1.53935,1.53995,1.00,1.00
2010.05.26 08:14:54.058,1.53935,1.53995,1.00,1.00
2010.05.26 08:14:56.440,1.53935,1.5399,1.00,1.00
2010.05.26 08:14:57.180,1.53935,1.53995,1.00,1.00
2010.05.26 08:14:57.680,1.53935,1.53995,1.80,1.00
2010.05.26 08:15:02.510,1.53935,1.53995,2.50,1.00
2010.05.26 08:15:03.252,1.53935,1.53995,1.80,1.00
2010.05.26 08:15:03.560,1.53935,1.53995,2.30,1.00
2010.05.26 08:15:07.926,1.53935,1.54005,2.30,1.00
2010.05.26 08:15:08.083,1.5394,1.54005,1.00,1.00
2010.05.26 08:15:08.242,1.53945,1.54005,1.00,1.00
2010.05.26 08:15:08.585,1.53955,1.5401,1.20,1.00
2010.05.26 08:15:09.561,1.53955,1.5401,1.00,1.00
2010.05.26 08:15:09.862,1.5395,1.5401,1.60,1.00
2010.05.26 08:15:10.161,1.5395,1.54005,2.60,1.00
2010.05.26 08:15:10.785,1.53955,1.5401,1.00,1.00
2010.05.26 08:15:11.121,1.53955,1.54005,1.00,1.00
2010.05.26 08:15:11.460,1.53955,1.5401,1.00,1.00
2010.05.26 08:15:11.660,1.5395,1.54005,3.40,1.00
2010.05.26 08:15:11.860,1.5395,1.5401,1.70,1.00
2010.05.26 08:15:12.060,1.53955,1.5401,1.00,1.00
2010.05.26 08:15:12.261,1.5395,1.54005,1.70,1.00
2010.05.26 08:15:12.460,1.5395,1.5401,1.00,1.00
2010.05.26 08:15:13.141,1.5397,1.54025,1.00,1.00
2010.05.26 08:15:13.482,1.53965,1.54035,1.00,1.00
2010.05.26 08:15:13.882,1.53965,1.54035,2.40,1.00
2010.05.26 08:15:14.227,1.53975,1.54045,1.00,1.50
2010.05.26 08:15:14.573,1.5397,1.5404,1.80,1.00
2010.05.26 08:15:14.912,1.5397,1.54035,1.00,1.00
2010.05.26 08:15:15.942,1.53975,1.54035,1.00,1.00
2010.05.26 08:15:16.281,1.5397,1.54035,3.40,1.00
2010.05.26 08:15:16.911,1.5397,1.54035,2.60,1.00
2010.05.26 08:15:17.191,1.53965,1.5403,3.40,1.00
2010.05.26 08:15:17.471,1.53965,1.5403,6.70,1.00
2010.05.26 08:15:18.092,1.5397,1.5403,1.60,1.00
2010.05.26 08:15:18.803,1.5398,1.54035,2.40,1.00
2010.05.26 08:15:19.082,1.53965,1.54035,1.60,2.40
2010.05.26 08:15:19.361,1.53965,1.5404,1.00,3.10
2010.05.26 08:15:19.757,1.53975,1.5404,1.00,2.30
2010.05.26 08:15:20.049,1.53975,1.54045,2.60,1.60
2010.05.26 08:15:20.393,1.53985,1.5405,4.00,1.00
2010.05.26 08:15:20.982,1.5398,1.5404,4.00,1.00
2010.05.26 08:15:21.322,1.53975,1.5403,1.00,1.00
2010.05.26 08:15:22.067,1.53965,1.5403,1.00,1.00
2010.05.26 08:15:22.420,1.53955,1.5403,5.10,1.00
2010.05.26 08:15:23.150,1.53955,1.5403,5.20,1.00
2010.05.26 08:15:23.915,1.5395,1.5402,1.00,1.00
2010.05.26 08:15:24.232,1.53955,1.5402,2.40,1.00
2010.05.26 08:15:24.571,1.53955,1.5402,2.40,1.00
2010.05.26 08:15:25.962,1.53955,1.5403,2.40,1.70
2010.05.26 08:15:26.662,1.53955,1.5402,1.60,1.00
2010.05.26 08:15:27.002,1.5395,1.5402,5.10,1.00
2010.05.26 08:15:27.342,1.5395,1.5402,5.20,1.00
2010.05.26 08:15:27.642,1.53965,1.5403,2.40,2.30
2010.05.26 08:15:27.941,1.5397,1.5403,1.00,1.00
2010.05.26 08:15:28.582,1.5397,1.54035,2.40,1.00
2010.05.26 08:15:28.811,1.5397,1.5404,1.00,1.00
2010.05.26 08:15:29.040,1.53965,1.54035,1.00,1.00
2010.05.26 08:15:29.612,1.5396,1.54035,1.80,1.00
2010.05.26 08:15:29.952,1.5396,1.54035,1.80,1.30
2010.05.26 08:15:31.313,1.5396,1.5403,1.00,1.00
2010.05.26 08:15:31.693,1.53965,1.54035,1.00,1.00
2010.05.26 08:15:31.903,1.5397,1.54035,1.00,1.00
2010.05.26 08:15:33.250,1.5397,1.54035,1.00,1.00
2010.05.26 08:15:34.142,1.5396,1.54035,3.60,1.00
2010.05.26 08:15:34.602,1.5396,1.5403,1.10,1.00
2010.05.26 08:15:34.901,1.5396,1.5403,1.00,1.00
2010.05.26 08:15:36.140,1.5396,1.5403,1.10,1.00
2010.05.26 08:15:36.420,1.53965,1.54035,1.00,1.00
2010.05.26 08:15:36.700,1.5397,1.54035,1.00,1.00
2010.05.26 08:15:37.121,1.5397,1.5404,1.00,1.50
2010.05.26 08:15:37.466,1.53985,1.5405,1.00,1.00
2010.05.26 08:15:37.802,1.5399,1.54055,1.00,1.00
2010.05.26 08:15:38.142,1.53995,1.54055,1.00,1.00
2010.05.26 08:15:38.509,1.53995,1.5406,1.00,1.00
2010.05.26 08:15:40.193,1.53995,1.54055,1.00,1.00
2010.05.26 08:15:40.946,1.53985,1.54055,6.80,1.00
2010.05.26 08:15:41.292,1.5399,1.54055,1.00,1.00
2010.05.26 08:15:41.860,1.5399,1.5405,1.00,1.00
2010.05.26 08:15:43.911,1.5398,1.5405,2.40,1.00
2010.05.26 08:15:44.130,1.53975,1.54045,3.60,1.00
2010.05.26 08:15:44.804,1.53975,1.5404,1.00,1.00
2010.05.26 08:15:45.121,1.53975,1.54045,1.00,2.50
2010.05.26 08:15:45.441,1.5397,1.5404,1.80,1.00
2010.05.26 08:15:47.205,1.5397,1.54035,1.80,1.00
2010.05.26 08:15:48.111,1.5397,1.5404,1.00,1.00
2010.05.26 08:15:48.351,1.5397,1.54035,1.00,4.20
2010.05.26 08:15:48.591,1.53965,1.5403,1.80,1.60
2010.05.26 08:15:49.272,1.53955,1.5402,3.50,2.40
2010.05.26 08:15:49.611,1.53965,1.5402,1.00,2.40
2010.05.26 08:15:49.949,1.53965,1.5402,1.00,1.00
2010.05.26 08:15:50.637,1.53955,1.5402,1.80,1.70
2010.05.26 08:15:50.983,1.5396,1.5402,1.00,1.00
2010.05.26 08:15:51.324,1.5396,1.5402,1.00,1.00
2010.05.26 08:15:52.007,1.5396,1.54025,1.00,4.20
2010.05.26 08:15:52.345,1.53955,1.5402,2.40,1.00
2010.05.26 08:15:52.680,1.5396,1.5403,1.00,1.00
2010.05.26 08:15:53.021,1.53975,1.5403,1.00,1.00
2010.05.26 08:15:53.647,1.53975,1.5405,2.40,1.50
2010.05.26 08:15:53.931,1.53975,1.5404,2.40,1.00
2010.05.26 08:15:54.210,1.53975,1.54045,1.00,1.00
2010.05.26 08:15:54.490,1.53975,1.54045,5.10,1.00
2010.05.26 08:15:55.221,1.5398,1.5405,1.00,1.00
2010.05.26 08:15:55.560,1.53975,1.5405,5.90,1.00
2010.05.26 08:15:55.900,1.53975,1.5405,5.90,1.00
2010.05.26 08:15:56.606,1.53975,1.54045,5.80,1.00
2010.05.26 08:15:56.940,1.53975,1.54045,3.30,1.00
2010.05.26 08:15:57.231,1.5397,1.54045,7.60,2.50
2010.05.26 08:15:57.521,1.5397,1.5404,1.00,1.00
2010.05.26 08:15:57.914,1.53965,1.54035,2.60,1.00
2010.05.26 08:15:58.208,1.5396,1.54035,3.50,1.00
2010.05.26 08:15:58.893,1.5396,1.5403,2.70,2.40
2010.05.26 08:15:59.586,1.5396,1.5403,3.50,1.00
2010.05.26 08:15:59.923,1.5396,1.54035,3.50,1.00
2010.05.26 08:16:00.601,1.5396,1.54025,3.40,1.00
2010.05.26 08:16:00.959,1.5396,1.54035,3.50,1.00
2010.05.26 08:16:01.304,1.5396,1.5403,2.60,1.00
2010.05.26 08:16:01.592,1.5396,1.5403,2.70,1.00
2010.05.26 08:16:02.483,1.5396,1.5403,2.70,1.00
2010.05.26 08:16:02.824,1.5396,1.5403,1.00,1.00
2010.05.26 08:16:04.400,1.5396,1.5403,1.00,1.00
2010.05.26 08:16:06.572,1.5396,1.5403,1.00,2.60
2010.05.26 08:16:06.881,1.5396,1.5403,1.00,1.00
2010.05.26 08:16:08.244,1.5396,1.54025,1.00,1.00
2010.05.26 08:16:08.923,1.5396,1.54025,1.00,2.40
2010.05.26 08:16:09.611,1.5396,1.54025,1.00,2.50
2010.05.26 08:16:10.272,1.5396,1.54025,1.00,1.00
2010.05.26 08:16:10.573,1.53965,1.5403,1.00,1.00
2010.05.26 08:16:11.382,1.53965,1.5404,2.60,1.00
2010.05.26 08:16:12.050,1.53965,1.54035,1.80,1.00
2010.05.26 08:16:13.284,1.5397,1.54035,1.00,1.00
2010.05.26 08:16:13.970,1.53965,1.54035,1.80,1.00
2010.05.26 08:16:14.579,1.53965,1.54035,1.00,1.00
2010.05.26 08:16:14.901,1.5396,1.5403,1.10,1.00
2010.05.26 08:16:15.561,1.53975,1.54045,2.40,1.00
2010.05.26 08:16:16.068,1.5398,1.54035,1.00,1.00
2010.05.26 08:16:16.414,1.53965,1.54035,1.70,2.40
2010.05.26 08:16:16.752,1.5397,1.54035,1.00,1.00
2010.05.26 08:16:17.990,1.53975,1.54035,1.00,1.00
2010.05.26 08:16:18.221,1.53975,1.54035,1.00,1.00
2010.05.26 08:16:18.696,1.5397,1.5404,1.00,1.00
2010.05.26 08:16:19.256,1.53975,1.5404,1.00,1.00
2010.05.26 08:16:19.591,1.53975,1.5404,1.00,1.00
2010.05.26 08:16:19.930,1.5397,1.5404,3.20,1.00
2010.05.26 08:16:20.271,1.5397,1.5404,3.20,1.00
2010.05.26 08:16:20.677,1.53975,1.54045,1.00,2.20
2010.05.26 08:16:21.024,1.53975,1.5404,1.60,1.00
2010.05.26 08:16:21.361,1.5397,1.5404,2.20,1.00
2010.05.26 08:16:22.074,1.5397,1.54035,1.60,1.00
2010.05.26 08:16:24.340,1.5397,1.54035,1.80,1.00
2010.05.26 08:16:25.561,1.5397,1.5404,2.40,1.00
2010.05.26 08:16:25.902,1.5397,1.54045,3.30,3.10
2010.05.26 08:16:26.581,1.5397,1.5404,3.30,1.00
2010.05.26 08:16:27.271,1.5397,1.5404,3.20,1.00
2010.05.26 08:16:28.661,1.5397,1.54035,1.00,1.00
2010.05.26 08:16:29.001,1.53965,1.54035,2.60,1.00
2010.05.26 08:16:29.341,1.5397,1.5404,1.00,4.20
2010.05.26 08:16:30.005,1.5397,1.5404,1.00,3.40
2010.05.26 08:16:30.340,1.5397,1.5404,1.00,1.00
2010.05.26 08:16:31.916,1.5397,1.5404,1.00,1.70
2010.05.26 08:16:32.186,1.53965,1.54035,1.90,1.00
2010.05.26 08:16:32.980,1.53965,1.54035,1.80,1.00
2010.05.26 08:16:33.473,1.53965,1.54035,1.90,1.00
2010.05.26 08:16:33.762,1.53965,1.54035,1.80,1.00
2010.05.26 08:16:34.452,1.5397,1.54035,1.00,1.00
2010.05.26 08:16:34.740,1.53965,1.54035,5.10,1.00
2010.05.26 08:16:35.256,1.53965,1.54035,3.40,1.00
2010.05.26 08:16:35.592,1.53965,1.54035,2.60,1.00
2010.05.26 08:16:35.930,1.53965,1.54035,2.50,1.60
2010.05.26 08:16:36.263,1.53965,1.5403,2.70,1.00
2010.05.26 08:16:36.490,1.53965,1.54025,2.50,1.00
2010.05.26 08:16:36.720,1.53965,1.54025,2.50,1.00
2010.05.26 08:16:36.950,1.53965,1.5403,2.70,1.00
2010.05.26 08:16:37.597,1.53965,1.54025,2.50,1.00
2010.05.26 08:16:38.040,1.53965,1.5403,2.50,1.00
2010.05.26 08:16:38.371,1.53965,1.5403,1.80,1.00
2010.05.26 08:16:38.822,1.53965,1.5403,1.00,1.00
2010.05.26 08:16:39.153,1.5397,1.5403,1.00,1.00
2010.05.26 08:16:39.460,1.5397,1.54035,1.00,1.00
2010.05.26 08:16:40.419,1.5397,1.54035,1.00,1.00
2010.05.26 08:16:41.327,1.53965,1.54035,1.00,1.00
2010.05.26 08:16:41.892,1.53965,1.54035,1.00,1.00
2010.05.26 08:16:42.522,1.5397,1.5404,2.40,1.00
2010.05.26 08:16:42.844,1.5397,1.5404,1.00,2.30
2010.05.26 08:16:43.171,1.53975,1.5404,1.00,2.30
2010.05.26 08:16:43.836,1.53985,1.5404,1.00,1.00
2010.05.26 08:16:44.173,1.53985,1.5405,1.00,1.00
2010.05.26 08:16:45.017,1.5398,1.5405,7.50,1.60
2010.05.26 08:16:45.361,1.53985,1.5405,2.60,1.60
2010.05.26 08:16:45.857,1.5399,1.5405,1.00,1.00
2010.05.26 08:16:47.040,1.5399,1.5405,1.00,1.00
2010.05.26 08:16:47.330,1.5399,1.5405,1.00,1.00
2010.05.26 08:16:48.186,1.5399,1.5405,1.00,1.00
2010.05.26 08:16:49.780,1.5399,1.5405,1.00,1.00
2010.05.26 08:16:53.070,1.5399,1.5405,1.00,1.00
2010.05.26 08:16:53.259,1.5399,1.5405,1.00,1.00
2010.05.26 08:16:53.815,1.5399,1.5405,1.00,1.00
2010.05.26 08:16:54.900,1.5399,1.5405,1.00,1.00
2010.05.26 08:16:55.220,1.5399,1.5405,1.00,1.00
2010.05.26 08:16:55.647,1.5399,1.5405,1.00,1.00
2010.05.26 08:16:55.994,1.5399,1.54055,3.20,1.00
2010.05.26 08:16:56.332,1.53995,1.54055,1.00,1.00
2010.05.26 08:16:57.492,1.53995,1.54055,1.00,1.00
2010.05.26 08:16:57.832,1.53995,1.5406,1.00,2.50
2010.05.26 08:16:58.170,1.53995,1.5406,1.00,1.00
2010.05.26 08:17:00.400,1.53995,1.5406,1.10,1.00
2010.05.26 08:17:01.056,1.53995,1.54055,1.10,1.00
2010.05.26 08:17:01.801,1.53995,1.5406,1.10,1.00
2010.05.26 08:17:02.082,1.53995,1.54055,1.10,1.00
2010.05.26 08:17:02.322,1.53995,1.54055,1.00,1.00
2010.05.26 08:17:03.380,1.53995,1.5406,1.00,1.00
2010.05.26 08:17:03.609,1.53995,1.54055,1.00,1.00
2010.05.26 08:17:03.839,1.53995,1.5406,1.00,1.00
2010.05.26 08:17:04.713,1.53995,1.5406,1.10,1.00
2010.05.26 08:17:05.051,1.53995,1.5406,1.00,1.00
2010.05.26 08:17:06.751,1.53995,1.5406,1.10,1.00
2010.05.26 08:17:07.033,1.54005,1.54065,1.00,2.30
2010.05.26 08:17:07.251,1.5401,1.54065,3.20,1.00
2010.05.26 08:17:07.470,1.5401,1.5408,3.60,1.10
2010.05.26 08:17:07.691,1.54015,1.54085,2.40,1.00
2010.05.26 08:17:08.040,1.5402,1.54085,1.60,1.00
2010.05.26 08:17:08.394,1.54025,1.54085,1.60,1.00
2010.05.26 08:17:08.738,1.54025,1.5409,1.60,1.00
2010.05.26 08:17:09.013,1.54025,1.54085,1.00,1.00
2010.05.26 08:17:09.283,1.54025,1.5409,1.00,1.70
2010.05.26 08:17:10.232,1.54025,1.5409,3.00,1.00
2010.05.26 08:17:10.572,1.54025,1.5409,3.70,1.00
2010.05.26 08:17:11.263,1.54025,1.54095,3.70,1.00
2010.05.26 08:17:12.480,1.54025,1.5409,3.70,1.00
2010.05.26 08:17:13.250,1.54025,1.54095,3.70,1.00
2010.05.26 08:17:14.000,1.54025,1.54095,3.90,1.00
2010.05.26 08:17:16.706,1.5403,1.54095,1.00,1.00
2010.05.26 08:17:16.981,1.54025,1.54085,3.70,1.00
2010.05.26 08:17:17.261,1.54025,1.5409,2.10,1.00
2010.05.26 08:17:17.544,1.5402,1.5408,2.00,1.00
2010.05.26 08:17:17.881,1.5402,1.5409,2.00,1.50
2010.05.26 08:17:18.551,1.5402,1.5409,1.00,2.90
2010.05.26 08:17:18.881,1.5402,1.5409,1.00,3.10
2010.05.26 08:17:19.211,1.5402,1.54085,1.00,1.00
2010.05.26 08:17:19.892,1.5402,1.54085,3.70,1.00
2010.05.26 08:17:20.232,1.5402,1.5409,1.60,1.00
2010.05.26 08:17:20.573,1.5402,1.5409,2.60,1.00
2010.05.26 08:17:21.291,1.5402,1.54085,1.00,1.00
2010.05.26 08:17:21.632,1.54015,1.5408,2.70,1.00
2010.05.26 08:17:21.972,1.54015,1.5408,2.60,1.00
2010.05.26 08:17:22.790,1.54015,1.5408,2.60,1.00
2010.05.26 08:17:23.090,1.54015,1.5408,2.70,1.00
2010.05.26 08:17:23.393,1.54015,1.54085,3.50,1.70
2010.05.26 08:17:23.691,1.5402,1.5408,1.60,1.00
2010.05.26 08:17:24.237,1.54015,1.5408,2.60,1.00
2010.05.26 08:17:25.321,1.54015,1.54085,2.70,2.40
2010.05.26 08:17:25.610,1.54015,1.5409,7.20,2.90
2010.05.26 08:17:25.901,1.54015,1.54085,3.50,2.40
2010.05.26 08:17:27.022,1.54015,1.5408,3.50,1.00
2010.05.26 08:17:27.791,1.54015,1.54085,5.10,1.00
2010.05.26 08:17:27.981,1.5402,1.5409,2.60,1.00
2010.05.26 08:17:28.393,1.5402,1.5409,4.30,1.00
2010.05.26 08:17:28.662,1.54025,1.54095,1.00,1.00
2010.05.26 08:17:28.931,1.54025,1.54095,5.10,1.00
2010.05.26 08:17:30.013,1.54025,1.54095,5.10,1.00
2010.05.26 08:17:30.636,1.54025,1.54095,5.20,1.00
2010.05.26 08:17:30.812,1.54035,1.5409,1.00,1.00
2010.05.26 08:17:30.991,1.5403,1.5409,2.70,1.00
2010.05.26 08:17:31.170,1.5403,1.54095,1.40,1.00
2010.05.26 08:17:31.511,1.5403,1.54095,1.00,1.00
2010.05.26 08:17:32.191,1.5403,1.54095,1.00,1.00
2010.05.26 08:17:32.364,1.5403,1.54095,1.00,1.00
2010.05.26 08:17:33.620,1.54025,1.54095,1.10,1.00
2010.05.26 08:17:33.850,1.54025,1.5409,1.00,1.00
2010.05.26 08:17:34.801,1.54025,1.54085,1.00,1.00
2010.05.26 08:17:35.112,1.54025,1.54095,1.10,1.00
2010.05.26 08:17:36.799,1.54025,1.5409,1.10,1.00
2010.05.26 08:17:37.350,1.54025,1.54085,1.00,1.00
2010.05.26 08:17:37.590,1.54025,1.54085,1.00,1.00
2010.05.26 08:17:37.821,1.5402,1.5409,5.70,1.00
2010.05.26 08:17:38.051,1.5402,1.54085,5.00,1.00
2010.05.26 08:17:38.281,1.54025,1.5409,2.40,1.00
2010.05.26 08:17:38.654,1.54025,1.5409,4.00,1.00
2010.05.26 08:17:38.972,1.5403,1.54095,2.40,1.00
2010.05.26 08:17:39.291,1.54035,1.54095,2.40,1.00
2010.05.26 08:17:39.611,1.54035,1.54095,4.00,1.00
2010.05.26 08:17:40.920,1.54035,1.54105,4.00,1.00
2010.05.26 08:17:41.396,1.54035,1.54105,4.20,1.00
2010.05.26 08:17:41.960,1.54035,1.541,3.20,1.00
2010.05.26 08:17:42.200,1.5403,1.541,3.40,1.00
2010.05.26 08:17:42.320,1.54035,1.541,1.00,1.00
2010.05.26 08:17:42.439,1.54035,1.541,2.40,1.00
2010.05.26 08:17:42.883,1.54035,1.54095,2.40,1.00
2010.05.26 08:17:43.642,1.5403,1.54095,3.40,1.00
2010.05.26 08:17:43.981,1.54035,1.541,1.00,1.00
2010.05.26 08:17:44.170,1.54035,1.541,2.40,1.00
2010.05.26 08:17:45.727,1.54035,1.54095,2.40,1.00
2010.05.26 08:17:45.980,1.54035,1.54095,4.00,1.00
2010.05.26 08:17:46.761,1.54035,1.54085,1.00,1.00
2010.05.26 08:17:47.041,1.54035,1.54095,4.50,1.00
2010.05.26 08:17:47.321,1.54035,1.54095,2.00,1.00
2010.05.26 08:17:47.591,1.5403,1.54095,5.10,1.00
2010.05.26 08:17:49.160,1.5403,1.54095,3.20,1.00
2010.05.26 08:17:49.180,1.5403,1.54095,1.60,1.00
2010.05.26 08:17:50.830,1.5403,1.54095,2.40,1.00
2010.05.26 08:17:52.431,1.5403,1.54095,1.60,1.00
2010.05.26 08:17:54.030,1.5403,1.541,1.60,1.00
2010.05.26 08:17:54.169,1.5403,1.541,1.60,2.50
2010.05.26 08:17:54.310,1.54025,1.541,5.20,2.50
2010.05.26 08:17:56.722,1.5403,1.541,1.00,1.70
2010.05.26 08:17:56.830,1.5403,1.54095,1.00,1.00
2010.05.26 08:17:57.030,1.5403,1.54105,2.60,2.50
2010.05.26 08:17:57.130,1.5403,1.54105,2.60,2.30
2010.05.26 08:17:59.160,1.5403,1.541,1.80,1.00
2010.05.26 08:18:00.181,1.54035,1.541,1.00,1.00
2010.05.26 08:18:00.460,1.54035,1.54105,1.00,2.30
2010.05.26 08:18:02.141,1.5403,1.54095,2.40,1.00
2010.05.26 08:18:02.270,1.5403,1.54095,1.00,1.00
2010.05.26 08:18:02.399,1.54025,1.54095,6.80,1.00
2010.05.26 08:18:02.532,1.54025,1.541,6.80,1.00
2010.05.26 08:18:02.799,1.54025,1.54095,6.00,1.00
2010.05.26 08:18:03.304,1.54025,1.541,6.80,2.50
2010.05.26 08:18:03.512,1.54025,1.54095,4.20,1.00
2010.05.26 08:18:03.721,1.5403,1.541,1.00,1.00
2010.05.26 08:18:03.920,1.5403,1.541,2.40,1.00
2010.05.26 08:18:08.572,1.5403,1.541,2.60,1.00
2010.05.26 08:18:09.281,1.5403,1.541,1.80,1.00
2010.05.26 08:18:10.930,1.5403,1.541,2.60,1.00
2010.05.26 08:18:12.281,1.5403,1.541,1.80,1.00
2010.05.26 08:18:12.957,1.5403,1.5409,1.60,1.00
2010.05.26 08:18:13.101,1.5403,1.54095,2.40,1.00
2010.05.26 08:18:14.691,1.5403,1.54095,1.60,1.00
2010.05.26 08:18:15.186,1.5403,1.54095,2.40,1.00
2010.05.26 08:18:15.462,1.5403,1.5409,2.40,1.00
2010.05.26 08:18:15.743,1.5403,1.54095,1.60,1.00
2010.05.26 08:18:16.328,1.54025,1.54095,5.10,1.00
2010.05.26 08:18:20.612,1.54025,1.54095,3.20,1.00
2010.05.26 08:18:22.205,1.54025,1.54095,3.40,1.00
2010.05.26 08:18:23.310,1.54025,1.5409,3.20,1.00
2010.05.26 08:18:24.740,1.54025,1.5409,4.20,1.00
2010.05.26 08:18:25.881,1.54025,1.5408,3.40,1.00
2010.05.26 08:18:26.073,1.54025,1.5408,1.60,2.40
2010.05.26 08:18:26.262,1.54015,1.54075,1.00,1.00
2010.05.26 08:18:26.521,1.54005,1.54075,3.90,1.00
2010.05.26 08:18:27.155,1.54005,1.54075,2.30,1.00
2010.05.26 08:18:27.412,1.54005,1.54075,2.20,1.00
2010.05.26 08:18:27.711,1.54005,1.54075,3.90,1.00
2010.05.26 08:18:28.011,1.54005,1.54075,3.90,1.00
2010.05.26 08:18:29.362,1.54005,1.54075,4.00,1.00
2010.05.26 08:18:31.061,1.54005,1.5407,3.20,1.00
2010.05.26 08:18:31.321,1.54005,1.5407,1.00,1.00
2010.05.26 08:18:31.580,1.53995,1.5407,6.80,1.00
2010.05.26 08:18:31.840,1.54,1.54065,1.00,2.40
2010.05.26 08:18:32.100,1.53995,1.54065,6.80,1.00
2010.05.26 08:18:33.378,1.53995,1.54065,6.00,1.70
2010.05.26 08:18:33.641,1.53995,1.54065,5.00,1.00
2010.05.26 08:18:33.883,1.53995,1.54065,2.40,1.00
2010.05.26 08:18:34.957,1.53995,1.54065,2.50,1.00
2010.05.26 08:18:35.221,1.54,1.54065,1.00,1.00
2010.05.26 08:18:35.490,1.54,1.54065,2.40,1.00
2010.05.26 08:18:35.760,1.54,1.54065,2.40,1.00
2010.05.26 08:18:36.689,1.54,1.54065,2.50,1.00
2010.05.26 08:18:37.102,1.54005,1.54065,1.00,1.00
2010.05.26 08:18:37.300,1.54005,1.54065,1.00,1.00
2010.05.26 08:18:37.824,1.54,1.54065,2.50,1.00
2010.05.26 08:18:38.021,1.53995,1.54065,4.20,1.00
2010.05.26 08:18:38.210,1.53995,1.54065,2.50,1.00
2010.05.26 08:18:39.061,1.53995,1.54065,2.40,1.00
2010.05.26 08:18:39.400,1.53995,1.54065,3.20,1.50
2010.05.26 08:18:39.741,1.53995,1.54065,3.20,1.60
2010.05.26 08:18:40.440,1.53995,1.54065,4.00,1.00
2010.05.26 08:18:41.853,1.5399,1.54065,3.40,1.00
2010.05.26 08:18:42.190,1.5399,1.5406,3.40,1.00
2010.05.26 08:18:42.871,1.5399,1.54065,3.40,1.00
2010.05.26 08:18:43.484,1.5399,1.5406,1.00,1.00
2010.05.26 08:18:43.920,1.53985,1.54055,6.70,1.00
2010.05.26 08:18:46.432,1.5399,1.5406,1.00,1.00
2010.05.26 08:18:47.260,1.5399,1.5406,1.00,1.00
2010.05.26 08:18:47.808,1.5399,1.5406,1.00,1.00
2010.05.26 08:18:48.154,1.5399,1.54055,1.00,1.00
2010.05.26 08:18:48.492,1.53995,1.54065,1.00,3.80
2010.05.26 08:18:48.711,1.53995,1.54065,1.00,1.00
2010.05.26 08:18:48.934,1.5399,1.5406,3.40,1.00
2010.05.26 08:18:49.510,1.5399,1.54055,2.60,1.00
2010.05.26 08:18:49.730,1.5399,1.54055,2.70,1.00
2010.05.26 08:18:50.070,1.5399,1.5406,3.40,1.00
2010.05.26 08:18:50.410,1.5399,1.5406,3.50,1.00
2010.05.26 08:18:50.750,1.5399,1.5406,3.40,2.60
2010.05.26 08:18:51.090,1.5399,1.5406,1.00,2.60
2010.05.26 08:18:51.553,1.54,1.5406,1.00,1.80
2010.05.26 08:18:51.892,1.5399,1.5405,1.00,1.60
2010.05.26 08:18:52.151,1.5399,1.5406,1.00,2.60
2010.05.26 08:18:54.331,1.5399,1.54055,1.00,1.00
2010.05.26 08:18:55.933,1.5399,1.5406,1.00,1.00
2010.05.26 08:18:56.100,1.53985,1.54055,5.10,1.00
2010.05.26 08:18:56.271,1.53985,1.5405,2.70,1.00
2010.05.26 08:18:56.439,1.53985,1.5405,1.10,1.00
2010.05.26 08:18:57.150,1.53985,1.5405,1.10,1.00
2010.05.26 08:18:57.493,1.53985,1.5405,1.10,1.00
2010.05.26 08:18:58.193,1.53985,1.5405,1.10,1.00
2010.05.26 08:19:01.642,1.53985,1.5405,1.00,1.00
2010.05.26 08:19:02.037,1.53985,1.5405,1.00,1.00
2010.05.26 08:19:02.304,1.53985,1.54045,1.00,1.00
2010.05.26 08:19:02.564,1.5399,1.54045,1.00,1.00
2010.05.26 08:19:02.823,1.53995,1.54055,1.00,1.00
2010.05.26 08:19:03.086,1.53995,1.5406,1.00,1.00
2010.05.26 08:19:03.682,1.5399,1.54055,1.00,1.00
2010.05.26 08:19:03.980,1.5399,1.5406,1.00,1.00
2010.05.26 08:19:04.280,1.5399,1.54055,1.00,1.00
2010.05.26 08:19:04.581,1.5399,1.5406,1.00,1.00
2010.05.26 08:19:04.921,1.5399,1.5405,1.00,1.00
2010.05.26 08:19:05.653,1.5399,1.5405,1.00,1.60
2010.05.26 08:19:05.993,1.5398,1.5405,2.40,2.10
2010.05.26 08:19:06.612,1.5398,1.54055,4.20,1.50
2010.05.26 08:19:06.902,1.5398,1.54055,4.20,1.90
2010.05.26 08:19:07.242,1.5398,1.5405,1.00,1.00
2010.05.26 08:19:07.581,1.53985,1.5405,1.00,2.90
2010.05.26 08:19:08.223,1.53985,1.5405,1.00,1.00
2010.05.26 08:19:09.083,1.53985,1.5405,1.00,1.00
2010.05.26 08:19:09.420,1.53985,1.5405,1.00,1.00
2010.05.26 08:19:10.080,1.53985,1.5405,1.00,1.00
2010.05.26 08:19:10.410,1.53985,1.5405,1.00,1.30
2010.05.26 08:19:10.913,1.5398,1.5405,1.00,2.90
2010.05.26 08:19:12.214,1.5398,1.5405,1.00,3.10
2010.05.26 08:19:13.090,1.5398,1.54045,1.00,1.00
2010.05.26 08:19:19.336,1.53975,1.54045,1.00,1.00
2010.05.26 08:19:20.002,1.53975,1.54045,1.00,1.50
2010.05.26 08:19:21.130,1.53975,1.54045,1.00,1.00
2010.05.26 08:19:22.692,1.53975,1.54045,1.00,1.00
2010.05.26 08:19:23.251,1.5397,1.54045,4.20,1.50
2010.05.26 08:19:23.842,1.53975,1.54045,1.00,1.00
2010.05.26 08:19:24.340,1.53975,1.5404,1.00,1.00
2010.05.26 08:19:30.210,1.5397,1.5404,4.20,1.00
2010.05.26 08:19:30.531,1.5397,1.54045,5.80,1.50
2010.05.26 08:19:31.154,1.53975,1.5405,3.60,2.90
2010.05.26 08:19:31.493,1.53985,1.54055,4.00,1.00
2010.05.26 08:19:32.184,1.53985,1.5405,4.00,1.00
2010.05.26 08:19:32.521,1.5399,1.5405,1.00,1.00
2010.05.26 08:19:36.451,1.53985,1.5405,4.20,1.00
2010.05.26 08:19:36.870,1.53985,1.54045,3.20,1.00
2010.05.26 08:19:37.462,1.5398,1.54045,2.60,1.00
2010.05.26 08:19:37.640,1.5398,1.54045,1.60,1.00
2010.05.26 08:19:38.280,1.53985,1.54045,2.40,1.00
2010.05.26 08:19:38.452,1.5399,1.5406,1.00,2.20
2010.05.26 08:19:38.631,1.5399,1.5406,4.00,1.00
2010.05.26 08:19:39.008,1.53995,1.5406,1.00,1.00
2010.05.26 08:19:39.322,1.54,1.5407,2.40,1.00
2010.05.26 08:19:39.642,1.54,1.5407,2.40,1.40
2010.05.26 08:19:39.981,1.54005,1.5407,1.00,1.40
2010.05.26 08:19:40.322,1.54005,1.5407,2.40,1.00
2010.05.26 08:19:41.330,1.54005,1.5407,2.50,1.00
2010.05.26 08:19:41.651,1.5401,1.5407,2.40,1.00
2010.05.26 08:19:41.971,1.5401,1.54075,2.40,1.00
2010.05.26 08:19:42.663,1.5401,1.54075,2.50,1.00
2010.05.26 08:19:42.850,1.54015,1.54075,2.40,1.00
2010.05.26 08:19:43.041,1.54015,1.5408,2.40,1.00
2010.05.26 08:19:43.230,1.54015,1.54085,2.40,1.00
2010.05.26 08:19:44.291,1.54015,1.5408,1.60,1.00
2010.05.26 08:19:44.521,1.54005,1.54075,1.00,1.20
2010.05.26 08:19:45.260,1.54005,1.54075,1.00,1.70
2010.05.26 08:19:46.433,1.5401,1.54075,1.00,1.00
2010.05.26 08:19:46.753,1.5401,1.54075,2.50,1.00
2010.05.26 08:19:48.203,1.5401,1.5407,2.40,1.00
2010.05.26 08:19:48.393,1.54025,1.5407,1.00,1.00
2010.05.26 08:19:48.550,1.54025,1.54075,1.00,1.10
2010.05.26 08:19:48.712,1.54025,1.54085,2.40,1.00
2010.05.26 08:19:49.032,1.5403,1.54085,1.00,1.00
2010.05.26 08:19:49.192,1.5403,1.54085,1.60,1.00
2010.05.26 08:19:49.531,1.54025,1.54085,2.40,1.00
2010.05.26 08:19:50.289,1.54025,1.5408,2.40,1.00
2010.05.26 08:19:50.433,1.5403,1.5409,1.00,1.50
2010.05.26 08:19:50.582,1.5403,1.5409,2.40,1.50
2010.05.26 08:19:51.343,1.5403,1.54085,2.40,1.00
2010.05.26 08:19:51.682,1.54025,1.54085,2.40,1.00
2010.05.26 08:19:52.361,1.54025,1.54085,1.60,1.00
2010.05.26 08:19:52.701,1.5401,1.5408,4.00,1.00
2010.05.26 08:19:52.941,1.5401,1.5408,4.00,1.00
2010.05.26 08:19:53.181,1.5401,1.5408,1.00,1.00
2010.05.26 08:19:53.716,1.54015,1.54075,1.60,1.00
2010.05.26 08:19:54.054,1.54025,1.5408,2.40,1.00
2010.05.26 08:19:54.390,1.54025,1.5408,2.40,1.00
2010.05.26 08:19:55.287,1.54025,1.54085,2.40,1.30
2010.05.26 08:19:56.202,1.54025,1.54075,1.60,1.00
2010.05.26 08:19:56.410,1.5402,1.54075,2.40,1.00
2010.05.26 08:19:56.620,1.5402,1.5408,2.40,1.00
2010.05.26 08:19:57.301,1.5402,1.54075,2.40,1.00
2010.05.26 08:19:58.303,1.54015,1.54075,3.00,1.00
2010.05.26 08:19:58.552,1.54015,1.54075,1.50,1.00
2010.05.26 08:19:58.863,1.54015,1.54075,1.00,1.00
2010.05.26 08:19:59.533,1.54005,1.54075,4.20,1.00
2010.05.26 08:20:00.576,1.54005,1.5407,4.20,1.00
2010.05.26 08:20:01.263,1.54015,1.5407,1.00,1.00
2010.05.26 08:20:04.951,1.5402,1.5407,1.00,1.00
2010.05.26 08:20:05.291,1.5402,1.54075,3.00,1.00
2010.05.26 08:20:08.580,1.5402,1.54075,2.20,1.00
2010.05.26 08:20:09.060,1.5402,1.54075,1.00,1.00
2010.05.26 08:20:09.741,1.5402,1.5407,1.00,1.00
2010.05.26 08:20:10.520,1.5402,1.54075,1.00,1.00
2010.05.26 08:20:12.021,1.5402,1.5408,2.80,1.00
2010.05.26 08:20:12.150,1.5402,1.5408,2.40,1.00
2010.05.26 08:20:12.581,1.5402,1.54075,2.40,1.00
2010.05.26 08:20:17.063,1.5402,1.54075,1.60,1.00
2010.05.26 08:20:17.162,1.54015,1.54075,2.80,1.00
2010.05.26 08:20:17.260,1.54015,1.54075,1.20,1.00
2010.05.26 08:20:17.362,1.5402,1.54075,1.00,1.00
2010.05.26 08:20:17.561,1.5402,1.54075,1.00,1.00
2010.05.26 08:20:17.660,1.5401,1.54075,1.00,1.20
2010.05.26 08:20:17.760,1.5401,1.54075,1.00,4.50
2010.05.26 08:20:17.861,1.54,1.54075,1.00,5.00
2010.05.26 08:20:17.959,1.54,1.54075,1.00,5.80
2010.05.26 08:20:18.550,1.54005,1.54075,1.00,5.00
2010.05.26 08:20:18.903,1.54,1.54075,4.20,1.70
2010.05.26 08:20:19.242,1.54,1.54075,2.50,3.30
2010.05.26 08:20:20.191,1.54,1.5407,2.40,1.00
2010.05.26 08:20:20.470,1.54,1.5407,2.40,1.00
2010.05.26 08:20:21.440,1.54,1.54065,2.40,1.00
2010.05.26 08:20:21.681,1.54,1.54065,2.50,1.00
2010.05.26 08:20:21.881,1.54,1.54065,4.20,1.00
2010.05.26 08:20:22.081,1.54,1.54075,4.20,1.70
2010.05.26 08:20:24.163,1.54,1.5407,4.20,1.00
2010.05.26 08:20:25.205,1.54,1.54065,4.20,1.00
2010.05.26 08:20:25.761,1.54,1.54065,3.40,1.00
2010.05.26 08:20:26.011,1.54,1.54065,3.20,1.00
2010.05.26 08:20:26.261,1.53995,1.54065,2.50,1.00
2010.05.26 08:20:26.510,1.53995,1.54065,2.50,1.30
2010.05.26 08:20:27.340,1.53995,1.5406,2.50,1.00
2010.05.26 08:20:27.673,1.54,1.5406,1.00,1.00
2010.05.26 08:20:27.878,1.54,1.54065,2.50,1.00
2010.05.26 08:20:28.082,1.54,1.54065,4.20,1.00
2010.05.26 08:20:28.370,1.54,1.5407,4.20,1.00
2010.05.26 08:20:29.235,1.54005,1.5407,1.00,1.00
2010.05.26 08:20:29.775,1.5401,1.54075,1.00,1.00
2010.05.26 08:20:30.041,1.5401,1.54075,2.40,1.00
2010.05.26 08:20:31.272,1.5401,1.54075,2.50,1.00
2010.05.26 08:20:32.072,1.54015,1.54075,1.00,1.00
2010.05.26 08:20:32.260,1.54015,1.5408,2.40,1.30
2010.05.26 08:20:32.452,1.5401,1.54075,2.40,1.00
2010.05.26 08:20:32.640,1.5401,1.54075,1.60,1.00
2010.05.26 08:20:33.282,1.54,1.54075,4.20,1.50
2010.05.26 08:20:34.072,1.54015,1.54075,1.00,1.00
2010.05.26 08:20:34.240,1.54015,1.54075,2.40,1.00
2010.05.26 08:20:34.411,1.5401,1.54075,1.60,1.30
2010.05.26 08:20:34.881,1.54,1.54075,1.00,1.30
2010.05.26 08:20:35.162,1.54,1.5407,1.00,1.00
2010.05.26 08:20:35.441,1.54,1.5407,4.00,1.00
2010.05.26 08:20:35.721,1.54,1.5407,4.00,1.00
2010.05.26 08:20:36.344,1.5401,1.5407,2.40,1.00
2010.05.26 08:20:36.680,1.5401,1.54075,2.40,1.00
2010.05.26 08:20:37.510,1.5401,1.54075,1.60,1.00
2010.05.26 08:20:37.710,1.54005,1.54075,2.50,1.00
2010.05.26 08:20:38.580,1.5401,1.54075,1.00,1.00
2010.05.26 08:20:39.847,1.54,1.5407,2.50,1.00
2010.05.26 08:20:40.023,1.54,1.54065,1.60,1.00
2010.05.26 08:20:40.202,1.54,1.5407,1.00,1.00
2010.05.26 08:20:40.894,1.5399,1.54065,4.00,2.90
2010.05.26 08:20:41.234,1.54,1.54065,1.00,2.50
2010.05.26 08:20:41.572,1.5401,1.54065,1.00,1.00
2010.05.26 08:20:42.072,1.5401,1.54075,2.40,1.00
2010.05.26 08:20:42.414,1.5401,1.5408,3.00,1.00
2010.05.26 08:20:42.752,1.5402,1.5408,1.00,1.00
2010.05.26 08:20:43.082,1.54035,1.5409,1.00,1.00
2010.05.26 08:20:43.421,1.54035,1.54095,1.00,1.00
2010.05.26 08:20:47.190,1.54055,1.54115,2.40,1.00
2010.05.26 08:20:47.271,1.54055,1.5412,2.40,1.00
2010.05.26 08:20:48.391,1.54055,1.54115,2.40,1.00
2010.05.26 08:20:48.642,1.5406,1.54115,1.60,1.00
2010.05.26 08:20:49.021,1.54065,1.5412,1.60,1.00
2010.05.26 08:20:49.271,1.54065,1.5412,2.40,1.00
2010.05.26 08:20:49.650,1.54065,1.54125,2.40,1.00
2010.05.26 08:20:50.280,1.54065,1.54125,2.40,1.00
2010.05.26 08:20:51.300,1.54065,1.54125,2.40,1.00
2010.05.26 08:20:51.703,1.54065,1.54125,1.60,1.00
2010.05.26 08:20:52.318,1.54065,1.5412,2.40,1.00
2010.05.26 08:20:52.464,1.5407,1.5413,1.00,1.00
2010.05.26 08:20:52.603,1.5407,1.54135,4.00,1.00
2010.05.26 08:20:52.743,1.5407,1.54125,3.20,1.00
2010.05.26 08:20:52.882,1.5407,1.54125,1.60,1.00
2010.05.26 08:20:53.358,1.54065,1.54125,2.40,1.00
2010.05.26 08:20:53.702,1.54065,1.54125,4.00,1.00
2010.05.26 08:20:54.042,1.54065,1.5412,4.00,1.00
2010.05.26 08:20:55.082,1.54065,1.5412,2.40,1.00
2010.05.26 08:20:55.518,1.54065,1.5413,4.10,1.00
2010.05.26 08:20:55.862,1.54065,1.5413,2.50,1.00
2010.05.26 08:20:56.224,1.54065,1.54125,2.50,1.00
2010.05.26 08:20:56.723,1.54065,1.54125,1.70,1.00
2010.05.26 08:20:58.935,1.54065,1.54125,1.00,1.00
2010.05.26 08:20:59.752,1.5405,1.5412,2.90,1.00
2010.05.26 08:21:00.510,1.5405,1.5412,2.10,1.00
2010.05.26 08:21:00.700,1.5405,1.5412,2.10,1.70
2010.05.26 08:21:01.221,1.5405,1.54115,2.10,1.00
2010.05.26 08:21:01.902,1.5405,1.5412,1.60,1.70
2010.05.26 08:21:02.232,1.5405,1.5412,3.20,1.70
2010.05.26 08:21:02.490,1.5405,1.5412,1.60,3.40
2010.05.26 08:21:02.740,1.5405,1.5412,1.60,1.70
2010.05.26 08:21:03.315,1.5405,1.5412,2.40,2.60
2010.05.26 08:21:03.625,1.54065,1.54125,1.00,1.60
2010.05.26 08:21:03.931,1.5407,1.54135,1.60,2.10
2010.05.26 08:21:04.162,1.5407,1.54135,1.00,2.50
2010.05.26 08:21:04.402,1.5407,1.54135,4.50,1.00
2010.05.26 08:21:04.787,1.5407,1.54135,4.70,1.00
2010.05.26 08:21:05.024,1.5407,1.5413,2.20,1.00
2010.05.26 08:21:05.369,1.5406,1.5413,2.40,1.00
2010.05.26 08:21:05.712,1.54065,1.5413,1.60,1.00
2010.05.26 08:21:07.173,1.54065,1.54125,1.60,1.00
2010.05.26 08:21:08.712,1.54065,1.54125,1.70,1.00
2010.05.26 08:21:09.001,1.54065,1.54125,1.60,1.00
2010.05.26 08:21:09.282,1.54065,1.54125,1.60,1.00
2010.05.26 08:21:10.262,1.54065,1.5412,1.60,1.00
2010.05.26 08:21:10.601,1.54065,1.5412,3.20,1.00
2010.05.26 08:21:10.941,1.54065,1.54125,3.20,1.00
2010.05.26 08:21:11.981,1.54065,1.54125,4.00,1.00
2010.05.26 08:21:13.892,1.54065,1.5413,4.00,1.00
2010.05.26 08:21:14.133,1.54065,1.54125,4.00,1.00
2010.05.26 08:21:14.374,1.54065,1.54125,2.40,1.00
2010.05.26 08:21:15.192,1.54065,1.5413,1.60,1.00
2010.05.26 08:21:15.532,1.54065,1.54125,2.40,1.00
2010.05.26 08:21:15.871,1.54065,1.5412,1.60,1.00
2010.05.26 08:21:16.652,1.5406,1.5412,3.00,1.00
2010.05.26 08:21:17.203,1.5406,1.54125,3.20,1.00
2010.05.26 08:21:17.762,1.54055,1.5412,3.10,1.00
2010.05.26 08:21:18.442,1.54055,1.5412,2.30,1.00
2010.05.26 08:21:19.785,1.54055,1.5412,3.10,1.00
2010.05.26 08:21:20.730,1.54055,1.5412,2.30,1.00
2010.05.26 08:21:23.204,1.54055,1.5412,2.10,1.00
2010.05.26 08:21:23.440,1.54055,1.5412,2.10,1.00
2010.05.26 08:21:23.932,1.54055,1.5412,2.90,1.00
2010.05.26 08:21:24.104,1.5406,1.54125,1.00,1.00
2010.05.26 08:21:24.281,1.5406,1.54125,2.40,1.00
2010.05.26 08:21:24.450,1.5406,1.54125,3.10,1.00
2010.05.26 08:21:25.214,1.5406,1.54125,3.20,1.00
2010.05.26 08:21:26.106,1.54065,1.54125,1.00,1.00
2010.05.26 08:21:26.312,1.54065,1.54125,1.00,1.00
2010.05.26 08:21:26.931,1.5406,1.54125,1.00,1.00
2010.05.26 08:21:27.130,1.54055,1.54125,2.90,1.00
2010.05.26 08:21:27.802,1.54055,1.54125,2.10,1.00
2010.05.26 08:21:28.022,1.54055,1.5412,1.60,1.00
2010.05.26 08:21:28.589,1.54055,1.54115,1.60,1.00
2010.05.26 08:21:28.804,1.5405,1.54115,2.40,1.00
2010.05.26 08:21:29.231,1.5405,1.54115,2.40,1.00
2010.05.26 08:21:29.466,1.5405,1.54105,2.40,1.00
2010.05.26 08:21:29.802,1.54045,1.54105,1.60,1.00
2010.05.26 08:21:30.328,1.54035,1.54105,3.40,1.00
2010.05.26 08:21:30.564,1.54025,1.541,4.20,2.40
2010.05.26 08:21:30.793,1.54025,1.54095,4.10,1.00
2010.05.26 08:21:31.023,1.54025,1.54095,1.00,2.90
2010.05.26 08:21:31.435,1.54025,1.5409,1.00,1.00
2010.05.26 08:21:31.662,1.54025,1.54085,1.00,1.00
2010.05.26 08:21:32.001,1.5402,1.5409,1.00,1.00
2010.05.26 08:21:32.341,1.54025,1.5409,1.00,1.50
2010.05.26 08:21:32.982,1.5402,1.5409,1.00,1.60
2010.05.26 08:21:34.312,1.5402,1.5409,1.00,1.00
2010.05.26 08:21:34.510,1.5402,1.5409,4.10,1.00
2010.05.26 08:21:34.701,1.5403,1.5409,1.00,1.20
2010.05.26 08:21:34.910,1.5403,1.54095,1.00,1.30
2010.05.26 08:21:35.960,1.5403,1.54095,1.00,1.60
2010.05.26 08:21:36.271,1.5403,1.54095,1.00,1.50
2010.05.26 08:21:36.581,1.5403,1.54095,1.00,1.00
2010.05.26 08:21:36.891,1.54035,1.54095,1.00,1.00
2010.05.26 08:21:41.358,1.54045,1.5411,1.00,1.00
2010.05.26 08:21:41.729,1.5404,1.5411,3.20,1.60
2010.05.26 08:21:42.077,1.5403,1.541,1.00,1.60
2010.05.26 08:21:42.351,1.5403,1.541,1.00,2.30
2010.05.26 08:21:43.184,1.5403,1.541,1.00,2.50
2010.05.26 08:21:43.879,1.54025,1.5409,4.40,1.00
2010.05.26 08:21:44.227,1.5402,1.54085,1.10,1.00
2010.05.26 08:21:44.443,1.5402,1.5409,1.00,4.70
2010.05.26 08:21:44.661,1.5402,1.5409,1.00,3.00
2010.05.26 08:21:45.733,1.54025,1.5409,1.00,3.00
2010.05.26 08:21:46.124,1.54015,1.5409,1.90,3.20
2010.05.26 08:21:47.562,1.54015,1.54085,1.90,1.00
2010.05.26 08:21:48.116,1.54025,1.5409,1.00,3.00
2010.05.26 08:21:49.075,1.5402,1.5409,1.00,3.20
2010.05.26 08:21:49.360,1.54025,1.5409,1.00,3.00
2010.05.26 08:21:50.330,1.54025,1.5409,1.00,3.20
2010.05.26 08:21:53.118,1.5402,1.5409,1.00,3.20
2010.05.26 08:21:55.747,1.54015,1.5408,1.00,1.00
2010.05.26 08:21:55.972,1.54015,1.5408,1.00,1.60
2010.05.26 08:21:56.650,1.54015,1.5408,1.00,1.40
2010.05.26 08:21:57.164,1.54015,1.5408,1.00,1.40
2010.05.26 08:21:57.330,1.54015,1.5408,1.00,1.40
2010.05.26 08:21:59.032,1.5403,1.5408,1.00,1.00
2010.05.26 08:21:59.282,1.54035,1.54095,1.00,1.00
2010.05.26 08:21:59.532,1.5404,1.54105,1.60,1.00
2010.05.26 08:21:59.780,1.54035,1.54105,2.40,1.00
2010.05.26 08:22:01.410,1.54035,1.541,2.40,1.00
2010.05.26 08:22:03.196,1.54035,1.54105,2.40,1.00
2010.05.26 08:22:03.352,1.54035,1.54105,2.40,1.00
2010.05.26 08:22:03.513,1.54035,1.541,1.60,1.00
2010.05.26 08:22:04.122,1.5403,1.541,1.00,4.00
2010.05.26 08:22:04.463,1.5403,1.541,1.00,1.00
2010.05.26 08:22:07.031,1.54035,1.541,1.00,1.00
2010.05.26 08:22:07.260,1.5403,1.541,1.00,1.00
2010.05.26 08:22:09.742,1.54035,1.541,1.00,1.00
2010.05.26 08:22:10.401,1.54035,1.541,1.00,1.00
2010.05.26 08:22:11.131,1.54035,1.541,1.00,1.70
2010.05.26 08:22:11.414,1.54025,1.54095,1.00,2.20
2010.05.26 08:22:11.711,1.5402,1.5409,1.00,1.00
2010.05.26 08:22:12.001,1.5402,1.5409,1.00,3.00
2010.05.26 08:22:12.642,1.5402,1.5408,1.00,1.00
2010.05.26 08:22:12.931,1.5402,1.54085,1.00,1.00
2010.05.26 08:22:13.131,1.54015,1.54085,1.00,1.00
2010.05.26 08:22:13.331,1.5402,1.54085,1.00,1.00
2010.05.26 08:22:13.531,1.54025,1.5409,1.00,4.90
2010.05.26 08:22:14.025,1.54035,1.5409,1.00,1.00
2010.05.26 08:22:14.366,1.5402,1.54085,1.60,2.40
2010.05.26 08:22:14.703,1.54025,1.5408,2.40,1.00
2010.05.26 08:22:14.931,1.54025,1.54095,2.40,1.00
2010.05.26 08:22:15.162,1.54015,1.5409,5.10,1.00
2010.05.26 08:22:15.392,1.5402,1.54095,1.00,2.40
2010.05.26 08:22:15.730,1.5402,1.5409,1.00,1.00
2010.05.26 08:22:16.271,1.54015,1.5409,5.10,1.00
2010.05.26 08:22:16.581,1.5401,1.54085,3.40,1.00
2010.05.26 08:22:17.048,1.54015,1.54085,1.00,1.00
2010.05.26 08:22:17.405,1.5401,1.54075,3.20,2.40
2010.05.26 08:22:17.742,1.54005,1.54075,1.00,4.00
2010.05.26 08:22:19.175,1.5401,1.54075,1.00,4.00
2010.05.26 08:22:19.991,1.5401,1.54075,1.00,3.20
2010.05.26 08:22:20.181,1.5401,1.54075,1.00,1.60
2010.05.26 08:22:20.341,1.54015,1.5408,1.00,1.60
2010.05.26 08:22:20.501,1.54015,1.54085,1.00,1.50
2010.05.26 08:22:20.660,1.54015,1.54085,1.00,1.00
2010.05.26 08:22:20.981,1.54015,1.54085,1.80,1.00
2010.05.26 08:22:21.141,1.5402,1.5409,2.50,1.00
2010.05.26 08:22:21.628,1.5402,1.54095,2.40,2.40
2010.05.26 08:22:21.975,1.5402,1.54095,3.40,2.40
2010.05.26 08:22:22.313,1.54025,1.54095,1.00,2.40
2010.05.26 08:22:22.952,1.5403,1.54095,1.00,1.60
2010.05.26 08:22:23.462,1.54035,1.54105,2.40,1.00
2010.05.26 08:22:23.671,1.54045,1.54105,1.00,1.00
2010.05.26 08:22:24.231,1.54045,1.5411,1.00,1.00
2010.05.26 08:22:26.030,1.54035,1.5411,2.40,1.50
2010.05.26 08:22:26.335,1.54025,1.54095,1.80,2.40
2010.05.26 08:22:26.672,1.54025,1.54095,1.60,2.90
2010.05.26 08:22:27.011,1.54025,1.5409,1.60,1.00
2010.05.26 08:22:27.352,1.54025,1.5409,1.80,1.00
2010.05.26 08:22:28.063,1.54025,1.5409,1.60,1.00
2010.05.26 08:22:28.361,1.54025,1.5409,1.80,1.00
2010.05.26 08:22:30.661,1.54025,1.5409,2.60,1.00
2010.05.26 08:22:30.931,1.54025,1.54095,4.20,1.00
2010.05.26 08:22:31.200,1.5403,1.54095,1.60,1.00
2010.05.26 08:22:31.471,1.5403,1.54095,1.60,1.00
2010.05.26 08:22:31.731,1.5403,1.54095,1.00,1.00
2010.05.26 08:22:32.750,1.5403,1.541,1.00,2.40
2010.05.26 08:22:33.072,1.54045,1.541,1.00,1.00
2010.05.26 08:22:33.391,1.5405,1.5412,1.00,1.00
2010.05.26 08:22:33.712,1.5405,1.54115,1.00,1.00
2010.05.26 08:22:34.153,1.54055,1.54115,1.00,1.00
2010.05.26 08:22:34.479,1.54055,1.5412,1.00,1.00
2010.05.26 08:22:35.341,1.5405,1.5412,1.00,1.00
2010.05.26 08:22:35.570,1.54055,1.5412,1.00,1.00
2010.05.26 08:22:36.642,1.5405,1.5412,1.00,1.00
2010.05.26 08:22:37.804,1.54055,1.5412,1.00,1.00
2010.05.26 08:22:38.721,1.54055,1.54115,1.00,1.00
2010.05.26 08:22:39.003,1.54045,1.5411,1.60,1.00
2010.05.26 08:22:39.253,1.54035,1.54105,2.40,1.00
2010.05.26 08:22:39.502,1.5403,1.54105,1.00,4.20
2010.05.26 08:22:39.751,1.5403,1.541,1.00,1.00
2010.05.26 08:22:40.911,1.54025,1.54095,1.10,1.00
2010.05.26 08:22:41.191,1.54025,1.5409,1.00,1.00
2010.05.26 08:22:43.003,1.54015,1.5409,5.20,1.00
2010.05.26 08:22:43.890,1.5402,1.5409,1.00,1.00
2010.05.26 08:22:44.311,1.5402,1.5409,2.40,1.00
2010.05.26 08:22:44.541,1.54025,1.5409,1.60,1.00
2010.05.26 08:22:46.451,1.5403,1.54095,1.00,1.00
2010.05.26 08:22:47.030,1.54035,1.541,3.20,1.00
2010.05.26 08:22:47.365,1.54025,1.54095,1.00,1.00
2010.05.26 08:22:47.701,1.5402,1.54095,3.40,1.00
2010.05.26 08:22:48.281,1.5402,1.5409,3.40,1.00
2010.05.26 08:22:48.936,1.5402,1.5409,1.80,1.00
2010.05.26 08:22:49.232,1.54015,1.54085,7.30,1.00
2010.05.26 08:22:49.400,1.54015,1.54085,6.70,1.00
2010.05.26 08:22:52.250,1.54015,1.54085,6.80,1.00
2010.05.26 08:22:52.390,1.54015,1.5409,6.80,1.00
2010.05.26 08:22:52.628,1.54015,1.54085,6.70,1.00
2010.05.26 08:22:52.912,1.54015,1.5408,5.90,1.00
2010.05.26 08:22:53.836,1.54015,1.5408,2.60,1.00
2010.05.26 08:22:54.112,1.54,1.54075,1.00,5.00
2010.05.26 08:22:54.421,1.54,1.5407,1.00,1.00
2010.05.26 08:22:55.863,1.54,1.54075,1.00,5.00
2010.05.26 08:22:56.881,1.54,1.54075,1.00,5.00
2010.05.26 08:22:57.224,1.54,1.5407,1.00,1.00
2010.05.26 08:22:57.611,1.54,1.5407,2.40,1.00
2010.05.26 08:22:57.955,1.54005,1.5407,1.00,1.00
2010.05.26 08:22:58.971,1.54,1.5407,2.60,1.00
2010.05.26 08:22:59.312,1.54005,1.5407,1.00,1.00
2010.05.26 08:23:05.238,1.54,1.5407,2.60,1.00
2010.05.26 08:23:06.273,1.5401,1.54075,1.00,4.10
2010.05.26 08:23:06.925,1.54,1.54065,2.50,1.00
2010.05.26 08:23:07.082,1.54,1.54065,1.60,1.00
2010.05.26 08:23:07.232,1.54,1.54065,1.00,1.00
2010.05.26 08:23:07.381,1.54,1.54065,2.40,1.00
2010.05.26 08:23:07.531,1.54,1.5406,2.40,1.00
2010.05.26 08:23:08.082,1.54,1.54065,2.40,1.00
2010.05.26 08:23:08.423,1.5399,1.54065,3.50,2.10
2010.05.26 08:23:08.762,1.53985,1.5406,3.60,1.00
2010.05.26 08:23:09.100,1.53985,1.5406,3.60,1.30
2010.05.26 08:23:09.442,1.5399,1.5405,1.00,1.00
2010.05.26 08:23:09.883,1.53985,1.5405,2.40,1.00
2010.05.26 08:23:10.220,1.5398,1.5405,4.40,1.40
2010.05.26 08:23:11.521,1.5398,1.5405,3.20,1.60
2010.05.26 08:23:12.005,1.5398,1.54045,3.20,1.00
2010.05.26 08:23:12.681,1.5398,1.5405,3.20,1.60
2010.05.26 08:23:14.330,1.5398,1.5405,3.40,1.60
2010.05.26 08:23:14.670,1.53985,1.5405,1.60,1.60
2010.05.26 08:23:15.215,1.53985,1.5405,1.80,1.60
2010.05.26 08:23:16.225,1.5398,1.5405,3.20,1.60
2010.05.26 08:23:17.252,1.5398,1.54045,3.20,1.00
2010.05.26 08:23:17.900,1.5398,1.5405,3.20,1.60
2010.05.26 08:23:18.468,1.53985,1.54045,2.40,1.00
2010.05.26 08:23:18.754,1.53985,1.5405,1.60,1.30
2010.05.26 08:23:19.311,1.53985,1.5405,1.60,1.20
2010.05.26 08:23:20.194,1.53985,1.5405,1.60,1.30
2010.05.26 08:23:20.460,1.53985,1.5405,1.60,1.20
2010.05.26 08:23:20.616,1.53985,1.5405,1.60,1.30
2010.05.26 08:23:21.202,1.53985,1.54045,1.60,1.00
2010.05.26 08:23:21.951,1.53985,1.5404,1.60,1.00
2010.05.26 08:23:22.209,1.53985,1.54035,1.60,1.00
2010.05.26 08:23:22.731,1.53985,1.54045,1.60,1.00
2010.05.26 08:23:23.832,1.53985,1.5405,1.60,1.00
2010.05.26 08:23:24.041,1.5399,1.54055,1.00,1.40
2010.05.26 08:23:24.251,1.5399,1.54055,4.00,1.30
2010.05.26 08:23:24.463,1.5399,1.54035,1.60,1.00
2010.05.26 08:23:24.682,1.53975,1.5404,2.60,1.00
2010.05.26 08:23:24.951,1.5398,1.54045,1.00,1.00
2010.05.26 08:23:25.530,1.5398,1.54045,1.00,1.00
2010.05.26 08:23:25.806,1.53995,1.5405,2.40,1.00
2010.05.26 08:23:26.144,1.5399,1.5405,2.40,1.00
2010.05.26 08:23:26.812,1.5399,1.5405,1.00,1.00
2010.05.26 08:23:27.155,1.53985,1.54045,5.00,1.00
2010.05.26 08:23:27.498,1.53985,1.54045,1.80,1.00
2010.05.26 08:23:28.321,1.53985,1.5404,1.80,1.00
2010.05.26 08:23:28.561,1.53995,1.5404,1.00,1.00
2010.05.26 08:23:29.164,1.53995,1.54045,1.00,1.00
2010.05.26 08:23:30.961,1.5399,1.54045,1.00,1.00
2010.05.26 08:23:32.331,1.5399,1.5405,1.00,1.00
2010.05.26 08:23:34.693,1.5399,1.5405,1.00,1.00
2010.05.26 08:23:34.811,1.5399,1.5405,1.00,1.00
2010.05.26 08:23:36.531,1.5399,1.54045,1.00,1.00
2010.05.26 08:23:36.872,1.5399,1.5405,1.00,1.00
2010.05.26 08:23:37.113,1.5399,1.5406,1.00,1.00
2010.05.26 08:23:37.687,1.53995,1.5406,1.00,1.00
2010.05.26 08:23:37.941,1.53985,1.5405,6.70,1.00
2010.05.26 08:23:39.616,1.5399,1.54055,1.00,1.00
2010.05.26 08:23:41.127,1.53985,1.54055,6.80,1.00
2010.05.26 08:23:41.821,1.53995,1.5406,1.00,1.00
2010.05.26 08:23:42.395,1.5399,1.5405,2.40,1.00
2010.05.26 08:23:42.723,1.5399,1.5405,1.00,1.00
2010.05.26 08:23:43.052,1.5399,1.54055,1.00,1.40
2010.05.26 08:23:44.523,1.53995,1.54055,1.00,1.00
2010.05.26 08:23:46.210,1.53995,1.54055,1.00,1.00
2010.05.26 08:23:46.410,1.53995,1.54055,1.00,1.00
2010.05.26 08:23:46.760,1.53995,1.54055,1.00,1.00
2010.05.26 08:23:49.820,1.53995,1.54055,1.00,1.00
2010.05.26 08:23:50.195,1.53995,1.5405,1.00,1.00
2010.05.26 08:23:50.460,1.53995,1.54055,1.00,1.00
2010.05.26 08:23:51.041,1.53995,1.54055,1.00,1.00
2010.05.26 08:23:52.741,1.5399,1.54055,3.20,1.60
2010.05.26 08:23:52.980,1.53985,1.54055,5.20,1.60
2010.05.26 08:23:54.331,1.53985,1.54055,5.20,1.70
2010.05.26 08:23:55.187,1.53985,1.5405,5.10,1.00
2010.05.26 08:23:55.313,1.53985,1.54055,4.00,1.70
2010.05.26 08:23:57.103,1.5399,1.54055,1.00,1.00
2010.05.26 08:23:57.442,1.53995,1.5405,1.60,1.00
2010.05.26 08:23:57.621,1.53985,1.5405,5.10,1.00
2010.05.26 08:23:58.571,1.53985,1.5405,3.40,1.00
2010.05.26 08:23:58.992,1.53995,1.54055,1.60,1.00
2010.05.26 08:23:59.203,1.53995,1.54055,1.60,1.60
2010.05.26 08:23:59.411,1.53985,1.5405,3.40,1.00
2010.05.26 08:23:59.754,1.53985,1.5405,5.10,1.00
2010.05.26 08:24:00.093,1.53985,1.54055,5.10,1.60
2010.05.26 08:24:00.431,1.53985,1.5404,4.30,1.00
2010.05.26 08:24:00.773,1.53985,1.5403,1.00,1.00
2010.05.26 08:24:01.112,1.53975,1.5404,1.80,1.00
2010.05.26 08:24:01.792,1.5397,1.5404,5.10,1.00
2010.05.26 08:24:02.292,1.5397,1.54035,5.10,1.00
2010.05.26 08:24:04.230,1.53975,1.54035,1.00,1.00
2010.05.26 08:24:04.490,1.5397,1.54035,3.40,1.00
2010.05.26 08:24:05.132,1.5397,1.54035,5.10,1.00
2010.05.26 08:24:06.161,1.5397,1.54035,3.50,1.00
2010.05.26 08:24:06.433,1.53965,1.5403,5.10,1.00
2010.05.26 08:24:06.711,1.5397,1.54035,1.00,1.00
2010.05.26 08:24:07.853,1.53965,1.54035,5.20,1.00
2010.05.26 08:24:08.091,1.53965,1.54035,1.00,3.20
2010.05.26 08:24:08.571,1.5396,1.5402,2.60,1.00
2010.05.26 08:24:08.804,1.5395,1.5402,5.00,1.00
2010.05.26 08:24:09.032,1.53955,1.5402,1.00,1.00
2010.05.26 08:24:09.263,1.53955,1.54025,1.00,1.00
2010.05.26 08:24:09.550,1.5396,1.54025,1.00,1.00
2010.05.26 08:24:09.832,1.53955,1.54025,1.90,1.00
2010.05.26 08:24:10.450,1.5396,1.54025,1.00,1.00
2010.05.26 08:24:10.648,1.53965,1.54025,1.00,1.00
2010.05.26 08:24:10.844,1.53965,1.54025,2.40,1.00
2010.05.26 08:24:11.045,1.53985,1.54025,1.00,1.00
2010.05.26 08:24:11.583,1.53985,1.5404,1.00,1.00
2010.05.26 08:24:11.921,1.53985,1.54045,1.00,1.00
2010.05.26 08:24:12.262,1.53985,1.54045,1.00,1.00
2010.05.26 08:24:12.616,1.53985,1.5405,1.00,1.00
2010.05.26 08:24:12.911,1.53985,1.5405,1.00,1.00
2010.05.26 08:24:13.811,1.53985,1.5404,1.00,1.00
2010.05.26 08:24:14.142,1.5398,1.54045,2.40,1.00
2010.05.26 08:24:14.530,1.5398,1.54045,1.00,1.00
2010.05.26 08:24:14.864,1.5398,1.54045,1.00,1.00
2010.05.26 08:24:15.121,1.5398,1.5404,1.00,1.00
2010.05.26 08:24:17.173,1.5397,1.54035,1.00,1.00
2010.05.26 08:24:17.472,1.53965,1.54035,4.00,1.00
2010.05.26 08:24:17.622,1.53965,1.54035,1.00,1.20
2010.05.26 08:24:17.762,1.5396,1.54025,1.60,1.00
2010.05.26 08:24:17.900,1.5395,1.54025,3.60,1.00
2010.05.26 08:24:18.040,1.5395,1.5402,1.80,1.00
2010.05.26 08:24:18.181,1.53955,1.5402,1.00,1.00
2010.05.26 08:24:19.031,1.53955,1.54025,1.00,1.30
2010.05.26 08:24:19.360,1.5395,1.5402,2.60,1.00
2010.05.26 08:24:20.201,1.53955,1.54025,1.00,1.50
2010.05.26 08:24:20.781,1.5395,1.5402,1.60,1.00
2010.05.26 08:24:21.002,1.53955,1.5402,1.00,1.00
2010.05.26 08:24:21.562,1.5395,1.5402,4.00,1.00
2010.05.26 08:24:22.124,1.5395,1.5402,4.20,1.00
2010.05.26 08:24:22.461,1.5395,1.54015,4.00,1.00
2010.05.26 08:24:23.058,1.53955,1.54015,1.60,1.00
2010.05.26 08:24:23.374,1.5395,1.54015,4.00,1.00
2010.05.26 08:24:23.723,1.5395,1.54015,3.20,1.00
2010.05.26 08:24:24.061,1.5395,1.54015,1.60,1.00
2010.05.26 08:24:24.800,1.5395,1.54015,1.80,1.00
2010.05.26 08:24:25.425,1.53945,1.5401,1.00,1.00
2010.05.26 08:24:25.633,1.53945,1.5401,1.00,1.20
2010.05.26 08:24:26.931,1.5395,1.5401,1.00,1.20
2010.05.26 08:24:27.611,1.53945,1.5401,1.00,1.20
2010.05.26 08:24:28.753,1.5394,1.5401,4.40,1.20
2010.05.26 08:24:30.471,1.5394,1.5401,1.00,1.20
2010.05.26 08:24:30.721,1.5394,1.5401,1.00,2.40
2010.05.26 08:24:30.972,1.53965,1.5402,1.60,1.00
2010.05.26 08:24:31.632,1.53965,1.54025,2.40,1.00
2010.05.26 08:24:32.335,1.5397,1.5403,3.20,1.00
2010.05.26 08:24:33.005,1.5397,1.54025,1.60,1.00
2010.05.26 08:24:33.343,1.5395,1.5402,1.60,1.00
2010.05.26 08:24:33.683,1.5396,1.5402,1.00,1.00
2010.05.26 08:24:34.393,1.5395,1.54015,1.60,1.00
2010.05.26 08:24:34.731,1.5395,1.5402,2.40,1.00
2010.05.26 08:24:35.783,1.5395,1.5402,2.40,1.20
2010.05.26 08:24:37.474,1.53955,1.5402,1.00,1.20
2010.05.26 08:24:37.813,1.5396,1.5402,2.40,1.00
2010.05.26 08:24:38.405,1.53965,1.5402,1.00,1.00
2010.05.26 08:24:38.742,1.53965,1.54025,1.00,1.00
2010.05.26 08:24:40.463,1.5396,1.54025,2.60,1.00
2010.05.26 08:24:40.801,1.5396,1.54025,2.50,1.00
2010.05.26 08:24:40.991,1.53965,1.54025,1.00,1.00
2010.05.26 08:24:41.181,1.53965,1.5402,1.00,1.00
2010.05.26 08:24:42.441,1.5396,1.5402,4.20,1.00
2010.05.26 08:24:42.785,1.5396,1.5402,1.00,1.00
2010.05.26 08:24:43.628,1.53965,1.5402,1.00,1.00
2010.05.26 08:24:43.919,1.53965,1.5402,1.00,1.00
2010.05.26 08:24:47.442,1.53965,1.5403,1.00,1.20
2010.05.26 08:24:47.718,1.53975,1.5403,1.00,1.00
2010.05.26 08:24:47.995,1.5397,1.5404,1.00,2.00
2010.05.26 08:24:48.584,1.5397,1.5404,1.00,1.00
2010.05.26 08:24:48.923,1.5397,1.54035,1.00,1.00
2010.05.26 08:24:49.943,1.53965,1.54035,2.70,1.20
2010.05.26 08:24:50.627,1.5397,1.54035,1.60,2.20
2010.05.26 08:24:50.933,1.53965,1.54035,2.40,1.20
2010.05.26 08:24:51.488,1.53965,1.5403,2.40,1.00
2010.05.26 08:24:51.805,1.53965,1.5403,1.60,1.10
2010.05.26 08:24:52.484,1.53965,1.54025,1.60,1.00
2010.05.26 08:24:52.823,1.5396,1.54025,1.60,1.30
2010.05.26 08:24:55.355,1.5396,1.54025,1.80,1.20
2010.05.26 08:24:55.775,1.5396,1.54025,1.60,1.20
2010.05.26 08:24:55.960,1.5396,1.54025,1.60,1.00
2010.05.26 08:24:56.469,1.5396,1.54025,1.60,1.20
2010.05.26 08:24:57.801,1.5396,1.54025,1.80,1.20
2010.05.26 08:24:58.031,1.5396,1.54025,1.80,1.30
2010.05.26 08:24:59.271,1.5396,1.54025,3.40,1.30
2010.05.26 08:24:59.583,1.53975,1.5403,1.60,1.00
2010.05.26 08:24:59.774,1.5397,1.54025,2.30,1.00
2010.05.26 08:24:59.962,1.5397,1.54035,1.00,1.70
2010.05.26 08:25:00.153,1.5397,1.5403,1.00,1.00
2010.05.26 08:25:01.022,1.5396,1.54025,3.20,1.00
2010.05.26 08:25:01.361,1.5396,1.5403,4.20,1.50
2010.05.26 08:25:03.083,1.5397,1.5403,1.00,1.50
2010.05.26 08:25:03.221,1.5398,1.5403,1.00,1.00
2010.05.26 08:25:03.362,1.5398,1.54035,1.00,1.60
2010.05.26 08:25:03.502,1.53975,1.5404,1.60,1.00
2010.05.26 08:25:03.641,1.5397,1.5404,1.00,1.60
2010.05.26 08:25:03.781,1.5397,1.5404,1.00,1.00
2010.05.26 08:25:04.062,1.5397,1.5404,1.00,1.00
2010.05.26 08:25:04.202,1.5397,1.5404,1.00,1.00
2010.05.26 08:25:04.541,1.5397,1.5404,1.00,1.00
2010.05.26 08:25:04.882,1.5397,1.5404,1.00,1.00
2010.05.26 08:25:05.295,1.5397,1.5404,1.00,1.00
2010.05.26 08:25:05.372,1.5397,1.5404,1.00,1.70
2010.05.26 08:25:05.451,1.5397,1.5404,1.00,1.00
2010.05.26 08:25:05.692,1.5397,1.5404,1.00,1.70
2010.05.26 08:25:05.772,1.5397,1.54035,1.00,1.00
2010.05.26 08:25:05.931,1.5397,1.5404,1.00,1.00
2010.05.26 08:25:06.091,1.5397,1.5404,1.00,1.00
2010.05.26 08:25:06.171,1.5397,1.5404,1.00,1.50
2010.05.26 08:25:06.251,1.5397,1.5404,1.00,1.70
2010.05.26 08:25:06.411,1.5397,1.5404,1.00,1.00
2010.05.26 08:25:06.753,1.5397,1.5404,1.00,1.70
2010.05.26 08:25:07.092,1.5397,1.54035,1.00,1.00
2010.05.26 08:25:07.487,1.53965,1.5403,1.60,1.00
2010.05.26 08:25:07.822,1.53965,1.54035,2.40,1.00
2010.05.26 08:25:08.221,1.53965,1.54035,2.40,1.00
2010.05.26 08:25:08.420,1.53965,1.54035,2.40,1.00
2010.05.26 08:25:08.936,1.53965,1.54035,2.60,1.00
2010.05.26 08:25:09.274,1.5397,1.5404,1.00,1.00
2010.05.26 08:25:09.613,1.5397,1.5404,1.00,1.00
2010.05.26 08:25:09.914,1.53975,1.5404,1.00,1.00
2010.05.26 08:25:10.653,1.53965,1.5403,2.70,1.00
2010.05.26 08:25:10.995,1.53965,1.5403,1.80,1.00
2010.05.26 08:25:11.687,1.53965,1.54025,1.80,1.00
2010.05.26 08:25:12.024,1.53965,1.5403,1.80,1.00
2010.05.26 08:25:12.702,1.53965,1.5403,1.00,1.00
2010.05.26 08:25:13.724,1.5396,1.5403,6.80,1.00
2010.05.26 08:25:13.922,1.5396,1.5403,5.10,2.40
2010.05.26 08:25:14.122,1.5396,1.5403,6.80,1.00
2010.05.26 08:25:14.621,1.5396,1.5403,2.50,1.00
2010.05.26 08:25:14.823,1.5396,1.5403,2.40,1.00
2010.05.26 08:25:15.162,1.5396,1.5403,4.00,1.00
2010.05.26 08:25:15.503,1.5396,1.5403,4.20,1.00
2010.05.26 08:25:16.634,1.5396,1.54025,3.40,1.00
2010.05.26 08:25:17.281,1.53965,1.54025,1.00,1.00
2010.05.26 08:25:18.203,1.53975,1.54025,1.00,1.00
2010.05.26 08:25:18.494,1.53975,1.5403,1.00,1.30
2010.05.26 08:25:19.124,1.5396,1.5403,1.70,1.50
2010.05.26 08:25:19.505,1.5397,1.5403,1.00,1.30
2010.05.26 08:25:20.213,1.5396,1.5403,1.70,1.50
2010.05.26 08:25:20.432,1.5396,1.54025,1.70,1.00
2010.05.26 08:25:20.642,1.5395,1.5402,4.00,1.00
2010.05.26 08:25:20.852,1.5395,1.54,1.00,1.00
2010.05.26 08:25:21.061,1.5395,1.5402,4.80,1.00
2010.05.26 08:25:21.409,1.53955,1.5402,1.00,1.00
2010.05.26 08:25:21.766,1.5396,1.54025,1.60,1.00
2010.05.26 08:25:22.105,1.5396,1.5402,1.60,1.00
2010.05.26 08:25:22.363,1.53955,1.5402,1.60,1.00
2010.05.26 08:25:23.033,1.5394,1.5398,1.60,1.00
2010.05.26 08:25:23.292,1.5391,1.5398,2.70,2.40
2010.05.26 08:25:23.971,1.5391,1.5398,1.10,2.40
2010.05.26 08:25:24.351,1.5391,1.5398,1.00,2.40
2010.05.26 08:25:24.911,1.5391,1.5398,1.00,2.40
2010.05.26 08:25:25.191,1.5392,1.53985,1.00,2.30
2010.05.26 08:25:25.471,1.5392,1.53985,1.00,1.00
2010.05.26 08:25:26.183,1.53905,1.53975,1.80,1.00
2010.05.26 08:25:26.522,1.5391,1.5398,1.00,1.30
2010.05.26 08:25:26.863,1.53915,1.5398,1.00,1.00
2010.05.26 08:25:27.202,1.53925,1.53985,1.00,1.00
2010.05.26 08:25:27.559,1.53925,1.53985,1.00,1.00
2010.05.26 08:25:27.755,1.5392,1.53995,1.00,1.50
2010.05.26 08:25:28.325,1.53915,1.5399,3.50,1.00
2010.05.26 08:25:28.511,1.53915,1.5399,1.00,1.50
2010.05.26 08:25:28.702,1.5391,1.53975,1.00,1.00
2010.05.26 08:25:29.394,1.5391,1.5398,1.00,1.00
2010.05.26 08:25:29.739,1.53905,1.5398,1.00,3.00
2010.05.26 08:25:30.123,1.539,1.53975,1.90,1.00
2010.05.26 08:25:31.043,1.53905,1.5398,1.00,3.00
2010.05.26 08:25:31.363,1.53905,1.5398,1.00,1.30
2010.05.26 08:25:31.682,1.53915,1.5398,1.00,1.00
2010.05.26 08:25:32.004,1.53905,1.5398,1.00,1.30
2010.05.26 08:25:33.543,1.539,1.53975,1.00,1.30
2010.05.26 08:25:34.162,1.53895,1.5397,3.50,1.00
2010.05.26 08:25:34.724,1.53895,1.5396,2.70,1.00
2010.05.26 08:25:35.011,1.53895,1.5396,1.00,1.00
2010.05.26 08:25:35.291,1.5389,1.5396,2.70,1.00
2010.05.26 08:25:36.031,1.539,1.5396,1.00,1.00
2010.05.26 08:25:37.500,1.539,1.53965,1.00,1.00
2010.05.26 08:25:38.163,1.53905,1.53965,1.00,1.00
2010.05.26 08:25:38.595,1.53895,1.53965,1.00,1.00
2010.05.26 08:25:38.869,1.53895,1.5397,4.20,1.50
2010.05.26 08:25:39.134,1.539,1.5397,1.00,1.00
2010.05.26 08:25:39.397,1.5391,1.53975,1.00,1.00
2010.05.26 08:25:39.654,1.53915,1.53985,1.00,1.00
2010.05.26 08:25:40.251,1.5391,1.53985,4.00,1.70
2010.05.26 08:25:40.932,1.5391,1.53985,4.20,1.50
2010.05.26 08:25:42.081,1.5391,1.53985,4.20,1.30
2010.05.26 08:25:42.251,1.53915,1.53985,1.00,1.30
2010.05.26 08:25:44.257,1.5391,1.53985,4.20,1.30
2010.05.26 08:25:44.391,1.53925,1.53985,1.00,1.00
2010.05.26 08:25:44.531,1.5393,1.5399,2.00,1.00
2010.05.26 08:25:45.143,1.5393,1.53995,2.40,1.00
2010.05.26 08:25:45.446,1.53945,1.54005,1.00,1.10
2010.05.26 08:25:45.785,1.53945,1.5401,4.00,1.00
2010.05.26 08:25:46.417,1.53945,1.5401,4.00,1.00
2010.05.26 08:25:46.754,1.53955,1.54015,1.60,1.00
2010.05.26 08:25:47.091,1.53935,1.54005,1.60,1.00
2010.05.26 08:25:47.435,1.53925,1.53995,4.30,1.00
2010.05.26 08:25:47.787,1.53925,1.53995,2.60,1.00
2010.05.26 08:25:48.125,1.53925,1.5399,1.00,2.40
2010.05.26 08:25:48.461,1.53935,1.5399,1.00,2.40
2010.05.26 08:25:48.801,1.53925,1.5399,1.00,2.40
2010.05.26 08:25:49.205,1.53935,1.5399,1.00,2.40
2010.05.26 08:25:49.551,1.53925,1.5399,1.00,2.40
2010.05.26 08:25:49.853,1.5393,1.5399,1.00,2.40
2010.05.26 08:25:51.421,1.53925,1.5399,1.00,2.40
2010.05.26 08:25:52.061,1.5392,1.5399,1.00,1.60
2010.05.26 08:25:52.401,1.5393,1.53995,1.00,4.80
2010.05.26 08:25:52.763,1.5393,1.53995,1.00,1.00
2010.05.26 08:25:53.103,1.5393,1.53995,1.00,1.00
2010.05.26 08:25:53.384,1.5392,1.5398,2.70,1.00
2010.05.26 08:25:53.664,1.53925,1.5398,1.00,1.60
2010.05.26 08:25:54.220,1.53925,1.54,5.20,2.40
2010.05.26 08:25:54.564,1.5393,1.54,1.00,2.40
2010.05.26 08:25:55.583,1.53925,1.53995,1.00,1.00
2010.05.26 08:25:56.212,1.53925,1.53995,1.00,2.40
2010.05.26 08:25:56.510,1.5392,1.53985,1.00,1.00
2010.05.26 08:25:56.834,1.53915,1.53965,1.00,1.00
2010.05.26 08:25:57.154,1.5392,1.53995,2.40,3.30
2010.05.26 08:25:58.123,1.53915,1.5399,1.80,4.20
2010.05.26 08:25:58.603,1.53915,1.53985,1.00,1.00
2010.05.26 08:25:58.842,1.5391,1.53975,4.90,1.00
2010.05.26 08:25:59.165,1.5391,1.5397,1.00,1.00
2010.05.26 08:26:00.277,1.5391,1.5397,1.00,1.00
2010.05.26 08:26:00.495,1.5392,1.53995,2.40,2.70
2010.05.26 08:26:00.712,1.5392,1.53995,2.40,3.30
2010.05.26 08:26:01.342,1.5392,1.53985,1.60,1.00
2010.05.26 08:26:02.103,1.5392,1.53975,1.00,4.00
2010.05.26 08:26:02.442,1.5392,1.53975,1.70,1.00
2010.05.26 08:26:02.711,1.5392,1.53985,1.00,1.00
2010.05.26 08:26:02.981,1.5391,1.53975,5.90,1.00
2010.05.26 08:26:03.252,1.53905,1.5397,1.00,1.00
2010.05.26 08:26:03.616,1.539,1.5397,3.90,1.00
2010.05.26 08:26:03.905,1.53915,1.53985,1.00,1.50
2010.05.26 08:26:04.192,1.53915,1.53985,1.00,1.00
2010.05.26 08:26:04.481,1.53915,1.53985,1.80,1.00
2010.05.26 08:26:05.862,1.53915,1.53975,1.00,1.00
2010.05.26 08:26:06.384,1.539,1.5397,4.00,1.00
2010.05.26 08:26:07.113,1.53915,1.5397,1.00,1.00
2010.05.26 08:26:07.321,1.53915,1.53975,1.00,3.20
2010.05.26 08:26:07.531,1.53915,1.53985,1.00,1.50
2010.05.26 08:26:07.741,1.53915,1.53985,1.00,1.00
2010.05.26 08:26:08.161,1.5392,1.53985,1.00,1.00
2010.05.26 08:26:08.451,1.5392,1.5399,1.00,4.80
2010.05.26 08:26:09.175,1.5392,1.53995,2.40,3.10
2010.05.26 08:26:09.381,1.5392,1.53995,5.10,3.10
2010.05.26 08:26:09.591,1.5392,1.53985,1.00,1.00
2010.05.26 08:26:09.801,1.5392,1.53975,1.00,1.60
2010.05.26 08:26:10.174,1.53915,1.53975,1.70,1.60
2010.05.26 08:26:10.512,1.53905,1.53975,1.00,1.60
2010.05.26 08:26:10.851,1.53905,1.53975,1.00,1.60
2010.05.26 08:26:11.192,1.53905,1.53975,1.00,2.80
2010.05.26 08:26:11.757,1.53905,1.53975,2.60,1.20
2010.05.26 08:26:12.095,1.5391,1.53975,1.00,1.00
2010.05.26 08:26:12.432,1.53915,1.53975,1.00,1.00
2010.05.26 08:26:12.703,1.5391,1.53975,2.60,1.00
2010.05.26 08:26:13.353,1.5392,1.53975,1.00,1.00
2010.05.26 08:26:13.636,1.53925,1.53975,1.00,1.00
2010.05.26 08:26:13.974,1.53925,1.53995,1.00,1.00
2010.05.26 08:26:14.661,1.53925,1.53995,1.80,1.00
2010.05.26 08:26:15.004,1.53935,1.54005,2.50,1.00
2010.05.26 08:26:15.343,1.5393,1.54,3.80,1.00
2010.05.26 08:26:15.681,1.5393,1.54,1.20,1.00
2010.05.26 08:26:16.032,1.5393,1.54,1.60,1.00
2010.05.26 08:26:16.383,1.5393,1.53995,1.00,1.00
2010.05.26 08:26:16.722,1.53925,1.53995,1.00,2.00
2010.05.26 08:26:17.741,1.5392,1.53995,4.80,2.00
2010.05.26 08:26:18.341,1.53925,1.53995,1.60,2.00
2010.05.26 08:26:18.452,1.53925,1.53995,1.60,2.10
2010.05.26 08:26:18.635,1.53925,1.53995,1.60,2.00
2010.05.26 08:26:18.750,1.53925,1.5399,1.60,1.00
2010.05.26 08:26:19.061,1.5392,1.5399,1.00,3.10
2010.05.26 08:26:20.311,1.53925,1.5399,1.00,3.10
2010.05.26 08:26:21.471,1.5392,1.5399,1.00,3.30
2010.05.26 08:26:22.173,1.5392,1.53985,1.00,1.00
2010.05.26 08:26:22.400,1.5392,1.5399,1.00,3.30
2010.05.26 08:26:22.640,1.5392,1.5398,1.00,1.00
2010.05.26 08:26:22.881,1.5392,1.5398,1.00,1.00
2010.05.26 08:26:25.087,1.5392,1.5398,1.00,1.00
2010.05.26 08:26:25.431,1.53915,1.5398,1.00,1.00
2010.05.26 08:26:26.800,1.53915,1.5398,1.00,1.00
2010.05.26 08:26:27.395,1.5392,1.5398,1.00,1.00
2010.05.26 08:26:29.903,1.53945,1.53985,1.20,1.60
2010.05.26 08:26:30.151,1.53945,1.5401,2.90,1.60
2010.05.26 08:26:30.392,1.5395,1.54015,1.00,1.00
2010.05.26 08:26:30.641,1.5395,1.5402,2.40,2.50
2010.05.26 08:26:30.944,1.5396,1.5402,1.00,2.50
2010.05.26 08:26:31.580,1.5396,1.5402,2.40,1.00
2010.05.26 08:26:31.924,1.5396,1.5402,1.60,1.00
2010.05.26 08:26:32.372,1.5395,1.5402,2.40,1.00
2010.05.26 08:26:32.591,1.5395,1.5402,1.60,1.30
2010.05.26 08:26:32.811,1.53945,1.5402,2.40,2.90
2010.05.26 08:26:33.031,1.53945,1.5402,2.40,3.10
2010.05.26 08:26:34.054,1.5394,1.54005,1.00,2.40
2010.05.26 08:26:34.143,1.53935,1.54005,1.00,2.40
2010.05.26 08:26:34.866,1.53935,1.54005,1.00,2.90
2010.05.26 08:26:34.950,1.53935,1.54005,1.00,3.10
2010.05.26 08:26:35.815,1.53925,1.5399,4.40,1.00
2010.05.26 08:26:36.152,1.5392,1.5399,2.70,2.40
2010.05.26 08:26:37.173,1.5392,1.5399,3.50,1.60
2010.05.26 08:26:37.471,1.53925,1.53995,1.00,1.00
2010.05.26 08:26:37.762,1.5393,1.54,2.60,1.00
2010.05.26 08:26:38.084,1.5393,1.54,3.60,1.00
2010.05.26 08:26:38.532,1.5393,1.54,5.20,1.00
2010.05.26 08:26:38.781,1.5393,1.54,3.40,1.00
2010.05.26 08:26:39.282,1.5393,1.54,1.00,1.00
2010.05.26 08:26:39.471,1.5393,1.53995,1.00,1.00
2010.05.26 08:26:39.955,1.5393,1.54005,1.00,2.50
2010.05.26 08:26:41.272,1.53925,1.53995,6.70,1.00
2010.05.26 08:26:41.461,1.53925,1.53995,3.40,1.00
2010.05.26 08:26:41.841,1.53925,1.5399,1.80,1.00
2010.05.26 08:26:42.392,1.53915,1.5399,6.70,2.50
2010.05.26 08:26:42.580,1.53915,1.53985,4.30,1.00
2010.05.26 08:26:42.771,1.5392,1.5399,1.60,1.00
2010.05.26 08:26:42.951,1.53915,1.5399,5.10,2.50
2010.05.26 08:26:43.811,1.53915,1.53985,4.30,1.00
2010.05.26 08:26:44.021,1.53915,1.53985,1.00,2.40
2010.05.26 08:26:44.682,1.53915,1.53985,1.80,2.40
2010.05.26 08:26:44.891,1.5392,1.5399,1.00,2.30
2010.05.26 08:26:45.222,1.53925,1.53995,1.00,1.00
2010.05.26 08:26:45.830,1.53925,1.54,2.40,1.00
2010.05.26 08:26:46.136,1.53935,1.54,1.80,1.00
2010.05.26 08:26:46.441,1.53935,1.54005,1.80,1.00
2010.05.26 08:26:46.743,1.53935,1.54,1.80,1.00
2010.05.26 08:26:47.053,1.53935,1.5401,3.50,3.80
2010.05.26 08:26:47.400,1.53935,1.5401,5.10,3.80
2010.05.26 08:26:47.743,1.5394,1.5401,1.00,2.50
2010.05.26 08:26:48.217,1.5394,1.54005,1.00,1.00
2010.05.26 08:26:50.090,1.5394,1.54005,1.10,1.00
2010.05.26 08:26:50.251,1.5394,1.54005,1.10,1.00
2010.05.26 08:26:51.763,1.5394,1.5401,1.00,2.50
2010.05.26 08:26:52.002,1.5395,1.5401,1.40,1.70
2010.05.26 08:26:52.232,1.5395,1.5401,1.00,1.00
2010.05.26 08:26:52.522,1.53945,1.5401,1.00,2.40
2010.05.26 08:26:53.744,1.5394,1.5401,3.40,2.40
2010.05.26 08:26:54.031,1.5394,1.5401,3.50,2.50
2010.05.26 08:26:54.321,1.5394,1.5401,1.80,2.20
2010.05.26 08:26:54.612,1.53945,1.5401,1.00,1.00
2010.05.26 08:26:55.102,1.53945,1.54015,1.00,2.40
2010.05.26 08:26:55.447,1.53945,1.5402,1.80,4.00
2010.05.26 08:26:55.714,1.53945,1.54015,1.00,4.00
2010.05.26 08:26:55.982,1.5394,1.54005,1.60,1.00
2010.05.26 08:26:56.241,1.53935,1.54005,2.70,2.40
2010.05.26 08:26:56.501,1.53935,1.54005,2.70,2.40
2010.05.26 08:26:57.212,1.53935,1.54005,2.70,2.40
2010.05.26 08:26:57.891,1.53935,1.54005,2.60,2.50
2010.05.26 08:26:58.432,1.5393,1.54005,4.20,2.50
2010.05.26 08:26:59.421,1.5393,1.54,4.20,1.00
2010.05.26 08:26:59.761,1.5393,1.53995,1.00,1.00
2010.05.26 08:26:59.952,1.53925,1.53995,2.70,2.40
2010.05.26 08:27:00.331,1.53925,1.53995,2.60,2.40
2010.05.26 08:27:00.882,1.53925,1.53995,2.60,2.50
2010.05.26 08:27:01.130,1.5394,1.54,1.00,1.00
2010.05.26 08:27:01.375,1.5394,1.54,2.40,1.00
2010.05.26 08:27:01.958,1.53945,1.54,1.60,1.00
2010.05.26 08:27:02.305,1.53945,1.5402,2.40,1.50
2010.05.26 08:27:02.644,1.53945,1.5402,2.40,1.60
2010.05.26 08:27:02.984,1.53945,1.5402,2.40,1.50
2010.05.26 08:27:03.672,1.53945,1.5402,2.40,1.30
2010.05.26 08:27:04.258,1.53945,1.54015,2.40,1.00
2010.05.26 08:27:04.441,1.53945,1.5402,2.40,1.50
2010.05.26 08:27:05.109,1.5395,1.5402,1.00,1.00
2010.05.26 08:27:05.425,1.53955,1.5402,1.00,1.00
2010.05.26 08:27:05.736,1.53955,1.5402,1.00,1.00
2010.05.26 08:27:07.271,1.53955,1.54025,1.00,2.30
2010.05.26 08:27:07.611,1.5395,1.54025,1.00,3.10
2010.05.26 08:27:08.135,1.53945,1.5402,2.60,1.30
2010.05.26 08:27:08.321,1.53945,1.5402,4.20,1.30
2010.05.26 08:27:09.232,1.53945,1.5402,4.20,1.50
2010.05.26 08:27:09.651,1.5395,1.5402,1.00,1.00
2010.05.26 08:27:10.371,1.5395,1.5402,1.00,1.00
2010.05.26 08:27:11.084,1.5395,1.5402,1.00,1.50
2010.05.26 08:27:13.863,1.5395,1.5402,1.00,1.00
2010.05.26 08:27:16.623,1.53945,1.54015,4.20,1.00
2010.05.26 08:27:23.945,1.53945,1.5401,3.40,1.00
2010.05.26 08:27:24.123,1.53945,1.5401,1.00,1.00
2010.05.26 08:27:24.640,1.53945,1.54015,1.00,3.30
2010.05.26 08:27:24.962,1.53945,1.5401,1.00,1.00
2010.05.26 08:27:25.614,1.5394,1.5401,1.00,1.00
2010.05.26 08:27:25.802,1.53935,1.54,1.70,1.00
2010.05.26 08:27:25.991,1.53935,1.54,1.00,1.30
2010.05.26 08:27:26.181,1.53935,1.54,1.00,1.00
2010.05.26 08:27:26.375,1.53945,1.54,1.00,1.00
2010.05.26 08:27:26.562,1.53945,1.5401,2.40,1.40
2010.05.26 08:27:26.752,1.53945,1.5401,4.00,1.00
2010.05.26 08:27:27.151,1.53945,1.5401,4.00,1.00
2010.05.26 08:27:27.496,1.53945,1.5402,4.00,1.60
2010.05.26 08:27:27.835,1.53945,1.5401,4.30,1.00
2010.05.26 08:27:28.094,1.53945,1.5401,3.40,1.00
2010.05.26 08:27:28.354,1.53945,1.5401,1.00,1.00
2010.05.26 08:27:28.948,1.53945,1.54015,5.10,1.00
2010.05.26 08:27:29.274,1.53945,1.54005,4.30,1.00
2010.05.26 08:27:29.605,1.5393,1.54,5.10,1.60
2010.05.26 08:27:30.283,1.53925,1.53995,6.70,1.00
2010.05.26 08:27:30.624,1.5393,1.54,1.00,1.50
2010.05.26 08:27:30.965,1.53925,1.53995,2.60,1.00
2010.05.26 08:27:31.647,1.5393,1.54,1.00,3.10
2010.05.26 08:27:31.984,1.5393,1.54,1.00,1.20
2010.05.26 08:27:32.742,1.5394,1.54005,1.00,1.00
2010.05.26 08:27:33.405,1.53935,1.5401,1.00,1.30
2010.05.26 08:27:34.311,1.53935,1.5401,1.00,1.50
2010.05.26 08:27:35.575,1.53935,1.54005,1.00,1.00
2010.05.26 08:27:36.363,1.53935,1.5401,1.00,1.50
2010.05.26 08:27:37.370,1.53935,1.5401,1.00,1.50
2010.05.26 08:27:38.292,1.53935,1.54005,1.00,1.00
2010.05.26 08:27:39.293,1.5394,1.5401,1.60,1.50
2010.05.26 08:27:39.542,1.5394,1.54,2.40,1.00
2010.05.26 08:27:40.504,1.53945,1.54005,2.40,1.00
2010.05.26 08:27:40.842,1.53945,1.5401,2.40,1.00
2010.05.26 08:27:41.188,1.5394,1.5401,3.40,1.00
2010.05.26 08:27:41.515,1.5394,1.5401,1.80,1.00
2010.05.26 08:27:41.833,1.53935,1.54005,1.00,1.00
2010.05.26 08:27:42.156,1.5393,1.54005,3.60,1.00
2010.05.26 08:27:42.842,1.53925,1.53985,1.00,1.00
2010.05.26 08:27:43.172,1.5392,1.5399,2.70,1.00
2010.05.26 08:27:43.342,1.5392,1.53995,6.80,2.40
2010.05.26 08:27:44.552,1.5393,1.53995,1.00,2.40
2010.05.26 08:27:45.101,1.53925,1.53995,1.10,2.40
2010.05.26 08:27:45.676,1.53935,1.54005,2.40,1.00
2010.05.26 08:27:48.203,1.5394,1.5401,1.00,1.00
2010.05.26 08:27:48.343,1.53945,1.54015,1.00,1.50
2010.05.26 08:27:48.481,1.5394,1.5401,1.00,1.00
2010.05.26 08:27:49.573,1.5394,1.5401,1.00,1.00
2010.05.26 08:27:50.252,1.5394,1.5401,1.00,1.00
2010.05.26 08:27:50.925,1.53935,1.54005,3.40,1.00
2010.05.26 08:27:51.224,1.53935,1.54005,1.00,1.00
2010.05.26 08:27:51.526,1.53935,1.53995,1.00,1.60
2010.05.26 08:27:51.862,1.53935,1.54005,1.00,1.50
2010.05.26 08:27:52.201,1.53935,1.54005,1.00,1.40
2010.05.26 08:27:52.811,1.53935,1.54005,1.00,1.50
2010.05.26 08:27:55.603,1.53935,1.54005,1.00,1.30
2010.05.26 08:27:56.141,1.5394,1.5401,1.00,2.60
2010.05.26 08:27:56.216,1.53955,1.54015,1.00,1.60
2010.05.26 08:27:56.292,1.53955,1.5402,1.00,1.00
2010.05.26 08:27:56.792,1.53955,1.54015,1.00,1.00
2010.05.26 08:27:57.472,1.53955,1.5402,1.00,1.00
2010.05.26 08:27:58.556,1.5395,1.54015,5.90,1.00
2010.05.26 08:27:58.671,1.5395,1.5402,5.90,1.00
2010.05.26 08:27:58.791,1.5395,1.5401,2.60,1.00
2010.05.26 08:27:58.912,1.5395,1.5401,1.60,1.00
2010.05.26 08:27:59.032,1.53945,1.5401,2.60,1.00
2010.05.26 08:27:59.271,1.53945,1.54005,2.60,1.60
2010.05.26 08:27:59.510,1.53945,1.5401,2.60,1.00
2010.05.26 08:27:59.631,1.53945,1.54005,2.60,1.00
2010.05.26 08:27:59.972,1.53945,1.5402,1.00,1.30
2010.05.26 08:28:00.327,1.53945,1.5402,2.40,1.30
2010.05.26 08:28:00.679,1.53955,1.5402,1.00,1.00
2010.05.26 08:28:01.393,1.53955,1.54015,1.00,1.00
2010.05.26 08:28:02.053,1.53955,1.5402,1.00,1.00
2010.05.26 08:28:02.394,1.53965,1.54025,1.00,1.00
2010.05.26 08:28:03.239,1.5397,1.54025,1.00,1.00
2010.05.26 08:28:03.403,1.5397,1.5403,1.00,1.00
2010.05.26 08:28:04.063,1.5397,1.54035,1.00,1.00
2010.05.26 08:28:04.402,1.53975,1.54035,1.00,1.00
2010.05.26 08:28:05.199,1.53975,1.5404,1.00,1.00
2010.05.26 08:28:05.467,1.5397,1.54045,3.40,2.50
2010.05.26 08:28:05.723,1.53975,1.54045,1.00,2.40
2010.05.26 08:28:05.983,1.53985,1.54055,1.00,1.30
2010.05.26 08:28:06.446,1.5398,1.5405,1.00,1.00
2010.05.26 08:28:06.783,1.5398,1.5405,3.40,1.00
2010.05.26 08:28:07.322,1.53985,1.54055,1.00,4.00
2010.05.26 08:28:07.592,1.53985,1.5405,1.00,1.00
2010.05.26 08:28:08.962,1.53985,1.54055,1.00,1.00
2010.05.26 08:28:09.711,1.53985,1.54055,1.00,1.70
2010.05.26 08:28:09.961,1.53985,1.54055,1.00,1.00
2010.05.26 08:28:10.211,1.5399,1.54055,1.00,1.00
2010.05.26 08:28:11.023,1.5399,1.5405,1.00,1.00
2010.05.26 08:28:11.541,1.5399,1.54055,1.00,1.00
2010.05.26 08:28:11.862,1.53985,1.54055,1.00,1.00
2010.05.26 08:28:12.204,1.53985,1.54045,1.00,1.00
2010.05.26 08:28:12.783,1.5398,1.5404,2.60,2.40
2010.05.26 08:28:13.246,1.53975,1.5404,1.00,4.00
2010.05.26 08:28:13.374,1.53975,1.5405,1.80,3.20
2010.05.26 08:28:14.243,1.5398,1.5405,1.00,1.00
2010.05.26 08:28:15.262,1.53975,1.54045,4.30,1.00
2010.05.26 08:28:15.605,1.5397,1.5404,1.00,1.00
2010.05.26 08:28:16.354,1.5397,1.5404,1.00,1.00
2010.05.26 08:28:19.311,1.53965,1.54025,1.00,1.00
2010.05.26 08:28:19.443,1.5396,1.54025,1.90,1.60
2010.05.26 08:28:19.572,1.5396,1.5403,1.90,1.60
2010.05.26 08:28:19.703,1.5396,1.54035,1.80,2.40
2010.05.26 08:28:20.043,1.5396,1.54035,1.80,4.20
2010.05.26 08:28:21.194,1.5396,1.5403,1.80,1.00
2010.05.26 08:28:21.342,1.5396,1.54035,1.90,4.20
2010.05.26 08:28:21.621,1.5396,1.5403,1.10,1.00
2010.05.26 08:28:21.901,1.5396,1.54025,1.10,1.00
2010.05.26 08:28:22.433,1.53955,1.5403,3.40,2.60
2010.05.26 08:28:23.113,1.5396,1.5403,1.00,1.00
2010.05.26 08:28:23.452,1.5396,1.54035,1.00,5.00
2010.05.26 08:28:23.931,1.5396,1.54035,1.00,5.00
2010.05.26 08:28:24.413,1.53965,1.54035,1.00,1.00
2010.05.26 08:28:24.661,1.5396,1.54035,1.90,1.00
2010.05.26 08:28:24.811,1.5396,1.54035,1.90,4.20
2010.05.26 08:28:25.302,1.5396,1.5403,1.10,1.00
2010.05.26 08:28:26.582,1.5396,1.5403,1.00,1.00
2010.05.26 08:28:28.573,1.5396,1.5403,1.10,1.00
2010.05.26 08:28:28.783,1.53965,1.54035,1.00,2.40
2010.05.26 08:28:28.957,1.5397,1.54035,1.00,1.00
2010.05.26 08:28:29.293,1.5397,1.5404,1.00,1.00
2010.05.26 08:28:29.972,1.5397,1.54035,1.00,1.00
2010.05.26 08:28:30.356,1.53965,1.54035,5.10,1.00
2010.05.26 08:28:30.707,1.5396,1.5403,3.40,1.00
2010.05.26 08:28:30.938,1.5396,1.54025,1.00,3.20
2010.05.26 08:28:31.304,1.53955,1.54025,1.00,3.20
2010.05.26 08:28:32.123,1.5396,1.54025,1.00,3.20
2010.05.26 08:28:32.464,1.53955,1.5403,1.00,1.00
2010.05.26 08:28:32.803,1.53955,1.54025,1.00,3.20
2010.05.26 08:28:33.484,1.5395,1.54025,3.40,4.00
2010.05.26 08:28:33.743,1.53955,1.54025,1.00,1.70
2010.05.26 08:28:34.342,1.5396,1.5403,1.00,1.80
2010.05.26 08:28:34.682,1.5396,1.5403,1.00,1.00
2010.05.26 08:28:35.022,1.53955,1.5403,3.40,1.00
2010.05.26 08:28:35.471,1.53955,1.54025,3.40,1.60
2010.05.26 08:28:36.214,1.53955,1.54025,3.40,1.70
2010.05.26 08:28:37.015,1.53955,1.54025,1.80,1.70
2010.05.26 08:28:37.180,1.53955,1.54025,1.00,1.70
2010.05.26 08:28:37.683,1.5396,1.54025,1.00,1.70
2010.05.26 08:28:38.213,1.53965,1.5403,1.00,1.00
2010.05.26 08:28:38.332,1.53965,1.54025,1.00,1.00
2010.05.26 08:28:38.452,1.53965,1.54035,1.00,1.00
2010.05.26 08:28:38.572,1.53965,1.54035,1.00,1.00
2010.05.26 08:28:38.691,1.53965,1.5403,1.00,1.00
2010.05.26 08:28:38.811,1.53965,1.54035,1.00,1.00
2010.05.26 08:28:39.533,1.53965,1.5403,1.00,1.00
2010.05.26 08:28:40.212,1.53965,1.54025,1.00,1.00
2010.05.26 08:28:41.857,1.5397,1.5404,1.00,1.00
2010.05.26 08:28:42.063,1.53975,1.54035,1.00,1.00
2010.05.26 08:28:42.271,1.5397,1.54035,3.40,1.00
2010.05.26 08:28:44.201,1.5397,1.5404,3.40,1.00
2010.05.26 08:28:45.123,1.53975,1.54045,1.00,1.60
2010.05.26 08:28:45.463,1.5397,1.54045,3.50,2.60
2010.05.26 08:28:45.802,1.53975,1.54045,1.00,2.40
2010.05.26 08:28:46.348,1.5397,1.54045,3.50,2.40
2010.05.26 08:28:46.697,1.5397,1.54045,5.20,1.00
2010.05.26 08:28:47.033,1.53975,1.5405,1.00,1.00
2010.05.26 08:28:47.374,1.5397,1.54045,3.50,1.00
2010.05.26 08:28:48.054,1.53975,1.5405,6.80,1.00
2010.05.26 08:28:48.281,1.5398,1.5405,1.00,1.00
2010.05.26 08:28:48.741,1.5398,1.5405,3.40,1.00
2010.05.26 08:28:48.971,1.53985,1.5405,1.00,1.00
2010.05.26 08:28:49.201,1.53985,1.5405,1.00,1.00
2010.05.26 08:28:49.501,1.53985,1.5406,1.00,1.50
2010.05.26 08:28:50.008,1.53985,1.5406,1.80,1.50
2010.05.26 08:28:50.305,1.53985,1.54055,1.80,1.00
2010.05.26 08:28:50.503,1.53985,1.5406,1.80,1.50
2010.05.26 08:28:50.703,1.53985,1.5406,1.80,4.80
2010.05.26 08:28:50.904,1.53985,1.54055,1.00,1.00
2010.05.26 08:28:51.103,1.53985,1.5406,1.00,3.10
2010.05.26 08:28:51.804,1.53985,1.54055,1.00,1.00
2010.05.26 08:28:52.143,1.53985,1.5406,1.00,3.10
2010.05.26 08:28:52.483,1.53985,1.5405,1.00,1.00
2010.05.26 08:28:53.484,1.53985,1.54055,1.00,1.00
2010.05.26 08:28:54.162,1.53985,1.5405,1.00,1.00
2010.05.26 08:28:54.502,1.53985,1.54055,1.00,1.00
2010.05.26 08:28:57.172,1.5398,1.54055,1.00,1.30
2010.05.26 08:28:57.511,1.53985,1.54055,1.00,1.00
2010.05.26 08:28:57.853,1.53995,1.5406,1.00,1.00
2010.05.26 08:28:58.563,1.53995,1.5407,1.00,1.50
2010.05.26 08:28:58.902,1.53995,1.5407,2.40,1.50
2010.05.26 08:28:59.242,1.54,1.5407,1.00,1.00
2010.05.26 08:28:59.722,1.54,1.54065,1.00,1.00
2010.05.26 08:28:59.962,1.53995,1.5407,2.40,1.50
2010.05.26 08:29:00.508,1.54,1.54075,1.00,1.70
2010.05.26 08:29:00.806,1.53995,1.5407,3.50,1.00
2010.05.26 08:29:01.102,1.53995,1.5407,1.80,1.00
2010.05.26 08:29:01.482,1.53995,1.54065,1.80,1.00
2010.05.26 08:29:01.671,1.53995,1.54065,1.00,1.00
2010.05.26 08:29:02.054,1.54,1.54065,1.00,1.00
2010.05.26 08:29:02.446,1.54,1.5407,1.00,3.40
2010.05.26 08:29:02.787,1.54,1.54065,1.00,1.00
2010.05.26 08:29:03.126,1.5401,1.54065,1.00,1.00
2010.05.26 08:29:03.592,1.5401,1.5407,1.00,1.00
2010.05.26 08:29:03.973,1.5401,1.5407,2.40,1.00
2010.05.26 08:29:04.215,1.5401,1.5407,4.00,1.00
2010.05.26 08:29:04.555,1.5401,1.5407,1.00,1.00
2010.05.26 08:29:05.231,1.5401,1.54075,1.00,1.00
2010.05.26 08:29:06.333,1.5401,1.5407,1.00,1.00
2010.05.26 08:29:08.181,1.5401,1.5407,1.00,1.00
2010.05.26 08:29:08.521,1.5401,1.5407,1.00,1.00
2010.05.26 08:29:08.691,1.5401,1.54075,1.00,1.00
2010.05.26 08:29:10.264,1.5401,1.5407,1.00,1.00
2010.05.26 08:29:14.363,1.5401,1.54075,1.00,1.00
2010.05.26 08:29:14.702,1.5401,1.54075,1.60,1.00
2010.05.26 08:29:15.115,1.54005,1.54075,3.20,1.00
2010.05.26 08:29:15.396,1.53995,1.5405,1.00,1.00
2010.05.26 08:29:15.674,1.53995,1.5405,1.00,2.40
2010.05.26 08:29:16.127,1.54005,1.5405,1.00,2.40
2010.05.26 08:29:16.463,1.53985,1.5404,1.00,1.00
2010.05.26 08:29:16.802,1.5398,1.5404,2.70,1.00
2010.05.26 08:29:17.481,1.53985,1.5404,1.00,1.00
2010.05.26 08:29:18.551,1.5398,1.5404,2.70,1.00
2010.05.26 08:29:18.731,1.53985,1.5404,1.00,1.00
2010.05.26 08:29:20.062,1.5398,1.5404,1.10,1.00
2010.05.26 08:29:20.403,1.5398,1.54045,1.00,1.00
2010.05.26 08:29:21.084,1.53975,1.54045,2.60,1.00
2010.05.26 08:29:22.466,1.53975,1.54045,2.60,1.00
2010.05.26 08:29:22.774,1.53975,1.5404,4.30,1.00
2010.05.26 08:29:23.084,1.5398,1.5404,1.00,1.00
2010.05.26 08:29:23.394,1.5398,1.54045,1.00,1.00
2010.05.26 08:29:24.100,1.5397,1.5404,2.60,2.40
2010.05.26 08:29:24.445,1.5397,1.5404,2.60,2.50
2010.05.26 08:29:25.137,1.5397,1.5404,3.40,2.40
2010.05.26 08:29:25.483,1.5397,1.54045,3.40,1.00
2010.05.26 08:29:25.825,1.5397,1.5404,3.40,1.00
2010.05.26 08:29:26.162,1.5397,1.54045,3.40,1.00
2010.05.26 08:29:26.507,1.5398,1.54045,1.60,1.00
2010.05.26 08:29:26.845,1.5398,1.54055,4.10,3.10
2010.05.26 08:29:27.292,1.5398,1.5405,4.10,1.00
2010.05.26 08:29:27.877,1.5398,1.54045,4.10,1.00
2010.05.26 08:29:28.772,1.5398,1.54045,3.30,1.00
2010.05.26 08:29:28.961,1.5398,1.54045,1.70,1.00
2010.05.26 08:29:29.152,1.5398,1.5405,1.10,2.50
2010.05.26 08:29:30.476,1.5398,1.5404,1.00,1.00
2010.05.26 08:29:31.344,1.5398,1.54045,1.00,1.00
2010.05.26 08:29:32.017,1.53985,1.54055,2.70,1.00
2010.05.26 08:29:32.318,1.5401,1.54075,1.00,1.00
2010.05.26 08:29:32.991,1.54,1.54075,5.00,1.00
2010.05.26 08:29:33.334,1.54,1.54075,3.40,2.60
2010.05.26 08:29:33.671,1.54,1.5407,1.60,1.00
2010.05.26 08:29:34.012,1.53995,1.5407,3.40,1.00
2010.05.26 08:29:34.351,1.53995,1.5407,3.40,1.00
2010.05.26 08:29:35.647,1.53995,1.54065,2.60,1.00
2010.05.26 08:29:36.043,1.53995,1.54065,2.60,1.00
2010.05.26 08:29:36.371,1.53995,1.54065,4.30,1.00
2010.05.26 08:29:36.852,1.53995,1.5407,5.10,1.00
2010.05.26 08:29:38.191,1.53995,1.54065,5.20,1.00
2010.05.26 08:29:38.801,1.53995,1.54065,4.40,1.00
2010.05.26 08:29:39.252,1.53995,1.54065,4.30,1.00
2010.05.26 08:29:39.813,1.54,1.5407,1.00,3.40
2010.05.26 08:29:40.104,1.54,1.5407,1.60,1.00
2010.05.26 08:29:40.392,1.53995,1.5407,1.80,1.50
2010.05.26 08:29:41.502,1.53995,1.54065,1.80,1.00
2010.05.26 08:29:42.204,1.53995,1.5407,3.60,1.70
2010.05.26 08:29:42.633,1.54,1.5407,1.00,1.00
2010.05.26 08:29:42.977,1.5401,1.5408,1.00,1.00
2010.05.26 08:29:44.053,1.54,1.5407,1.00,2.40
2010.05.26 08:29:44.302,1.54,1.5407,1.00,4.00
2010.05.26 08:29:45.738,1.54,1.54065,1.00,1.00
2010.05.26 08:29:46.034,1.54,1.5406,1.00,1.00
2010.05.26 08:29:46.324,1.53995,1.5406,1.00,1.00
2010.05.26 08:29:47.353,1.5399,1.5406,1.00,1.00
2010.05.26 08:29:48.942,1.53995,1.54065,3.50,1.00
2010.05.26 08:29:49.322,1.54,1.5407,1.00,1.00
2010.05.26 08:29:49.524,1.53995,1.5406,1.00,1.00
2010.05.26 08:29:51.884,1.53995,1.5406,1.00,1.00
2010.05.26 08:29:52.133,1.53995,1.5406,1.00,1.00
2010.05.26 08:29:52.382,1.53995,1.54055,1.00,1.00
2010.05.26 08:29:52.632,1.53995,1.5406,1.00,1.00
2010.05.26 08:29:52.972,1.53995,1.54055,1.00,1.00
2010.05.26 08:29:53.560,1.53995,1.5406,1.00,1.00
2010.05.26 08:29:53.844,1.53995,1.54065,1.80,2.60
2010.05.26 08:29:54.132,1.54,1.54065,1.00,1.00
2010.05.26 08:29:54.411,1.54,1.54075,1.00,1.50
2010.05.26 08:29:54.951,1.54,1.54075,1.00,1.30
2010.05.26 08:29:55.213,1.54015,1.54075,1.60,1.00
2010.05.26 08:29:55.472,1.54005,1.5408,5.00,2.50
2010.05.26 08:29:56.050,1.54005,1.54075,2.60,1.00
2010.05.26 08:29:56.255,1.54005,1.54075,2.60,1.00
2010.05.26 08:29:57.211,1.54005,1.54075,3.40,1.00
2010.05.26 08:29:58.693,1.54005,1.5407,3.40,1.00
2010.05.26 08:29:59.322,1.54005,1.54065,3.40,1.00
2010.05.26 08:29:59.531,1.54005,1.54065,2.60,1.00
2010.05.26 08:29:59.952,1.54005,1.54075,4.30,1.00
2010.05.26 08:30:00.233,1.54005,1.5407,2.60,1.00
2010.05.26 08:30:00.522,1.54005,1.54065,2.60,1.00
2010.05.26 08:30:01.535,1.5401,1.5407,1.00,1.00
2010.05.26 08:30:01.742,1.5401,1.5407,1.80,1.00
2010.05.26 08:30:01.841,1.5401,1.5407,3.40,1.00
2010.05.26 08:30:01.942,1.5401,1.54085,3.50,2.50
2010.05.26 08:30:02.283,1.54005,1.5407,2.70,2.40
2010.05.26 08:30:02.901,1.54,1.5407,2.60,1.00
2010.05.26 08:30:03.161,1.53995,1.5406,1.00,1.00
2010.05.26 08:30:04.362,1.53995,1.5406,1.00,1.00
2010.05.26 08:30:04.733,1.53995,1.5406,1.00,1.00
2010.05.26 08:30:05.073,1.53995,1.54065,1.00,2.50
2010.05.26 08:30:05.412,1.54,1.54065,1.00,1.00
2010.05.26 08:30:06.414,1.54,1.54075,1.00,3.00
2010.05.26 08:30:06.655,1.54005,1.5408,3.40,1.00
2010.05.26 08:30:06.900,1.54015,1.54085,1.00,1.30
2010.05.26 08:30:07.484,1.54015,1.5409,3.40,1.00
2010.05.26 08:30:07.824,1.5402,1.5409,1.00,4.00
2010.05.26 08:30:08.163,1.5402,1.5409,2.60,1.00
2010.05.26 08:30:08.503,1.5402,1.5409,2.60,1.00
2010.05.26 08:30:09.293,1.5402,1.5409,3.40,1.00
2010.05.26 08:30:09.634,1.5402,1.54085,3.40,1.00
2010.05.26 08:30:10.002,1.5402,1.54085,2.60,1.00
2010.05.26 08:30:10.302,1.54015,1.5408,2.60,1.60
2010.05.26 08:30:10.602,1.54015,1.5408,2.60,2.40
2010.05.26 08:30:10.751,1.54015,1.5408,2.60,1.00
2010.05.26 08:30:11.118,1.54015,1.5408,2.60,2.40
2010.05.26 08:30:11.415,1.54015,1.5408,2.60,1.60
2010.05.26 08:30:12.391,1.54015,1.5408,2.60,1.70
2010.05.26 08:30:13.411,1.54015,1.54075,2.60,1.00
2010.05.26 08:30:13.652,1.5402,1.54075,1.00,1.00
2010.05.26 08:30:13.891,1.5402,1.5408,1.00,1.00
2010.05.26 08:30:14.811,1.54015,1.5408,3.40,1.00
2010.05.26 08:30:17.805,1.54015,1.54085,3.40,1.00
2010.05.26 08:30:18.042,1.54015,1.54085,1.00,1.00
2010.05.26 08:30:18.623,1.5402,1.54085,1.00,1.00
2010.05.26 08:30:18.824,1.5402,1.54085,4.00,1.00
2010.05.26 08:30:21.902,1.5402,1.5408,3.20,1.00
2010.05.26 08:30:22.122,1.5402,1.5408,1.60,1.00
2010.05.26 08:30:22.499,1.54035,1.54085,1.00,1.80
2010.05.26 08:30:22.835,1.54025,1.54095,1.00,1.60
2010.05.26 08:30:23.173,1.5404,1.541,1.00,4.60
2010.05.26 08:30:23.452,1.54025,1.541,1.80,4.60
2010.05.26 08:30:23.816,1.5403,1.541,1.00,3.80
2010.05.26 08:30:24.100,1.5403,1.541,1.00,1.00
2010.05.26 08:30:24.384,1.5403,1.541,1.80,3.30
2010.05.26 08:30:24.725,1.5404,1.54105,1.00,1.00
2010.05.26 08:30:25.415,1.54035,1.54105,3.20,1.00
2010.05.26 08:30:25.751,1.5403,1.54105,3.40,2.50
2010.05.26 08:30:26.091,1.5403,1.541,1.80,3.20
2010.05.26 08:30:27.146,1.54035,1.541,1.00,3.20
2010.05.26 08:30:27.485,1.54035,1.5411,4.10,2.50
2010.05.26 08:30:27.811,1.54035,1.5411,4.20,4.00
2010.05.26 08:30:28.142,1.54035,1.541,4.10,1.00
2010.05.26 08:30:28.941,1.5404,1.541,1.00,1.00
2010.05.26 08:30:29.171,1.5404,1.54105,1.00,1.00
2010.05.26 08:30:30.354,1.5405,1.54115,2.40,1.00
2010.05.26 08:30:30.695,1.54055,1.54115,1.00,1.00
2010.05.26 08:30:30.863,1.54055,1.5411,1.00,1.00
2010.05.26 08:30:31.526,1.54055,1.54115,1.00,1.00
2010.05.26 08:30:31.695,1.54055,1.5411,1.00,1.00
2010.05.26 08:30:32.033,1.5404,1.54105,6.50,1.00
2010.05.26 08:30:32.372,1.5404,1.54105,1.00,1.00
2010.05.26 08:30:32.714,1.5404,1.541,1.00,1.00
2010.05.26 08:30:33.403,1.5403,1.54105,1.90,4.20
2010.05.26 08:30:34.082,1.5403,1.541,1.80,1.00
2010.05.26 08:30:34.764,1.54045,1.541,1.00,1.00
2010.05.26 08:30:35.054,1.54035,1.541,2.60,1.00
2010.05.26 08:30:35.346,1.5404,1.54095,1.00,1.00
2010.05.26 08:30:35.634,1.54035,1.54095,1.00,1.00
2010.05.26 08:30:35.924,1.54045,1.54095,1.00,1.00
2010.05.26 08:30:37.096,1.54045,1.541,1.00,1.00
2010.05.26 08:30:38.449,1.54045,1.54105,1.00,1.00
2010.05.26 08:30:38.737,1.54045,1.54105,2.40,1.00
2010.05.26 08:30:39.015,1.5405,1.54105,1.00,1.00
2010.05.26 08:30:39.651,1.54045,1.54105,3.40,1.00
2010.05.26 08:30:40.005,1.54045,1.54105,1.80,1.00
2010.05.26 08:30:40.623,1.54045,1.54105,2.40,1.00
2010.05.26 08:30:40.923,1.54035,1.54105,5.00,1.00
2010.05.26 08:30:41.224,1.54035,1.54105,2.60,1.00
2010.05.26 08:30:41.903,1.54035,1.5411,3.40,2.60
2010.05.26 08:30:42.244,1.54035,1.54105,3.40,1.00
2010.05.26 08:30:43.187,1.54035,1.541,3.40,1.00
2010.05.26 08:30:46.391,1.54035,1.54095,3.40,1.00
2010.05.26 08:30:53.234,1.54035,1.5409,3.40,1.00
2010.05.26 08:30:55.804,1.54035,1.54085,1.00,1.00
2010.05.26 08:30:55.877,1.5403,1.54085,2.60,1.00
2010.05.26 08:30:55.942,1.5403,1.54085,1.60,1.00
2010.05.26 08:30:56.011,1.54025,1.54085,5.60,1.00
2010.05.26 08:30:59.134,1.54025,1.54075,5.60,1.00
2010.05.26 08:31:00.020,1.54025,1.54085,5.60,1.00
2010.05.26 08:31:00.443,1.54035,1.54085,1.00,1.00
2010.05.26 08:31:00.642,1.54035,1.5409,1.00,1.00
2010.05.26 08:31:00.843,1.5403,1.5408,1.60,1.00
2010.05.26 08:31:01.042,1.54025,1.54085,5.60,1.00
2010.05.26 08:31:01.241,1.54025,1.54085,2.40,1.00
2010.05.26 08:31:02.034,1.5403,1.54075,1.00,1.00
2010.05.26 08:31:02.851,1.54035,1.54075,1.00,1.00
2010.05.26 08:31:03.092,1.54035,1.5408,2.40,1.00
2010.05.26 08:31:03.332,1.54035,1.5408,1.20,1.00
2010.05.26 08:31:03.572,1.54035,1.5408,1.00,1.00
2010.05.26 08:31:04.402,1.54025,1.5408,2.60,1.00
2010.05.26 08:31:04.501,1.5402,1.5408,2.30,1.00
2010.05.26 08:31:06.161,1.5402,1.5408,2.30,1.00
2010.05.26 08:31:06.502,1.54025,1.5408,1.00,1.00
2010.05.26 08:31:07.734,1.5402,1.5408,2.30,1.00
2010.05.26 08:31:08.075,1.54025,1.54085,1.00,1.00
2010.05.26 08:31:08.414,1.5403,1.54085,2.40,1.00
2010.05.26 08:31:09.153,1.54035,1.5409,1.00,1.00
2010.05.26 08:31:09.491,1.5403,1.5409,1.80,1.00
2010.05.26 08:31:09.832,1.5403,1.54085,1.80,1.00
2010.05.26 08:31:10.853,1.5403,1.5409,1.80,1.00
2010.05.26 08:31:11.042,1.5403,1.54085,1.80,1.00
2010.05.26 08:31:11.233,1.54035,1.54095,1.00,1.00
2010.05.26 08:31:11.967,1.54035,1.54095,2.40,1.00
2010.05.26 08:31:12.303,1.5404,1.54105,1.00,1.00
2010.05.26 08:31:12.641,1.5404,1.54105,1.80,1.00
2010.05.26 08:31:12.983,1.5404,1.541,1.50,1.00
2010.05.26 08:31:13.322,1.5404,1.541,1.00,1.00
2010.05.26 08:31:14.253,1.5404,1.541,1.50,1.00
2010.05.26 08:31:14.591,1.5404,1.54105,1.00,1.00
2010.05.26 08:31:14.772,1.5404,1.54105,2.30,1.00
2010.05.26 08:31:14.952,1.5404,1.54105,3.20,1.00
2010.05.26 08:31:15.405,1.5404,1.54105,4.80,1.00
2010.05.26 08:31:16.261,1.5404,1.54095,4.80,1.00
2010.05.26 08:31:16.602,1.5404,1.541,4.00,1.00
2010.05.26 08:31:16.903,1.5403,1.5409,1.60,1.00
2010.05.26 08:31:17.415,1.54025,1.5408,1.00,1.00
2010.05.26 08:31:17.713,1.5401,1.5408,1.00,1.20
2010.05.26 08:31:19.772,1.5401,1.54075,1.00,1.00
2010.05.26 08:31:21.027,1.5401,1.54075,1.20,1.00
2010.05.26 08:31:21.953,1.5401,1.54065,1.00,1.00
2010.05.26 08:31:22.294,1.5401,1.54065,1.00,1.00
2010.05.26 08:31:25.184,1.5401,1.54065,1.40,1.00
2010.05.26 08:31:25.473,1.5401,1.5407,1.00,1.00
2010.05.26 08:31:26.084,1.54005,1.5407,4.00,1.00
2010.05.26 08:31:26.372,1.54005,1.54065,4.00,1.00
2010.05.26 08:31:26.682,1.54005,1.5406,4.00,1.00
2010.05.26 08:31:27.346,1.54005,1.54065,4.00,1.00
2010.05.26 08:31:27.594,1.54005,1.54065,1.00,1.00
2010.05.26 08:31:27.844,1.54005,1.5406,1.00,1.00
2010.05.26 08:31:28.471,1.54,1.5406,2.30,1.00
2010.05.26 08:31:28.815,1.53995,1.54065,3.10,1.00
2010.05.26 08:31:29.204,1.53995,1.54065,3.20,1.00
2010.05.26 08:31:30.451,1.53995,1.5406,3.10,1.00
2010.05.26 08:31:30.807,1.54005,1.5406,1.00,1.00
2010.05.26 08:31:30.982,1.54005,1.54065,1.00,1.00
2010.05.26 08:31:31.153,1.54,1.54065,1.60,1.00
2010.05.26 08:31:31.666,1.5399,1.5406,5.10,1.00
2010.05.26 08:31:31.847,1.5399,1.5406,1.00,1.00
2010.05.26 08:31:32.185,1.5399,1.5406,1.00,2.40
2010.05.26 08:31:32.523,1.53985,1.5406,1.00,4.80
2010.05.26 08:31:33.204,1.53985,1.54055,1.00,1.00
2010.05.26 08:31:33.545,1.53985,1.5405,1.00,1.00
2010.05.26 08:31:33.884,1.53985,1.54055,4.00,1.00
2010.05.26 08:31:34.573,1.53985,1.54055,1.00,1.00
2010.05.26 08:31:36.153,1.5399,1.5405,1.00,1.00
2010.05.26 08:31:36.701,1.53985,1.5405,1.00,1.00
2010.05.26 08:31:37.902,1.53985,1.54045,1.00,1.00
2010.05.26 08:31:38.242,1.53985,1.54035,1.00,1.00
2010.05.26 08:31:38.893,1.5399,1.5404,1.00,1.00
2010.05.26 08:31:42.693,1.5399,1.54045,1.00,1.00
2010.05.26 08:31:44.332,1.53985,1.54045,1.60,1.00
2010.05.26 08:31:44.551,1.5398,1.54045,7.10,1.00
2010.05.26 08:31:44.991,1.53985,1.5405,1.00,1.00
2010.05.26 08:31:45.643,1.53985,1.5405,4.00,1.00
2010.05.26 08:31:46.161,1.53985,1.5405,4.00,1.00
2010.05.26 08:31:46.432,1.53985,1.54045,4.00,1.00
2010.05.26 08:31:46.703,1.53995,1.54055,1.00,1.00
2010.05.26 08:31:47.592,1.54,1.5406,1.60,1.00
2010.05.26 08:31:47.843,1.5401,1.5407,1.00,2.80
2010.05.26 08:31:48.096,1.5401,1.5406,1.60,1.60
2010.05.26 08:31:48.765,1.5401,1.5406,1.00,1.50
2010.05.26 08:31:49.121,1.53985,1.5406,1.00,3.10
2010.05.26 08:31:49.394,1.5399,1.5406,1.00,2.50
2010.05.26 08:31:50.599,1.5399,1.54055,1.00,1.00
2010.05.26 08:31:50.951,1.53985,1.54055,1.00,1.00
2010.05.26 08:31:51.306,1.5399,1.5406,2.40,1.00
2010.05.26 08:31:51.555,1.5399,1.5406,4.00,1.00
2010.05.26 08:31:51.921,1.5399,1.5406,4.00,1.00
2010.05.26 08:31:52.181,1.53995,1.54065,1.00,1.00
2010.05.26 08:31:53.134,1.53995,1.54065,2.40,1.00
2010.05.26 08:31:53.472,1.53995,1.54065,1.60,1.70
2010.05.26 08:31:54.831,1.5399,1.54065,4.20,1.70
2010.05.26 08:31:55.212,1.53995,1.54065,1.00,1.70
2010.05.26 08:31:55.592,1.53995,1.54065,1.00,1.60
2010.05.26 08:31:55.802,1.53995,1.54065,1.00,1.00
2010.05.26 08:31:56.012,1.54,1.54065,1.00,1.00
2010.05.26 08:31:56.222,1.54,1.54065,2.40,1.00
2010.05.26 08:31:57.605,1.54,1.54065,2.40,1.00
2010.05.26 08:31:57.941,1.54,1.54065,2.40,1.00
2010.05.26 08:31:58.281,1.54,1.54065,2.60,1.00
2010.05.26 08:31:59.441,1.54,1.5407,2.60,1.70
2010.05.26 08:32:02.836,1.54,1.54065,1.80,1.00
2010.05.26 08:32:03.173,1.5399,1.5406,1.00,2.80
2010.05.26 08:32:03.512,1.5399,1.5405,1.00,1.00
2010.05.26 08:32:03.853,1.53985,1.5405,1.00,1.00
2010.05.26 08:32:06.223,1.54,1.5405,1.00,1.00
2010.05.26 08:32:07.452,1.54,1.54045,1.00,1.00
2010.05.26 08:32:07.793,1.5399,1.5405,1.00,1.00
2010.05.26 08:32:08.545,1.5399,1.5403,1.00,2.40
2010.05.26 08:32:08.724,1.5399,1.54025,1.00,1.00
2010.05.26 08:32:09.436,1.53975,1.5402,1.00,1.00
2010.05.26 08:32:10.763,1.53975,1.5402,1.00,1.00
2010.05.26 08:32:14.382,1.53975,1.5402,1.00,1.50
2010.05.26 08:32:14.673,1.53975,1.54015,1.00,1.00
2010.05.26 08:32:16.124,1.53975,1.54015,1.00,1.00
2010.05.26 08:32:17.713,1.53975,1.5402,1.00,1.00
2010.05.26 08:32:22.422,1.53975,1.5402,1.00,1.00
2010.05.26 08:32:23.403,1.53975,1.5402,1.00,1.00
2010.05.26 08:32:25.043,1.53975,1.5402,1.00,1.30
2010.05.26 08:32:25.385,1.5396,1.54015,1.00,1.00
2010.05.26 08:32:25.724,1.5396,1.5401,1.00,1.00
2010.05.26 08:32:27.215,1.5396,1.5401,1.00,1.00
2010.05.26 08:32:28.452,1.5396,1.5401,1.00,1.00
2010.05.26 08:32:32.323,1.5396,1.5401,1.00,1.00
2010.05.26 08:32:32.662,1.5396,1.54005,1.00,1.00
2010.05.26 08:32:33.005,1.5396,1.54005,1.00,2.40
2010.05.26 08:32:33.402,1.5396,1.54,1.00,1.00
2010.05.26 08:32:33.746,1.5396,1.54005,1.00,1.60
2010.05.26 08:32:34.084,1.5394,1.54,1.00,1.00
2010.05.26 08:32:34.454,1.5394,1.54005,1.00,1.70
2010.05.26 08:32:34.795,1.5394,1.54005,1.30,1.00
2010.05.26 08:32:35.474,1.53955,1.54005,1.00,1.00
2010.05.26 08:32:35.814,1.53955,1.54,1.00,1.00
2010.05.26 08:32:36.628,1.53945,1.54,1.00,1.00
2010.05.26 08:32:38.355,1.53955,1.54,1.00,1.00
2010.05.26 08:32:38.907,1.5395,1.54,1.00,1.00
2010.05.26 08:32:39.116,1.5395,1.54,1.00,1.30
2010.05.26 08:32:39.323,1.53955,1.54,1.00,1.30
2010.05.26 08:32:39.992,1.53955,1.54005,1.00,1.30
2010.05.26 08:32:42.004,1.53955,1.54005,1.00,2.90
2010.05.26 08:32:42.912,1.53955,1.54005,1.00,1.30
2010.05.26 08:32:46.342,1.53955,1.54005,1.00,1.30
2010.05.26 08:32:47.809,1.5395,1.54005,1.00,1.30
2010.05.26 08:32:48.063,1.5395,1.54005,1.40,1.30
2010.05.26 08:32:51.225,1.5395,1.54005,1.60,1.30
2010.05.26 08:32:51.386,1.5395,1.54005,1.40,1.30
2010.05.26 08:32:51.542,1.5395,1.5401,1.40,1.00
2010.05.26 08:32:51.842,1.53955,1.5401,1.00,1.00
2010.05.26 08:32:52.473,1.53955,1.54015,1.00,2.90
2010.05.26 08:32:52.934,1.53955,1.54015,1.00,1.30
2010.05.26 08:32:53.258,1.5396,1.54015,1.00,1.30
2010.05.26 08:32:53.503,1.5396,1.54015,1.00,1.00
2010.05.26 08:32:55.063,1.5396,1.54015,2.40,1.00
2010.05.26 08:32:55.797,1.5396,1.54015,2.50,1.00
2010.05.26 08:32:56.653,1.53965,1.5402,3.10,1.00
2010.05.26 08:32:57.382,1.53965,1.5403,3.10,3.10
2010.05.26 08:32:57.896,1.53965,1.5403,3.90,2.10
2010.05.26 08:32:58.237,1.5398,1.5404,1.60,1.30
2010.05.26 08:32:58.575,1.5398,1.5404,2.40,1.30
2010.05.26 08:32:59.201,1.5398,1.54045,2.40,3.10
2010.05.26 08:32:59.466,1.53985,1.54045,3.00,3.10
2010.05.26 08:32:59.803,1.53985,1.54045,3.00,1.00
2010.05.26 08:33:00.142,1.53985,1.5405,3.20,1.50
2010.05.26 08:33:01.078,1.53985,1.54055,4.00,2.50
2010.05.26 08:33:01.286,1.54,1.5406,2.80,1.00
2010.05.26 08:33:01.495,1.54,1.5406,3.60,1.00
2010.05.26 08:33:01.684,1.5401,1.5406,2.40,1.00
2010.05.26 08:33:02.200,1.54015,1.5406,2.00,1.00
2010.05.26 08:33:02.256,1.54015,1.5407,2.00,1.50
2010.05.26 08:33:02.448,1.54015,1.54065,1.00,1.00
2010.05.26 08:33:02.635,1.5401,1.54065,3.10,1.00
2010.05.26 08:33:03.273,1.5401,1.54065,3.10,2.40
2010.05.26 08:33:03.604,1.54015,1.54065,1.00,2.40
2010.05.26 08:33:04.478,1.54015,1.54065,1.00,1.00
2010.05.26 08:33:04.824,1.54015,1.54065,1.00,2.50
2010.05.26 08:33:05.165,1.54015,1.54065,1.00,1.00
2010.05.26 08:33:06.055,1.54015,1.54065,1.00,1.00
2010.05.26 08:33:06.364,1.54015,1.54065,2.40,1.00
2010.05.26 08:33:06.874,1.54015,1.54065,3.10,1.00
2010.05.26 08:33:07.189,1.54005,1.5406,3.20,2.40
2010.05.26 08:33:07.539,1.54005,1.5406,3.20,3.10
2010.05.26 08:33:08.958,1.54005,1.5406,3.20,3.30
2010.05.26 08:33:09.283,1.54005,1.5406,3.20,2.50
2010.05.26 08:33:09.493,1.54005,1.5406,3.20,2.40
2010.05.26 08:33:10.216,1.54005,1.5406,3.20,2.50
2010.05.26 08:33:11.892,1.53995,1.54045,2.20,1.60
2010.05.26 08:33:12.154,1.53995,1.54045,1.00,1.60
2010.05.26 08:33:12.413,1.54005,1.54045,1.60,1.60
2010.05.26 08:33:12.667,1.5402,1.5406,1.60,1.00
2010.05.26 08:33:12.914,1.5402,1.54065,1.60,1.00
2010.05.26 08:33:13.318,1.5402,1.54065,1.60,1.00
2010.05.26 08:33:14.124,1.54025,1.5407,2.40,1.00
2010.05.26 08:33:14.683,1.5402,1.5407,2.40,1.00
2010.05.26 08:33:15.014,1.5402,1.5407,1.00,1.70
2010.05.26 08:33:16.585,1.5402,1.54065,1.00,1.00
2010.05.26 08:33:16.994,1.5402,1.54065,1.00,2.40
2010.05.26 08:33:17.367,1.5402,1.5406,1.00,1.00
2010.05.26 08:33:17.583,1.54005,1.5406,2.80,2.40
2010.05.26 08:33:22.132,1.54005,1.5406,2.80,1.60
2010.05.26 08:33:22.624,1.5401,1.54065,2.90,2.40
2010.05.26 08:33:23.233,1.5401,1.54065,2.90,2.50
2010.05.26 08:33:25.559,1.5401,1.5406,2.90,1.00
2010.05.26 08:33:25.962,1.5401,1.5406,2.90,2.50
2010.05.26 08:33:26.132,1.5401,1.5406,1.50,1.70
2010.05.26 08:33:26.302,1.5401,1.5406,1.00,1.00
2010.05.26 08:33:26.823,1.5401,1.5406,1.00,1.00
2010.05.26 08:33:28.895,1.5401,1.5406,1.00,2.50
2010.05.26 08:33:29.003,1.5401,1.5406,1.00,2.50
2010.05.26 08:33:30.625,1.5401,1.54055,1.00,1.00
2010.05.26 08:33:30.966,1.5401,1.5406,1.00,2.40
2010.05.26 08:33:31.053,1.5401,1.5406,1.00,2.50
2010.05.26 08:33:31.103,1.5401,1.5406,1.00,1.70
2010.05.26 08:33:31.192,1.5401,1.5406,1.00,1.00
2010.05.26 08:33:31.683,1.5401,1.5406,1.00,1.00
2010.05.26 08:33:31.833,1.5401,1.54065,1.00,1.00
2010.05.26 08:33:31.933,1.5401,1.54065,1.00,1.00
2010.05.26 08:33:32.275,1.5401,1.54065,1.00,1.00
2010.05.26 08:33:32.614,1.54005,1.54065,3.20,1.00
2010.05.26 08:33:33.244,1.5401,1.5407,1.00,2.90
2010.05.26 08:33:33.513,1.54015,1.54065,1.60,1.00
2010.05.26 08:33:33.773,1.54015,1.5406,1.60,2.40
2010.05.26 08:33:34.033,1.5401,1.54065,1.00,2.40
2010.05.26 08:33:34.392,1.5401,1.54065,1.00,2.90
2010.05.26 08:33:34.743,1.54015,1.5405,1.00,1.00
2010.05.26 08:33:35.086,1.54,1.5405,1.00,1.00
2010.05.26 08:33:35.333,1.54,1.54045,1.00,1.00
2010.05.26 08:33:37.053,1.54,1.5405,1.00,1.00
2010.05.26 08:33:37.232,1.54,1.5405,1.00,1.00
2010.05.26 08:33:37.982,1.54,1.54055,1.00,1.70
2010.05.26 08:33:38.844,1.54,1.54055,1.00,1.00
2010.05.26 08:33:39.105,1.5401,1.54055,1.00,1.00
2010.05.26 08:33:39.363,1.5401,1.5406,1.00,1.00
2010.05.26 08:33:41.302,1.5401,1.54065,1.00,1.00
2010.05.26 08:33:45.013,1.5401,1.54065,1.00,1.70
2010.05.26 08:33:45.222,1.5401,1.54065,1.00,1.00
2010.05.26 08:33:45.833,1.5401,1.54065,2.40,1.00
2010.05.26 08:33:45.982,1.5401,1.5406,2.40,1.00
2010.05.26 08:33:46.133,1.5401,1.5406,3.20,1.00
2010.05.26 08:33:46.342,1.5401,1.5406,1.60,1.00
2010.05.26 08:33:46.552,1.5401,1.5406,1.00,1.00
2010.05.26 08:33:47.285,1.5401,1.5406,1.00,1.00
2010.05.26 08:33:47.774,1.5401,1.54065,1.00,1.00
2010.05.26 08:33:48.263,1.54005,1.54065,1.30,1.00
2010.05.26 08:33:49.443,1.54005,1.54045,1.30,1.00
2010.05.26 08:33:49.704,1.54005,1.54045,1.00,1.60
2010.05.26 08:33:49.964,1.5399,1.5405,3.00,1.00
2010.05.26 08:33:53.178,1.54,1.5406,1.30,1.00
2010.05.26 08:33:53.444,1.54005,1.5406,2.40,1.00
2010.05.26 08:33:55.213,1.54005,1.5406,2.40,1.00
2010.05.26 08:33:57.705,1.54005,1.5406,2.40,1.00
2010.05.26 08:33:57.933,1.54005,1.5406,2.40,1.00
2010.05.26 08:33:58.392,1.5401,1.5406,2.40,1.00
2010.05.26 08:33:59.101,1.5401,1.54065,2.40,1.70
2010.05.26 08:33:59.783,1.5401,1.54065,2.40,1.50
2010.05.26 08:34:00.461,1.5401,1.54065,2.40,1.00
2010.05.26 08:34:00.793,1.5401,1.54065,3.00,1.00
2010.05.26 08:34:01.133,1.5401,1.54065,3.00,1.70
2010.05.26 08:34:01.352,1.5401,1.54065,3.00,1.30
2010.05.26 08:34:01.789,1.5401,1.54065,3.00,1.00
2010.05.26 08:34:02.003,1.5402,1.5407,1.00,4.00
2010.05.26 08:34:02.324,1.54035,1.54085,2.40,1.00
2010.05.26 08:34:02.644,1.54035,1.54085,2.90,1.00
2010.05.26 08:34:03.098,1.54045,1.54085,1.00,1.00
2010.05.26 08:34:03.416,1.54045,1.54095,1.00,1.50
2010.05.26 08:34:03.755,1.54035,1.5409,1.00,1.00
2010.05.26 08:34:04.094,1.54035,1.5408,1.00,1.50
2010.05.26 08:34:04.867,1.5402,1.54075,1.40,1.50
2010.05.26 08:34:05.204,1.5402,1.54065,1.40,1.00
2010.05.26 08:34:05.544,1.54015,1.5407,1.30,3.10
2010.05.26 08:34:06.247,1.54015,1.54055,1.00,1.00
2010.05.26 08:34:06.516,1.5401,1.54055,1.00,2.40
2010.05.26 08:34:07.157,1.54005,1.5406,1.00,1.50
2010.05.26 08:34:07.426,1.54005,1.54055,1.40,1.00
2010.05.26 08:34:07.765,1.54,1.5404,1.00,1.00
2010.05.26 08:34:08.103,1.53995,1.5404,1.40,1.00
2010.05.26 08:34:08.786,1.5399,1.54045,1.60,1.00
2010.05.26 08:34:09.037,1.54005,1.54055,1.60,1.60
2010.05.26 08:34:09.284,1.54015,1.5407,1.00,2.90
2010.05.26 08:34:09.816,1.54015,1.5407,1.00,2.40
2010.05.26 08:34:10.155,1.54015,1.5407,1.20,2.40
2010.05.26 08:34:10.495,1.54015,1.5407,1.20,2.50
2010.05.26 08:34:10.716,1.54015,1.5406,1.20,1.00
2010.05.26 08:34:11.531,1.54015,1.54055,1.00,1.00
2010.05.26 08:34:11.865,1.54015,1.54055,1.00,2.40
2010.05.26 08:34:12.194,1.54,1.54055,3.20,2.40
2010.05.26 08:34:13.518,1.54,1.54055,3.20,1.00
2010.05.26 08:34:13.854,1.54005,1.54055,1.00,2.40
2010.05.26 08:34:15.592,1.54005,1.5404,1.00,1.00
2010.05.26 08:34:15.866,1.5399,1.54035,1.20,1.00
2010.05.26 08:34:16.013,1.5399,1.5404,1.60,4.00
2010.05.26 08:34:16.164,1.5399,1.5404,1.00,2.40
2010.05.26 08:34:16.313,1.53995,1.5404,1.00,1.00
2010.05.26 08:34:16.902,1.53995,1.54045,1.00,2.40
2010.05.26 08:34:17.794,1.53995,1.5404,1.00,1.00
2010.05.26 08:34:18.396,1.5399,1.5404,1.60,1.00
2010.05.26 08:34:20.855,1.5399,1.54045,1.60,1.60
2010.05.26 08:34:21.164,1.54,1.54055,1.00,1.00
2010.05.26 08:34:21.335,1.54,1.54055,1.00,1.00
2010.05.26 08:34:23.294,1.54,1.54055,1.30,1.00
2010.05.26 08:34:23.797,1.54,1.54055,2.10,1.00
2010.05.26 08:34:24.437,1.54,1.54055,1.30,1.00
2010.05.26 08:34:24.774,1.54005,1.54055,1.00,1.00
2010.05.26 08:34:25.383,1.54005,1.5406,1.00,1.00
2010.05.26 08:34:27.552,1.54005,1.54055,1.00,1.00
2010.05.26 08:34:27.673,1.54005,1.54055,2.40,1.00
2010.05.26 08:34:27.792,1.5401,1.54055,1.00,1.00
2010.05.26 08:34:28.133,1.54015,1.54055,1.00,1.00
2010.05.26 08:34:28.824,1.54015,1.5406,1.50,1.00
2010.05.26 08:34:28.914,1.54015,1.54065,1.50,1.00
2010.05.26 08:34:29.002,1.54015,1.54065,1.00,1.00
2010.05.26 08:34:29.082,1.54015,1.54065,1.00,1.00
2010.05.26 08:34:30.972,1.54015,1.5406,1.00,1.00
2010.05.26 08:34:33.074,1.5402,1.5407,1.00,1.00
2010.05.26 08:34:36.253,1.5402,1.54075,1.00,1.00
2010.05.26 08:34:36.725,1.5402,1.54075,1.00,1.00
2010.05.26 08:34:37.289,1.5402,1.5408,2.60,1.00
2010.05.26 08:34:37.636,1.5404,1.5409,1.00,2.40
2010.05.26 08:34:37.975,1.54035,1.5409,1.20,2.40
2010.05.26 08:34:39.186,1.54035,1.5409,1.20,2.50
2010.05.26 08:34:39.913,1.54035,1.5408,1.20,1.00
2010.05.26 08:34:40.392,1.54035,1.54075,1.20,1.00
2010.05.26 08:34:40.597,1.5402,1.54065,1.00,1.00
2010.05.26 08:34:40.936,1.54015,1.5405,1.00,1.00
2010.05.26 08:34:42.029,1.54005,1.54045,1.50,1.00
2010.05.26 08:34:42.229,1.5401,1.5406,1.00,1.00
2010.05.26 08:34:43.375,1.5401,1.54055,1.00,2.40
2010.05.26 08:34:43.729,1.54,1.54055,2.80,2.90
2010.05.26 08:34:45.010,1.54,1.54055,2.80,4.60
2010.05.26 08:34:45.318,1.54,1.5405,1.50,2.40
2010.05.26 08:34:45.533,1.54,1.54055,1.00,3.10
2010.05.26 08:34:45.754,1.54,1.54055,1.00,3.10
2010.05.26 08:34:46.194,1.54025,1.5406,1.00,2.40
2010.05.26 08:34:46.415,1.5401,1.54075,2.40,1.00
2010.05.26 08:34:46.926,1.5403,1.5407,1.00,1.60
2010.05.26 08:34:47.126,1.54025,1.54075,1.00,1.00
2010.05.26 08:34:51.447,1.54025,1.54075,1.00,3.20
2010.05.26 08:34:51.624,1.54025,1.5407,1.00,1.60
2010.05.26 08:34:51.983,1.54025,1.54085,1.00,2.40
2010.05.26 08:34:52.174,1.54035,1.5409,1.30,3.40
2010.05.26 08:34:52.364,1.54035,1.5409,1.20,1.70
2010.05.26 08:34:52.797,1.54035,1.5409,2.00,1.00
2010.05.26 08:34:52.987,1.5404,1.54095,3.20,1.00
2010.05.26 08:34:53.326,1.5404,1.54095,2.40,1.60
2010.05.26 08:34:53.670,1.5404,1.54095,3.20,1.60
2010.05.26 08:34:54.016,1.5404,1.541,3.20,2.10
2010.05.26 08:34:55.343,1.5404,1.541,3.20,2.30
2010.05.26 08:34:56.026,1.5404,1.54085,2.40,1.60
2010.05.26 08:34:56.326,1.5404,1.5408,2.40,1.60
2010.05.26 08:34:56.656,1.54035,1.54085,1.00,3.80
2010.05.26 08:34:57.253,1.54035,1.54085,1.00,3.20
2010.05.26 08:34:57.473,1.5403,1.5408,1.60,1.60
2010.05.26 08:34:57.693,1.5403,1.5409,1.60,1.00
2010.05.26 08:34:57.913,1.54035,1.54095,1.00,1.60
2010.05.26 08:34:58.307,1.5404,1.54095,1.00,1.60
2010.05.26 08:34:58.653,1.54045,1.54105,3.60,1.00
2010.05.26 08:34:58.995,1.54045,1.54105,2.80,1.00
2010.05.26 08:34:59.333,1.5405,1.54105,1.00,1.00
2010.05.26 08:35:00.060,1.5405,1.54105,1.00,1.70
2010.05.26 08:35:00.396,1.54045,1.54105,1.50,3.40
2010.05.26 08:35:00.685,1.54045,1.54095,1.50,3.20
2010.05.26 08:35:00.973,1.54045,1.54095,1.00,3.20
2010.05.26 08:35:01.629,1.54045,1.54095,1.00,1.60
2010.05.26 08:35:01.783,1.54035,1.541,2.30,3.40
2010.05.26 08:35:01.934,1.54035,1.541,3.90,3.40
2010.05.26 08:35:02.092,1.5404,1.541,1.00,3.40
2010.05.26 08:35:03.902,1.5404,1.541,1.00,3.30
2010.05.26 08:35:04.242,1.5404,1.541,1.00,3.40
2010.05.26 08:35:04.482,1.5404,1.541,1.00,4.20
2010.05.26 08:35:05.053,1.5404,1.54095,1.00,1.60
2010.05.26 08:35:05.205,1.54045,1.541,1.50,4.20
2010.05.26 08:35:05.663,1.5405,1.541,1.60,1.00
2010.05.26 08:35:05.813,1.5405,1.54095,1.60,1.00
2010.05.26 08:35:05.962,1.54055,1.54095,1.00,1.00
2010.05.26 08:35:06.330,1.54055,1.541,1.00,1.00
2010.05.26 08:35:06.674,1.5405,1.541,1.60,1.00
2010.05.26 08:35:07.015,1.5405,1.5409,1.60,1.00
2010.05.26 08:35:07.353,1.5405,1.5409,1.60,1.00
2010.05.26 08:35:07.673,1.5405,1.5409,1.60,1.00
2010.05.26 08:35:09.464,1.5405,1.541,1.60,1.00
2010.05.26 08:35:10.874,1.5405,1.54105,1.60,1.00
2010.05.26 08:35:14.425,1.5405,1.541,1.60,1.00
2010.05.26 08:35:14.782,1.5405,1.541,1.60,1.60
2010.05.26 08:35:14.962,1.5405,1.54105,1.60,1.00
2010.05.26 08:35:15.234,1.5405,1.5411,1.60,5.00
2010.05.26 08:35:16.303,1.5405,1.54105,1.60,1.00
2010.05.26 08:35:16.956,1.5405,1.54105,1.60,1.80
2010.05.26 08:35:17.431,1.5405,1.54105,1.60,1.00
2010.05.26 08:35:17.775,1.5405,1.5411,1.00,3.30
2010.05.26 08:35:18.873,1.5405,1.54105,1.00,1.00
2010.05.26 08:35:19.443,1.5405,1.5411,1.00,5.00
2010.05.26 08:35:21.378,1.5405,1.54105,1.00,1.00
2010.05.26 08:35:22.174,1.5405,1.541,1.00,1.00
2010.05.26 08:35:25.875,1.5405,1.5411,1.00,1.00
2010.05.26 08:35:26.058,1.5405,1.5411,1.00,2.30
2010.05.26 08:35:26.234,1.54055,1.5411,1.60,4.00
2010.05.26 08:35:26.581,1.5406,1.5411,1.00,4.00
2010.05.26 08:35:26.925,1.5406,1.5411,1.00,1.00
2010.05.26 08:35:27.265,1.5406,1.541,1.00,1.00
2010.05.26 08:35:27.606,1.5405,1.54105,1.00,4.20
2010.05.26 08:35:30.636,1.54045,1.541,1.00,4.00
2010.05.26 08:35:30.954,1.54045,1.54095,1.00,2.50
2010.05.26 08:35:31.194,1.5404,1.54095,1.40,4.20
2010.05.26 08:35:31.434,1.5404,1.54085,1.00,1.00
2010.05.26 08:35:32.988,1.5404,1.54085,1.00,1.00
2010.05.26 08:35:33.195,1.5404,1.5408,1.00,1.00
2010.05.26 08:35:33.405,1.5404,1.5408,1.00,1.00
2010.05.26 08:35:33.770,1.5403,1.54075,1.00,1.60
2010.05.26 08:35:34.076,1.5403,1.54085,1.00,1.00
2010.05.26 08:35:34.374,1.54025,1.54075,1.60,1.00
2010.05.26 08:35:34.673,1.54025,1.54075,1.20,1.00
2010.05.26 08:35:34.973,1.54025,1.5408,1.20,1.00
2010.05.26 08:35:35.254,1.5403,1.5408,1.00,1.00
2010.05.26 08:35:35.533,1.5403,1.54085,1.00,1.00
2010.05.26 08:35:36.159,1.5403,1.54085,1.00,1.00
2010.05.26 08:35:36.386,1.5403,1.54085,1.00,1.80
2010.05.26 08:35:36.603,1.5403,1.54085,1.20,1.00
2010.05.26 08:35:37.683,1.5403,1.54085,1.20,1.00
2010.05.26 08:35:38.113,1.5403,1.54085,1.20,2.50
2010.05.26 08:35:38.513,1.5403,1.54085,1.40,2.50
2010.05.26 08:35:39.205,1.5403,1.5408,1.40,1.00
2010.05.26 08:35:41.246,1.5403,1.54075,1.40,1.00
2010.05.26 08:35:41.383,1.5403,1.54075,1.40,1.00
2010.05.26 08:35:41.795,1.5403,1.5408,1.40,1.00
2010.05.26 08:35:44.215,1.5403,1.54075,1.40,1.00
2010.05.26 08:35:44.594,1.5403,1.5408,1.40,1.00
2010.05.26 08:35:47.867,1.5403,1.54085,1.40,2.50
2010.05.26 08:35:48.153,1.5403,1.54085,1.00,2.50
2010.05.26 08:35:48.442,1.5403,1.5408,1.00,1.00
2010.05.26 08:35:49.652,1.5403,1.54085,1.00,1.00
2010.05.26 08:35:49.902,1.5403,1.5408,1.00,1.30
2010.05.26 08:35:50.157,1.5403,1.54075,1.00,1.00
2010.05.26 08:35:50.884,1.54025,1.5408,1.00,1.50
2010.05.26 08:35:51.222,1.54025,1.5408,1.30,1.50
2010.05.26 08:35:51.918,1.54025,1.5408,1.30,1.70
2010.05.26 08:35:52.613,1.5401,1.54075,2.40,1.00
2010.05.26 08:35:52.834,1.54025,1.5408,1.30,1.70
2010.05.26 08:35:53.053,1.54025,1.54075,1.30,1.00
2010.05.26 08:35:53.263,1.54015,1.54075,1.30,1.70
2010.05.26 08:35:53.472,1.54015,1.54075,1.20,1.70
2010.05.26 08:35:53.682,1.5402,1.54075,1.00,1.70
2010.05.26 08:35:54.500,1.5402,1.5407,1.00,1.00
2010.05.26 08:35:54.686,1.54015,1.5407,1.00,1.00
2010.05.26 08:35:56.632,1.54015,1.54075,1.00,1.50
2010.05.26 08:35:58.912,1.54015,1.5407,1.00,1.00
2010.05.26 08:35:59.434,1.54015,1.5407,1.00,5.00
2010.05.26 08:35:59.760,1.5401,1.5407,1.50,5.00
2010.05.26 08:35:59.905,1.5401,1.54065,1.50,1.00
2010.05.26 08:36:00.564,1.5401,1.54065,1.50,1.50
2010.05.26 08:36:01.164,1.5401,1.54065,1.50,1.70
2010.05.26 08:36:01.675,1.5401,1.54065,1.50,1.50
2010.05.26 08:36:02.327,1.5401,1.54065,1.50,1.00
2010.05.26 08:36:02.585,1.5402,1.5407,1.00,1.00
2010.05.26 08:36:03.103,1.5402,1.5407,1.00,1.30
2010.05.26 08:36:04.233,1.5402,1.5407,1.00,1.00
2010.05.26 08:36:04.713,1.5402,1.54075,1.00,1.70
2010.05.26 08:36:05.310,1.5402,1.54075,1.00,1.50
2010.05.26 08:36:05.614,1.5402,1.54075,1.50,1.00
2010.05.26 08:36:06.274,1.5402,1.54075,1.00,1.00
2010.05.26 08:36:06.574,1.5402,1.5406,1.00,1.00
2010.05.26 08:36:08.686,1.5402,1.54055,1.00,1.00
2010.05.26 08:36:08.795,1.5402,1.54055,1.00,1.00
2010.05.26 08:36:13.533,1.5402,1.5405,1.00,1.00
2010.05.26 08:36:13.824,1.5401,1.54045,1.20,1.00
2010.05.26 08:36:14.124,1.5401,1.54045,1.00,1.00
2010.05.26 08:36:14.833,1.54,1.5404,1.00,1.00
2010.05.26 08:36:15.513,1.53995,1.5403,1.00,1.00
2010.05.26 08:36:15.713,1.53995,1.5403,1.00,1.00
2010.05.26 08:36:16.155,1.53995,1.5403,1.60,1.00
2010.05.26 08:36:19.148,1.53995,1.54035,1.60,1.00
2010.05.26 08:36:19.317,1.54005,1.5405,1.30,1.00
2010.05.26 08:36:19.487,1.5401,1.54055,1.00,1.00
2010.05.26 08:36:19.654,1.5401,1.54065,1.60,1.00
2010.05.26 08:36:19.825,1.54025,1.54075,1.50,1.00
2010.05.26 08:36:19.994,1.54035,1.54075,1.00,1.00
2010.05.26 08:36:20.164,1.54035,1.5408,1.00,1.00
2010.05.26 08:36:21.473,1.54035,1.5409,2.90,2.50
2010.05.26 08:36:21.815,1.5404,1.5409,1.00,1.70
2010.05.26 08:36:23.174,1.5404,1.5409,1.00,1.60
2010.05.26 08:36:23.472,1.5404,1.5409,1.00,1.70
2010.05.26 08:36:25.513,1.5404,1.54085,1.00,1.00
2010.05.26 08:36:25.743,1.5404,1.5409,1.00,1.70
2010.05.26 08:36:25.974,1.5404,1.54095,1.00,1.00
2010.05.26 08:36:29.933,1.5404,1.5409,1.00,1.70
2010.05.26 08:36:30.476,1.54035,1.5409,1.20,2.50
2010.05.26 08:36:30.754,1.54035,1.5409,2.90,1.00
2010.05.26 08:36:31.032,1.5404,1.5409,1.00,1.00
2010.05.26 08:36:32.213,1.5404,1.5409,1.00,1.00
2010.05.26 08:36:33.113,1.5404,1.5409,1.00,1.00
2010.05.26 08:36:35.818,1.5404,1.54085,1.00,1.00
2010.05.26 08:36:36.065,1.5404,1.5409,1.00,1.00
2010.05.26 08:36:36.312,1.5404,1.54085,1.00,1.00
2010.05.26 08:36:36.793,1.5404,1.5409,1.00,1.00
2010.05.26 08:36:37.816,1.54045,1.54095,1.00,1.00
2010.05.26 08:36:45.263,1.54045,1.54095,1.00,1.70
2010.05.26 08:36:46.586,1.54045,1.54085,1.00,1.00
2010.05.26 08:36:46.814,1.54045,1.54075,1.00,1.00
2010.05.26 08:36:47.400,1.5403,1.5407,1.00,1.00
2010.05.26 08:36:47.623,1.54015,1.5407,1.60,1.00
2010.05.26 08:36:47.963,1.5402,1.5407,1.00,1.00
2010.05.26 08:36:48.934,1.5402,1.54075,1.00,1.50
2010.05.26 08:36:49.255,1.5402,1.5407,1.00,1.00
2010.05.26 08:36:49.514,1.54015,1.5407,1.00,1.00
2010.05.26 08:36:49.773,1.5401,1.54065,1.00,2.40
2010.05.26 08:36:49.982,1.5401,1.54065,1.00,2.90
2010.05.26 08:36:50.193,1.5401,1.54065,1.00,3.10
2010.05.26 08:36:50.612,1.5401,1.54065,1.00,2.30
2010.05.26 08:36:50.823,1.5401,1.54065,1.00,1.00
2010.05.26 08:36:51.359,1.5401,1.54065,1.20,1.00
2010.05.26 08:36:52.296,1.5401,1.54065,1.20,1.00
2010.05.26 08:36:52.422,1.5401,1.5407,1.20,3.30
2010.05.26 08:36:52.543,1.54015,1.5407,1.00,3.30
2010.05.26 08:36:52.664,1.54015,1.54065,1.00,1.00
2010.05.26 08:36:52.915,1.5402,1.5407,1.00,1.00
2010.05.26 08:36:53.607,1.54025,1.5407,1.40,1.00
2010.05.26 08:36:53.944,1.54025,1.5407,1.00,1.00
2010.05.26 08:36:54.134,1.54025,1.5407,1.00,2.50
2010.05.26 08:36:54.702,1.54025,1.5407,1.00,3.10
2010.05.26 08:36:55.230,1.54025,1.5407,1.00,3.30
2010.05.26 08:36:55.556,1.54025,1.54065,1.00,1.00
2010.05.26 08:36:57.145,1.54025,1.5406,1.00,1.00
2010.05.26 08:36:57.618,1.54025,1.5406,1.00,1.00
2010.05.26 08:36:57.773,1.54025,1.5406,1.00,2.50
2010.05.26 08:36:57.885,1.54015,1.5406,1.00,2.50
2010.05.26 08:36:58.283,1.54005,1.5406,1.60,3.10
2010.05.26 08:36:59.226,1.54005,1.54055,1.60,1.00
2010.05.26 08:37:03.091,1.54005,1.5406,1.40,1.00
2010.05.26 08:37:03.246,1.54005,1.5406,1.20,1.00
2010.05.26 08:37:03.585,1.54005,1.54055,1.20,1.00
2010.05.26 08:37:04.284,1.54005,1.5406,1.20,1.00
2010.05.26 08:37:06.820,1.54005,1.5405,1.20,1.00
2010.05.26 08:37:07.023,1.53995,1.5405,1.20,1.00
2010.05.26 08:37:07.216,1.53995,1.5405,1.60,1.00
2010.05.26 08:37:07.413,1.54,1.5405,1.00,1.00
2010.05.26 08:37:08.266,1.54,1.54045,1.00,1.00
2010.05.26 08:37:09.424,1.54,1.5405,1.00,1.00
2010.05.26 08:37:12.834,1.54,1.5405,1.00,1.00
2010.05.26 08:37:13.048,1.54,1.54055,1.00,1.00
2010.05.26 08:37:13.595,1.54,1.5405,1.00,1.60
2010.05.26 08:37:14.143,1.54,1.5405,1.00,1.60
2010.05.26 08:37:14.644,1.53995,1.5405,1.20,1.60
2010.05.26 08:37:14.984,1.53995,1.5405,1.20,1.60
2010.05.26 08:37:15.303,1.53995,1.5405,1.20,1.70
2010.05.26 08:37:15.615,1.53995,1.54045,1.20,1.80
2010.05.26 08:37:15.936,1.53995,1.54045,1.20,1.00
2010.05.26 08:37:18.339,1.53995,1.5404,1.20,1.00
2010.05.26 08:37:18.688,1.53995,1.54035,1.20,1.00
2010.05.26 08:37:19.262,1.53995,1.54045,1.20,1.00
2010.05.26 08:37:20.484,1.53995,1.54035,1.20,1.00
2010.05.26 08:37:20.985,1.53995,1.5404,1.50,1.00
2010.05.26 08:37:22.424,1.53995,1.54045,1.50,1.00
2010.05.26 08:37:22.994,1.53995,1.54035,1.50,1.00
2010.05.26 08:37:23.724,1.53995,1.54035,1.00,1.00
2010.05.26 08:37:24.063,1.53995,1.54045,1.00,1.70
2010.05.26 08:37:24.393,1.53995,1.54045,1.00,1.00
2010.05.26 08:37:24.723,1.53995,1.5404,1.00,1.00
2010.05.26 08:37:25.406,1.53995,1.54035,1.00,1.00
2010.05.26 08:37:25.746,1.53995,1.54025,1.30,2.40
2010.05.26 08:37:26.136,1.53995,1.5403,1.00,1.00
2010.05.26 08:37:26.446,1.5398,1.5403,1.00,1.00
2010.05.26 08:37:27.766,1.5398,1.54025,1.00,1.00
2010.05.26 08:37:28.274,1.5398,1.5403,1.00,1.00
2010.05.26 08:37:28.535,1.5398,1.54025,1.20,1.00
2010.05.26 08:37:28.797,1.5398,1.5402,1.20,1.00
2010.05.26 08:37:29.136,1.5398,1.54015,1.00,1.60
2010.05.26 08:37:29.527,1.53975,1.54015,1.00,1.60
2010.05.26 08:37:29.866,1.53965,1.54015,1.00,3.20
2010.05.26 08:37:30.123,1.53965,1.54015,1.00,3.80
2010.05.26 08:37:30.383,1.53965,1.5401,1.00,1.00
2010.05.26 08:37:30.644,1.53965,1.5401,1.00,1.00
2010.05.26 08:37:30.904,1.53965,1.5401,1.00,1.70
2010.05.26 08:37:31.324,1.53965,1.5401,1.00,1.00
2010.05.26 08:37:31.655,1.53965,1.5401,1.00,1.60
2010.05.26 08:37:31.978,1.53965,1.54015,1.00,1.00
2010.05.26 08:37:32.184,1.53965,1.54015,1.40,1.00
2010.05.26 08:37:33.494,1.53965,1.54015,1.40,1.00
2010.05.26 08:37:33.833,1.53965,1.54015,1.40,1.00
2010.05.26 08:37:34.428,1.53965,1.5402,1.40,1.70
2010.05.26 08:37:34.744,1.53965,1.5402,1.40,1.00
2010.05.26 08:37:35.065,1.53975,1.54025,1.00,2.50
2010.05.26 08:37:35.323,1.5398,1.54025,1.00,1.70
2010.05.26 08:37:38.404,1.5398,1.54025,1.40,1.70
2010.05.26 08:37:39.641,1.5398,1.54025,1.40,1.00
2010.05.26 08:37:39.873,1.5398,1.54035,1.40,2.60
2010.05.26 08:37:40.105,1.53985,1.5403,1.00,1.00
2010.05.26 08:37:43.123,1.5398,1.5403,1.00,1.00
2010.05.26 08:37:44.033,1.5398,1.54025,1.00,1.00
2010.05.26 08:37:44.334,1.5398,1.5403,1.00,1.00
2010.05.26 08:37:44.974,1.5398,1.54025,1.20,1.00
2010.05.26 08:37:45.493,1.53985,1.54025,1.00,1.00
2010.05.26 08:37:45.754,1.53985,1.5403,1.00,1.00
2010.05.26 08:37:46.444,1.53985,1.54025,1.00,1.00
2010.05.26 08:37:46.773,1.5398,1.5403,1.00,1.00
2010.05.26 08:37:47.698,1.5398,1.5403,1.30,1.00
2010.05.26 08:37:48.037,1.53985,1.54025,1.00,1.00
2010.05.26 08:37:48.374,1.53985,1.54025,1.00,1.00
2010.05.26 08:37:48.694,1.53975,1.5402,1.20,1.00
2010.05.26 08:37:49.413,1.53975,1.54025,1.20,1.00
2010.05.26 08:37:49.735,1.5398,1.5403,1.00,1.00
2010.05.26 08:37:50.008,1.53985,1.54035,1.00,1.00
2010.05.26 08:37:50.273,1.53985,1.54035,1.00,1.00
2010.05.26 08:37:51.210,1.53985,1.5403,1.00,1.00
2010.05.26 08:37:51.540,1.5399,1.54035,1.00,1.00
2010.05.26 08:37:51.683,1.5399,1.54035,1.30,1.00
2010.05.26 08:37:51.823,1.5399,1.54035,1.20,1.00
2010.05.26 08:37:52.102,1.5399,1.54035,1.20,1.00
2010.05.26 08:37:54.233,1.5399,1.54035,1.20,1.00
2010.05.26 08:37:54.733,1.5399,1.54035,1.20,1.00
2010.05.26 08:37:54.984,1.5399,1.54035,2.80,1.00
2010.05.26 08:37:55.467,1.53995,1.54035,1.00,1.00
2010.05.26 08:37:55.766,1.53995,1.54035,1.30,1.00
2010.05.26 08:37:56.305,1.53995,1.5404,1.30,1.00
2010.05.26 08:37:56.553,1.53995,1.5404,1.20,1.00
2010.05.26 08:37:57.164,1.53995,1.5404,1.20,1.00
2010.05.26 08:37:57.373,1.53995,1.5404,1.20,1.00
2010.05.26 08:37:57.975,1.53995,1.5404,1.20,1.00
2010.05.26 08:38:00.093,1.53995,1.5404,1.00,1.00
2010.05.26 08:38:01.172,1.53995,1.5404,1.20,1.00
2010.05.26 08:38:01.754,1.53995,1.54045,1.20,1.00
2010.05.26 08:38:01.903,1.53995,1.54045,1.60,1.00
2010.05.26 08:38:03.359,1.53995,1.54045,1.60,3.10
2010.05.26 08:38:03.716,1.5399,1.54045,1.60,3.10
2010.05.26 08:38:04.052,1.5399,1.5404,1.60,1.00
2010.05.26 08:38:05.557,1.54005,1.5405,1.00,2.30
2010.05.26 08:38:05.755,1.54005,1.5405,1.20,1.00
2010.05.26 08:38:05.955,1.54005,1.5406,1.00,1.00
2010.05.26 08:38:06.154,1.5401,1.5406,1.00,1.00
2010.05.26 08:38:06.355,1.54005,1.5406,1.00,1.00
2010.05.26 08:38:07.032,1.54005,1.5406,1.20,1.00
2010.05.26 08:38:07.379,1.5401,1.5404,1.00,2.40
2010.05.26 08:38:07.647,1.53985,1.5404,1.40,2.40
2010.05.26 08:38:07.917,1.53985,1.5404,1.40,1.00
2010.05.26 08:38:08.534,1.54,1.5405,1.20,3.10
2010.05.26 08:38:08.874,1.54,1.5406,1.20,1.00
2010.05.26 08:38:09.215,1.54015,1.54055,1.00,1.60
2010.05.26 08:38:09.917,1.5401,1.54055,1.00,1.60
2010.05.26 08:38:10.255,1.54,1.54055,1.50,1.60
2010.05.26 08:38:11.264,1.54,1.54055,1.50,2.50
2010.05.26 08:38:11.603,1.54,1.5405,1.50,1.00
2010.05.26 08:38:11.944,1.54,1.5405,1.20,2.40
2010.05.26 08:38:12.492,1.53995,1.54045,1.20,1.00
2010.05.26 08:38:12.757,1.5399,1.54045,1.00,1.30
2010.05.26 08:38:13.028,1.54,1.5404,1.00,1.00
2010.05.26 08:38:13.295,1.54,1.5404,1.40,1.00
2010.05.26 08:38:13.770,1.54,1.5403,1.40,1.00
2010.05.26 08:38:14.058,1.53975,1.54035,1.40,1.50
2010.05.26 08:38:14.427,1.5398,1.54035,1.00,1.50
2010.05.26 08:38:14.703,1.5399,1.54035,1.00,1.00
2010.05.26 08:38:15.347,1.53985,1.54045,2.00,1.00
2010.05.26 08:38:15.710,1.53995,1.54045,1.00,1.00
2010.05.26 08:38:16.044,1.5399,1.54045,1.30,1.00
2010.05.26 08:38:16.742,1.53995,1.54045,1.00,1.00
2010.05.26 08:38:17.027,1.5399,1.54045,1.20,1.00
2010.05.26 08:38:18.001,1.5399,1.5405,2.80,1.00
2010.05.26 08:38:18.357,1.54,1.5405,1.30,1.00
2010.05.26 08:38:18.699,1.5401,1.5407,4.00,1.00
2010.05.26 08:38:19.365,1.5402,1.5407,1.30,1.00
2010.05.26 08:38:19.691,1.5402,1.5406,1.40,1.00
2010.05.26 08:38:20.017,1.54015,1.5406,1.00,1.00
2010.05.26 08:38:20.877,1.54015,1.54075,1.60,1.70
2010.05.26 08:38:21.218,1.54005,1.5407,1.30,3.40
2010.05.26 08:38:21.557,1.54005,1.5407,1.20,1.80
2010.05.26 08:38:21.795,1.5401,1.54065,1.00,1.00
2010.05.26 08:38:22.364,1.5401,1.5406,1.00,1.00
2010.05.26 08:38:22.604,1.54005,1.5406,1.20,1.00
2010.05.26 08:38:22.943,1.54005,1.5406,1.00,1.00
2010.05.26 08:38:23.984,1.54005,1.54055,1.00,1.00
2010.05.26 08:38:26.603,1.54005,1.54065,1.00,1.00
2010.05.26 08:38:27.208,1.54005,1.5406,1.20,1.00
2010.05.26 08:38:27.389,1.54005,1.5406,1.00,1.00
2010.05.26 08:38:27.895,1.54005,1.5406,1.00,1.00
2010.05.26 08:38:28.080,1.54005,1.5405,1.00,1.60
2010.05.26 08:38:28.426,1.54,1.5407,1.00,3.80
2010.05.26 08:38:29.109,1.54,1.54065,1.60,1.00
2010.05.26 08:38:29.396,1.54005,1.5407,1.00,1.10
2010.05.26 08:38:29.725,1.5401,1.5407,1.00,1.00
2010.05.26 08:38:31.225,1.5401,1.54065,1.30,1.00
2010.05.26 08:38:32.523,1.5401,1.54065,2.10,1.00
2010.05.26 08:38:32.663,1.54015,1.54065,1.00,1.00
2010.05.26 08:38:33.248,1.5402,1.5406,1.20,1.00
2010.05.26 08:38:33.484,1.5402,1.5406,1.00,1.00
2010.05.26 08:38:34.694,1.54005,1.5406,1.60,1.00
2010.05.26 08:38:36.138,1.54005,1.54055,1.60,1.00
2010.05.26 08:38:36.964,1.54005,1.5406,1.60,1.00
2010.05.26 08:38:37.153,1.54005,1.5406,1.60,1.00
2010.05.26 08:38:40.252,1.54005,1.54055,1.60,1.00
2010.05.26 08:38:40.870,1.54005,1.5406,1.60,1.00
2010.05.26 08:38:41.984,1.54005,1.5406,1.00,1.00
2010.05.26 08:38:42.954,1.54005,1.54055,1.00,1.00
2010.05.26 08:38:43.296,1.54005,1.54055,1.00,3.40
2010.05.26 08:38:43.863,1.5399,1.5405,1.00,1.00
2010.05.26 08:38:44.176,1.5399,1.54045,1.00,1.60
2010.05.26 08:38:44.793,1.5399,1.5404,1.00,1.00
2010.05.26 08:38:45.109,1.5399,1.5404,1.00,1.00
2010.05.26 08:38:47.282,1.5399,1.54035,1.00,1.00
2010.05.26 08:38:52.058,1.5399,1.5403,1.00,1.00
2010.05.26 08:38:52.327,1.53975,1.5403,1.00,1.00
2010.05.26 08:38:52.593,1.53975,1.54025,1.00,1.00
2010.05.26 08:38:52.973,1.5397,1.54025,1.20,1.00
2010.05.26 08:38:55.163,1.5397,1.5402,1.20,1.00
2010.05.26 08:38:55.484,1.53975,1.5402,1.00,1.00
2010.05.26 08:38:55.804,1.5397,1.5402,1.00,1.00
2010.05.26 08:38:56.033,1.53975,1.5402,1.00,1.00
2010.05.26 08:38:57.235,1.53975,1.54015,1.00,1.00
2010.05.26 08:38:58.354,1.5398,1.54035,1.00,1.00
2010.05.26 08:38:58.544,1.53995,1.54035,1.00,1.00
2010.05.26 08:38:59.191,1.53995,1.54035,1.00,1.00
2010.05.26 08:38:59.386,1.53995,1.54035,1.00,1.00
2010.05.26 08:39:00.414,1.53995,1.5403,1.00,1.00
2010.05.26 08:39:00.856,1.53985,1.5403,1.00,1.00
2010.05.26 08:39:01.115,1.53975,1.54025,1.30,1.00
2010.05.26 08:39:01.374,1.5399,1.54025,1.00,1.70
2010.05.26 08:39:01.714,1.5397,1.54025,1.20,1.70
2010.05.26 08:39:02.393,1.5397,1.5402,1.20,1.00
2010.05.26 08:39:03.072,1.5397,1.5402,1.00,1.00
2010.05.26 08:39:03.413,1.53975,1.54025,1.00,1.00
2010.05.26 08:39:03.755,1.5398,1.54025,1.60,1.70
2010.05.26 08:39:04.120,1.5398,1.5402,1.60,1.00
2010.05.26 08:39:04.447,1.5397,1.5402,1.00,1.00
2010.05.26 08:39:05.115,1.5397,1.54015,1.00,1.00
2010.05.26 08:39:06.187,1.53965,1.54015,1.20,1.00
2010.05.26 08:39:06.526,1.53965,1.5401,1.00,1.00
2010.05.26 08:39:08.233,1.53965,1.53995,1.00,1.00
2010.05.26 08:39:08.474,1.53965,1.54,1.00,1.00
2010.05.26 08:39:09.327,1.5395,1.53995,1.00,1.00
2010.05.26 08:39:09.664,1.53955,1.53995,1.60,1.00
2010.05.26 08:39:10.003,1.53955,1.53995,1.00,1.00
2010.05.26 08:39:10.701,1.53945,1.5399,1.50,1.00
2010.05.26 08:39:11.524,1.53945,1.53995,1.50,1.00
2010.05.26 08:39:11.834,1.53955,1.53995,1.30,1.00
2010.05.26 08:39:12.042,1.53955,1.53995,1.00,1.00
2010.05.26 08:39:13.186,1.53955,1.5399,1.00,1.00
2010.05.26 08:39:15.178,1.53955,1.53985,1.00,1.00
2010.05.26 08:39:16.496,1.53955,1.53995,1.30,1.00
2010.05.26 08:39:18.345,1.53955,1.5399,1.30,1.00
2010.05.26 08:39:18.594,1.53955,1.5399,2.40,1.00
2010.05.26 08:39:18.843,1.53955,1.5399,3.20,1.00
2010.05.26 08:39:20.614,1.53955,1.53995,3.20,1.00
2010.05.26 08:39:21.675,1.5396,1.53995,2.40,1.00
2010.05.26 08:39:21.948,1.53965,1.54,1.60,1.00
2010.05.26 08:39:22.215,1.5396,1.54,2.40,1.00
2010.05.26 08:39:23.186,1.5396,1.53995,2.40,1.00
2010.05.26 08:39:23.904,1.5396,1.5399,2.40,1.00
2010.05.26 08:39:24.654,1.5396,1.53995,1.60,1.00
2010.05.26 08:39:24.995,1.53965,1.54005,2.40,1.00
2010.05.26 08:39:25.600,1.5397,1.54015,1.60,1.80
2010.05.26 08:39:25.938,1.53985,1.5403,2.40,1.00
2010.05.26 08:39:26.274,1.53985,1.5403,2.90,1.00
2010.05.26 08:39:26.956,1.53985,1.5403,3.10,1.80
2010.05.26 08:39:27.228,1.53985,1.5402,3.10,1.00
2010.05.26 08:39:28.401,1.53985,1.54025,3.10,1.00
2010.05.26 08:39:28.747,1.53985,1.54025,1.00,1.00
2010.05.26 08:39:29.414,1.5398,1.54025,1.00,1.00
2010.05.26 08:39:29.774,1.5397,1.54015,1.00,1.00
2010.05.26 08:39:30.107,1.5397,1.54015,1.00,2.60
2010.05.26 08:39:30.764,1.5397,1.54,1.00,1.60
2010.05.26 08:39:30.808,1.5397,1.54015,1.00,1.60
2010.05.26 08:39:31.148,1.5397,1.54015,1.00,2.40
2010.05.26 08:39:31.486,1.5397,1.5401,1.00,1.00
2010.05.26 08:39:32.161,1.5396,1.5401,1.60,1.00
2010.05.26 08:39:32.465,1.53955,1.5401,1.00,1.00
2010.05.26 08:39:32.804,1.5396,1.54015,2.40,1.00
2010.05.26 08:39:33.504,1.5397,1.5402,2.40,1.00
2010.05.26 08:39:33.814,1.5397,1.54025,2.40,1.00
2010.05.26 08:39:34.518,1.53965,1.5402,1.50,4.00
2010.05.26 08:39:34.853,1.53965,1.5402,1.50,4.20
2010.05.26 08:39:35.635,1.53965,1.54015,1.50,1.00
2010.05.26 08:39:37.276,1.53965,1.54015,1.50,1.00
2010.05.26 08:39:37.520,1.53965,1.5401,1.50,1.00
2010.05.26 08:39:38.893,1.53965,1.54015,1.50,1.00
2010.05.26 08:39:39.464,1.53965,1.54015,1.50,1.00
2010.05.26 08:39:39.693,1.53965,1.5401,1.50,1.00
2010.05.26 08:39:40.591,1.53965,1.54015,1.50,1.00
2010.05.26 08:39:41.230,1.53965,1.5401,1.50,1.00
2010.05.26 08:39:41.364,1.53965,1.5401,1.50,1.00
2010.05.26 08:39:41.633,1.53965,1.54015,1.50,1.00
2010.05.26 08:39:42.299,1.53965,1.5401,1.50,1.00
2010.05.26 08:39:42.647,1.53965,1.54005,1.50,1.00
2010.05.26 08:39:42.985,1.5396,1.54015,2.40,1.00
2010.05.26 08:39:43.685,1.5397,1.5402,3.10,1.00
2010.05.26 08:39:44.026,1.5398,1.54025,1.00,1.00
2010.05.26 08:39:46.844,1.5398,1.5402,1.00,1.00
2010.05.26 08:39:47.406,1.53985,1.5402,1.00,1.00
2010.05.26 08:39:48.184,1.53985,1.5402,1.40,1.00
2010.05.26 08:39:48.775,1.53985,1.5402,1.50,1.00
2010.05.26 08:39:49.425,1.53985,1.5402,2.40,1.00
2010.05.26 08:39:49.716,1.53985,1.5402,3.20,1.00
2010.05.26 08:39:49.974,1.53985,1.5402,1.60,1.00
2010.05.26 08:39:50.224,1.53985,1.5402,1.20,1.00
2010.05.26 08:39:50.474,1.53985,1.5402,1.00,1.00
2010.05.26 08:39:50.852,1.53985,1.5402,1.00,1.00
2010.05.26 08:39:51.105,1.53975,1.5402,1.00,1.00
2010.05.26 08:39:51.425,1.5397,1.5402,1.30,1.00
2010.05.26 08:39:52.255,1.5397,1.54015,1.30,1.00
2010.05.26 08:39:52.673,1.5397,1.5402,1.30,1.60
2010.05.26 08:39:53.109,1.5397,1.5403,1.30,2.60
2010.05.26 08:39:53.395,1.5398,1.54035,1.00,1.00
2010.05.26 08:39:53.676,1.53985,1.54035,2.90,1.00
2010.05.26 08:39:55.077,1.53985,1.5403,2.10,1.00
2010.05.26 08:39:55.414,1.53985,1.5403,1.00,1.00
2010.05.26 08:39:55.935,1.53985,1.5403,1.00,1.70
2010.05.26 08:39:56.156,1.53975,1.5403,1.20,2.60
2010.05.26 08:39:56.805,1.53985,1.5403,1.60,1.00
2010.05.26 08:39:57.114,1.53985,1.5403,1.00,1.00
2010.05.26 08:39:57.424,1.5398,1.5403,1.00,1.00
2010.05.26 08:39:57.993,1.5398,1.5403,1.60,1.00
2010.05.26 08:39:58.336,1.5399,1.5403,1.60,1.00
2010.05.26 08:39:58.674,1.53995,1.5403,2.40,1.60
2010.05.26 08:39:59.386,1.54,1.54045,1.00,2.40
2010.05.26 08:39:59.724,1.5399,1.54045,3.10,4.80
2010.05.26 08:40:00.063,1.5399,1.54045,2.80,4.80
2010.05.26 08:40:00.776,1.5399,1.54045,1.20,4.80
2010.05.26 08:40:01.187,1.5399,1.5404,1.20,1.00
2010.05.26 08:40:02.130,1.5399,1.54035,1.20,1.00
2010.05.26 08:40:02.418,1.53995,1.54035,1.20,1.00
2010.05.26 08:40:02.693,1.53995,1.54035,1.20,1.00
2010.05.26 08:40:02.976,1.53995,1.5404,1.20,1.00
2010.05.26 08:40:03.274,1.53995,1.54045,1.20,1.00
2010.05.26 08:40:03.621,1.53995,1.54045,2.80,1.00
2010.05.26 08:40:03.924,1.54,1.54045,1.00,1.00
2010.05.26 08:40:07.798,1.54,1.5406,1.00,1.70
2010.05.26 08:40:08.663,1.54,1.5406,1.00,1.00
2010.05.26 08:40:09.248,1.54,1.5406,1.00,1.50
2010.05.26 08:40:09.713,1.54,1.5406,1.00,1.00
2010.05.26 08:40:11.535,1.54025,1.5406,1.00,1.00
2010.05.26 08:40:11.733,1.54025,1.5406,1.00,1.00
2010.05.26 08:40:11.925,1.5404,1.5409,1.00,1.00
2010.05.26 08:40:12.123,1.5404,1.5409,2.80,1.00
2010.05.26 08:40:12.314,1.5404,1.54085,2.80,1.00
2010.05.26 08:40:12.796,1.5404,1.5408,1.00,1.00
2010.05.26 08:40:13.301,1.54035,1.5408,1.40,1.00
2010.05.26 08:40:13.633,1.54035,1.5408,1.00,1.50
2010.05.26 08:40:14.953,1.54035,1.54075,1.00,1.00
2010.05.26 08:40:15.154,1.54025,1.54075,1.00,1.00
2010.05.26 08:40:15.354,1.5402,1.54075,1.30,1.00
2010.05.26 08:40:15.916,1.54025,1.54075,1.00,1.00
2010.05.26 08:40:16.143,1.54035,1.54085,1.00,1.00
2010.05.26 08:40:16.363,1.54035,1.54085,1.40,1.00
2010.05.26 08:40:18.065,1.54035,1.54085,1.40,1.00
2010.05.26 08:40:18.185,1.54035,1.54085,1.40,1.00
2010.05.26 08:40:20.623,1.54035,1.54085,1.20,1.00
2010.05.26 08:40:20.742,1.54035,1.54085,2.80,1.00
2010.05.26 08:40:25.484,1.5404,1.5409,1.00,1.00
2010.05.26 08:40:25.704,1.54035,1.5409,6.10,1.00
2010.05.26 08:40:25.924,1.54055,1.54095,2.20,1.00
2010.05.26 08:40:26.424,1.5404,1.541,2.40,3.40
2010.05.26 08:40:26.765,1.54045,1.54095,1.00,1.00
2010.05.26 08:40:28.552,1.54045,1.541,1.00,4.20
2010.05.26 08:40:28.893,1.54045,1.54095,1.00,1.00
2010.05.26 08:40:31.144,1.54045,1.5409,1.00,1.00
2010.05.26 08:40:33.391,1.54045,1.54095,1.00,1.00
2010.05.26 08:40:33.595,1.5405,1.54095,1.00,1.00
2010.05.26 08:40:33.794,1.54045,1.54095,1.30,1.00
2010.05.26 08:40:37.768,1.54045,1.541,1.30,1.00
2010.05.26 08:40:37.944,1.5405,1.541,1.00,1.00
2010.05.26 08:40:40.666,1.54055,1.541,1.00,1.00
2010.05.26 08:40:42.947,1.54055,1.54105,1.00,1.00
2010.05.26 08:40:43.546,1.5406,1.54105,2.40,1.00
2010.05.26 08:40:43.767,1.54065,1.5411,1.60,1.00
2010.05.26 08:40:43.985,1.54065,1.54115,1.00,1.00
2010.05.26 08:40:44.577,1.5407,1.54115,2.40,1.00
2010.05.26 08:40:45.255,1.5407,1.5412,2.40,1.00
2010.05.26 08:40:45.595,1.54075,1.54125,1.00,1.00
2010.05.26 08:40:46.499,1.54075,1.5413,1.00,1.00
2010.05.26 08:40:47.499,1.54075,1.54125,1.00,1.00
2010.05.26 08:40:53.224,1.54075,1.54125,2.40,1.00
2010.05.26 08:40:54.524,1.54065,1.5412,2.40,1.00
2010.05.26 08:40:54.866,1.54065,1.54115,2.40,1.00
2010.05.26 08:40:55.025,1.5407,1.54115,1.00,3.40
2010.05.26 08:40:55.186,1.5406,1.54115,2.40,1.80
2010.05.26 08:40:55.856,1.54065,1.5411,1.00,1.00
2010.05.26 08:40:56.174,1.5406,1.5411,2.40,1.00
2010.05.26 08:40:56.493,1.5406,1.54115,2.40,3.40
2010.05.26 08:40:56.814,1.5406,1.54105,2.40,1.00
2010.05.26 08:40:57.573,1.5406,1.5411,2.40,1.80
2010.05.26 08:40:58.062,1.5406,1.5411,2.40,1.00
2010.05.26 08:40:59.433,1.5406,1.54105,2.40,1.00
2010.05.26 08:40:59.674,1.5406,1.5411,2.40,1.00
2010.05.26 08:41:00.071,1.54065,1.5411,1.00,1.00
2010.05.26 08:41:00.306,1.54065,1.54115,1.00,1.00
2010.05.26 08:41:00.624,1.5407,1.54115,2.40,1.00
2010.05.26 08:41:01.393,1.5407,1.5411,2.40,1.00
2010.05.26 08:41:01.736,1.5407,1.54115,2.40,1.00
2010.05.26 08:41:02.413,1.5407,1.54115,1.00,1.00
2010.05.26 08:41:02.714,1.54065,1.54115,2.40,1.00
2010.05.26 08:41:04.230,1.54065,1.5411,2.40,1.00
2010.05.26 08:41:04.816,1.54065,1.5412,2.40,1.80
2010.05.26 08:41:05.015,1.54065,1.5412,2.40,1.00
2010.05.26 08:41:05.113,1.54065,1.54115,2.40,1.00
2010.05.26 08:41:06.196,1.54065,1.5412,2.40,1.00
2010.05.26 08:41:06.726,1.5407,1.5412,2.40,1.00
2010.05.26 08:41:07.932,1.5407,1.5412,1.00,1.00
2010.05.26 08:41:08.055,1.5407,1.5411,1.00,1.00
2010.05.26 08:41:08.604,1.5407,1.5411,1.00,2.40
2010.05.26 08:41:08.804,1.54055,1.54105,1.60,2.40
2010.05.26 08:41:09.013,1.5405,1.54105,1.00,2.40
2010.05.26 08:41:09.224,1.5405,1.5411,1.60,2.50
2010.05.26 08:41:09.533,1.5405,1.5411,2.40,2.50
2010.05.26 08:41:10.656,1.5405,1.5411,2.40,1.60
2010.05.26 08:41:10.884,1.5405,1.54115,3.70,1.00
2010.05.26 08:41:11.115,1.5406,1.54115,2.40,1.00
2010.05.26 08:41:11.344,1.54065,1.5412,1.00,1.00
2010.05.26 08:41:11.572,1.54065,1.5412,2.40,1.00
2010.05.26 08:41:12.233,1.54065,1.54115,2.40,1.00
2010.05.26 08:41:12.695,1.54065,1.54115,1.00,1.00
2010.05.26 08:41:12.864,1.54065,1.5411,1.00,1.00
2010.05.26 08:41:13.475,1.54055,1.54115,3.20,1.00
2010.05.26 08:41:13.681,1.5406,1.54115,1.60,1.00
2010.05.26 08:41:14.024,1.54065,1.54115,1.00,1.00
2010.05.26 08:41:17.801,1.54065,1.5412,1.00,1.00
2010.05.26 08:41:18.334,1.54065,1.5412,1.00,2.40
2010.05.26 08:41:18.645,1.5406,1.5412,2.40,2.10
2010.05.26 08:41:18.954,1.5406,1.5412,2.40,1.30
2010.05.26 08:41:19.484,1.5406,1.5412,1.00,1.00
2010.05.26 08:41:19.828,1.5406,1.5412,1.00,2.30
2010.05.26 08:41:20.164,1.5406,1.54115,1.00,1.00
2010.05.26 08:41:21.287,1.5406,1.5412,1.00,2.10
2010.05.26 08:41:22.184,1.5406,1.5412,1.00,2.30
2010.05.26 08:41:25.185,1.5406,1.54115,1.00,3.20
2010.05.26 08:41:25.753,1.5405,1.54115,2.40,3.40
2010.05.26 08:41:26.502,1.5405,1.54115,2.40,4.00
2010.05.26 08:41:28.193,1.5405,1.5411,2.40,1.00
2010.05.26 08:41:29.613,1.5405,1.5411,2.40,1.00
2010.05.26 08:41:30.204,1.54055,1.5411,1.00,1.00
2010.05.26 08:41:30.410,1.5405,1.54115,2.40,1.00
2010.05.26 08:41:30.605,1.5406,1.54115,1.00,4.00
2010.05.26 08:41:30.804,1.5405,1.54115,2.40,4.00
2010.05.26 08:41:32.243,1.5405,1.5411,2.40,1.00
2010.05.26 08:41:32.764,1.5405,1.54115,2.40,4.00
2010.05.26 08:41:32.882,1.5405,1.54115,2.40,1.00
2010.05.26 08:41:33.003,1.54055,1.5411,1.00,1.00
2010.05.26 08:41:33.244,1.5406,1.54115,1.00,1.00
2010.05.26 08:41:33.899,1.5406,1.5412,1.00,1.00
2010.05.26 08:41:34.896,1.5406,1.5412,1.00,1.00
2010.05.26 08:41:34.973,1.54065,1.5412,1.00,1.00
2010.05.26 08:41:35.134,1.5407,1.54125,1.60,1.00
2010.05.26 08:41:35.233,1.54075,1.54125,1.00,1.00
2010.05.26 08:41:35.314,1.54075,1.54125,1.00,1.00
2010.05.26 08:41:36.223,1.5407,1.54115,1.00,1.00
2010.05.26 08:41:36.507,1.5407,1.54115,1.00,1.50
2010.05.26 08:41:36.786,1.54055,1.54115,1.00,1.50
2010.05.26 08:41:37.393,1.54055,1.54115,1.00,1.70
2010.05.26 08:41:37.667,1.54055,1.5411,1.00,1.00
2010.05.26 08:41:37.973,1.54055,1.54115,1.00,1.00
2010.05.26 08:41:38.283,1.54055,1.5412,2.40,5.00
2010.05.26 08:41:38.594,1.54055,1.5411,2.40,1.00
2010.05.26 08:41:39.200,1.54065,1.5411,1.60,1.00
2010.05.26 08:41:39.548,1.5406,1.5411,1.00,1.00
2010.05.26 08:41:39.884,1.5406,1.54115,1.00,1.00
2010.05.26 08:41:40.355,1.5406,1.54115,1.00,1.00
2010.05.26 08:41:44.329,1.5406,1.5411,1.00,1.00
2010.05.26 08:41:44.534,1.54055,1.5411,2.40,1.00
2010.05.26 08:41:44.733,1.54055,1.5411,1.00,1.00
2010.05.26 08:41:45.554,1.54055,1.5411,1.00,1.30
2010.05.26 08:41:47.011,1.54055,1.5411,1.00,1.00
2010.05.26 08:41:47.357,1.54055,1.5411,2.40,1.00
2010.05.26 08:41:48.403,1.54055,1.5411,2.40,1.00
2010.05.26 08:41:48.744,1.54055,1.5411,2.40,4.20
2010.05.26 08:41:49.720,1.54055,1.5411,2.40,3.40
2010.05.26 08:41:49.863,1.54055,1.5411,2.40,1.80
2010.05.26 08:41:50.003,1.54055,1.5411,2.40,1.00
2010.05.26 08:41:54.374,1.54055,1.5411,2.40,1.00
2010.05.26 08:41:54.474,1.54055,1.5411,1.00,2.50
2010.05.26 08:41:54.573,1.54055,1.5411,1.00,4.20
2010.05.26 08:41:54.673,1.54055,1.5411,1.00,4.80
2010.05.26 08:41:54.773,1.54055,1.54105,1.00,1.00
2010.05.26 08:41:55.216,1.5405,1.54105,1.00,3.40
2010.05.26 08:41:55.313,1.5405,1.54105,2.40,1.70
2010.05.26 08:41:55.513,1.5405,1.54105,1.00,1.70
2010.05.26 08:41:55.825,1.5405,1.54105,2.40,1.70
2010.05.26 08:41:56.134,1.5405,1.54105,1.00,2.30
2010.05.26 08:41:57.564,1.5405,1.541,1.00,1.00
2010.05.26 08:41:57.733,1.5405,1.541,1.00,2.60
2010.05.26 08:41:57.894,1.54045,1.541,1.00,4.20
2010.05.26 08:41:58.465,1.54045,1.541,1.00,3.40
2010.05.26 08:41:58.634,1.54045,1.541,1.00,3.20
2010.05.26 08:41:58.955,1.5405,1.541,1.00,1.00
2010.05.26 08:41:59.695,1.54045,1.541,2.40,2.50
2010.05.26 08:42:00.024,1.54045,1.541,2.40,2.40
2010.05.26 08:42:00.543,1.54045,1.541,2.40,2.50
2010.05.26 08:42:01.224,1.5405,1.54105,1.60,1.00
2010.05.26 08:42:01.771,1.54055,1.54105,1.00,1.00
2010.05.26 08:42:02.604,1.54055,1.54105,1.00,1.00
2010.05.26 08:42:03.467,1.54055,1.5411,1.00,1.50
2010.05.26 08:42:03.805,1.54055,1.541,1.00,1.00
2010.05.26 08:42:04.066,1.54055,1.541,1.00,1.00
2010.05.26 08:42:04.828,1.54045,1.5409,1.00,1.00
2010.05.26 08:42:05.166,1.5404,1.54095,1.00,1.00
2010.05.26 08:42:06.896,1.5404,1.5409,1.00,1.00
2010.05.26 08:42:07.415,1.5404,1.54085,1.00,1.00
2010.05.26 08:42:07.716,1.5403,1.5408,1.00,1.00
2010.05.26 08:42:09.364,1.5403,1.5409,1.00,4.00
2010.05.26 08:42:09.610,1.54035,1.54095,1.60,2.40
2010.05.26 08:42:09.847,1.5404,1.5409,1.00,1.00
2010.05.26 08:42:10.085,1.54035,1.5409,1.50,4.00
2010.05.26 08:42:11.117,1.54035,1.54065,2.40,1.00
2010.05.26 08:42:11.357,1.54015,1.54065,1.00,1.60
2010.05.26 08:42:11.598,1.5402,1.54085,1.00,1.00
2010.05.26 08:42:12.188,1.5404,1.54095,1.00,4.80
2010.05.26 08:42:12.525,1.5404,1.54095,1.00,2.40
2010.05.26 08:42:13.565,1.5404,1.54095,1.00,1.60
2010.05.26 08:42:13.904,1.5404,1.541,1.00,1.00
2010.05.26 08:42:14.244,1.54045,1.541,1.00,1.00
2010.05.26 08:42:14.991,1.54045,1.54085,1.00,1.60
2010.05.26 08:42:15.337,1.5404,1.54085,1.00,1.60
2010.05.26 08:42:15.626,1.5404,1.5409,1.00,1.00
2010.05.26 08:42:16.295,1.5404,1.54095,1.00,2.40
2010.05.26 08:42:16.585,1.5404,1.54095,1.00,1.00
2010.05.26 08:42:16.963,1.5404,1.54095,1.00,2.40
2010.05.26 08:42:17.311,1.5404,1.54085,1.00,1.60
2010.05.26 08:42:17.657,1.54035,1.54085,1.00,3.20
2010.05.26 08:42:18.366,1.5403,1.5408,1.20,1.00
2010.05.26 08:42:18.704,1.5403,1.5408,1.30,2.40
2010.05.26 08:42:19.426,1.5403,1.5406,1.00,2.40
2010.05.26 08:42:19.746,1.5403,1.5406,1.00,3.20
2010.05.26 08:42:20.406,1.5403,1.54055,1.00,1.00
2010.05.26 08:42:20.725,1.5401,1.54055,1.00,1.00
2010.05.26 08:42:21.064,1.54,1.54055,1.50,1.00
2010.05.26 08:42:21.829,1.54,1.5405,1.50,1.00
2010.05.26 08:42:22.178,1.54,1.54055,1.50,1.60
2010.05.26 08:42:22.516,1.54,1.54065,2.30,2.50
2010.05.26 08:42:22.885,1.54005,1.54065,1.00,2.50
2010.05.26 08:42:23.434,1.54005,1.5406,1.00,1.00
2010.05.26 08:42:23.704,1.54005,1.54065,1.00,2.50
2010.05.26 08:42:24.044,1.54015,1.54065,1.00,1.00
2010.05.26 08:42:24.746,1.54015,1.5406,1.00,1.00
2010.05.26 08:42:25.089,1.54005,1.54065,1.60,1.80
2010.05.26 08:42:25.455,1.5401,1.54065,1.00,1.80
2010.05.26 08:42:25.779,1.54005,1.54055,1.00,1.60
2010.05.26 08:42:26.127,1.53995,1.5405,1.00,1.60
2010.05.26 08:42:26.825,1.53995,1.54055,1.00,1.60
2010.05.26 08:42:27.099,1.53985,1.5405,1.20,4.00
2010.05.26 08:42:27.365,1.53985,1.5404,1.20,1.00
2010.05.26 08:42:27.986,1.53985,1.5403,1.00,1.60
2010.05.26 08:42:28.327,1.53975,1.54045,1.00,3.20
2010.05.26 08:42:29.303,1.53975,1.5404,1.00,1.80
2010.05.26 08:42:29.648,1.53965,1.5404,1.00,3.20
2010.05.26 08:42:29.988,1.53975,1.5404,1.00,1.00
2010.05.26 08:42:30.345,1.53975,1.5404,1.00,1.00
2010.05.26 08:42:30.690,1.53975,1.54045,1.00,3.40
2010.05.26 08:42:31.038,1.53975,1.54045,1.60,1.00
2010.05.26 08:42:31.694,1.5398,1.5404,1.00,1.00
2010.05.26 08:42:32.036,1.53975,1.54045,1.30,4.80
2010.05.26 08:42:32.376,1.53975,1.54035,1.00,1.00
2010.05.26 08:42:32.785,1.53975,1.5403,1.00,1.00
2010.05.26 08:42:33.128,1.5396,1.54025,1.00,3.20
2010.05.26 08:42:33.467,1.53965,1.5403,1.00,1.00
2010.05.26 08:42:34.138,1.53975,1.54045,1.00,1.00
2010.05.26 08:42:34.477,1.53985,1.5406,1.00,1.50
2010.05.26 08:42:34.724,1.5399,1.5406,1.00,1.50
2010.05.26 08:42:34.963,1.5399,1.5406,1.00,1.70
2010.05.26 08:42:35.610,1.5399,1.5406,1.00,1.60
2010.05.26 08:42:35.960,1.5399,1.54035,1.00,4.00
2010.05.26 08:42:36.637,1.53995,1.54035,1.00,1.60
2010.05.26 08:42:37.000,1.54,1.54055,1.00,1.00
2010.05.26 08:42:37.347,1.5399,1.5405,1.00,3.20
2010.05.26 08:42:37.687,1.5398,1.5405,2.00,2.10
2010.05.26 08:42:38.032,1.5398,1.5405,1.20,2.90
2010.05.26 08:42:38.306,1.5398,1.54045,1.00,1.00
2010.05.26 08:42:38.577,1.5398,1.54035,1.00,1.00
2010.05.26 08:42:38.846,1.5397,1.5404,1.60,1.00
2010.05.26 08:42:39.240,1.53975,1.5404,1.00,1.00
2010.05.26 08:42:39.588,1.5397,1.54035,1.00,1.00
2010.05.26 08:42:39.926,1.53975,1.5404,1.00,2.20
2010.05.26 08:42:40.218,1.53975,1.5404,1.00,1.00
2010.05.26 08:42:40.504,1.53975,1.54045,1.00,1.00
2010.05.26 08:42:41.151,1.53975,1.54035,1.00,1.00
2010.05.26 08:42:41.469,1.53975,1.54035,1.00,4.00
2010.05.26 08:42:41.788,1.53975,1.5403,1.00,1.00
2010.05.26 08:42:42.445,1.53965,1.5403,1.00,1.00
2010.05.26 08:42:42.774,1.53965,1.5403,1.20,1.00
2010.05.26 08:42:43.094,1.53965,1.54025,1.00,1.00
2010.05.26 08:42:43.532,1.53965,1.5402,1.00,1.80
2010.05.26 08:42:43.881,1.53955,1.5403,1.00,3.20
2010.05.26 08:42:44.545,1.5396,1.5403,1.60,1.50
2010.05.26 08:42:44.891,1.53955,1.5402,1.20,1.60
2010.05.26 08:42:45.594,1.53955,1.5402,1.20,2.10
2010.05.26 08:42:45.939,1.53955,1.54015,1.00,1.00
2010.05.26 08:42:46.278,1.53955,1.54015,1.00,2.20
2010.05.26 08:42:46.630,1.53955,1.54015,1.00,1.00
2010.05.26 08:42:46.979,1.53945,1.5401,1.00,2.20
2010.05.26 08:42:47.317,1.53945,1.54015,1.00,1.00
2010.05.26 08:42:47.614,1.5394,1.5401,6.10,1.00
2010.05.26 08:42:47.985,1.5394,1.5401,1.20,4.00
2010.05.26 08:42:48.304,1.53945,1.54015,1.00,4.20
2010.05.26 08:42:48.605,1.5395,1.54015,1.00,4.20
2010.05.26 08:42:49.308,1.5395,1.54015,1.00,3.30
2010.05.26 08:42:49.647,1.5395,1.54015,1.00,4.80
2010.05.26 08:42:49.989,1.5395,1.5401,1.00,2.40
2010.05.26 08:42:51.064,1.5395,1.5401,1.00,1.60
2010.05.26 08:42:51.384,1.5395,1.5401,1.00,2.40
2010.05.26 08:42:52.136,1.53945,1.54,1.00,1.00
2010.05.26 08:42:52.476,1.5394,1.53995,1.40,1.00
2010.05.26 08:42:52.767,1.5394,1.53995,1.20,1.00
2010.05.26 08:42:53.684,1.5394,1.54,1.20,4.60
2010.05.26 08:42:55.001,1.5394,1.53995,1.20,1.00
2010.05.26 08:42:56.794,1.5394,1.54,1.00,5.00
2010.05.26 08:42:57.598,1.5394,1.54,1.00,4.00
2010.05.26 08:42:57.614,1.5394,1.54,1.00,3.40
2010.05.26 08:42:57.858,1.53955,1.54015,1.00,1.00
2010.05.26 08:42:58.145,1.5396,1.5402,1.00,1.00
2010.05.26 08:42:58.434,1.53965,1.5402,1.00,1.00
2010.05.26 08:42:59.084,1.53965,1.54025,1.00,1.00
2010.05.26 08:42:59.423,1.53965,1.5403,1.00,1.70
2010.05.26 08:42:59.763,1.53965,1.54025,1.00,1.00
2010.05.26 08:43:00.838,1.53965,1.54015,1.00,1.00
2010.05.26 08:43:01.055,1.53965,1.54015,1.00,1.00
2010.05.26 08:43:01.275,1.53965,1.5399,1.00,1.00
2010.05.26 08:43:01.495,1.5396,1.5399,1.00,1.60
2010.05.26 08:43:02.076,1.53935,1.5399,1.00,1.60
2010.05.26 08:43:02.414,1.53935,1.53995,1.20,2.40
2010.05.26 08:43:02.757,1.53935,1.5399,1.40,1.60
2010.05.26 08:43:03.094,1.53935,1.53995,1.20,2.40
2010.05.26 08:43:03.786,1.53925,1.53985,1.00,1.60
2010.05.26 08:43:04.128,1.5394,1.54,1.00,3.10
2010.05.26 08:43:04.363,1.5394,1.54,1.30,2.30
2010.05.26 08:43:04.739,1.5394,1.54,1.30,2.10
2010.05.26 08:43:04.988,1.5394,1.5398,1.30,1.00
2010.05.26 08:43:05.923,1.5394,1.5399,1.30,2.40
2010.05.26 08:43:06.262,1.53935,1.53995,1.00,1.70
2010.05.26 08:43:06.609,1.53935,1.53995,1.00,1.00
2010.05.26 08:43:07.306,1.53945,1.53985,1.00,3.20
2010.05.26 08:43:07.617,1.53935,1.53995,1.00,4.00
2010.05.26 08:43:07.924,1.53935,1.53995,1.60,1.00
2010.05.26 08:43:08.604,1.53935,1.54,1.00,1.00
2010.05.26 08:43:08.944,1.53935,1.53995,1.00,1.00
2010.05.26 08:43:09.289,1.53935,1.54,1.00,1.00
2010.05.26 08:43:10.004,1.53935,1.5399,1.00,1.00
2010.05.26 08:43:10.344,1.53935,1.5399,1.00,1.80
2010.05.26 08:43:11.068,1.5395,1.5401,1.00,1.00
2010.05.26 08:43:11.396,1.5395,1.54015,2.20,1.00
2010.05.26 08:43:11.725,1.53955,1.54015,1.40,2.40
2010.05.26 08:43:12.108,1.53955,1.54015,1.00,2.40
2010.05.26 08:43:12.450,1.5395,1.54015,1.00,1.60
2010.05.26 08:43:12.738,1.53955,1.5402,2.40,1.00
2010.05.26 08:43:13.125,1.53955,1.54025,3.20,1.00
2010.05.26 08:43:13.414,1.53955,1.5401,1.00,1.00
2010.05.26 08:43:13.695,1.53945,1.5401,1.00,1.60
2010.05.26 08:43:14.035,1.5395,1.54,1.00,1.00
2010.05.26 08:43:14.736,1.53945,1.54,1.00,1.00
2010.05.26 08:43:15.014,1.53935,1.54,1.00,1.00
2010.05.26 08:43:15.294,1.53935,1.54,1.00,1.00
2010.05.26 08:43:15.932,1.53935,1.5399,1.00,4.00
2010.05.26 08:43:16.279,1.53915,1.53955,1.00,1.00
2010.05.26 08:43:16.617,1.5389,1.53955,2.30,1.00
2010.05.26 08:43:17.132,1.5389,1.53965,1.50,1.00
2010.05.26 08:43:17.446,1.53895,1.5397,1.00,3.00
2010.05.26 08:43:17.765,1.5389,1.53965,3.50,1.00
2010.05.26 08:43:18.413,1.5389,1.53965,5.90,1.00
2010.05.26 08:43:18.724,1.53895,1.53965,1.00,1.00
2010.05.26 08:43:19.516,1.5389,1.53965,6.00,1.00
2010.05.26 08:43:20.360,1.53895,1.5397,1.00,1.50
2010.05.26 08:43:21.332,1.53895,1.5397,1.00,1.30
2010.05.26 08:43:22.405,1.53895,1.53965,1.60,1.00
2010.05.26 08:43:22.962,1.5389,1.53965,5.90,1.00
2010.05.26 08:43:23.209,1.5389,1.5396,1.00,1.00
2010.05.26 08:43:23.445,1.53885,1.53955,1.40,1.00
2010.05.26 08:43:23.784,1.5388,1.53955,3.50,1.00
2010.05.26 08:43:24.389,1.53895,1.53955,2.40,1.00
2010.05.26 08:43:24.726,1.53895,1.5394,1.60,1.00
2010.05.26 08:43:24.966,1.53885,1.53935,1.00,1.30
2010.05.26 08:43:25.204,1.53885,1.53935,1.00,2.90
2010.05.26 08:43:25.931,1.5387,1.53935,1.00,2.90
2010.05.26 08:43:28.807,1.5387,1.53925,1.00,1.00
2010.05.26 08:43:29.145,1.5385,1.53915,4.30,1.00
2010.05.26 08:43:29.484,1.5385,1.53915,1.00,2.40
2010.05.26 08:43:30.215,1.5385,1.5392,1.70,1.50
2010.05.26 08:43:30.555,1.53855,1.53925,1.00,1.60
2010.05.26 08:43:30.895,1.5385,1.53915,3.30,2.40
2010.05.26 08:43:31.265,1.5385,1.53915,2.30,2.40
2010.05.26 08:43:31.605,1.5384,1.53915,2.50,4.80
2010.05.26 08:43:31.943,1.5384,1.53915,2.70,4.80
2010.05.26 08:43:32.483,1.53845,1.53915,1.00,4.80
2010.05.26 08:43:32.841,1.53845,1.5391,1.00,1.00
2010.05.26 08:43:33.089,1.5384,1.53895,1.00,1.00
2010.05.26 08:43:33.378,1.53845,1.53905,1.00,4.80
2010.05.26 08:43:33.880,1.5384,1.539,1.00,1.00
2010.05.26 08:43:34.168,1.5384,1.53905,1.00,2.10
2010.05.26 08:43:34.505,1.53845,1.53905,1.00,1.00
2010.05.26 08:43:34.844,1.53845,1.5391,1.00,1.00
2010.05.26 08:43:35.545,1.53845,1.5391,1.00,1.00
2010.05.26 08:43:36.225,1.53835,1.539,1.00,1.00
2010.05.26 08:43:36.880,1.53835,1.53905,1.00,1.00
2010.05.26 08:43:37.494,1.53835,1.539,1.00,1.00
2010.05.26 08:43:38.645,1.53835,1.53905,1.00,1.00
2010.05.26 08:43:38.867,1.53845,1.53905,1.00,1.00
2010.05.26 08:43:40.037,1.53855,1.53925,2.40,1.00
2010.05.26 08:43:40.374,1.5386,1.53925,1.00,1.00
2010.05.26 08:43:42.123,1.5386,1.53925,1.00,1.00
2010.05.26 08:43:42.415,1.5386,1.5393,1.00,2.50
2010.05.26 08:43:43.054,1.5386,1.53925,1.00,1.00
2010.05.26 08:43:43.213,1.5386,1.5393,1.60,2.40
2010.05.26 08:43:43.373,1.5386,1.53925,1.60,1.60
2010.05.26 08:43:43.534,1.5386,1.5392,1.00,1.00
2010.05.26 08:43:43.694,1.5386,1.53925,1.00,1.60
2010.05.26 08:43:44.237,1.5386,1.53935,4.20,2.40
2010.05.26 08:43:44.574,1.53865,1.53935,1.00,2.40
2010.05.26 08:43:45.458,1.53865,1.53935,1.80,2.40
2010.05.26 08:43:46.474,1.53865,1.53935,1.80,2.60
2010.05.26 08:43:46.725,1.5387,1.53935,1.00,1.80
2010.05.26 08:43:47.239,1.5387,1.53935,3.20,1.00
2010.05.26 08:43:47.485,1.5387,1.53935,4.00,1.00
2010.05.26 08:43:47.735,1.5387,1.5394,4.00,1.00
2010.05.26 08:43:47.984,1.5387,1.5394,4.00,1.80
2010.05.26 08:43:48.937,1.5387,1.53935,4.00,1.00
2010.05.26 08:43:49.278,1.5387,1.53915,1.00,1.00
2010.05.26 08:43:49.506,1.53855,1.53915,1.00,3.20
2010.05.26 08:43:49.734,1.53855,1.53925,1.00,4.80
2010.05.26 08:43:50.335,1.5385,1.5392,2.30,1.60
2010.05.26 08:43:50.564,1.53855,1.53925,1.00,1.30
2010.05.26 08:43:50.884,1.53855,1.5392,1.00,1.60
2010.05.26 08:43:51.203,1.53855,1.5392,1.00,3.20
2010.05.26 08:43:51.664,1.53855,1.5392,1.00,1.60
2010.05.26 08:43:51.997,1.5385,1.5392,1.60,3.20
2010.05.26 08:43:52.324,1.53855,1.53925,1.00,4.60
2010.05.26 08:43:52.727,1.53855,1.53925,1.00,4.00
2010.05.26 08:43:53.068,1.53855,1.53925,2.50,2.40
2010.05.26 08:43:53.407,1.5386,1.53925,1.00,1.60
2010.05.26 08:43:54.098,1.5386,1.5392,1.00,1.60
2010.05.26 08:43:54.437,1.5385,1.5392,3.10,3.30
2010.05.26 08:43:54.775,1.5385,1.53915,2.60,1.00
2010.05.26 08:43:55.497,1.53855,1.5392,1.00,1.60
2010.05.26 08:43:55.833,1.5385,1.5392,3.10,1.60
2010.05.26 08:43:56.174,1.5385,1.5392,3.20,1.60
2010.05.26 08:43:56.513,1.5385,1.5392,3.30,1.60
2010.05.26 08:43:57.074,1.5385,1.5392,1.90,1.60
2010.05.26 08:43:57.264,1.5385,1.5392,1.90,1.80
2010.05.26 08:43:57.669,1.5385,1.5392,3.50,1.80
2010.05.26 08:43:58.216,1.5386,1.53925,1.00,1.00
2010.05.26 08:44:00.207,1.5386,1.5392,1.00,1.00
2010.05.26 08:44:01.545,1.53865,1.5393,1.00,1.00
2010.05.26 08:44:02.694,1.53865,1.53935,1.00,4.00
2010.05.26 08:44:03.034,1.53875,1.53935,1.00,1.00
2010.05.26 08:44:03.374,1.53875,1.5394,1.00,1.00
2010.05.26 08:44:04.964,1.53875,1.5394,1.00,1.00
2010.05.26 08:44:05.676,1.5388,1.53945,1.00,4.60
2010.05.26 08:44:05.946,1.5387,1.5393,1.00,1.60
2010.05.26 08:44:06.453,1.53865,1.5393,1.00,1.60
2010.05.26 08:44:06.800,1.53865,1.5393,1.00,1.60
2010.05.26 08:44:07.144,1.5387,1.5393,1.00,1.60
2010.05.26 08:44:07.486,1.5386,1.5392,1.00,4.00
2010.05.26 08:44:07.825,1.5385,1.5392,1.00,4.00
2010.05.26 08:44:11.224,1.5385,1.5392,1.00,4.20
2010.05.26 08:44:11.744,1.5385,1.5392,1.00,4.00
2010.05.26 08:44:12.055,1.5387,1.5393,1.00,1.00
2010.05.26 08:44:12.662,1.53865,1.53925,1.50,1.00
2010.05.26 08:44:13.017,1.5385,1.53925,3.10,2.60
2010.05.26 08:44:13.358,1.53855,1.53925,1.00,1.80
2010.05.26 08:44:13.990,1.53855,1.5392,1.20,1.00
2010.05.26 08:44:14.259,1.5386,1.53905,1.00,2.40
2010.05.26 08:44:14.527,1.5385,1.539,1.00,1.00
2010.05.26 08:44:15.207,1.53835,1.539,1.00,4.00
2010.05.26 08:44:17.155,1.53835,1.53895,2.80,1.60
2010.05.26 08:44:17.436,1.53835,1.53895,3.40,1.60
2010.05.26 08:44:17.715,1.53835,1.539,4.20,1.60
2010.05.26 08:44:18.325,1.53835,1.539,3.80,1.60
2010.05.26 08:44:18.637,1.53835,1.539,3.30,1.60
2010.05.26 08:44:19.053,1.53835,1.539,3.50,1.60
2010.05.26 08:44:19.613,1.53835,1.53905,3.50,4.00
2010.05.26 08:44:21.226,1.53835,1.53905,3.50,4.20
2010.05.26 08:44:21.478,1.53835,1.539,3.30,1.00
2010.05.26 08:44:21.975,1.53835,1.539,3.30,1.80
2010.05.26 08:44:22.226,1.53835,1.539,4.10,1.80
2010.05.26 08:44:23.984,1.53835,1.53905,4.30,4.20
2010.05.26 08:44:24.245,1.53835,1.53905,4.10,4.20
2010.05.26 08:44:25.003,1.53835,1.53905,4.30,4.20
2010.05.26 08:44:25.493,1.53835,1.53895,4.10,1.00
2010.05.26 08:44:25.817,1.5384,1.53905,1.00,1.00
2010.05.26 08:44:26.095,1.5384,1.53905,2.60,1.00
2010.05.26 08:44:27.614,1.5384,1.53905,1.80,1.00
2010.05.26 08:44:27.955,1.5384,1.53905,1.20,1.00
2010.05.26 08:44:28.413,1.5384,1.53895,1.00,1.00
2010.05.26 08:44:28.636,1.5383,1.53895,1.00,1.00
2010.05.26 08:44:28.976,1.53825,1.539,2.00,3.10
2010.05.26 08:44:29.317,1.5383,1.53895,1.00,1.00
2010.05.26 08:44:29.657,1.5383,1.5389,1.60,1.00
2010.05.26 08:44:30.236,1.53835,1.53885,1.00,1.00
2010.05.26 08:44:32.815,1.53835,1.5389,1.00,1.00
2010.05.26 08:44:33.566,1.53835,1.53895,1.00,1.00
2010.05.26 08:44:33.816,1.5383,1.5389,1.60,1.00
2010.05.26 08:44:34.148,1.53825,1.53895,1.20,1.00
2010.05.26 08:44:34.857,1.53825,1.53885,1.50,2.40
2010.05.26 08:44:35.195,1.5381,1.53875,1.50,1.00
2010.05.26 08:44:35.748,1.5381,1.5387,1.00,1.00
2010.05.26 08:44:36.086,1.53815,1.5387,1.00,4.00
2010.05.26 08:44:36.426,1.53815,1.5385,1.00,1.00
2010.05.26 08:44:36.959,1.53815,1.5384,1.00,1.60
2010.05.26 08:44:37.297,1.5378,1.53835,1.00,4.00
2010.05.26 08:44:37.925,1.53775,1.5384,1.00,1.00
2010.05.26 08:44:38.279,1.53775,1.5384,1.00,1.00
2010.05.26 08:44:38.597,1.5379,1.5386,1.00,2.60
2010.05.26 08:44:38.938,1.538,1.5385,1.00,3.20
2010.05.26 08:44:39.327,1.538,1.5385,1.00,1.60
2010.05.26 08:44:39.626,1.53805,1.5387,1.00,1.00
2010.05.26 08:44:39.928,1.5381,1.5387,1.00,1.00
2010.05.26 08:44:40.225,1.53805,1.5387,1.20,1.00
2010.05.26 08:44:40.874,1.53805,1.53865,1.30,1.00
2010.05.26 08:44:42.190,1.53805,1.5387,1.30,1.00
2010.05.26 08:44:42.463,1.53805,1.5387,1.30,1.00
2010.05.26 08:44:42.733,1.53805,1.53865,1.30,1.00
2010.05.26 08:44:43.608,1.53805,1.53875,1.30,3.20
2010.05.26 08:44:43.734,1.5383,1.53875,1.00,2.40
2010.05.26 08:44:44.076,1.53845,1.539,1.00,1.00
2010.05.26 08:44:44.531,1.53845,1.53905,1.20,1.00
2010.05.26 08:44:44.868,1.53855,1.5391,1.00,5.00
2010.05.26 08:44:45.085,1.53845,1.539,1.40,1.00
2010.05.26 08:44:45.513,1.53845,1.539,1.60,1.00
2010.05.26 08:44:46.703,1.53845,1.539,1.00,2.40
2010.05.26 08:44:46.973,1.5384,1.539,1.00,2.20
2010.05.26 08:44:47.350,1.53835,1.539,1.00,1.60
2010.05.26 08:44:47.697,1.5384,1.53905,1.00,4.60
2010.05.26 08:44:48.034,1.5384,1.53905,1.00,4.00
2010.05.26 08:44:48.313,1.5384,1.53905,1.00,4.20
2010.05.26 08:44:49.060,1.5384,1.539,1.00,1.00
2010.05.26 08:44:50.133,1.53835,1.539,1.30,1.00
2010.05.26 08:44:50.627,1.53835,1.53905,1.30,3.40
2010.05.26 08:44:50.964,1.53835,1.539,2.10,1.00
2010.05.26 08:44:51.587,1.53835,1.53895,1.60,1.60
2010.05.26 08:44:52.258,1.5382,1.5389,4.70,1.60
2010.05.26 08:44:53.043,1.5382,1.5389,4.90,1.60
2010.05.26 08:44:53.601,1.53825,1.5389,1.00,1.60
2010.05.26 08:44:53.898,1.5382,1.5388,1.20,3.20
2010.05.26 08:44:54.526,1.5382,1.5388,1.00,3.20
2010.05.26 08:44:54.558,1.5381,1.5388,4.70,3.20
2010.05.26 08:44:55.197,1.53815,1.5388,1.00,3.20
2010.05.26 08:44:55.864,1.5381,1.5388,4.70,3.20
2010.05.26 08:44:56.206,1.5381,1.5388,4.70,1.60
2010.05.26 08:44:57.817,1.53815,1.5388,1.00,1.60
2010.05.26 08:44:58.156,1.53815,1.53885,1.70,1.60
2010.05.26 08:44:58.475,1.5382,1.5389,1.00,4.00
2010.05.26 08:44:58.836,1.5382,1.5387,1.60,1.60
2010.05.26 08:44:59.163,1.5381,1.53885,1.20,2.80
2010.05.26 08:44:59.467,1.5382,1.53885,1.00,2.60
2010.05.26 08:44:59.776,1.5382,1.5389,1.00,4.80
2010.05.26 08:45:00.436,1.53825,1.5389,1.60,1.60
2010.05.26 08:45:00.776,1.5384,1.5389,1.00,1.60
2010.05.26 08:45:01.496,1.53845,1.5391,1.60,1.60
2010.05.26 08:45:01.834,1.53845,1.5392,1.60,5.00
2010.05.26 08:45:02.496,1.53855,1.53915,1.00,1.00
2010.05.26 08:45:02.796,1.53855,1.53915,1.60,1.00
2010.05.26 08:45:03.095,1.53855,1.5392,1.60,5.00
2010.05.26 08:45:03.754,1.53855,1.5391,1.60,1.00
2010.05.26 08:45:04.101,1.5386,1.5391,1.00,1.00
2010.05.26 08:45:05.089,1.5386,1.5392,1.00,4.80
2010.05.26 08:45:05.427,1.53865,1.5392,1.00,4.20
2010.05.26 08:45:06.441,1.53865,1.53915,1.00,1.60
2010.05.26 08:45:06.796,1.53865,1.5391,1.00,2.60
2010.05.26 08:45:07.107,1.5385,1.5391,1.20,4.20
2010.05.26 08:45:08.069,1.5385,1.539,1.20,1.00
2010.05.26 08:45:08.704,1.5385,1.539,1.20,1.00
2010.05.26 08:45:08.914,1.5385,1.539,1.20,1.00
2010.05.26 08:45:09.452,1.5385,1.53895,1.20,1.00
2010.05.26 08:45:10.146,1.5385,1.53905,1.20,1.00
2010.05.26 08:45:10.416,1.5385,1.539,1.20,1.00
2010.05.26 08:45:11.475,1.5385,1.5391,1.20,1.60
2010.05.26 08:45:11.756,1.5385,1.53905,1.30,1.00
2010.05.26 08:45:12.035,1.5385,1.539,1.30,1.80
2010.05.26 08:45:12.665,1.53855,1.5391,1.00,1.00
2010.05.26 08:45:13.006,1.5385,1.5391,1.40,1.30
2010.05.26 08:45:13.671,1.5385,1.53905,1.00,1.00
2010.05.26 08:45:13.700,1.5385,1.5391,1.00,1.00
2010.05.26 08:45:14.048,1.53855,1.53915,1.00,1.00
2010.05.26 08:45:15.098,1.53855,1.539,1.00,2.40
2010.05.26 08:45:15.436,1.53855,1.53895,1.00,1.60
2010.05.26 08:45:15.776,1.53845,1.539,1.00,3.00
2010.05.26 08:45:16.492,1.53835,1.5389,1.00,1.00
2010.05.26 08:45:16.840,1.53835,1.53885,1.00,1.60
2010.05.26 08:45:17.160,1.53835,1.53895,1.00,2.60
2010.05.26 08:45:17.538,1.53835,1.53895,1.00,2.00
2010.05.26 08:45:17.858,1.53845,1.53885,1.00,1.00
2010.05.26 08:45:20.682,1.53845,1.5388,1.00,1.00
2010.05.26 08:45:20.997,1.53845,1.53885,1.00,1.00
2010.05.26 08:45:21.319,1.53845,1.5388,1.00,1.00
2010.05.26 08:45:22.596,1.5385,1.53895,1.00,1.00
2010.05.26 08:45:23.056,1.5385,1.5389,1.00,1.00
2010.05.26 08:45:23.284,1.5385,1.539,1.00,1.00
2010.05.26 08:45:24.029,1.5385,1.53905,1.00,1.00
2010.05.26 08:45:24.364,1.53855,1.53905,1.00,1.00
2010.05.26 08:45:28.238,1.53855,1.5391,1.00,3.10
2010.05.26 08:45:28.567,1.5384,1.5391,2.40,1.00
2010.05.26 08:45:28.896,1.5384,1.53905,2.40,1.00
2010.05.26 08:45:29.597,1.53845,1.53905,1.20,1.00
2010.05.26 08:45:32.325,1.53845,1.53905,1.20,1.00
2010.05.26 08:45:32.428,1.53845,1.5391,1.40,1.00
2010.05.26 08:45:33.756,1.53845,1.5391,1.40,1.00
2010.05.26 08:45:34.085,1.53845,1.5391,1.20,1.50
2010.05.26 08:45:34.414,1.53845,1.5391,1.20,1.00
2010.05.26 08:45:35.437,1.53845,1.5391,1.40,1.30
2010.05.26 08:45:36.344,1.53845,1.5391,1.20,1.00
2010.05.26 08:45:37.036,1.53845,1.53905,1.00,1.00
2010.05.26 08:45:37.344,1.5384,1.53905,1.00,2.90
2010.05.26 08:45:37.654,1.53835,1.53905,1.70,3.10
2010.05.26 08:45:38.346,1.53835,1.539,1.30,1.00
2010.05.26 08:45:38.664,1.53835,1.539,1.60,1.00
2010.05.26 08:45:39.283,1.53835,1.53905,1.70,3.10
2010.05.26 08:45:40.006,1.5384,1.53905,1.00,2.90
2010.05.26 08:45:41.305,1.53835,1.53895,1.00,2.40
2010.05.26 08:45:41.534,1.5383,1.5389,1.00,1.60
2010.05.26 08:45:41.765,1.5383,1.539,3.20,1.00
2010.05.26 08:45:41.994,1.53835,1.539,1.00,1.00
2010.05.26 08:45:43.168,1.5383,1.53895,1.70,2.40
2010.05.26 08:45:43.476,1.5383,1.5389,1.60,1.60
2010.05.26 08:45:43.715,1.5383,1.5389,1.60,2.40
2010.05.26 08:45:43.954,1.5383,1.5389,1.00,4.00
2010.05.26 08:45:44.568,1.53825,1.5389,1.00,2.40
2010.05.26 08:45:44.905,1.53825,1.5389,1.00,4.00
2010.05.26 08:45:45.244,1.53825,1.5389,1.00,2.40
2010.05.26 08:45:45.927,1.53835,1.53895,2.40,1.60
2010.05.26 08:45:46.271,1.5383,1.53905,3.30,4.20
2010.05.26 08:45:46.627,1.5384,1.53905,1.00,1.00
2010.05.26 08:45:47.230,1.53845,1.5391,1.00,1.00
2010.05.26 08:45:47.482,1.5386,1.5392,1.00,1.00
2010.05.26 08:45:47.725,1.53865,1.5392,1.00,1.00
2010.05.26 08:45:48.996,1.53865,1.53915,1.00,1.00
2010.05.26 08:45:49.314,1.53865,1.53925,1.00,1.00
2010.05.26 08:45:49.625,1.53865,1.5393,2.00,1.00
2010.05.26 08:45:50.210,1.5387,1.5393,1.00,1.00
2010.05.26 08:45:50.521,1.5387,1.5393,1.00,1.00
2010.05.26 08:45:51.127,1.5387,1.5393,1.00,1.00
2010.05.26 08:45:51.424,1.53875,1.5394,1.00,1.50
2010.05.26 08:45:52.127,1.53875,1.5393,1.00,1.00
2010.05.26 08:45:52.465,1.5387,1.53925,1.60,1.00
2010.05.26 08:45:53.714,1.5387,1.5392,1.60,1.00
2010.05.26 08:45:54.055,1.5387,1.5392,1.00,1.00
2010.05.26 08:45:55.196,1.5387,1.5392,1.00,1.00
2010.05.26 08:45:55.444,1.5387,1.5392,1.00,1.00
2010.05.26 08:45:56.657,1.5387,1.53925,1.00,1.00
2010.05.26 08:45:57.248,1.5387,1.5393,1.00,4.80
2010.05.26 08:45:57.438,1.53875,1.5393,1.00,4.80
2010.05.26 08:46:01.300,1.53875,1.5392,1.00,1.00
2010.05.26 08:46:01.966,1.5387,1.53925,1.40,1.00
2010.05.26 08:46:02.289,1.5388,1.5393,1.00,1.00
2010.05.26 08:46:03.067,1.5388,1.5393,1.00,1.00
2010.05.26 08:46:03.305,1.5388,1.53915,1.00,1.00
2010.05.26 08:46:03.544,1.5387,1.53915,1.30,1.00
2010.05.26 08:46:03.940,1.5387,1.53915,1.00,1.00
2010.05.26 08:46:04.189,1.53865,1.53915,1.00,1.00
2010.05.26 08:46:04.529,1.5386,1.5391,1.00,1.00
2010.05.26 08:46:05.539,1.5386,1.53915,1.00,1.30
2010.05.26 08:46:05.875,1.5386,1.53915,1.00,1.00
2010.05.26 08:46:06.214,1.5386,1.53905,1.00,1.00
2010.05.26 08:46:06.885,1.5386,1.53905,1.00,2.40
2010.05.26 08:46:07.157,1.53845,1.53905,1.50,2.40
2010.05.26 08:46:08.466,1.53845,1.53905,1.60,2.40
2010.05.26 08:46:10.154,1.5385,1.5391,1.00,2.30
2010.05.26 08:46:10.464,1.5385,1.5391,1.40,1.00
2010.05.26 08:46:10.984,1.5385,1.5391,1.50,1.00
2010.05.26 08:46:11.332,1.5385,1.539,1.00,1.00
2010.05.26 08:46:11.678,1.53855,1.53895,1.00,1.00
2010.05.26 08:46:12.035,1.53855,1.53885,1.00,1.00
2010.05.26 08:46:12.379,1.53825,1.53875,1.00,1.00
2010.05.26 08:46:12.714,1.53805,1.53875,2.00,3.20
2010.05.26 08:46:13.451,1.53805,1.5386,2.00,1.60
2010.05.26 08:46:13.803,1.53795,1.5385,1.00,2.30
2010.05.26 08:46:14.150,1.53795,1.53855,1.20,1.60
2010.05.26 08:46:14.743,1.53805,1.5387,1.00,1.00
2010.05.26 08:46:15.012,1.53805,1.53875,1.00,4.00
2010.05.26 08:46:15.277,1.5382,1.53875,1.00,3.80
2010.05.26 08:46:15.634,1.5382,1.53875,1.00,3.20
2010.05.26 08:46:15.998,1.5382,1.5388,1.60,1.00
2010.05.26 08:46:17.377,1.5381,1.53875,3.10,1.00
2010.05.26 08:46:18.134,1.5381,1.53875,1.30,1.80
2010.05.26 08:46:18.385,1.5381,1.5387,1.20,2.40
2010.05.26 08:46:18.775,1.5381,1.53865,1.20,1.60
2010.05.26 08:46:19.132,1.538,1.53865,1.20,4.00
2010.05.26 08:46:19.479,1.538,1.5386,1.00,1.60
2010.05.26 08:46:20.102,1.538,1.5386,1.00,2.40
2010.05.26 08:46:20.397,1.538,1.53855,1.00,1.60
2010.05.26 08:46:20.679,1.538,1.53845,1.00,1.60
2010.05.26 08:46:21.328,1.5379,1.53845,1.00,1.60
2010.05.26 08:46:21.668,1.5379,1.53845,1.00,1.00
2010.05.26 08:46:22.005,1.53795,1.53845,1.00,1.00
2010.05.26 08:46:24.627,1.53795,1.5384,1.00,1.00
2010.05.26 08:46:25.135,1.53795,1.5385,1.00,1.00
2010.05.26 08:46:25.305,1.53795,1.5385,1.20,1.00
2010.05.26 08:46:27.739,1.53795,1.53855,1.20,1.00
2010.05.26 08:46:27.970,1.53795,1.5385,1.20,1.00
2010.05.26 08:46:28.311,1.53795,1.53845,1.20,1.00
2010.05.26 08:46:29.415,1.53795,1.53855,1.00,1.00
2010.05.26 08:46:29.706,1.53795,1.53855,1.60,1.70
2010.05.26 08:46:29.995,1.53795,1.5385,1.00,1.80
2010.05.26 08:46:30.624,1.5378,1.53845,1.00,3.40
2010.05.26 08:46:31.303,1.5378,1.5384,1.00,1.00
2010.05.26 08:46:32.220,1.5378,1.53835,1.00,1.00
2010.05.26 08:46:32.766,1.5378,1.5384,1.00,1.00
2010.05.26 08:46:32.996,1.53785,1.5384,1.00,1.00
2010.05.26 08:46:34.177,1.53785,1.53845,1.00,1.80
2010.05.26 08:46:34.854,1.53785,1.5384,1.00,1.00
2010.05.26 08:46:36.093,1.5378,1.5384,1.00,1.00
2010.05.26 08:46:36.324,1.53785,1.5384,1.00,1.00
2010.05.26 08:46:38.383,1.5378,1.5384,2.40,1.00
2010.05.26 08:46:39.009,1.5378,1.5385,2.40,1.80
2010.05.26 08:46:39.221,1.5379,1.53855,1.00,2.30
2010.05.26 08:46:39.565,1.5379,1.5385,1.00,1.00
2010.05.26 08:46:39.904,1.5379,1.53855,1.00,1.00
2010.05.26 08:46:40.244,1.5379,1.5386,1.00,1.00
2010.05.26 08:46:40.993,1.5379,1.5386,1.00,2.40
2010.05.26 08:46:42.583,1.5379,1.53855,1.00,1.00
2010.05.26 08:46:42.746,1.5379,1.5386,1.90,1.60
2010.05.26 08:46:42.915,1.5379,1.53865,1.90,4.20
2010.05.26 08:46:43.403,1.5379,1.5386,1.00,1.00
2010.05.26 08:46:43.564,1.53785,1.5386,1.90,4.20
2010.05.26 08:46:44.896,1.5379,1.5386,1.00,4.20
2010.05.26 08:46:45.204,1.53785,1.5385,1.00,2.40
2010.05.26 08:46:45.355,1.5378,1.5385,3.20,2.40
2010.05.26 08:46:45.810,1.5378,1.53835,1.60,1.00
2010.05.26 08:46:46.159,1.53765,1.5384,2.50,2.40
2010.05.26 08:46:46.498,1.53765,1.5384,6.80,2.40
2010.05.26 08:46:46.866,1.5377,1.5384,1.00,2.40
2010.05.26 08:46:47.210,1.5378,1.5385,1.00,2.60
2010.05.26 08:46:47.547,1.5378,1.53845,1.00,1.60
2010.05.26 08:46:48.529,1.5378,1.5384,1.00,1.00
2010.05.26 08:46:49.624,1.5378,1.53835,1.00,1.00
2010.05.26 08:46:50.074,1.5378,1.5384,1.00,1.00
2010.05.26 08:46:50.224,1.5378,1.53835,1.00,1.00
2010.05.26 08:46:52.979,1.53775,1.53835,2.60,1.00
2010.05.26 08:46:53.612,1.53775,1.5383,2.60,1.00
2010.05.26 08:46:53.773,1.53775,1.5383,1.00,1.00
2010.05.26 08:46:53.933,1.5377,1.5383,2.60,1.00
2010.05.26 08:46:55.154,1.5377,1.53835,2.60,4.20
2010.05.26 08:46:55.494,1.5377,1.53835,1.00,4.20
2010.05.26 08:46:55.755,1.5377,1.53835,1.00,4.00
2010.05.26 08:46:56.013,1.53765,1.53835,1.10,4.00
2010.05.26 08:46:56.273,1.53765,1.53835,1.10,4.20
2010.05.26 08:46:56.544,1.53765,1.5383,1.00,1.00
2010.05.26 08:46:57.206,1.53765,1.53835,1.00,4.00
2010.05.26 08:46:57.474,1.53765,1.53835,1.10,4.00
2010.05.26 08:46:58.113,1.53765,1.53835,1.00,4.00
2010.05.26 08:46:59.137,1.53765,1.53835,1.00,4.20
2010.05.26 08:47:00.215,1.5377,1.53835,1.00,4.20
2010.05.26 08:47:00.656,1.5377,1.53835,1.00,3.40
2010.05.26 08:47:01.081,1.5377,1.53835,1.00,3.20
2010.05.26 08:47:01.270,1.53775,1.5384,1.00,1.60
2010.05.26 08:47:01.456,1.53775,1.53845,1.00,1.90
2010.05.26 08:47:01.645,1.53775,1.53845,2.40,1.00
2010.05.26 08:47:02.537,1.53775,1.5385,2.40,2.60
2010.05.26 08:47:02.876,1.5378,1.5385,3.20,1.00
2010.05.26 08:47:02.994,1.5378,1.5385,2.40,1.70
2010.05.26 08:47:03.234,1.5378,1.5385,1.00,1.70
2010.05.26 08:47:03.690,1.53775,1.5385,4.20,2.50
2010.05.26 08:47:03.804,1.53775,1.5385,2.50,2.50
2010.05.26 08:47:04.304,1.53775,1.5385,2.50,2.40
2010.05.26 08:47:04.644,1.53775,1.53845,2.40,1.00
2010.05.26 08:47:04.984,1.53775,1.5384,2.40,1.00
2010.05.26 08:47:05.324,1.5378,1.5384,1.00,1.00
2010.05.26 08:47:05.605,1.53795,1.5385,1.00,1.60
2010.05.26 08:47:06.048,1.53795,1.5386,1.00,1.00
2010.05.26 08:47:06.328,1.53795,1.5387,1.80,1.50
2010.05.26 08:47:06.636,1.53805,1.5387,1.00,1.60
2010.05.26 08:47:06.944,1.53805,1.53875,1.00,2.40
2010.05.26 08:47:07.302,1.53805,1.53875,1.00,2.20
2010.05.26 08:47:07.621,1.53805,1.53875,1.00,1.00
2010.05.26 08:47:07.898,1.5381,1.5388,1.00,2.40
2010.05.26 08:47:08.166,1.5381,1.5388,1.00,1.00
2010.05.26 08:47:09.205,1.53805,1.5388,2.40,1.50
2010.05.26 08:47:09.490,1.53805,1.5388,5.10,1.00
2010.05.26 08:47:09.776,1.53815,1.53885,2.40,1.00
2010.05.26 08:47:10.336,1.53815,1.5388,2.40,1.00
2010.05.26 08:47:10.844,1.53805,1.53875,3.40,1.00
2010.05.26 08:47:11.187,1.538,1.53875,6.80,2.40
2010.05.26 08:47:11.637,1.53805,1.53875,1.00,2.40
2010.05.26 08:47:13.208,1.53805,1.53875,1.00,2.50
2010.05.26 08:47:13.704,1.53805,1.53875,1.00,2.40
2010.05.26 08:47:14.645,1.53805,1.5387,1.00,1.00
2010.05.26 08:47:15.427,1.53805,1.5387,1.00,2.40
2010.05.26 08:47:15.766,1.538,1.53875,3.40,2.40
2010.05.26 08:47:16.016,1.53805,1.5388,1.00,5.30
2010.05.26 08:47:16.646,1.53805,1.5388,4.00,2.90
2010.05.26 08:47:17.145,1.53805,1.53875,4.20,1.00
2010.05.26 08:47:17.485,1.5381,1.5388,1.80,2.90
2010.05.26 08:47:18.164,1.5381,1.5388,1.60,3.00
2010.05.26 08:47:18.616,1.5381,1.5388,1.80,3.10
2010.05.26 08:47:18.771,1.53815,1.5388,1.00,2.90
2010.05.26 08:47:19.524,1.53805,1.5385,1.60,1.00
2010.05.26 08:47:20.088,1.538,1.5385,1.00,1.60
2010.05.26 08:47:20.226,1.53795,1.53865,1.00,3.60
2010.05.26 08:47:20.366,1.53795,1.53865,1.00,2.90
2010.05.26 08:47:21.067,1.53795,1.53865,1.00,2.90
2010.05.26 08:47:21.204,1.53795,1.53865,1.00,2.90
2010.05.26 08:47:21.897,1.538,1.53865,1.00,2.90
2010.05.26 08:47:22.235,1.53795,1.53865,1.00,2.90
2010.05.26 08:47:22.518,1.538,1.53865,1.00,2.90
2010.05.26 08:47:22.704,1.538,1.53865,1.00,2.90
2010.05.26 08:47:23.618,1.53795,1.53865,1.00,2.90
2010.05.26 08:47:24.216,1.53795,1.53865,1.00,3.10
2010.05.26 08:47:25.043,1.5379,1.53865,1.00,3.10
2010.05.26 08:47:25.385,1.5379,1.53865,1.00,4.80
2010.05.26 08:47:26.394,1.5379,1.5386,1.00,1.00
2010.05.26 08:47:26.714,1.5379,1.53865,1.00,4.80
2010.05.26 08:47:27.033,1.5379,1.53865,1.00,3.10
2010.05.26 08:47:27.354,1.5379,1.53865,2.50,3.10
2010.05.26 08:47:28.169,1.53795,1.53865,1.00,3.10
2010.05.26 08:47:29.158,1.53795,1.5386,1.00,1.00
2010.05.26 08:47:29.306,1.53795,1.53865,1.00,3.10
2010.05.26 08:47:31.497,1.538,1.53865,1.00,2.90
2010.05.26 08:47:32.962,1.5381,1.53865,1.00,2.90
2010.05.26 08:47:33.128,1.53805,1.53865,1.00,2.90
2010.05.26 08:47:35.226,1.5381,1.53865,1.00,2.90
2010.05.26 08:47:35.776,1.53805,1.53865,1.00,2.90
2010.05.26 08:47:36.010,1.538,1.5387,1.00,1.00
2010.05.26 08:47:36.307,1.53805,1.5387,2.40,1.00
2010.05.26 08:47:36.886,1.53805,1.53875,2.40,1.00
2010.05.26 08:47:37.555,1.53805,1.53875,1.00,1.00
2010.05.26 08:47:38.175,1.53805,1.53875,1.00,1.00
2010.05.26 08:47:38.485,1.53805,1.53875,1.00,1.00
2010.05.26 08:47:39.112,1.53805,1.53875,1.00,1.00
2010.05.26 08:47:39.385,1.53805,1.53875,1.00,1.00
2010.05.26 08:47:41.205,1.5381,1.53875,1.00,1.00
2010.05.26 08:47:49.026,1.53805,1.53875,1.00,1.00
2010.05.26 08:47:49.364,1.53805,1.53875,1.00,1.00
2010.05.26 08:47:50.044,1.5381,1.53875,1.00,1.00
2010.05.26 08:47:53.756,1.53805,1.53875,1.00,1.00
2010.05.26 08:47:53.874,1.5381,1.53875,1.00,1.00
2010.05.26 08:47:56.755,1.53815,1.53875,1.00,1.00
2010.05.26 08:47:59.037,1.538,1.53865,1.80,1.00
2010.05.26 08:47:59.179,1.538,1.53865,1.00,2.40
2010.05.26 08:47:59.446,1.5381,1.53865,1.00,2.00
2010.05.26 08:47:59.585,1.5381,1.5387,3.10,1.60
2010.05.26 08:47:59.716,1.5381,1.5387,2.10,1.00
2010.05.26 08:47:59.855,1.5381,1.5387,1.00,2.40
2010.05.26 08:48:00.285,1.5381,1.5388,1.00,4.80
2010.05.26 08:48:00.628,1.53805,1.5388,1.00,5.00
2010.05.26 08:48:00.964,1.53805,1.53865,1.00,2.40
2010.05.26 08:48:01.305,1.53805,1.53865,1.00,2.30
2010.05.26 08:48:01.647,1.53805,1.5388,1.00,5.60
2010.05.26 08:48:02.068,1.53805,1.5387,1.00,1.00
2010.05.26 08:48:02.414,1.53805,1.5388,1.00,5.00
2010.05.26 08:48:02.665,1.538,1.53865,3.40,1.00
2010.05.26 08:48:02.916,1.53805,1.53865,1.00,2.40
2010.05.26 08:48:03.176,1.53805,1.5388,2.50,5.50
2010.05.26 08:48:03.434,1.5381,1.5388,1.00,4.80
2010.05.26 08:48:04.118,1.53805,1.53875,2.40,1.00
2010.05.26 08:48:04.445,1.53805,1.53875,2.50,1.00
2010.05.26 08:48:04.774,1.5381,1.5388,1.00,3.10
2010.05.26 08:48:05.595,1.53805,1.53865,1.60,2.40
2010.05.26 08:48:05.855,1.53795,1.5387,2.40,2.40
2010.05.26 08:48:06.477,1.5379,1.53865,2.40,1.30
2010.05.26 08:48:06.819,1.53785,1.53845,2.00,1.00
2010.05.26 08:48:07.158,1.53785,1.53835,1.00,1.00
2010.05.26 08:48:07.876,1.53775,1.53805,1.00,1.00
2010.05.26 08:48:08.197,1.53755,1.53815,1.00,2.40
2010.05.26 08:48:08.621,1.53755,1.5381,1.00,1.00
2010.05.26 08:48:08.950,1.5374,1.53805,3.50,1.00
2010.05.26 08:48:09.287,1.5374,1.5381,3.50,1.00
2010.05.26 08:48:10.434,1.5374,1.5381,1.00,1.00
2010.05.26 08:48:10.957,1.53745,1.5381,1.00,1.00
2010.05.26 08:48:12.506,1.5374,1.5381,1.00,1.00
2010.05.26 08:48:12.889,1.5374,1.53805,1.00,1.00
2010.05.26 08:48:13.236,1.53725,1.5379,3.50,1.00
2010.05.26 08:48:13.580,1.53725,1.5379,1.90,1.00
2010.05.26 08:48:15.477,1.53725,1.53785,1.90,1.00
2010.05.26 08:48:15.745,1.53725,1.53785,1.00,1.00
2010.05.26 08:48:16.204,1.53725,1.53785,1.00,1.00
2010.05.26 08:48:17.397,1.5373,1.53785,1.00,1.00
2010.05.26 08:48:18.109,1.53725,1.53785,1.00,1.00
2010.05.26 08:48:19.995,1.53715,1.53775,1.70,1.00
2010.05.26 08:48:20.336,1.5371,1.5377,1.00,1.00
2010.05.26 08:48:20.545,1.5371,1.5377,1.00,1.00
2010.05.26 08:48:20.944,1.53705,1.5377,1.00,1.00
2010.05.26 08:48:23.299,1.5371,1.53775,1.00,1.00
2010.05.26 08:48:23.624,1.5371,1.5377,1.00,1.00
2010.05.26 08:48:23.965,1.5371,1.53775,1.00,1.00
2010.05.26 08:48:25.638,1.53715,1.53775,1.00,1.00
2010.05.26 08:48:25.784,1.5371,1.53775,1.00,1.00
2010.05.26 08:48:26.085,1.53725,1.5378,1.00,1.60
2010.05.26 08:48:26.385,1.53725,1.53795,1.00,1.00
2010.05.26 08:48:26.535,1.5373,1.53795,1.00,1.00
2010.05.26 08:48:27.367,1.5373,1.538,2.40,1.00
2010.05.26 08:48:29.117,1.5373,1.538,1.60,1.70
2010.05.26 08:48:29.355,1.53725,1.5379,1.60,1.00
2010.05.26 08:48:29.595,1.53725,1.5379,1.00,1.00
2010.05.26 08:48:30.095,1.53735,1.53795,1.00,2.90
2010.05.26 08:48:31.116,1.53735,1.53795,1.00,1.00
2010.05.26 08:48:31.774,1.53735,1.53795,1.00,2.40
2010.05.26 08:48:32.090,1.53725,1.5379,1.00,1.00
2010.05.26 08:48:32.408,1.53725,1.5379,1.60,1.00
2010.05.26 08:48:32.696,1.53725,1.53795,2.40,1.00
2010.05.26 08:48:33.062,1.5373,1.53795,1.00,1.00
2010.05.26 08:48:34.136,1.53735,1.53795,1.00,1.00
2010.05.26 08:48:35.477,1.5374,1.53795,1.00,1.00
2010.05.26 08:48:35.989,1.5374,1.53795,1.00,1.00
2010.05.26 08:48:36.563,1.53735,1.53795,1.00,1.00
2010.05.26 08:48:36.907,1.5374,1.53795,1.00,1.00
2010.05.26 08:48:37.585,1.5373,1.5379,1.00,1.00
2010.05.26 08:48:39.028,1.5373,1.53795,1.00,1.00
2010.05.26 08:48:39.224,1.53725,1.53795,2.50,1.00
2010.05.26 08:48:39.325,1.5373,1.53795,1.00,1.00
2010.05.26 08:48:39.424,1.5373,1.5379,1.00,1.00
2010.05.26 08:48:39.887,1.5373,1.53795,1.00,1.00
2010.05.26 08:48:42.109,1.53725,1.53795,1.00,1.00
2010.05.26 08:48:42.347,1.53725,1.53795,1.00,2.60
2010.05.26 08:48:43.606,1.53725,1.5379,1.00,1.00
2010.05.26 08:48:44.062,1.53725,1.53795,1.00,2.60
2010.05.26 08:48:44.721,1.53725,1.5379,1.00,1.00
2010.05.26 08:48:45.082,1.53725,1.53795,1.00,2.60
2010.05.26 08:48:46.463,1.53725,1.5379,1.00,1.60
2010.05.26 08:48:46.626,1.53725,1.53795,1.00,1.00
2010.05.26 08:48:47.044,1.53725,1.53795,1.00,1.00
2010.05.26 08:48:47.226,1.53725,1.53795,2.60,1.00
2010.05.26 08:48:47.844,1.5373,1.53795,1.60,1.00
2010.05.26 08:48:48.185,1.53725,1.53795,1.00,1.00
2010.05.26 08:48:49.153,1.53725,1.53795,2.60,1.00
2010.05.26 08:48:49.497,1.5373,1.53795,1.60,1.00
2010.05.26 08:48:50.490,1.5373,1.53795,1.70,1.00
2010.05.26 08:48:50.808,1.53735,1.53795,1.00,1.00
2010.05.26 08:48:51.265,1.5373,1.53795,1.70,1.00
2010.05.26 08:48:51.495,1.53735,1.53795,1.00,1.00
2010.05.26 08:48:53.873,1.5373,1.53795,3.40,1.00
2010.05.26 08:48:54.188,1.53735,1.53795,1.00,1.00
2010.05.26 08:48:55.069,1.5373,1.5379,1.60,1.00
2010.05.26 08:48:55.318,1.5373,1.5379,1.00,1.00
2010.05.26 08:48:55.566,1.53725,1.53795,2.60,1.00
2010.05.26 08:48:55.816,1.5373,1.53795,1.80,1.00
2010.05.26 08:48:56.415,1.5373,1.53795,3.40,1.00
2010.05.26 08:48:57.176,1.53735,1.53795,1.00,1.00
2010.05.26 08:48:58.139,1.5373,1.53795,1.70,1.00
2010.05.26 08:48:58.475,1.5373,1.53795,3.20,1.00
2010.05.26 08:48:59.182,1.5373,1.53795,1.60,1.00
2010.05.26 08:48:59.835,1.5373,1.53795,1.80,1.00
2010.05.26 08:49:00.154,1.5373,1.53795,3.40,1.00
2010.05.26 08:49:01.486,1.53735,1.53795,1.00,1.00
2010.05.26 08:49:01.816,1.5374,1.538,3.20,1.00
2010.05.26 08:49:02.086,1.5374,1.53805,3.20,1.00
2010.05.26 08:49:02.675,1.53745,1.5381,1.60,1.50
2010.05.26 08:49:02.906,1.53745,1.5381,3.20,1.00
2010.05.26 08:49:03.375,1.53745,1.5381,3.40,1.00
2010.05.26 08:49:03.604,1.5375,1.5381,1.60,1.00
2010.05.26 08:49:03.971,1.53745,1.5381,3.40,1.00
2010.05.26 08:49:04.205,1.5375,1.5381,1.00,1.00
2010.05.26 08:49:04.885,1.5375,1.53815,1.00,1.50
2010.05.26 08:49:05.701,1.5376,1.5381,1.00,1.00
2010.05.26 08:49:06.048,1.5377,1.53825,3.20,1.00
2010.05.26 08:49:06.377,1.5376,1.5382,1.00,1.00
2010.05.26 08:49:06.754,1.5376,1.5381,1.00,1.00
2010.05.26 08:49:07.080,1.53745,1.5381,1.00,1.00
2010.05.26 08:49:07.416,1.53745,1.5381,1.00,1.00
2010.05.26 08:49:08.417,1.5374,1.5381,3.40,1.00
2010.05.26 08:49:08.705,1.53745,1.5381,1.00,1.00
2010.05.26 08:49:09.052,1.5374,1.5381,3.40,1.00
2010.05.26 08:49:11.196,1.5374,1.5381,3.20,1.00
2010.05.26 08:49:11.770,1.5374,1.538,1.60,1.00
2010.05.26 08:49:11.946,1.53735,1.53805,2.40,1.00
2010.05.26 08:49:12.804,1.5374,1.53805,1.60,1.00
2010.05.26 08:49:13.145,1.5374,1.5381,1.60,1.70
2010.05.26 08:49:15.166,1.5374,1.5381,1.70,1.70
2010.05.26 08:49:15.695,1.5374,1.5381,1.60,1.50
2010.05.26 08:49:15.875,1.53745,1.5381,1.60,1.00
2010.05.26 08:49:16.508,1.53745,1.53815,1.80,3.30
2010.05.26 08:49:17.438,1.53745,1.53815,3.40,1.70
2010.05.26 08:49:18.113,1.53745,1.5381,3.40,1.00
2010.05.26 08:49:18.347,1.53745,1.53815,1.80,3.30
2010.05.26 08:49:18.588,1.53745,1.5381,3.40,1.00
2010.05.26 08:49:19.125,1.53745,1.5381,1.80,1.00
2010.05.26 08:49:20.154,1.53745,1.53815,1.80,3.30
2010.05.26 08:49:20.315,1.53745,1.53805,1.60,1.00
2010.05.26 08:49:20.836,1.5374,1.53805,3.40,1.00
2010.05.26 08:49:21.004,1.5374,1.5381,1.80,3.10
2010.05.26 08:49:21.345,1.5374,1.5381,1.80,3.30
2010.05.26 08:49:21.686,1.5375,1.53805,1.00,1.00
2010.05.26 08:49:22.375,1.5375,1.5381,1.00,3.10
2010.05.26 08:49:22.634,1.5374,1.53805,1.80,1.00
2010.05.26 08:49:23.614,1.5374,1.53805,1.00,1.00
2010.05.26 08:49:24.255,1.5374,1.53805,1.80,1.00
2010.05.26 08:49:24.544,1.5374,1.53805,1.00,1.00
2010.05.26 08:49:25.398,1.5374,1.5381,1.00,3.10
2010.05.26 08:49:25.634,1.5374,1.53805,1.00,1.00
2010.05.26 08:49:27.045,1.5374,1.53805,1.80,1.00
2010.05.26 08:49:27.912,1.53745,1.53805,1.00,1.00
2010.05.26 08:49:28.014,1.53745,1.5381,1.00,3.10
2010.05.26 08:49:28.215,1.5374,1.5381,3.40,1.70
2010.05.26 08:49:29.254,1.5374,1.53805,3.40,1.00
2010.05.26 08:49:31.749,1.5375,1.5381,1.00,1.50
2010.05.26 08:49:32.405,1.53745,1.5381,1.80,1.50
2010.05.26 08:49:33.088,1.5373,1.53775,1.00,2.40
2010.05.26 08:49:33.367,1.53715,1.5377,1.00,1.00
2010.05.26 08:49:34.383,1.5371,1.5377,5.20,1.00
2010.05.26 08:49:34.718,1.5372,1.5377,1.00,1.00
2010.05.26 08:49:35.045,1.53715,1.5377,1.00,1.00
2010.05.26 08:49:35.427,1.53715,1.5377,1.00,1.00
2010.05.26 08:49:36.070,1.53715,1.5377,1.00,1.00
2010.05.26 08:49:36.401,1.53715,1.5377,1.00,1.00
2010.05.26 08:49:37.017,1.5372,1.5377,1.00,1.00
2010.05.26 08:49:37.890,1.53715,1.5378,1.00,1.00
2010.05.26 08:49:38.172,1.53715,1.5378,1.60,1.00
2010.05.26 08:49:38.447,1.53705,1.5378,1.00,1.30
2010.05.26 08:49:39.025,1.53705,1.53775,1.00,1.00
2010.05.26 08:49:41.286,1.53705,1.53775,1.00,1.00
2010.05.26 08:49:41.731,1.53705,1.53775,1.00,1.00
2010.05.26 08:49:43.454,1.53705,1.53775,1.00,1.00
2010.05.26 08:49:43.794,1.53705,1.53775,1.00,1.00
2010.05.26 08:49:44.185,1.537,1.53765,1.70,1.00
2010.05.26 08:49:44.518,1.537,1.5377,1.00,3.20
2010.05.26 08:49:44.846,1.53685,1.5376,3.50,2.40
2010.05.26 08:49:45.176,1.53685,1.5376,1.90,2.40
2010.05.26 08:49:46.105,1.53685,1.5375,1.00,1.00
2010.05.26 08:49:46.388,1.53685,1.53745,1.00,1.60
2010.05.26 08:49:46.648,1.5368,1.53745,1.00,2.40
2010.05.26 08:49:46.907,1.5367,1.5374,2.60,1.00
2010.05.26 08:49:47.166,1.53675,1.53745,1.00,2.40
2010.05.26 08:49:48.330,1.53675,1.5374,1.00,2.40
2010.05.26 08:49:48.650,1.5366,1.53735,1.00,1.00
2010.05.26 08:49:48.734,1.5366,1.53735,1.00,2.60
2010.05.26 08:49:48.815,1.53675,1.53735,1.00,1.60
2010.05.26 08:49:48.904,1.53675,1.5374,1.00,1.50
2010.05.26 08:49:49.067,1.5367,1.53725,1.60,1.00
2010.05.26 08:49:49.539,1.5366,1.5373,1.00,3.00
2010.05.26 08:49:49.877,1.53655,1.5373,1.90,1.30
2010.05.26 08:49:50.216,1.5366,1.5373,1.00,1.30
2010.05.26 08:49:50.556,1.53655,1.5373,1.90,1.30
2010.05.26 08:49:52.046,1.5366,1.5373,1.00,1.30
2010.05.26 08:49:52.335,1.5366,1.5373,1.00,1.30
2010.05.26 08:49:53.037,1.53665,1.5373,1.00,1.30
2010.05.26 08:49:55.428,1.53655,1.5373,1.90,1.50
2010.05.26 08:49:55.727,1.5366,1.5373,1.00,1.30
2010.05.26 08:49:56.032,1.5366,1.53725,2.40,1.00
2010.05.26 08:49:56.515,1.53665,1.5373,1.00,1.00
2010.05.26 08:49:56.912,1.53665,1.5373,1.00,1.00
2010.05.26 08:49:57.165,1.53685,1.5374,1.00,1.00
2010.05.26 08:49:57.488,1.53675,1.53735,2.10,1.00
2010.05.26 08:49:57.807,1.5367,1.53735,1.00,1.00
2010.05.26 08:49:58.473,1.5367,1.5374,1.00,1.00
2010.05.26 08:49:58.777,1.53685,1.5374,1.00,1.00
2010.05.26 08:49:58.995,1.53685,1.53745,1.00,1.00
2010.05.26 08:49:59.215,1.5368,1.53745,1.00,1.70
2010.05.26 08:49:59.435,1.5368,1.53745,1.00,1.00
2010.05.26 08:50:00.596,1.537,1.53745,1.60,1.00
2010.05.26 08:50:00.835,1.537,1.53765,2.90,1.00
2010.05.26 08:50:01.074,1.537,1.53765,1.30,1.00
2010.05.26 08:50:01.427,1.537,1.53765,1.00,1.00
2010.05.26 08:50:01.904,1.537,1.5376,1.00,1.00
2010.05.26 08:50:02.235,1.537,1.53765,1.00,1.00
2010.05.26 08:50:03.347,1.537,1.5377,1.00,1.00
2010.05.26 08:50:03.645,1.53695,1.5376,6.00,1.00
2010.05.26 08:50:03.945,1.5371,1.5377,1.00,4.00
2010.05.26 08:50:04.323,1.5371,1.5377,1.00,2.30
2010.05.26 08:50:04.657,1.5371,1.53775,1.00,1.00
2010.05.26 08:50:04.995,1.5371,1.5378,4.00,1.00
2010.05.26 08:50:05.335,1.5371,1.5378,4.00,1.00
2010.05.26 08:50:05.709,1.5371,1.5378,2.40,1.00
2010.05.26 08:50:05.988,1.537,1.53775,4.20,1.00
2010.05.26 08:50:06.601,1.537,1.53775,5.20,1.00
2010.05.26 08:50:07.216,1.53725,1.53785,1.00,1.00
2010.05.26 08:50:07.555,1.53725,1.5379,4.00,1.00
2010.05.26 08:50:07.895,1.53725,1.53795,5.10,1.00
2010.05.26 08:50:08.885,1.53725,1.53795,5.10,1.00
2010.05.26 08:50:09.175,1.5373,1.53795,1.00,1.00
2010.05.26 08:50:10.438,1.5373,1.538,1.00,1.30
2010.05.26 08:50:10.453,1.53735,1.538,1.00,1.00
2010.05.26 08:50:10.699,1.5374,1.53795,1.60,1.00
2010.05.26 08:50:10.929,1.53735,1.53775,1.00,1.00
2010.05.26 08:50:11.515,1.53735,1.5377,1.00,1.00
2010.05.26 08:50:11.860,1.537,1.5376,1.00,1.00
2010.05.26 08:50:12.195,1.537,1.53755,1.00,1.00
2010.05.26 08:50:12.537,1.53685,1.53755,3.10,1.00
2010.05.26 08:50:12.895,1.53685,1.53755,4.70,1.00
2010.05.26 08:50:13.228,1.5369,1.5376,4.30,1.00
2010.05.26 08:50:13.566,1.53695,1.5376,2.60,1.00
2010.05.26 08:50:14.568,1.53695,1.5376,2.60,1.50
2010.05.26 08:50:15.117,1.53695,1.5376,2.70,1.50
2010.05.26 08:50:15.425,1.537,1.53765,2.40,1.50
2010.05.26 08:50:15.826,1.537,1.53765,2.40,1.00
2010.05.26 08:50:16.167,1.53715,1.53775,1.00,1.00
2010.05.26 08:50:16.714,1.5371,1.53775,1.00,1.00
2010.05.26 08:50:16.926,1.5371,1.5377,1.00,1.00
2010.05.26 08:50:17.138,1.53705,1.53755,1.00,1.00
2010.05.26 08:50:17.778,1.5368,1.53745,1.10,1.60
2010.05.26 08:50:19.597,1.53675,1.5374,1.10,1.00
2010.05.26 08:50:19.916,1.53685,1.5375,1.60,1.60
2010.05.26 08:50:20.235,1.5368,1.5375,5.20,1.00
2010.05.26 08:50:21.244,1.5368,1.53755,3.50,4.80
2010.05.26 08:50:22.215,1.5368,1.53755,3.50,3.20
2010.05.26 08:50:22.557,1.5369,1.53755,1.00,1.00
2010.05.26 08:50:22.895,1.5369,1.5376,1.00,1.00
2010.05.26 08:50:23.492,1.5369,1.5376,1.80,1.00
2010.05.26 08:50:23.738,1.5369,1.53765,1.80,4.00
2010.05.26 08:50:25.067,1.5369,1.53765,1.80,2.50
2010.05.26 08:50:25.656,1.5369,1.53765,1.80,4.20
2010.05.26 08:50:26.000,1.53695,1.53755,1.00,1.00
2010.05.26 08:50:26.341,1.53685,1.53755,1.00,2.50
2010.05.26 08:50:26.727,1.53685,1.53755,1.00,2.40
2010.05.26 08:50:27.070,1.53675,1.53735,1.00,1.60
2010.05.26 08:50:27.406,1.53675,1.5372,1.00,1.00
2010.05.26 08:50:27.745,1.5366,1.5372,1.00,4.00
2010.05.26 08:50:28.426,1.5365,1.5372,1.00,4.00
2010.05.26 08:50:28.674,1.53645,1.5372,4.30,4.80
2010.05.26 08:50:28.926,1.5366,1.5372,1.00,3.80
2010.05.26 08:50:29.559,1.53675,1.5374,1.00,1.00
2010.05.26 08:50:29.897,1.53675,1.53745,1.00,1.00
2010.05.26 08:50:30.238,1.5367,1.53735,1.00,1.00
2010.05.26 08:50:30.962,1.5367,1.5374,3.40,1.00
2010.05.26 08:50:31.278,1.5366,1.53725,1.60,2.40
2010.05.26 08:50:31.934,1.5366,1.53725,1.00,2.40
2010.05.26 08:50:32.289,1.5366,1.5373,1.00,1.30
2010.05.26 08:50:32.628,1.53655,1.53725,1.00,1.60
2010.05.26 08:50:34.005,1.53655,1.53725,1.00,2.40
2010.05.26 08:50:34.411,1.53655,1.53725,1.00,2.50
2010.05.26 08:50:34.794,1.53655,1.53725,1.00,2.40
2010.05.26 08:50:35.135,1.5367,1.53725,1.00,1.00
2010.05.26 08:50:36.057,1.53665,1.53735,1.00,1.00
2010.05.26 08:50:36.396,1.53665,1.5374,2.90,3.40
2010.05.26 08:50:36.893,1.5369,1.5374,1.00,1.00
2010.05.26 08:50:37.240,1.5368,1.5375,1.00,1.00
2010.05.26 08:50:37.575,1.5368,1.53755,1.00,3.10
2010.05.26 08:50:37.916,1.5369,1.53755,1.00,2.30
2010.05.26 08:50:38.554,1.5369,1.53755,1.00,1.00
2010.05.26 08:50:38.779,1.5369,1.53755,1.60,1.00
2010.05.26 08:50:39.006,1.537,1.5376,1.60,1.00
2010.05.26 08:50:39.235,1.5369,1.5376,1.00,2.90
2010.05.26 08:50:39.915,1.53685,1.5376,1.00,2.90
2010.05.26 08:50:41.227,1.53685,1.5376,1.00,3.10
2010.05.26 08:50:42.796,1.5369,1.5376,1.00,2.90
2010.05.26 08:50:43.026,1.53685,1.5376,1.00,3.10
2010.05.26 08:50:43.255,1.53685,1.5376,1.40,3.10
2010.05.26 08:50:44.517,1.53685,1.53755,1.00,1.00
2010.05.26 08:50:44.776,1.53685,1.5375,1.00,1.00
2010.05.26 08:50:45.036,1.5368,1.5375,1.00,4.00
2010.05.26 08:50:45.422,1.5368,1.5375,1.00,3.20
2010.05.26 08:50:45.682,1.5368,1.53755,1.00,3.10
2010.05.26 08:50:46.368,1.5368,1.5375,1.00,3.90
2010.05.26 08:50:47.098,1.5368,1.53745,1.00,1.00
2010.05.26 08:50:51.266,1.53685,1.5375,1.00,3.90
2010.05.26 08:50:51.997,1.53685,1.5375,1.00,4.70
2010.05.26 08:50:52.296,1.5368,1.5374,1.00,1.00
2010.05.26 08:50:52.781,1.5368,1.5374,1.00,1.00
2010.05.26 08:50:54.583,1.5368,1.5375,1.00,4.60
2010.05.26 08:50:54.837,1.53685,1.5375,1.00,4.60
2010.05.26 08:50:55.097,1.53685,1.5375,1.00,1.00
2010.05.26 08:50:55.695,1.53685,1.53755,1.00,4.00
2010.05.26 08:50:56.079,1.53685,1.53755,1.00,4.00
2010.05.26 08:50:56.414,1.53685,1.53755,1.00,4.00
2010.05.26 08:50:57.506,1.5369,1.53755,1.00,4.00
2010.05.26 08:50:57.786,1.5369,1.5375,1.00,1.00
2010.05.26 08:50:58.067,1.5368,1.5374,1.00,1.60
2010.05.26 08:50:58.429,1.5368,1.5374,1.00,1.60
2010.05.26 08:50:58.706,1.5368,1.5375,1.00,4.20
2010.05.26 08:50:58.995,1.53675,1.5375,1.90,5.00
2010.05.26 08:50:59.285,1.53675,1.5375,1.80,3.20
2010.05.26 08:50:59.671,1.53675,1.53745,1.00,1.00
2010.05.26 08:51:00.033,1.5367,1.5374,1.70,1.00
2010.05.26 08:51:00.378,1.53685,1.5375,2.40,1.00
2010.05.26 08:51:00.718,1.53675,1.53745,1.00,1.00
2010.05.26 08:51:01.082,1.53675,1.53745,1.00,1.00
2010.05.26 08:51:01.449,1.53685,1.5376,1.90,2.90
2010.05.26 08:51:01.789,1.53685,1.53755,1.90,1.60
2010.05.26 08:51:02.796,1.53685,1.53755,1.00,2.40
2010.05.26 08:51:03.015,1.53685,1.53755,1.10,2.40
2010.05.26 08:51:03.225,1.53685,1.5375,1.10,1.00
2010.05.26 08:51:04.369,1.5369,1.5375,1.00,1.00
2010.05.26 08:51:05.233,1.53685,1.5375,1.10,1.00
2010.05.26 08:51:05.567,1.5369,1.53755,1.00,1.00
2010.05.26 08:51:05.909,1.5369,1.53755,1.00,1.00
2010.05.26 08:51:07.095,1.5369,1.5376,1.00,1.00
2010.05.26 08:51:07.687,1.53685,1.5376,3.50,1.00
2010.05.26 08:51:08.307,1.53685,1.53755,1.00,1.00
2010.05.26 08:51:08.605,1.5368,1.53755,1.80,2.50
2010.05.26 08:51:08.895,1.53685,1.53755,1.00,2.40
2010.05.26 08:51:09.577,1.53675,1.5374,2.70,1.00
2010.05.26 08:51:09.916,1.53685,1.53755,1.70,1.60
2010.05.26 08:51:10.256,1.53685,1.53755,1.00,2.40
2010.05.26 08:51:11.316,1.5368,1.53755,3.50,2.60
2010.05.26 08:51:11.656,1.5368,1.53745,1.00,1.60
2010.05.26 08:51:11.997,1.5368,1.53755,1.00,4.00
2010.05.26 08:51:12.657,1.5368,1.53755,1.00,3.40
2010.05.26 08:51:13.057,1.53685,1.53755,1.00,3.30
2010.05.26 08:51:13.356,1.53685,1.5374,1.00,1.00
2010.05.26 08:51:13.655,1.53675,1.53745,5.10,1.60
2010.05.26 08:51:14.191,1.53675,1.5375,4.20,1.50
2010.05.26 08:51:14.459,1.53685,1.53755,1.00,2.40
2010.05.26 08:51:14.718,1.5369,1.5375,1.00,1.00
2010.05.26 08:51:16.398,1.5369,1.53745,1.00,1.00
2010.05.26 08:51:16.638,1.53685,1.53745,1.00,1.00
2010.05.26 08:51:16.876,1.5368,1.5374,1.00,1.00
2010.05.26 08:51:17.116,1.5368,1.53745,1.00,4.00
2010.05.26 08:51:17.356,1.5368,1.53745,1.00,1.00
2010.05.26 08:51:18.237,1.53675,1.5374,2.30,1.00
2010.05.26 08:51:18.428,1.53675,1.5373,1.00,1.00
2010.05.26 08:51:19.616,1.5367,1.5373,1.00,3.20
2010.05.26 08:51:19.905,1.5367,1.53735,1.00,1.30
2010.05.26 08:51:20.434,1.5367,1.5373,1.00,1.00
2010.05.26 08:51:20.738,1.5367,1.53735,1.00,1.00
2010.05.26 08:51:22.057,1.5367,1.53735,2.60,1.00
2010.05.26 08:51:23.642,1.53675,1.53735,1.00,1.00
2010.05.26 08:51:23.992,1.53675,1.5373,1.00,2.40
2010.05.26 08:51:24.188,1.53675,1.5373,1.00,1.60
2010.05.26 08:51:24.388,1.53675,1.5374,1.00,3.10
2010.05.26 08:51:24.588,1.53675,1.53735,1.00,1.00
2010.05.26 08:51:24.975,1.53675,1.5374,1.00,1.00
2010.05.26 08:51:25.166,1.5368,1.5374,1.00,1.00
2010.05.26 08:51:25.505,1.5368,1.53745,1.00,2.00
2010.05.26 08:51:26.371,1.53675,1.53745,1.00,2.00
2010.05.26 08:51:26.536,1.5367,1.53745,2.50,2.00
2010.05.26 08:51:27.000,1.5367,1.53745,2.50,3.50
2010.05.26 08:51:27.151,1.53675,1.53745,1.00,2.00
2010.05.26 08:51:27.488,1.53675,1.5375,1.00,4.00
2010.05.26 08:51:28.025,1.5367,1.53745,3.40,2.40
2010.05.26 08:51:28.351,1.5368,1.53745,1.00,1.00
2010.05.26 08:51:28.697,1.5368,1.5374,1.00,1.00
2010.05.26 08:51:29.036,1.5368,1.5374,1.00,1.00
2010.05.26 08:51:29.738,1.53695,1.5375,1.00,2.40
2010.05.26 08:51:30.076,1.5369,1.53745,1.60,1.00
2010.05.26 08:51:30.346,1.53675,1.5374,1.00,1.00
2010.05.26 08:51:30.616,1.5368,1.5375,2.40,1.00
2010.05.26 08:51:31.119,1.5368,1.5375,1.00,1.00
2010.05.26 08:51:31.409,1.5368,1.5375,1.00,1.00
2010.05.26 08:51:32.332,1.53685,1.53755,1.00,1.50
2010.05.26 08:51:32.617,1.5369,1.5376,1.00,2.30
2010.05.26 08:51:32.956,1.5369,1.5376,1.00,1.70
2010.05.26 08:51:34.287,1.53695,1.5376,1.00,1.60
2010.05.26 08:51:34.605,1.53695,1.5376,1.00,1.60
2010.05.26 08:51:35.840,1.53695,1.5376,1.00,1.70
2010.05.26 08:51:36.188,1.53695,1.5376,1.00,1.60
2010.05.26 08:51:36.404,1.53695,1.5376,2.10,1.60
2010.05.26 08:51:37.307,1.53695,1.5376,1.00,1.60
2010.05.26 08:51:37.645,1.53695,1.5376,1.00,1.70
2010.05.26 08:51:38.677,1.53695,1.5376,1.00,1.60
2010.05.26 08:51:38.954,1.53695,1.5376,1.00,1.60
2010.05.26 08:51:39.238,1.53705,1.5376,1.00,1.60
2010.05.26 08:51:39.835,1.5371,1.53775,1.60,1.00
2010.05.26 08:51:40.179,1.5371,1.53775,1.60,1.00
2010.05.26 08:51:40.517,1.53705,1.53775,2.10,1.70
2010.05.26 08:51:41.167,1.5371,1.53765,1.00,2.40
2010.05.26 08:51:41.514,1.53705,1.53765,1.00,1.00
2010.05.26 08:51:41.858,1.537,1.53765,1.00,2.90
2010.05.26 08:51:42.547,1.537,1.5377,2.60,1.30
2010.05.26 08:51:46.164,1.53705,1.5377,1.00,1.30
2010.05.26 08:51:46.387,1.53705,1.5377,1.00,1.00
2010.05.26 08:51:47.020,1.53705,1.5377,1.60,1.00
2010.05.26 08:51:47.575,1.53705,1.53775,1.80,1.70
2010.05.26 08:51:47.825,1.53715,1.53775,1.00,1.50
2010.05.26 08:51:48.364,1.53705,1.53775,3.40,1.70
2010.05.26 08:51:48.622,1.53715,1.5378,1.60,1.00
2010.05.26 08:51:48.946,1.5372,1.5378,1.60,1.00
2010.05.26 08:51:50.784,1.5372,1.5378,3.20,1.00
2010.05.26 08:51:51.045,1.53715,1.5378,1.70,1.00
2010.05.26 08:51:51.508,1.5372,1.5378,1.60,1.00
2010.05.26 08:51:51.757,1.5371,1.53775,1.00,1.00
2010.05.26 08:51:52.095,1.5371,1.53775,1.00,1.00
2010.05.26 08:51:52.426,1.53705,1.5377,1.00,1.00
2010.05.26 08:51:52.766,1.5371,1.5377,1.00,1.00
2010.05.26 08:51:55.299,1.53715,1.5377,1.00,1.00
2010.05.26 08:51:55.598,1.5372,1.5378,1.00,3.10
2010.05.26 08:51:56.696,1.53715,1.53775,1.00,1.00
2010.05.26 08:51:57.440,1.5372,1.53775,1.00,1.00
2010.05.26 08:51:57.674,1.5372,1.5378,1.00,3.10
2010.05.26 08:51:59.186,1.53725,1.5378,1.00,3.10
2010.05.26 08:52:00.314,1.53725,1.5378,1.00,2.40
2010.05.26 08:52:01.093,1.53725,1.5378,1.00,1.60
2010.05.26 08:52:01.298,1.53715,1.5378,1.00,2.40
2010.05.26 08:52:01.499,1.5373,1.5378,1.00,1.00
2010.05.26 08:52:01.698,1.5373,1.5378,1.00,1.00
2010.05.26 08:52:02.043,1.5373,1.5379,1.00,4.00
2010.05.26 08:52:02.376,1.53745,1.5382,2.40,3.10
2010.05.26 08:52:02.715,1.53745,1.5382,2.40,2.40
2010.05.26 08:52:03.056,1.53745,1.5382,5.10,2.40
2010.05.26 08:52:03.646,1.53745,1.5382,5.20,2.40
2010.05.26 08:52:03.936,1.5375,1.5382,1.00,1.60
2010.05.26 08:52:04.175,1.5375,1.5382,1.00,1.60
2010.05.26 08:52:04.634,1.5375,1.5382,1.00,2.40
2010.05.26 08:52:05.120,1.5375,1.53795,1.00,1.00
2010.05.26 08:52:05.458,1.5375,1.5381,1.00,2.40
2010.05.26 08:52:05.796,1.5374,1.5381,2.60,1.00
2010.05.26 08:52:06.026,1.5374,1.53805,1.00,1.00
2010.05.26 08:52:06.837,1.53735,1.53805,1.00,1.00
2010.05.26 08:52:07.175,1.5373,1.53805,4.10,1.00
2010.05.26 08:52:07.515,1.5373,1.53805,2.60,1.00
2010.05.26 08:52:08.667,1.53735,1.53805,1.00,1.00
2010.05.26 08:52:08.886,1.5373,1.538,1.80,1.00
2010.05.26 08:52:09.627,1.5374,1.53805,1.00,1.60
2010.05.26 08:52:09.965,1.5374,1.5381,1.00,3.00
2010.05.26 08:52:10.305,1.5374,1.5381,1.00,2.20
2010.05.26 08:52:10.988,1.5374,1.5381,1.00,2.20
2010.05.26 08:52:11.324,1.5374,1.5381,1.00,2.20
2010.05.26 08:52:11.544,1.5374,1.5381,1.00,2.20
2010.05.26 08:52:11.764,1.5374,1.5381,1.00,2.20
2010.05.26 08:52:11.985,1.53735,1.538,2.50,1.00
2010.05.26 08:52:12.470,1.53735,1.53805,1.00,4.80
2010.05.26 08:52:13.163,1.53735,1.53805,1.00,4.90
2010.05.26 08:52:13.316,1.53735,1.53805,1.00,5.00
2010.05.26 08:52:13.477,1.53735,1.53805,1.50,4.80
2010.05.26 08:52:13.635,1.53735,1.53805,1.50,1.50
2010.05.26 08:52:14.127,1.53735,1.538,1.00,3.70
2010.05.26 08:52:15.227,1.5373,1.538,1.00,3.70
2010.05.26 08:52:16.582,1.5373,1.53795,1.00,2.40
2010.05.26 08:52:16.898,1.5373,1.5379,1.00,1.00
2010.05.26 08:52:17.217,1.5373,1.5379,1.00,1.60
2010.05.26 08:52:17.535,1.5373,1.53795,1.00,3.10
2010.05.26 08:52:19.111,1.5373,1.53795,1.00,4.80
2010.05.26 08:52:19.214,1.5373,1.5379,1.00,1.00
2010.05.26 08:52:19.314,1.5373,1.5379,1.00,2.40
2010.05.26 08:52:19.614,1.5373,1.5379,1.00,1.60
2010.05.26 08:52:19.915,1.5373,1.53795,1.00,3.90
2010.05.26 08:52:20.515,1.53735,1.53795,1.00,3.80
2010.05.26 08:52:21.046,1.5373,1.5379,1.00,2.40
2010.05.26 08:52:21.225,1.5373,1.5379,1.00,2.40
2010.05.26 08:52:21.405,1.5373,1.53785,1.00,1.00
2010.05.26 08:52:21.584,1.5373,1.53785,1.00,2.40
2010.05.26 08:52:22.316,1.53725,1.5379,1.00,3.10
2010.05.26 08:52:22.657,1.53725,1.5378,1.00,1.00
2010.05.26 08:52:22.996,1.53725,1.53785,1.00,2.30
2010.05.26 08:52:23.548,1.53725,1.53785,1.00,1.00
2010.05.26 08:52:23.889,1.53725,1.5379,1.00,1.00
2010.05.26 08:52:25.228,1.5373,1.5379,1.00,1.00
2010.05.26 08:52:25.444,1.5373,1.53795,1.00,3.20
2010.05.26 08:52:25.654,1.5373,1.53795,1.00,1.50
2010.05.26 08:52:25.991,1.53735,1.53795,1.00,1.50
2010.05.26 08:52:26.415,1.53725,1.5379,1.00,1.00
2010.05.26 08:52:26.685,1.53735,1.53795,1.00,1.50
2010.05.26 08:52:26.954,1.53735,1.53795,1.00,1.30
2010.05.26 08:52:27.844,1.5374,1.53795,1.00,1.30
2010.05.26 08:52:28.164,1.5374,1.5379,1.00,1.00
2010.05.26 08:52:29.665,1.5373,1.5379,1.00,1.00
2010.05.26 08:52:29.935,1.5373,1.5379,1.50,1.00
2010.05.26 08:52:31.106,1.5373,1.5379,3.10,1.00
2010.05.26 08:52:33.136,1.5373,1.5379,2.90,1.00
2010.05.26 08:52:36.197,1.5373,1.53795,3.70,1.00
2010.05.26 08:52:36.944,1.5373,1.53795,3.70,1.00
2010.05.26 08:52:37.844,1.5373,1.53795,2.10,1.00
2010.05.26 08:52:38.184,1.5373,1.53795,2.10,1.00
2010.05.26 08:52:39.356,1.5373,1.5379,2.90,1.00
2010.05.26 08:52:39.585,1.5373,1.5379,2.80,1.00
2010.05.26 08:52:39.816,1.53725,1.5379,2.80,1.00
2010.05.26 08:52:40.468,1.5372,1.5379,2.50,2.40
2010.05.26 08:52:40.807,1.53725,1.5379,1.00,4.00
2010.05.26 08:52:41.147,1.53725,1.53785,1.00,1.00
2010.05.26 08:52:41.511,1.53715,1.53785,1.00,1.00
2010.05.26 08:52:41.848,1.53715,1.53785,1.00,2.40
2010.05.26 08:52:42.185,1.5371,1.53785,3.30,2.60
2010.05.26 08:52:42.528,1.5371,1.53775,1.80,4.00
2010.05.26 08:52:43.025,1.53705,1.53775,2.00,1.00
2010.05.26 08:52:43.366,1.53705,1.5377,1.60,1.00
2010.05.26 08:52:43.704,1.53705,1.5377,1.00,1.00
2010.05.26 08:52:44.045,1.53705,1.53775,2.80,3.00
2010.05.26 08:52:44.365,1.53705,1.53775,3.00,3.20
2010.05.26 08:52:45.187,1.53705,1.5377,3.00,1.00
2010.05.26 08:52:46.616,1.5371,1.5377,1.00,1.00
2010.05.26 08:52:47.385,1.5371,1.53775,1.00,3.00
2010.05.26 08:52:47.595,1.53715,1.5378,1.00,4.60
2010.05.26 08:52:47.805,1.53715,1.53785,1.00,1.20
2010.05.26 08:52:48.016,1.5372,1.5379,1.70,1.50
2010.05.26 08:52:48.397,1.5372,1.5379,2.50,1.50
2010.05.26 08:52:48.716,1.5372,1.5379,2.50,1.00
2010.05.26 08:52:49.035,1.53725,1.5379,1.00,1.00
2010.05.26 08:52:51.296,1.53725,1.5379,1.00,1.00
2010.05.26 08:52:51.476,1.53725,1.5379,1.00,1.00
2010.05.26 08:52:55.648,1.53725,1.5379,1.00,1.00
2010.05.26 08:52:55.990,1.5373,1.5379,1.00,1.00
2010.05.26 08:52:56.804,1.5373,1.53795,1.00,1.00
2010.05.26 08:52:57.528,1.5373,1.53795,1.00,1.00
2010.05.26 08:52:57.766,1.5373,1.5379,1.00,1.00
2010.05.26 08:52:59.029,1.5373,1.5379,1.00,1.00
2010.05.26 08:52:59.779,1.5372,1.5379,1.00,3.20
2010.05.26 08:53:00.116,1.53715,1.53785,1.50,1.00
2010.05.26 08:53:00.456,1.53715,1.5378,1.30,1.00
2010.05.26 08:53:00.716,1.53715,1.53775,1.00,1.60
2010.05.26 08:53:00.978,1.53715,1.5378,1.00,1.30
2010.05.26 08:53:01.617,1.53715,1.5378,1.00,1.50
2010.05.26 08:53:03.504,1.53715,1.5378,1.00,1.30
2010.05.26 08:53:03.679,1.5372,1.53785,1.00,1.00
2010.05.26 08:53:03.845,1.5372,1.5379,1.00,1.00
2010.05.26 08:53:04.016,1.53725,1.53795,1.00,3.20
2010.05.26 08:53:04.186,1.53725,1.5379,1.00,1.00
2010.05.26 08:53:04.715,1.5372,1.53785,1.00,1.00
2010.05.26 08:53:05.055,1.5372,1.53785,1.00,1.00
2010.05.26 08:53:05.395,1.5372,1.5379,1.00,4.00
2010.05.26 08:53:05.736,1.5372,1.5379,1.20,1.60
2010.05.26 08:53:06.191,1.5372,1.5378,1.00,1.00
2010.05.26 08:53:06.439,1.5373,1.5379,1.00,1.00
2010.05.26 08:53:06.688,1.53735,1.53805,1.80,1.60
2010.05.26 08:53:07.026,1.5374,1.5381,1.50,2.90
2010.05.26 08:53:07.690,1.5374,1.5381,1.40,2.90
2010.05.26 08:53:08.245,1.5374,1.5381,1.40,3.10
2010.05.26 08:53:09.062,1.5374,1.538,1.00,1.00
2010.05.26 08:53:09.407,1.5373,1.538,2.20,1.00
2010.05.26 08:53:10.395,1.53735,1.53805,1.00,4.00
2010.05.26 08:53:10.986,1.53735,1.53795,1.00,1.00
2010.05.26 08:53:12.340,1.5373,1.53795,1.00,1.70
2010.05.26 08:53:12.676,1.5373,1.53795,1.00,1.60
2010.05.26 08:53:13.410,1.53735,1.53795,1.00,1.60
2010.05.26 08:53:13.747,1.5373,1.538,1.20,1.00
2010.05.26 08:53:14.086,1.5373,1.538,2.00,1.00
2010.05.26 08:53:15.950,1.5373,1.538,2.00,1.00
2010.05.26 08:53:16.184,1.5373,1.538,1.40,1.00
2010.05.26 08:53:16.834,1.5373,1.538,1.30,1.00
2010.05.26 08:53:17.636,1.53735,1.538,1.00,1.00
2010.05.26 08:53:18.055,1.5373,1.538,1.20,1.00
2010.05.26 08:53:19.191,1.5373,1.538,1.20,1.00
2010.05.26 08:53:19.527,1.5373,1.538,1.30,1.00
2010.05.26 08:53:20.316,1.5373,1.538,1.30,1.00
2010.05.26 08:53:20.785,1.53735,1.53805,1.00,4.00
2010.05.26 08:53:20.801,1.53735,1.53805,2.40,2.40
2010.05.26 08:53:21.090,1.5373,1.538,4.30,1.00
2010.05.26 08:53:22.740,1.53735,1.53805,1.00,2.40
2010.05.26 08:53:24.224,1.53735,1.53805,1.00,4.00
2010.05.26 08:53:24.698,1.53735,1.53805,1.00,4.00
2010.05.26 08:53:25.186,1.53735,1.53805,1.00,4.20
2010.05.26 08:53:25.924,1.5374,1.53805,1.00,4.00
2010.05.26 08:53:26.290,1.5374,1.53805,1.00,2.40
2010.05.26 08:53:26.406,1.5374,1.5381,1.70,1.60
2010.05.26 08:53:26.865,1.5374,1.5381,1.60,1.70
2010.05.26 08:53:26.985,1.5374,1.5381,2.40,1.70
2010.05.26 08:53:27.736,1.5374,1.5381,1.70,1.60
2010.05.26 08:53:29.195,1.53745,1.5381,1.00,1.60
2010.05.26 08:53:29.405,1.5374,1.53805,1.60,1.00
2010.05.26 08:53:30.945,1.5374,1.53805,2.60,1.00
2010.05.26 08:53:31.085,1.5374,1.53805,4.20,1.00
2010.05.26 08:53:31.477,1.5375,1.53805,1.00,1.00
2010.05.26 08:53:31.627,1.5374,1.53805,2.20,1.00
2010.05.26 08:53:33.147,1.5374,1.53805,2.30,1.00
2010.05.26 08:53:35.105,1.5375,1.53805,1.00,1.00
2010.05.26 08:53:35.346,1.5375,1.5381,1.00,1.60
2010.05.26 08:53:35.585,1.5375,1.5381,1.00,1.60
2010.05.26 08:53:36.153,1.53755,1.53815,1.00,1.60
2010.05.26 08:53:36.467,1.53755,1.5383,1.60,1.70
2010.05.26 08:53:36.775,1.53755,1.53825,1.60,1.00
2010.05.26 08:53:37.076,1.53755,1.53825,1.00,1.00
2010.05.26 08:53:37.944,1.53755,1.5383,1.00,1.50
2010.05.26 08:53:38.126,1.5376,1.5383,1.00,1.00
2010.05.26 08:53:40.275,1.5376,1.5383,1.00,1.00
2010.05.26 08:53:41.408,1.5376,1.5383,1.00,1.00
2010.05.26 08:53:41.607,1.53765,1.5383,1.00,1.00
2010.05.26 08:53:43.167,1.5377,1.5383,1.00,1.00
2010.05.26 08:53:43.507,1.5377,1.53835,1.00,1.00
2010.05.26 08:53:43.587,1.53775,1.5384,1.00,2.40
2010.05.26 08:53:43.668,1.53775,1.5384,1.00,1.00
2010.05.26 08:53:44.098,1.53775,1.5384,1.00,1.00
2010.05.26 08:53:44.181,1.53775,1.5384,1.00,1.00
2010.05.26 08:53:45.095,1.5377,1.5384,5.40,1.00
2010.05.26 08:53:47.558,1.5377,1.5384,3.80,1.00
2010.05.26 08:53:47.705,1.5377,1.5384,2.10,1.00
2010.05.26 08:53:47.845,1.5377,1.5384,1.30,1.00
2010.05.26 08:53:48.154,1.5377,1.5384,1.50,1.00
2010.05.26 08:53:48.687,1.53775,1.5384,1.00,1.00
2010.05.26 08:53:49.125,1.53775,1.5384,1.00,1.00
2010.05.26 08:53:49.301,1.53775,1.5384,1.00,1.00
2010.05.26 08:53:49.504,1.53775,1.5384,1.00,2.30
2010.05.26 08:53:49.564,1.5377,1.5384,1.50,2.10
2010.05.26 08:53:49.695,1.5377,1.5384,1.00,4.60
2010.05.26 08:53:50.128,1.5377,1.53835,1.30,1.00
2010.05.26 08:53:50.466,1.53775,1.5384,1.00,1.00
2010.05.26 08:53:52.218,1.53775,1.5384,1.00,1.00
2010.05.26 08:53:52.895,1.53775,1.53845,1.50,2.40
2010.05.26 08:53:53.715,1.5378,1.53845,1.00,2.40
2010.05.26 08:53:54.164,1.5378,1.53845,1.00,2.40
2010.05.26 08:53:54.957,1.5378,1.53845,1.70,1.60
2010.05.26 08:53:55.286,1.53785,1.5385,1.00,1.00
2010.05.26 08:53:55.744,1.53785,1.5385,1.30,1.00
2010.05.26 08:53:58.036,1.53785,1.5384,1.30,1.00
2010.05.26 08:53:58.215,1.53785,1.5384,1.00,2.40
2010.05.26 08:53:58.395,1.5378,1.5384,1.00,1.60
2010.05.26 08:53:58.576,1.5379,1.5385,1.00,1.00
2010.05.26 08:53:59.076,1.5379,1.53855,1.30,1.00
2010.05.26 08:53:59.412,1.5379,1.5386,1.20,1.30
2010.05.26 08:53:59.747,1.5379,1.5386,1.20,3.20
2010.05.26 08:54:01.128,1.5379,1.53855,1.20,1.00
2010.05.26 08:54:01.717,1.5379,1.5385,1.00,1.80
2010.05.26 08:54:03.856,1.5379,1.5384,1.00,1.00
2010.05.26 08:54:04.027,1.53795,1.5384,1.00,1.00
2010.05.26 08:54:10.661,1.53795,1.53845,1.00,1.00
2010.05.26 08:54:11.237,1.53795,1.53845,1.20,1.00
2010.05.26 08:54:11.485,1.53795,1.5385,1.20,1.00
2010.05.26 08:54:11.735,1.53795,1.53845,1.20,1.00
2010.05.26 08:54:12.236,1.53795,1.5385,1.20,1.00
2010.05.26 08:54:12.630,1.53795,1.53845,1.20,1.00
2010.05.26 08:54:14.116,1.53795,1.5385,1.20,1.00
2010.05.26 08:54:17.656,1.53795,1.53845,1.20,1.00
2010.05.26 08:54:17.887,1.53785,1.53825,1.00,3.20
2010.05.26 08:54:18.126,1.5377,1.53825,1.60,1.60
2010.05.26 08:54:18.365,1.5377,1.53825,1.00,3.20
2010.05.26 08:54:18.595,1.53765,1.53825,1.00,3.20
2010.05.26 08:54:19.936,1.53765,1.53825,3.20,1.60
2010.05.26 08:54:20.175,1.5377,1.5383,1.00,4.00
2010.05.26 08:54:20.405,1.5377,1.5383,3.10,4.00
2010.05.26 08:54:20.882,1.5377,1.5383,3.10,3.80
2010.05.26 08:54:21.906,1.53775,1.53835,2.40,4.80
2010.05.26 08:54:22.105,1.53775,1.53835,3.10,4.80
2010.05.26 08:54:23.285,1.53775,1.53835,3.10,5.00
2010.05.26 08:54:23.894,1.53775,1.53835,3.10,3.40
2010.05.26 08:54:25.186,1.53775,1.5383,3.10,1.60
2010.05.26 08:54:25.346,1.5378,1.5383,1.00,2.40
2010.05.26 08:54:25.665,1.5377,1.5383,2.80,2.40
2010.05.26 08:54:26.157,1.5377,1.53825,2.80,1.00
2010.05.26 08:54:27.646,1.53775,1.5383,2.00,1.00
2010.05.26 08:54:27.807,1.53775,1.5383,2.40,1.00
2010.05.26 08:54:27.964,1.5378,1.5383,1.00,1.00
2010.05.26 08:54:30.548,1.5378,1.53835,1.00,3.40
2010.05.26 08:54:30.567,1.5378,1.53835,1.00,5.00
2010.05.26 08:54:30.887,1.5377,1.53835,1.00,5.00
2010.05.26 08:54:31.167,1.5377,1.5383,1.00,1.00
2010.05.26 08:54:31.427,1.5377,1.53835,1.00,5.00
2010.05.26 08:54:32.010,1.5377,1.53835,1.00,3.40
2010.05.26 08:54:32.525,1.5377,1.5383,1.00,1.00
2010.05.26 08:54:33.306,1.5377,1.53835,1.00,5.00
2010.05.26 08:54:34.078,1.5377,1.53835,1.00,3.40
2010.05.26 08:54:34.188,1.5377,1.53835,1.00,3.20
2010.05.26 08:54:34.397,1.5377,1.53835,1.00,1.30
2010.05.26 08:54:34.508,1.5377,1.53835,1.00,2.40
2010.05.26 08:54:35.040,1.5377,1.53835,1.00,1.00
2010.05.26 08:54:35.149,1.5377,1.53835,1.00,2.40
2010.05.26 08:54:35.486,1.53765,1.53835,1.00,2.40
2010.05.26 08:54:35.827,1.5377,1.53835,1.00,2.40
2010.05.26 08:54:37.265,1.53765,1.53835,1.00,2.50
2010.05.26 08:54:38.156,1.53765,1.5383,1.00,1.00
2010.05.26 08:54:38.368,1.53765,1.53835,1.00,2.40
2010.05.26 08:54:38.586,1.53765,1.5382,1.00,1.00
2010.05.26 08:54:38.808,1.53765,1.53815,1.00,1.00
2010.05.26 08:54:39.218,1.5375,1.53815,3.50,2.40
2010.05.26 08:54:39.440,1.53745,1.5381,1.00,4.00
2010.05.26 08:54:39.683,1.5375,1.53815,1.00,3.20
2010.05.26 08:54:39.927,1.5375,1.53825,1.00,5.00
2010.05.26 08:54:40.166,1.5375,1.53825,1.60,5.00
2010.05.26 08:54:40.536,1.5375,1.53825,1.60,4.80
2010.05.26 08:54:40.878,1.5375,1.5382,1.00,1.00
2010.05.26 08:54:41.218,1.5375,1.53815,1.00,1.00
2010.05.26 08:54:41.557,1.53745,1.53815,1.00,1.00
2010.05.26 08:54:42.449,1.5375,1.5382,1.00,1.50
2010.05.26 08:54:43.125,1.5375,1.53815,1.00,1.00
2010.05.26 08:54:43.365,1.53745,1.5382,1.70,1.50
2010.05.26 08:54:44.536,1.5375,1.5382,1.00,1.00
2010.05.26 08:54:45.146,1.5375,1.5382,2.40,1.00
2010.05.26 08:54:45.446,1.5375,1.53825,3.20,3.20
2010.05.26 08:54:45.888,1.5375,1.5382,3.20,1.00
2010.05.26 08:54:46.191,1.5375,1.5381,4.20,1.00
2010.05.26 08:54:46.489,1.5375,1.5381,2.40,2.40
2010.05.26 08:54:46.787,1.5374,1.53805,1.60,2.40
2010.05.26 08:54:47.464,1.53735,1.53805,1.00,2.40
2010.05.26 08:54:47.808,1.53735,1.5381,2.50,3.10
2010.05.26 08:54:48.146,1.53735,1.5381,3.50,2.40
2010.05.26 08:54:48.485,1.5374,1.5381,1.00,2.40
2010.05.26 08:54:49.406,1.5374,1.5381,1.00,2.50
2010.05.26 08:54:49.586,1.5374,1.53795,1.00,1.00
2010.05.26 08:54:49.766,1.5374,1.5379,1.00,1.00
2010.05.26 08:54:49.956,1.53725,1.5379,1.00,2.40
2010.05.26 08:54:50.485,1.53725,1.5379,1.00,1.00
2010.05.26 08:54:50.800,1.5372,1.53795,3.20,3.20
2010.05.26 08:54:51.108,1.5372,1.5379,2.40,1.00
2010.05.26 08:54:51.737,1.5372,1.5379,1.00,2.40
2010.05.26 08:54:52.078,1.53715,1.5379,1.00,2.40
2010.05.26 08:54:52.421,1.53725,1.5379,1.00,2.40
2010.05.26 08:54:52.758,1.5372,1.53795,4.20,1.30
2010.05.26 08:54:53.542,1.5372,1.5378,3.40,1.00
2010.05.26 08:54:53.888,1.5372,1.5378,1.00,1.00
2010.05.26 08:54:54.509,1.53715,1.5378,1.00,1.00
2010.05.26 08:54:57.586,1.53715,1.5378,1.00,1.00
2010.05.26 08:54:57.708,1.5372,1.5378,1.00,1.00
2010.05.26 08:54:58.554,1.53715,1.5378,1.00,1.00
2010.05.26 08:54:59.010,1.5371,1.53775,1.00,1.00
2010.05.26 08:54:59.447,1.5371,1.53765,1.00,1.60
2010.05.26 08:54:59.589,1.53695,1.53765,1.00,2.40
2010.05.26 08:55:00.069,1.53695,1.5376,1.00,2.40
2010.05.26 08:55:00.947,1.53705,1.5377,1.00,4.80
2010.05.26 08:55:01.167,1.537,1.5377,1.00,5.00
2010.05.26 08:55:02.219,1.53705,1.5377,1.00,5.00
2010.05.26 08:55:02.515,1.537,1.5377,1.00,4.20
2010.05.26 08:55:03.019,1.537,1.5377,2.50,1.00
2010.05.26 08:55:03.167,1.537,1.5377,1.00,1.00
2010.05.26 08:55:03.319,1.53705,1.5377,1.00,1.60
2010.05.26 08:55:03.467,1.53705,1.53775,1.00,1.30
2010.05.26 08:55:03.618,1.53705,1.53775,1.00,1.00
2010.05.26 08:55:04.111,1.53705,1.53775,1.00,1.00
2010.05.26 08:55:04.785,1.53705,1.53775,1.00,1.00
2010.05.26 08:55:05.125,1.53705,1.53775,1.00,1.00
2010.05.26 08:55:05.477,1.537,1.5377,7.50,1.00
2010.05.26 08:55:05.817,1.53695,1.5377,4.30,2.50
2010.05.26 08:55:06.156,1.53695,1.53765,4.30,1.00
2010.05.26 08:55:06.495,1.537,1.5377,1.00,2.50
2010.05.26 08:55:07.073,1.537,1.5377,1.00,2.40
2010.05.26 08:55:07.337,1.537,1.5377,1.00,2.50
2010.05.26 08:55:08.297,1.537,1.5377,1.00,3.10
2010.05.26 08:55:09.157,1.53695,1.53765,2.50,1.00
2010.05.26 08:55:09.410,1.5368,1.53745,1.00,1.00
2010.05.26 08:55:09.606,1.5368,1.53755,1.00,4.60
2010.05.26 08:55:09.805,1.5368,1.53755,1.00,3.10
2010.05.26 08:55:10.005,1.5368,1.53755,1.60,3.10
2010.05.26 08:55:10.786,1.5368,1.53755,1.60,3.30
2010.05.26 08:55:12.491,1.5368,1.5375,1.60,1.00
2010.05.26 08:55:12.816,1.53685,1.5375,1.00,1.00
2010.05.26 08:55:13.507,1.53685,1.53755,1.00,3.30
2010.05.26 08:55:13.655,1.53685,1.5374,1.00,1.00
2010.05.26 08:55:13.795,1.53685,1.5374,1.00,1.60
2010.05.26 08:55:13.936,1.5368,1.53745,1.00,2.40
2010.05.26 08:55:14.136,1.5368,1.53735,1.00,2.40
2010.05.26 08:55:14.666,1.5368,1.5374,1.00,2.10
2010.05.26 08:55:14.865,1.5368,1.53745,1.00,1.00
2010.05.26 08:55:15.205,1.5368,1.53745,1.00,1.00
2010.05.26 08:55:18.106,1.5368,1.53745,1.00,1.00
2010.05.26 08:55:18.815,1.5368,1.53745,1.00,1.50
2010.05.26 08:55:19.058,1.5368,1.53745,1.00,4.80
2010.05.26 08:55:19.256,1.53675,1.53745,1.00,4.80
2010.05.26 08:55:20.293,1.5368,1.53745,1.00,4.80
2010.05.26 08:55:20.627,1.5368,1.5375,1.00,2.50
2010.05.26 08:55:21.305,1.5368,1.5375,1.00,2.50
2010.05.26 08:55:21.645,1.5368,1.5375,1.00,2.50
2010.05.26 08:55:23.765,1.53685,1.5375,1.00,2.40
2010.05.26 08:55:24.395,1.5369,1.5375,1.00,2.40
2010.05.26 08:55:25.556,1.5369,1.53745,1.00,1.00
2010.05.26 08:55:26.058,1.53675,1.53745,1.00,2.50
2010.05.26 08:55:26.188,1.53675,1.53745,1.00,3.10
2010.05.26 08:55:27.346,1.5367,1.5373,1.00,1.00
2010.05.26 08:55:28.026,1.5366,1.5373,1.00,2.40
2010.05.26 08:55:28.366,1.5366,1.5373,1.00,2.40
2010.05.26 08:55:29.517,1.53665,1.5373,1.00,2.40
2010.05.26 08:55:29.809,1.53655,1.5372,3.50,1.00
2010.05.26 08:55:30.098,1.53655,1.5372,1.00,1.00
2010.05.26 08:55:30.778,1.53655,1.53725,1.00,2.40
2010.05.26 08:55:31.328,1.5366,1.53725,1.00,2.40
2010.05.26 08:55:31.567,1.5366,1.53725,1.00,1.00
2010.05.26 08:55:31.798,1.53655,1.53725,1.00,2.40
2010.05.26 08:55:33.272,1.5366,1.53725,1.00,1.60
2010.05.26 08:55:33.617,1.53665,1.5373,1.00,1.60
2010.05.26 08:55:33.735,1.53665,1.5373,1.00,1.70
2010.05.26 08:55:35.219,1.53675,1.5373,1.00,1.00
2010.05.26 08:55:35.499,1.53675,1.5374,1.00,1.00
2010.05.26 08:55:36.335,1.53675,1.5374,1.00,1.00
2010.05.26 08:55:37.748,1.53675,1.5374,1.00,1.00
2010.05.26 08:55:37.925,1.53675,1.5374,1.00,1.00
2010.05.26 08:55:38.148,1.53675,1.5374,1.00,1.00
2010.05.26 08:55:43.395,1.5367,1.5374,3.20,1.00
2010.05.26 08:55:43.742,1.5368,1.5374,1.00,2.90
2010.05.26 08:55:44.088,1.5367,1.5374,1.00,2.90
2010.05.26 08:55:44.798,1.53675,1.5374,1.00,2.90
2010.05.26 08:55:45.096,1.5367,1.5374,1.00,2.90
2010.05.26 08:55:45.396,1.53675,1.5374,1.00,2.90
2010.05.26 08:55:46.069,1.5368,1.5375,4.20,1.00
2010.05.26 08:55:46.407,1.5368,1.5375,3.40,1.50
2010.05.26 08:55:46.747,1.53685,1.5375,1.00,1.00
2010.05.26 08:55:47.085,1.5368,1.5375,3.40,1.00
2010.05.26 08:55:48.148,1.53685,1.5375,1.00,1.00
2010.05.26 08:55:49.195,1.53685,1.53745,1.00,1.00
2010.05.26 08:55:49.440,1.5369,1.5375,1.00,1.00
2010.05.26 08:55:50.535,1.53685,1.5375,1.00,1.00
2010.05.26 08:55:51.218,1.53675,1.5373,1.00,2.40
2010.05.26 08:55:51.395,1.53675,1.5374,1.00,1.00
2010.05.26 08:55:51.576,1.53675,1.5373,1.00,2.40
2010.05.26 08:55:51.944,1.5367,1.5373,1.00,2.40
2010.05.26 08:55:52.141,1.5367,1.5374,1.10,1.00
2010.05.26 08:55:52.318,1.53685,1.5375,1.00,1.00
2010.05.26 08:55:52.657,1.53685,1.53755,1.00,1.50
2010.05.26 08:55:53.546,1.53685,1.53755,2.40,1.00
2010.05.26 08:55:53.746,1.53685,1.53755,4.00,1.00
2010.05.26 08:55:54.125,1.53685,1.53755,4.20,1.00
2010.05.26 08:55:54.765,1.5369,1.5376,1.00,1.70
2010.05.26 08:55:55.490,1.5369,1.53755,1.00,1.00
2010.05.26 08:55:56.157,1.5369,1.5376,2.40,1.00
2010.05.26 08:55:56.557,1.5369,1.5376,2.40,1.00
2010.05.26 08:55:58.138,1.5369,1.53765,2.60,3.30
2010.05.26 08:55:58.850,1.5369,1.5376,1.00,1.00
2010.05.26 08:55:59.837,1.5369,1.53755,1.00,1.00
2010.05.26 08:56:00.516,1.53695,1.53755,1.00,1.00
2010.05.26 08:56:07.179,1.537,1.53755,1.00,1.00
2010.05.26 08:56:07.721,1.537,1.5376,1.00,1.00
2010.05.26 08:56:08.408,1.537,1.53765,1.00,2.40
2010.05.26 08:56:08.746,1.537,1.53765,1.00,1.00
2010.05.26 08:56:09.085,1.537,1.5376,1.00,1.00
2010.05.26 08:56:09.682,1.53695,1.53765,2.60,1.60
2010.05.26 08:56:09.958,1.53695,1.5377,4.20,3.10
2010.05.26 08:56:10.248,1.537,1.5377,1.00,3.10
2010.05.26 08:56:10.577,1.537,1.53765,1.00,1.00
2010.05.26 08:56:11.262,1.53705,1.53765,1.00,1.00
2010.05.26 08:56:11.571,1.53695,1.53765,1.90,1.00
2010.05.26 08:56:12.165,1.537,1.53765,1.00,1.00
2010.05.26 08:56:14.189,1.537,1.5377,1.00,1.70
2010.05.26 08:56:14.942,1.5371,1.53775,1.00,1.60
2010.05.26 08:56:15.289,1.53715,1.53775,1.60,1.00
2010.05.26 08:56:15.964,1.5372,1.5378,1.00,1.00
2010.05.26 08:56:16.309,1.5372,1.53795,2.40,1.00
2010.05.26 08:56:16.647,1.5372,1.53795,5.10,1.00
2010.05.26 08:56:16.978,1.5372,1.53795,3.40,1.00
2010.05.26 08:56:17.308,1.5372,1.53795,5.10,1.00
2010.05.26 08:56:18.037,1.5375,1.53805,1.00,1.00
2010.05.26 08:56:18.287,1.5375,1.5381,1.00,1.00
2010.05.26 08:56:18.875,1.5375,1.53815,1.00,1.00
2010.05.26 08:56:19.219,1.5375,1.5382,1.00,1.00
2010.05.26 08:56:20.235,1.5375,1.53815,1.00,1.00
2010.05.26 08:56:21.209,1.5375,1.5381,1.00,1.00
2010.05.26 08:56:21.926,1.53755,1.53825,1.60,1.50
2010.05.26 08:56:22.126,1.5376,1.5383,1.00,1.00
2010.05.26 08:56:22.325,1.5376,1.5383,4.00,1.00
2010.05.26 08:56:23.187,1.5376,1.5383,4.00,1.00
2010.05.26 08:56:24.522,1.53765,1.5383,1.00,1.00
2010.05.26 08:56:24.599,1.53765,1.5382,1.60,1.00
2010.05.26 08:56:24.683,1.53755,1.5382,3.50,2.40
2010.05.26 08:56:24.825,1.5376,1.5382,1.00,2.40
2010.05.26 08:56:24.895,1.5377,1.53825,1.00,1.00
2010.05.26 08:56:25.232,1.5377,1.5383,1.00,2.80
2010.05.26 08:56:25.308,1.5376,1.53825,1.60,1.00
2010.05.26 08:56:25.647,1.53755,1.5381,1.80,2.40
2010.05.26 08:56:25.986,1.53745,1.53805,1.00,2.40
2010.05.26 08:56:26.330,1.53745,1.5381,1.00,1.60
2010.05.26 08:56:26.957,1.53745,1.5381,1.80,1.00
2010.05.26 08:56:27.300,1.5374,1.5381,4.40,1.00
2010.05.26 08:56:28.128,1.53745,1.5381,1.00,1.00
2010.05.26 08:56:28.601,1.5374,1.5381,4.40,1.00
2010.05.26 08:56:28.847,1.5374,1.5381,2.80,1.00
2010.05.26 08:56:29.315,1.5374,1.5381,1.80,1.00
2010.05.26 08:56:30.148,1.53745,1.5381,1.00,1.00
2010.05.26 08:56:30.475,1.5375,1.5381,1.00,1.00
2010.05.26 08:56:30.655,1.53755,1.5381,1.00,1.00
2010.05.26 08:56:31.675,1.53755,1.5381,1.00,2.40
2010.05.26 08:56:32.015,1.53745,1.5381,1.00,2.40
2010.05.26 08:56:32.185,1.5375,1.5381,1.00,2.40
2010.05.26 08:56:32.766,1.53745,1.5381,1.00,2.40
2010.05.26 08:56:33.786,1.53745,1.5381,1.00,1.00
2010.05.26 08:56:34.201,1.5375,1.5381,1.00,1.00
2010.05.26 08:56:34.477,1.5375,1.5381,1.00,2.40
2010.05.26 08:56:35.435,1.5374,1.5381,1.00,2.40
2010.05.26 08:56:36.109,1.5375,1.53815,1.00,2.60
2010.05.26 08:56:36.359,1.53755,1.53815,1.60,1.00
2010.05.26 08:56:36.607,1.53755,1.53825,1.60,1.00
2010.05.26 08:56:37.196,1.53755,1.5382,1.60,1.00
2010.05.26 08:56:37.888,1.5375,1.5382,5.10,1.00
2010.05.26 08:56:38.336,1.5375,1.5382,5.20,1.00
2010.05.26 08:56:39.668,1.5375,1.53825,5.20,2.50
2010.05.26 08:56:40.434,1.53755,1.53825,1.60,1.00
2010.05.26 08:56:40.794,1.53755,1.53825,1.00,2.40
2010.05.26 08:56:41.140,1.53755,1.53825,1.00,2.40
2010.05.26 08:56:41.478,1.53755,1.53825,1.80,1.00
2010.05.26 08:56:41.824,1.53755,1.53825,1.00,2.40
2010.05.26 08:56:42.166,1.53755,1.53825,1.00,1.00
2010.05.26 08:56:42.506,1.53755,1.53825,1.80,1.00
2010.05.26 08:56:42.846,1.53755,1.53825,1.00,2.40
2010.05.26 08:56:43.486,1.53755,1.53825,1.00,2.50
2010.05.26 08:56:44.118,1.5376,1.53825,1.00,2.40
2010.05.26 08:56:44.265,1.5376,1.53825,1.00,1.00
2010.05.26 08:56:44.405,1.53755,1.5382,1.80,1.00
2010.05.26 08:56:44.545,1.53755,1.5382,1.00,1.00
2010.05.26 08:56:45.300,1.5376,1.53825,1.00,1.00
2010.05.26 08:56:45.977,1.5376,1.53825,1.60,1.00
2010.05.26 08:56:46.249,1.53765,1.5383,1.00,1.00
2010.05.26 08:56:47.097,1.5376,1.53825,1.00,1.00
2010.05.26 08:56:47.437,1.53765,1.53825,1.00,1.00
2010.05.26 08:56:48.115,1.5377,1.53825,1.00,1.00
2010.05.26 08:56:48.816,1.53765,1.53825,1.00,1.30
2010.05.26 08:56:48.975,1.53765,1.53825,1.00,2.90
2010.05.26 08:56:50.099,1.53765,1.53825,1.00,2.90
2010.05.26 08:56:50.215,1.53765,1.53825,1.00,2.90
2010.05.26 08:56:51.207,1.5376,1.53825,1.00,2.90
2010.05.26 08:56:52.085,1.5376,1.53825,1.00,1.30
2010.05.26 08:56:52.485,1.5376,1.53825,1.80,1.30
2010.05.26 08:56:52.685,1.5376,1.53825,1.00,1.30
2010.05.26 08:56:53.425,1.5376,1.53825,1.00,1.00
2010.05.26 08:56:57.981,1.53755,1.53825,1.70,1.60
2010.05.26 08:56:58.228,1.5375,1.53825,4.20,1.70
2010.05.26 08:56:59.167,1.5375,1.5382,4.20,1.00
2010.05.26 08:57:00.332,1.5375,1.53815,4.20,1.00
2010.05.26 08:57:01.445,1.53755,1.53825,1.00,1.70
2010.05.26 08:57:01.604,1.53755,1.53825,1.80,1.70
2010.05.26 08:57:03.475,1.53765,1.53825,1.00,1.00
2010.05.26 08:57:03.746,1.5376,1.5383,4.00,1.00
2010.05.26 08:57:03.958,1.53765,1.5383,1.00,1.00
2010.05.26 08:57:04.519,1.53755,1.53825,4.40,1.00
2010.05.26 08:57:04.733,1.5376,1.53825,1.80,1.00
2010.05.26 08:57:04.999,1.5376,1.53825,1.60,1.00
2010.05.26 08:57:05.269,1.53755,1.53825,2.60,1.60
2010.05.26 08:57:05.538,1.53755,1.5383,4.20,3.30
2010.05.26 08:57:06.470,1.53755,1.5383,4.20,3.10
2010.05.26 08:57:07.145,1.53755,1.5383,4.10,3.20
2010.05.26 08:57:07.435,1.53755,1.5383,4.20,3.30
2010.05.26 08:57:07.726,1.53765,1.5383,1.00,3.10
2010.05.26 08:57:08.344,1.5376,1.5383,1.00,3.30
2010.05.26 08:57:08.547,1.5377,1.5383,1.00,3.10
2010.05.26 08:57:09.415,1.5376,1.5383,1.00,3.10
2010.05.26 08:57:10.006,1.5376,1.53815,1.00,1.00
2010.05.26 08:57:10.326,1.53755,1.53815,1.00,2.40
2010.05.26 08:57:10.656,1.5376,1.53825,1.00,1.20
2010.05.26 08:57:10.985,1.5376,1.53825,1.00,1.00
2010.05.26 08:57:12.058,1.53765,1.53825,1.00,1.00
2010.05.26 08:57:12.297,1.5377,1.53825,1.00,1.00
2010.05.26 08:57:12.912,1.53765,1.53825,1.00,1.00
2010.05.26 08:57:14.209,1.5377,1.53825,1.00,1.00
2010.05.26 08:57:14.585,1.53765,1.53825,1.00,1.00
2010.05.26 08:57:15.178,1.53775,1.53825,1.00,1.00
2010.05.26 08:57:15.795,1.5377,1.53825,1.80,1.00
2010.05.26 08:57:16.065,1.5377,1.53825,1.00,1.00
2010.05.26 08:57:18.147,1.53775,1.53825,1.00,1.00
2010.05.26 08:57:18.698,1.5377,1.53825,1.00,1.00
2010.05.26 08:57:18.907,1.53765,1.53825,1.00,1.00
2010.05.26 08:57:19.118,1.53775,1.5383,1.00,1.00
2010.05.26 08:57:19.522,1.53775,1.53835,1.00,3.10
2010.05.26 08:57:19.869,1.5377,1.5383,1.00,2.40
2010.05.26 08:57:20.208,1.5377,1.53825,1.00,1.00
2010.05.26 08:57:20.547,1.5377,1.53825,1.00,2.40
2010.05.26 08:57:21.884,1.53765,1.53825,1.00,2.40
2010.05.26 08:57:23.476,1.5377,1.53825,1.00,2.40
2010.05.26 08:57:24.097,1.53765,1.53825,1.00,2.40
2010.05.26 08:57:25.138,1.5377,1.53825,1.00,2.40
2010.05.26 08:57:25.620,1.53765,1.53825,1.00,2.40
2010.05.26 08:57:25.956,1.5376,1.53825,1.00,2.40
2010.05.26 08:57:26.296,1.5376,1.53825,1.00,1.00
2010.05.26 08:57:26.976,1.53755,1.53825,1.10,2.40
2010.05.26 08:57:27.206,1.5376,1.53825,1.00,1.60
2010.05.26 08:57:27.546,1.5376,1.53835,1.00,2.00
2010.05.26 08:57:28.049,1.53755,1.53825,1.10,1.00
2010.05.26 08:57:28.395,1.5376,1.5383,1.00,1.60
2010.05.26 08:57:28.738,1.5376,1.53825,1.00,2.40
2010.05.26 08:57:29.079,1.5376,1.53825,1.00,1.00
2010.05.26 08:57:29.757,1.5376,1.53825,1.00,1.60
2010.05.26 08:57:30.101,1.5376,1.53825,1.00,1.00
2010.05.26 08:57:30.438,1.5376,1.53835,2.60,2.20
2010.05.26 08:57:31.137,1.5377,1.53825,1.00,2.40
2010.05.26 08:57:31.985,1.53765,1.53825,1.00,2.40
2010.05.26 08:57:33.047,1.5376,1.53825,1.00,2.40
2010.05.26 08:57:33.276,1.5376,1.53825,1.00,2.40
2010.05.26 08:57:33.935,1.53765,1.53825,1.00,2.40
2010.05.26 08:57:36.188,1.53765,1.53825,1.00,1.60
2010.05.26 08:57:36.467,1.5377,1.5384,1.00,6.20
2010.05.26 08:57:36.855,1.53775,1.5384,1.00,5.20
2010.05.26 08:57:37.136,1.53775,1.5385,3.40,3.20
2010.05.26 08:57:38.840,1.53775,1.53845,3.40,1.00
2010.05.26 08:57:39.332,1.53775,1.5385,3.40,3.20
2010.05.26 08:57:40.335,1.53775,1.53845,3.50,1.00
2010.05.26 08:57:41.015,1.53775,1.53845,1.00,1.00
2010.05.26 08:57:41.295,1.53775,1.53845,1.00,1.00
2010.05.26 08:57:41.855,1.5378,1.53845,1.00,1.00
2010.05.26 08:57:42.189,1.5378,1.53855,2.60,3.10
2010.05.26 08:57:42.508,1.5378,1.5385,2.40,1.00
2010.05.26 08:57:44.323,1.5378,1.5385,4.00,1.00
2010.05.26 08:57:44.398,1.5378,1.53845,5.10,1.00
2010.05.26 08:57:47.106,1.5378,1.53845,5.20,1.00
2010.05.26 08:57:47.308,1.5378,1.53845,4.40,1.00
2010.05.26 08:57:47.416,1.5378,1.5385,4.40,1.00
2010.05.26 08:57:47.526,1.5378,1.5385,2.80,1.00
2010.05.26 08:57:47.635,1.5378,1.5385,1.10,2.50
2010.05.26 08:57:47.745,1.5378,1.5385,1.00,2.50
2010.05.26 08:57:47.856,1.53775,1.5384,2.60,1.00
2010.05.26 08:57:48.297,1.53765,1.53835,5.00,1.00
2010.05.26 08:57:48.637,1.53765,1.5384,3.40,4.00
2010.05.26 08:57:49.083,1.53765,1.5384,5.00,4.00
2010.05.26 08:57:49.417,1.53765,1.53835,2.70,1.00
2010.05.26 08:57:52.445,1.53765,1.53835,1.00,1.00
2010.05.26 08:57:52.467,1.5376,1.53835,3.50,1.00
2010.05.26 08:57:52.530,1.5376,1.53835,5.20,1.00
2010.05.26 08:57:52.869,1.5376,1.5383,5.20,1.00
2010.05.26 08:57:52.898,1.53765,1.5383,1.00,1.00
2010.05.26 08:57:55.208,1.5376,1.5383,3.50,1.00
2010.05.26 08:57:55.305,1.5376,1.5383,3.40,1.00
2010.05.26 08:57:55.395,1.5376,1.5383,2.60,1.00
2010.05.26 08:57:55.595,1.5376,1.5383,2.60,2.40
2010.05.26 08:57:55.954,1.5376,1.5383,2.60,1.00
2010.05.26 08:57:56.300,1.53755,1.5382,1.10,1.00
2010.05.26 08:57:59.604,1.53755,1.5382,1.00,1.00
2010.05.26 08:57:59.799,1.53755,1.53815,1.00,2.40
2010.05.26 08:58:00.322,1.5375,1.53815,1.00,1.00
2010.05.26 08:58:00.346,1.5375,1.5382,1.00,1.00
2010.05.26 08:58:00.539,1.53745,1.53815,1.00,2.40
2010.05.26 08:58:00.878,1.53745,1.53815,1.00,2.40
2010.05.26 08:58:01.216,1.53755,1.53815,1.00,2.40
2010.05.26 08:58:02.126,1.5376,1.53815,1.00,2.40
2010.05.26 08:58:02.736,1.5376,1.53815,1.00,2.40
2010.05.26 08:58:02.878,1.5376,1.5382,1.00,1.00
2010.05.26 08:58:03.028,1.53765,1.5383,1.00,2.40
2010.05.26 08:58:05.106,1.5377,1.5383,1.00,2.40
2010.05.26 08:58:07.466,1.5376,1.5382,1.00,1.00
2010.05.26 08:58:07.717,1.5376,1.53805,1.00,1.00
2010.05.26 08:58:07.976,1.5375,1.53815,1.10,4.00
2010.05.26 08:58:08.554,1.53755,1.53815,1.00,2.40
2010.05.26 08:58:08.799,1.5375,1.53815,1.00,2.40
2010.05.26 08:58:10.535,1.53755,1.53815,1.00,2.40
2010.05.26 08:58:11.449,1.53765,1.53815,1.00,1.60
2010.05.26 08:58:11.586,1.53765,1.53825,2.40,1.00
2010.05.26 08:58:12.111,1.53765,1.5382,1.00,1.00
2010.05.26 08:58:12.248,1.5376,1.53825,1.70,1.60
2010.05.26 08:58:12.933,1.53765,1.53835,2.80,2.40
2010.05.26 08:58:13.280,1.5377,1.5382,1.00,1.00
2010.05.26 08:58:13.617,1.53765,1.53835,2.80,1.00
2010.05.26 08:58:14.917,1.5377,1.53835,1.00,2.40
2010.05.26 08:58:15.237,1.5377,1.53835,1.00,1.60
2010.05.26 08:58:15.596,1.5377,1.5384,1.00,2.10
2010.05.26 08:58:15.942,1.53775,1.53845,1.00,1.00
2010.05.26 08:58:16.289,1.53775,1.5385,4.00,4.10
2010.05.26 08:58:16.988,1.53775,1.5385,4.10,3.80
2010.05.26 08:58:17.333,1.53775,1.53835,3.20,1.00
2010.05.26 08:58:18.022,1.53775,1.53845,4.00,1.00
2010.05.26 08:58:18.369,1.5377,1.53845,5.10,1.00
2010.05.26 08:58:18.707,1.53775,1.53845,1.00,1.00
2010.05.26 08:58:19.394,1.53775,1.53845,1.00,1.00
2010.05.26 08:58:19.739,1.53775,1.5385,1.00,4.80
2010.05.26 08:58:20.058,1.5377,1.53835,4.40,1.00
2010.05.26 08:58:20.380,1.53785,1.5383,1.00,1.60
2010.05.26 08:58:21.037,1.53785,1.5386,3.60,1.00
2010.05.26 08:58:21.377,1.53785,1.53855,3.40,1.00
2010.05.26 08:58:21.716,1.53785,1.53855,3.50,1.00
2010.05.26 08:58:22.338,1.53785,1.5385,2.70,1.00
2010.05.26 08:58:22.682,1.5379,1.5386,2.60,1.00
2010.05.26 08:58:23.289,1.5379,1.5386,2.60,4.00
2010.05.26 08:58:23.920,1.5379,1.5385,2.60,1.00
2010.05.26 08:58:24.178,1.53785,1.53855,3.50,1.00
2010.05.26 08:58:24.658,1.53785,1.5386,3.50,1.00
2010.05.26 08:58:24.998,1.53785,1.53855,3.40,1.00
2010.05.26 08:58:25.336,1.53785,1.5386,3.40,2.40
2010.05.26 08:58:25.677,1.5379,1.5386,1.00,1.00
2010.05.26 08:58:26.239,1.5379,1.53865,3.40,1.00
2010.05.26 08:58:26.577,1.5379,1.5386,3.40,3.20
2010.05.26 08:58:26.816,1.5379,1.53865,3.40,1.60
2010.05.26 08:58:27.154,1.5379,1.53865,3.40,1.30
2010.05.26 08:58:28.456,1.5379,1.53865,3.50,1.00
2010.05.26 08:58:28.796,1.5379,1.53865,3.40,1.00
2010.05.26 08:58:30.242,1.5379,1.53865,3.50,1.00
2010.05.26 08:58:31.595,1.5379,1.53865,3.40,1.00
2010.05.26 08:58:32.058,1.5379,1.5386,2.60,1.00
2010.05.26 08:58:32.330,1.5379,1.53855,2.60,1.00
2010.05.26 08:58:32.596,1.5379,1.5385,2.60,2.40
2010.05.26 08:58:32.866,1.53785,1.53855,3.50,2.40
2010.05.26 08:58:33.136,1.53785,1.5385,2.70,1.00
2010.05.26 08:58:33.476,1.53785,1.53855,3.40,1.00
2010.05.26 08:58:33.968,1.53785,1.53855,4.40,1.00
2010.05.26 08:58:34.312,1.5379,1.5386,1.00,2.30
2010.05.26 08:58:34.467,1.5379,1.5386,1.00,1.00
2010.05.26 08:58:34.628,1.5379,1.53855,1.00,1.00
2010.05.26 08:58:35.168,1.53795,1.53865,2.40,1.00
2010.05.26 08:58:35.508,1.53795,1.53865,5.20,1.00
2010.05.26 08:58:36.227,1.53805,1.53865,1.00,1.00
2010.05.26 08:58:38.105,1.5381,1.53865,1.00,1.00
2010.05.26 08:58:38.286,1.53805,1.53865,1.00,1.00
2010.05.26 08:58:39.158,1.538,1.53865,1.00,1.00
2010.05.26 08:58:40.500,1.53805,1.53865,1.00,1.00
2010.05.26 08:58:41.818,1.53805,1.53865,1.00,1.40
2010.05.26 08:58:42.251,1.538,1.53865,1.00,3.00
2010.05.26 08:58:42.593,1.538,1.53865,1.00,2.80
2010.05.26 08:58:42.937,1.53795,1.53865,1.00,3.00
2010.05.26 08:58:43.376,1.5379,1.53855,4.40,1.00
2010.05.26 08:58:43.737,1.5379,1.53855,2.70,1.00
2010.05.26 08:58:43.957,1.5379,1.53855,1.00,1.30
2010.05.26 08:58:44.255,1.5379,1.53855,1.00,1.40
2010.05.26 08:58:46.217,1.53785,1.53855,1.90,1.40
2010.05.26 08:58:46.625,1.5379,1.53855,1.00,1.40
2010.05.26 08:58:47.985,1.5379,1.53855,1.00,1.60
2010.05.26 08:58:49.636,1.5379,1.5385,1.00,1.00
2010.05.26 08:58:49.919,1.53785,1.5385,1.00,1.00
2010.05.26 08:58:50.372,1.53785,1.53845,1.00,1.00
2010.05.26 08:58:50.648,1.5378,1.5385,3.00,1.00
2010.05.26 08:58:50.987,1.5378,1.5385,3.00,1.00
2010.05.26 08:58:52.945,1.53785,1.5385,1.00,1.00
2010.05.26 08:58:53.998,1.5379,1.53855,1.60,2.00
2010.05.26 08:58:54.186,1.5379,1.53855,1.60,2.20
2010.05.26 08:58:55.197,1.5379,1.53855,1.70,2.20
2010.05.26 08:58:55.606,1.5379,1.53855,1.70,1.60
2010.05.26 08:58:55.946,1.5379,1.53855,2.50,1.00
2010.05.26 08:58:56.035,1.53795,1.53855,1.60,1.00
2010.05.26 08:58:56.215,1.5379,1.53855,1.00,2.30
2010.05.26 08:58:56.304,1.53785,1.53855,1.00,3.10
2010.05.26 08:58:57.328,1.5379,1.53855,1.00,1.00
2010.05.26 08:58:57.646,1.53795,1.53855,1.60,1.00
2010.05.26 08:58:58.287,1.53795,1.53865,4.00,1.00
2010.05.26 08:58:58.987,1.538,1.53865,1.60,1.00
2010.05.26 08:58:59.327,1.53795,1.53865,1.60,1.50
2010.05.26 08:59:00.116,1.53795,1.5386,1.70,1.00
2010.05.26 08:59:00.696,1.53795,1.5386,1.00,1.00
2010.05.26 08:59:00.981,1.53805,1.5388,1.00,7.00
2010.05.26 08:59:01.256,1.53805,1.5388,4.20,1.90
2010.05.26 08:59:01.539,1.53815,1.5388,1.60,1.00
2010.05.26 08:59:01.808,1.53815,1.53885,4.00,1.00
2010.05.26 08:59:02.836,1.53815,1.53885,2.30,1.00
2010.05.26 08:59:03.145,1.53815,1.53885,1.00,2.50
2010.05.26 08:59:03.916,1.53815,1.5388,1.00,1.00
2010.05.26 08:59:04.256,1.5381,1.5388,1.00,3.00
2010.05.26 08:59:04.595,1.5381,1.5387,2.40,1.00
2010.05.26 08:59:04.816,1.5381,1.5387,1.00,1.00
2010.05.26 08:59:06.465,1.5381,1.53865,1.00,1.00
2010.05.26 08:59:07.144,1.53805,1.53865,1.00,2.00
2010.05.26 08:59:07.443,1.5381,1.53875,1.00,1.00
2010.05.26 08:59:07.728,1.5381,1.53875,1.00,1.00
2010.05.26 08:59:08.066,1.53815,1.53875,1.60,1.00
2010.05.26 08:59:08.423,1.53815,1.53875,1.60,1.00
2010.05.26 08:59:09.338,1.53815,1.5387,1.60,1.00
2010.05.26 08:59:09.526,1.5381,1.5387,1.00,1.00
2010.05.26 08:59:10.308,1.5381,1.5387,1.00,1.00
2010.05.26 08:59:11.897,1.5381,1.53865,1.00,1.00
2010.05.26 08:59:12.264,1.5381,1.53865,1.00,1.00
2010.05.26 08:59:12.607,1.53795,1.53865,2.30,2.00
2010.05.26 08:59:13.906,1.538,1.53865,1.00,1.90
2010.05.26 08:59:14.333,1.538,1.53865,1.00,1.10
2010.05.26 08:59:14.686,1.53805,1.53865,1.00,1.00
2010.05.26 08:59:15.205,1.53805,1.53865,1.00,1.00
2010.05.26 08:59:15.365,1.53805,1.53865,1.00,1.00
2010.05.26 08:59:15.768,1.53805,1.5387,1.00,3.30
2010.05.26 08:59:16.107,1.53805,1.53865,1.00,1.00
2010.05.26 08:59:16.445,1.53805,1.53865,1.00,1.00
2010.05.26 08:59:17.681,1.53805,1.53865,1.00,1.00
2010.05.26 08:59:17.855,1.53805,1.53865,1.00,1.00
2010.05.26 08:59:18.195,1.53805,1.53865,1.00,1.00
2010.05.26 08:59:19.175,1.53805,1.53865,1.00,1.00
2010.05.26 08:59:19.515,1.53805,1.53865,1.00,1.00
2010.05.26 08:59:20.566,1.538,1.53865,1.00,1.00
2010.05.26 08:59:21.197,1.538,1.53865,1.00,1.00
2010.05.26 08:59:24.158,1.538,1.53865,1.00,1.00
2010.05.26 08:59:24.593,1.53805,1.53865,1.00,1.00
2010.05.26 08:59:24.727,1.53795,1.53865,1.50,1.00
2010.05.26 08:59:24.986,1.538,1.53865,1.60,1.00
2010.05.26 08:59:25.808,1.5381,1.53865,1.00,1.00
2010.05.26 08:59:29.875,1.5381,1.53865,1.00,2.50
2010.05.26 08:59:30.025,1.538,1.53865,1.00,2.50
2010.05.26 08:59:30.176,1.53805,1.53865,1.00,1.00
2010.05.26 08:59:30.520,1.53805,1.53865,1.00,2.50
2010.05.26 08:59:30.987,1.53805,1.53865,1.00,1.70
2010.05.26 08:59:31.216,1.53805,1.53865,1.00,1.00
2010.05.26 08:59:31.446,1.53805,1.53865,1.20,2.40
2010.05.26 08:59:31.676,1.53805,1.53855,1.00,2.40
2010.05.26 08:59:31.906,1.5379,1.53855,1.30,2.40
2010.05.26 08:59:32.468,1.5379,1.53855,1.20,2.40
2010.05.26 08:59:32.697,1.5379,1.53855,1.20,1.00
2010.05.26 08:59:33.198,1.5379,1.53855,1.30,1.00
2010.05.26 08:59:34.188,1.5379,1.53855,1.30,1.00
2010.05.26 08:59:34.506,1.5379,1.53855,2.10,1.00
2010.05.26 08:59:34.695,1.5379,1.5386,2.10,1.70
2010.05.26 08:59:34.886,1.53795,1.5386,1.00,1.00
2010.05.26 08:59:35.468,1.53795,1.53865,1.00,3.30
2010.05.26 08:59:35.933,1.53795,1.53865,1.00,1.70
2010.05.26 08:59:36.266,1.53795,1.53865,1.00,1.00
2010.05.26 08:59:38.505,1.53795,1.5386,1.00,1.00
2010.05.26 08:59:43.099,1.53795,1.53865,1.00,1.00
2010.05.26 08:59:44.213,1.53795,1.5386,1.00,1.00
2010.05.26 08:59:47.423,1.53795,1.5385,1.00,1.00
2010.05.26 08:59:47.643,1.53785,1.53825,1.00,1.00
2010.05.26 08:59:47.798,1.53785,1.53825,1.00,2.40
2010.05.26 08:59:47.956,1.5377,1.53825,1.00,2.40
2010.05.26 08:59:48.105,1.5376,1.53825,1.50,2.40
2010.05.26 08:59:48.777,1.5376,1.53825,1.00,2.40
2010.05.26 08:59:49.116,1.53765,1.53825,1.00,2.40
2010.05.26 08:59:49.507,1.53765,1.53825,1.00,1.60
2010.05.26 08:59:49.846,1.5378,1.53825,1.00,1.00
2010.05.26 08:59:50.398,1.5378,1.53825,1.00,2.40
2010.05.26 08:59:50.738,1.53765,1.53835,1.30,1.00
2010.05.26 08:59:50.996,1.53765,1.5384,5.40,3.10
2010.05.26 08:59:51.255,1.53765,1.53835,5.40,1.00
2010.05.26 08:59:51.646,1.5377,1.53835,1.00,1.00
2010.05.26 08:59:51.913,1.53775,1.53835,1.00,2.50
2010.05.26 08:59:52.259,1.5377,1.53835,1.00,2.50
2010.05.26 08:59:53.090,1.5377,1.53835,1.00,2.40
2010.05.26 08:59:53.430,1.5377,1.53835,1.00,1.00
2010.05.26 08:59:53.767,1.5377,1.53835,1.40,1.00
2010.05.26 08:59:54.154,1.5377,1.53835,3.00,1.00
2010.05.26 08:59:54.471,1.5378,1.5383,1.20,1.00
2010.05.26 08:59:54.779,1.5378,1.5383,1.00,2.40
2010.05.26 08:59:55.088,1.5377,1.53825,1.00,4.00
2010.05.26 08:59:55.727,1.53755,1.53825,1.50,4.00
2010.05.26 08:59:56.495,1.53755,1.53825,1.50,4.20
2010.05.26 08:59:56.655,1.53755,1.5383,5.70,2.90
2010.05.26 08:59:56.976,1.53765,1.5383,1.20,2.90
2010.05.26 08:59:57.449,1.53765,1.5383,1.20,3.10
2010.05.26 08:59:58.019,1.53765,1.5383,1.20,2.50
2010.05.26 08:59:59.357,1.53765,1.53825,1.20,1.00
2010.05.26 08:59:59.643,1.53755,1.53815,2.00,2.40
2010.05.26 08:59:59.976,1.53755,1.53815,1.00,2.40
