2012.05.14 02:00:00.611,1.60741,1.60804,1.13,1.13
2012.05.14 02:00:01.161,1.60741,1.60804,1.13,1.13
2012.05.14 02:00:02.050,1.60743,1.60807,1.09,1.50
2012.05.14 02:00:02.593,1.60743,1.60806,1.09,1.50
2012.05.14 02:00:11.181,1.60745,1.60796,1.09,1.13
2012.05.14 02:00:11.591,1.60736,1.60796,2.97,1.13
2012.05.14 02:00:11.652,1.60736,1.60796,2.22,1.13
2012.05.14 02:00:16.372,1.6074,1.60792,1.09,1.50
2012.05.14 02:00:17.430,1.60736,1.60794,3.32,1.50
2012.05.14 02:00:17.851,1.60745,1.60794,1.09,1.50
2012.05.14 02:00:18.110,1.60745,1.60794,1.09,1.50
2012.05.14 02:00:20.360,1.60745,1.60795,1.09,1.13
2012.05.14 02:00:23.172,1.60746,1.608,1.09,1.50
2012.05.14 02:00:23.720,1.60745,1.60804,1.47,1.50
2012.05.14 02:00:24.374,1.60747,1.60811,1.47,1.09
2012.05.14 02:00:28.920,1.60746,1.60811,1.09,1.09
2012.05.14 02:00:31.631,1.60744,1.60804,2.22,1.50
2012.05.14 02:00:43.698,1.60746,1.60801,1.13,1.09
2012.05.14 02:00:44.000,1.60746,1.60801,1.13,1.09
2012.05.14 02:00:44.170,1.60751,1.60807,1.09,2.25
2012.05.14 02:00:45.211,1.60752,1.60806,1.09,1.88
2012.05.14 02:00:45.531,1.60751,1.60806,1.09,1.50
2012.05.14 02:00:46.637,1.60751,1.60803,1.09,1.09
2012.05.14 02:00:53.907,1.60751,1.60802,1.09,1.09
2012.05.14 02:00:56.751,1.60751,1.60804,1.09,1.09
2012.05.14 02:00:57.471,1.60751,1.60802,1.09,1.09
2012.05.14 02:00:57.575,1.60751,1.60804,1.09,1.09
2012.05.14 02:01:02.814,1.60751,1.60803,1.09,1.09
2012.05.14 02:01:08.192,1.60751,1.60802,1.09,1.09
2012.05.14 02:01:08.551,1.60743,1.60802,2.57,1.09
2012.05.14 02:01:09.401,1.60745,1.60802,1.09,1.09
2012.05.14 02:01:10.794,1.60745,1.60802,1.09,1.09
2012.05.14 02:01:11.341,1.60746,1.60794,1.09,1.50
2012.05.14 02:01:13.291,1.60743,1.60795,2.22,1.50
2012.05.14 02:01:13.464,1.60738,1.60794,1.09,1.09
2012.05.14 02:01:14.273,1.60737,1.60794,1.47,1.09
2012.05.14 02:01:15.033,1.60739,1.60794,1.09,1.84
2012.05.14 02:01:19.131,1.60739,1.60794,1.09,1.09
2012.05.14 02:01:20.980,1.60737,1.60794,1.09,1.09
2012.05.14 02:01:22.301,1.60732,1.6079,1.07,1.09
2012.05.14 02:01:24.281,1.60732,1.60784,1.07,1.50
2012.05.14 02:01:25.065,1.60732,1.60786,1.07,1.88
2012.05.14 02:01:25.513,1.60732,1.60786,1.07,1.88
2012.05.14 02:01:26.673,1.60732,1.60783,1.07,1.50
2012.05.14 02:01:30.762,1.60732,1.60783,1.07,1.50
2012.05.14 02:01:31.244,1.60732,1.60783,1.07,1.50
2012.05.14 02:01:31.455,1.60732,1.60786,1.07,1.13
2012.05.14 02:01:38.070,1.60732,1.60786,1.07,1.13
2012.05.14 02:01:39.260,1.60732,1.60789,1.07,1.13
2012.05.14 02:01:41.766,1.6074,1.60793,1.11,1.47
2012.05.14 02:01:43.015,1.60739,1.60793,1.11,1.47
2012.05.14 02:01:43.194,1.60739,1.60793,1.11,1.47
2012.05.14 02:01:44.982,1.60739,1.60793,1.11,1.47
2012.05.14 02:01:45.172,1.60739,1.60797,1.44,1.09
2012.05.14 02:01:45.681,1.60739,1.60797,1.44,1.09
2012.05.14 02:01:56.052,1.60739,1.60797,1.44,1.09
2012.05.14 02:01:56.301,1.60741,1.60799,1.48,1.47
2012.05.14 02:01:57.702,1.60739,1.60797,1.44,1.09
2012.05.14 02:01:58.403,1.60739,1.60797,1.44,1.09
2012.05.14 02:01:59.114,1.60739,1.60797,1.44,1.09
2012.05.14 02:02:05.553,1.60739,1.60797,1.44,1.09
2012.05.14 02:02:05.622,1.60739,1.60797,1.44,1.09
2012.05.14 02:02:05.889,1.60739,1.60797,1.44,1.09
2012.05.14 02:02:06.456,1.60739,1.60797,1.44,1.09
2012.05.14 02:02:08.671,1.6074,1.60794,1.11,1.13
2012.05.14 02:02:09.336,1.6074,1.60794,1.11,1.13
2012.05.14 02:02:11.202,1.60736,1.6079,1.09,1.09
2012.05.14 02:02:11.393,1.60731,1.60788,1.07,1.50
2012.05.14 02:02:16.842,1.60725,1.6078,1.11,1.09
2012.05.14 02:02:17.700,1.60725,1.6078,1.11,1.09
2012.05.14 02:02:17.759,1.60725,1.6078,1.11,1.09
2012.05.14 02:02:18.042,1.60725,1.6078,1.11,1.09
2012.05.14 02:02:34.536,1.60725,1.6078,1.11,1.09
2012.05.14 02:02:43.201,1.60727,1.60786,1.07,1.50
2012.05.14 02:02:43.261,1.60734,1.60785,1.07,1.50
2012.05.14 02:02:43.441,1.60734,1.60785,1.07,1.50
2012.05.14 02:02:44.161,1.60734,1.60792,1.07,1.09
2012.05.14 02:02:46.711,1.60737,1.60794,1.07,1.50
2012.05.14 02:02:46.950,1.60736,1.60797,1.07,1.13
2012.05.14 02:02:47.467,1.60737,1.60794,1.07,1.50
2012.05.14 02:02:47.950,1.60737,1.60794,1.07,1.50
2012.05.14 02:02:48.541,1.60739,1.60797,1.09,1.13
2012.05.14 02:02:48.731,1.60746,1.60797,1.07,1.13
2012.05.14 02:02:48.852,1.60746,1.60803,1.07,1.50
2012.05.14 02:02:49.092,1.60745,1.60804,1.07,1.50
2012.05.14 02:02:50.594,1.60743,1.60806,1.44,2.22
2012.05.14 02:02:52.551,1.60743,1.60806,1.44,1.47
2012.05.14 02:02:53.181,1.60743,1.60806,1.44,1.47
2012.05.14 02:02:56.329,1.60743,1.60806,1.44,2.22
2012.05.14 02:02:58.520,1.60743,1.60806,1.07,2.59
2012.05.14 02:02:59.074,1.60738,1.60806,1.09,1.84
2012.05.14 02:02:59.892,1.60738,1.60806,1.09,2.59
2012.05.14 02:03:00.221,1.60738,1.60806,1.09,2.59
2012.05.14 02:03:05.730,1.60738,1.60806,1.09,2.59
2012.05.14 02:03:06.316,1.60739,1.60806,1.07,1.09
2012.05.14 02:03:06.976,1.6074,1.60806,1.07,1.09
2012.05.14 02:03:07.162,1.60743,1.60806,1.09,1.47
2012.05.14 02:03:07.340,1.60743,1.60806,1.44,1.47
2012.05.14 02:03:08.163,1.60743,1.60806,1.44,1.47
2012.05.14 02:03:08.221,1.60743,1.60806,1.44,1.47
2012.05.14 02:03:08.850,1.60737,1.60806,1.47,1.47
2012.05.14 02:03:14.042,1.60743,1.60806,1.09,1.09
2012.05.14 02:03:14.200,1.60743,1.60806,1.09,1.09
2012.05.14 02:03:15.054,1.60745,1.60806,1.11,1.09
2012.05.14 02:03:15.141,1.60745,1.60806,1.11,1.09
2012.05.14 02:03:15.440,1.60745,1.60806,1.11,1.09
2012.05.14 02:03:15.561,1.60745,1.60806,1.11,1.09
2012.05.14 02:03:15.921,1.60753,1.6081,1.09,1.50
2012.05.14 02:03:16.450,1.60745,1.6081,1.48,1.84
2012.05.14 02:03:16.631,1.60742,1.60809,1.09,1.50
2012.05.14 02:03:19.527,1.60742,1.60809,1.09,1.50
2012.05.14 02:03:21.700,1.60742,1.60809,1.09,1.50
2012.05.14 02:03:21.880,1.60742,1.60809,1.09,1.50
2012.05.14 02:03:22.417,1.60742,1.6081,1.09,1.09
2012.05.14 02:03:24.991,1.60742,1.60795,1.09,1.13
2012.05.14 02:03:25.351,1.60737,1.60795,1.13,1.13
2012.05.14 02:03:25.935,1.6073,1.60796,1.07,1.13
2012.05.14 02:03:26.684,1.60731,1.60796,1.07,1.13
2012.05.14 02:03:27.282,1.6073,1.60796,1.07,1.13
2012.05.14 02:03:27.846,1.60731,1.60796,1.07,1.13
2012.05.14 02:03:37.800,1.60726,1.60796,1.84,1.13
2012.05.14 02:03:38.452,1.60732,1.60796,1.09,1.13
2012.05.14 02:03:39.105,1.60727,1.60796,1.09,1.13
2012.05.14 02:03:52.302,1.60727,1.60796,1.09,1.13
2012.05.14 02:03:53.132,1.60726,1.60795,1.09,1.13
2012.05.14 02:03:53.252,1.60718,1.60783,1.44,1.50
2012.05.14 02:03:53.311,1.60718,1.60783,1.44,1.50
2012.05.14 02:03:53.431,1.60718,1.60783,1.44,1.50
2012.05.14 02:03:53.790,1.60716,1.60778,1.09,1.09
2012.05.14 02:03:55.180,1.60716,1.60778,1.09,1.09
2012.05.14 02:03:56.212,1.60716,1.60778,1.09,1.09
2012.05.14 02:04:00.001,1.60717,1.60778,1.09,1.09
2012.05.14 02:04:00.363,1.60717,1.60778,1.09,1.09
2012.05.14 02:04:01.452,1.60717,1.60778,1.09,1.09
2012.05.14 02:04:01.732,1.60717,1.60778,1.09,1.09
2012.05.14 02:04:02.171,1.60717,1.60778,1.09,1.09
2012.05.14 02:04:02.724,1.60712,1.60778,1.84,1.09
2012.05.14 02:04:02.971,1.60712,1.60778,1.09,1.09
2012.05.14 02:04:03.594,1.60707,1.60772,1.13,1.09
2012.05.14 02:04:05.151,1.60708,1.60772,1.13,1.09
2012.05.14 02:04:06.144,1.60707,1.60772,1.13,1.09
2012.05.14 02:04:06.210,1.60708,1.60772,1.13,1.09
2012.05.14 02:04:12.171,1.60708,1.60774,1.13,1.09
2012.05.14 02:04:12.303,1.60708,1.60772,1.13,1.09
2012.05.14 02:04:14.515,1.60708,1.60772,1.13,1.09
2012.05.14 02:04:14.834,1.60708,1.60774,1.13,1.09
2012.05.14 02:04:15.173,1.60708,1.60772,1.13,1.09
2012.05.14 02:04:16.134,1.60712,1.60776,1.09,1.13
2012.05.14 02:04:16.202,1.60717,1.60779,1.13,1.13
2012.05.14 02:04:16.441,1.60712,1.60776,3.24,1.13
2012.05.14 02:04:16.801,1.60707,1.60771,1.50,1.09
2012.05.14 02:04:17.372,1.60708,1.60771,1.13,1.09
2012.05.14 02:04:19.151,1.60708,1.60777,1.13,1.47
2012.05.14 02:04:19.271,1.60718,1.60777,1.09,1.13
2012.05.14 02:04:19.522,1.60712,1.60777,1.48,1.47
2012.05.14 02:04:21.611,1.60708,1.60768,1.09,1.50
2012.05.14 02:04:21.672,1.60707,1.60763,1.47,1.13
2012.05.14 02:04:22.193,1.60707,1.60763,1.13,1.13
2012.05.14 02:04:22.422,1.60701,1.60765,2.18,1.09
2012.05.14 02:04:22.842,1.60702,1.60764,1.13,1.13
2012.05.14 02:04:23.093,1.60704,1.60764,1.13,1.13
2012.05.14 02:04:23.212,1.60699,1.60761,1.80,1.50
2012.05.14 02:04:23.570,1.60696,1.60761,1.09,1.50
2012.05.14 02:04:23.781,1.60695,1.60761,1.07,1.88
2012.05.14 02:04:23.943,1.60691,1.60755,1.13,1.09
2012.05.14 02:04:25.953,1.60687,1.60755,1.47,1.09
2012.05.14 02:04:27.224,1.60686,1.60755,1.09,1.09
2012.05.14 02:04:27.891,1.60687,1.60755,1.47,1.09
2012.05.14 02:04:31.832,1.60691,1.60755,1.13,1.09
2012.05.14 02:04:39.162,1.60691,1.60755,1.13,1.09
2012.05.14 02:04:39.221,1.60691,1.60755,1.13,1.09
2012.05.14 02:04:39.655,1.60691,1.60755,1.13,1.09
2012.05.14 02:04:40.041,1.60691,1.60755,1.13,1.09
2012.05.14 02:04:40.363,1.60691,1.60755,1.13,1.09
2012.05.14 02:04:40.813,1.60691,1.60755,1.13,1.09
2012.05.14 02:04:42.351,1.60692,1.60755,1.88,1.09
2012.05.14 02:04:42.473,1.60696,1.60755,1.13,1.09
2012.05.14 02:04:42.856,1.60697,1.60759,1.13,1.09
2012.05.14 02:04:42.922,1.60701,1.60761,1.09,2.22
2012.05.14 02:04:49.881,1.60701,1.60759,1.09,1.13
2012.05.14 02:04:50.185,1.60697,1.60755,1.84,1.50
2012.05.14 02:04:50.503,1.60697,1.60753,1.50,1.09
2012.05.14 02:04:51.995,1.60697,1.60753,1.88,1.09
2012.05.14 02:04:52.324,1.60698,1.60754,1.11,1.09
2012.05.14 02:04:52.693,1.60698,1.60749,1.11,1.09
2012.05.14 02:04:52.872,1.60694,1.60743,1.11,1.09
2012.05.14 02:04:53.201,1.60691,1.60743,1.11,1.09
2012.05.14 02:04:53.961,1.60692,1.60743,1.11,1.09
2012.05.14 02:05:10.761,1.60681,1.60743,1.13,1.09
2012.05.14 02:05:10.941,1.60681,1.60739,1.13,1.09
2012.05.14 02:05:11.342,1.6068,1.60738,1.09,1.09
2012.05.14 02:05:11.662,1.60682,1.60738,1.13,1.09
2012.05.14 02:05:12.071,1.60682,1.60738,1.86,1.09
2012.05.14 02:05:12.833,1.6068,1.60738,1.09,1.09
2012.05.14 02:05:13.874,1.60682,1.60738,1.50,1.09
2012.05.14 02:05:15.573,1.6068,1.60738,1.09,1.09
2012.05.14 02:05:15.855,1.60683,1.60739,1.11,1.09
2012.05.14 02:05:17.123,1.60683,1.60738,1.11,1.09
2012.05.14 02:05:17.503,1.60677,1.60738,1.07,1.09
2012.05.14 02:05:18.341,1.60677,1.60738,1.82,1.09
2012.05.14 02:05:22.891,1.60681,1.60739,1.13,1.09
2012.05.14 02:05:23.121,1.60681,1.60739,1.50,1.09
2012.05.14 02:05:28.730,1.6068,1.60738,1.09,1.09
2012.05.14 02:05:29.008,1.60681,1.60739,1.50,1.09
2012.05.14 02:05:30.105,1.6068,1.60738,1.09,1.09
2012.05.14 02:05:30.593,1.60682,1.60738,1.50,1.09
2012.05.14 02:05:34.615,1.6068,1.60738,1.09,1.09
2012.05.14 02:05:35.281,1.60679,1.60738,1.09,1.09
2012.05.14 02:05:35.911,1.60679,1.60738,1.09,1.09
2012.05.14 02:05:38.992,1.60671,1.60733,1.86,1.09
2012.05.14 02:05:39.783,1.60671,1.60733,1.86,1.09
2012.05.14 02:05:40.162,1.60677,1.60733,1.13,1.09
2012.05.14 02:05:46.851,1.60677,1.60733,1.13,1.09
2012.05.14 02:05:47.211,1.60676,1.60733,1.11,1.09
2012.05.14 02:05:47.271,1.60676,1.60734,1.86,1.09
2012.05.14 02:05:47.973,1.60676,1.60734,1.86,1.09
2012.05.14 02:05:54.071,1.60676,1.60734,1.86,1.09
2012.05.14 02:05:54.130,1.60682,1.60738,1.86,1.09
2012.05.14 02:05:54.190,1.60683,1.60738,1.11,1.09
2012.05.14 02:05:55.013,1.60678,1.60737,1.07,1.09
2012.05.14 02:05:55.314,1.60678,1.60737,1.07,1.09
2012.05.14 02:05:55.856,1.60678,1.60737,1.07,1.09
2012.05.14 02:05:58.972,1.60676,1.60729,1.11,1.09
2012.05.14 02:06:00.800,1.60676,1.60729,1.11,1.09
2012.05.14 02:06:05.152,1.60676,1.60729,1.11,1.09
2012.05.14 02:06:05.273,1.60676,1.60729,1.11,1.09
2012.05.14 02:06:05.451,1.60676,1.60729,1.11,1.09
2012.05.14 02:06:05.640,1.60676,1.60729,1.11,1.09
2012.05.14 02:06:06.249,1.60676,1.60729,1.11,1.09
2012.05.14 02:06:12.502,1.60676,1.60729,1.11,1.09
2012.05.14 02:06:13.784,1.60676,1.60729,1.11,1.09
2012.05.14 02:06:13.992,1.60676,1.60729,1.11,1.09
2012.05.14 02:06:14.092,1.60676,1.60729,1.11,1.09
2012.05.14 02:06:14.876,1.60676,1.60729,1.11,1.09
2012.05.14 02:06:15.832,1.60676,1.60729,1.11,1.09
2012.05.14 02:06:16.866,1.60676,1.60729,1.11,1.09
2012.05.14 02:06:17.952,1.60676,1.60729,1.11,1.09
2012.05.14 02:06:20.152,1.60676,1.60729,1.11,1.09
2012.05.14 02:06:20.892,1.60676,1.60729,1.11,1.09
2012.05.14 02:06:21.192,1.60676,1.60734,1.11,1.09
2012.05.14 02:06:21.473,1.60676,1.60734,1.11,1.09
2012.05.14 02:06:21.843,1.60676,1.60734,1.11,1.09
2012.05.14 02:06:22.102,1.60676,1.60734,1.11,1.09
2012.05.14 02:06:29.392,1.60676,1.60729,1.11,1.09
2012.05.14 02:06:29.640,1.60676,1.6073,1.11,1.09
2012.05.14 02:06:29.703,1.60673,1.60729,1.11,1.13
2012.05.14 02:06:30.457,1.60673,1.60729,1.11,1.13
2012.05.14 02:06:31.301,1.60673,1.60729,1.11,1.13
2012.05.14 02:06:33.909,1.60673,1.60729,1.11,1.13
2012.05.14 02:06:34.048,1.60673,1.60729,1.11,1.13
2012.05.14 02:06:34.211,1.60673,1.60729,1.11,1.13
2012.05.14 02:06:34.394,1.60673,1.60729,1.11,1.13
2012.05.14 02:06:34.863,1.60673,1.60724,1.11,1.09
2012.05.14 02:06:37.941,1.60673,1.6072,1.11,1.09
2012.05.14 02:06:43.202,1.6067,1.60724,1.11,1.09
2012.05.14 02:06:43.865,1.60673,1.60724,1.11,1.09
2012.05.14 02:06:45.308,1.60674,1.60725,1.09,1.09
2012.05.14 02:06:52.312,1.60674,1.60725,1.44,1.09
2012.05.14 02:06:52.471,1.6067,1.60721,1.11,1.09
2012.05.14 02:06:56.942,1.6067,1.60723,1.11,1.09
2012.05.14 02:06:59.012,1.60673,1.60723,1.11,1.09
2012.05.14 02:06:59.353,1.60678,1.60729,1.13,1.09
2012.05.14 02:06:59.532,1.60678,1.60731,1.13,1.50
2012.05.14 02:07:00.413,1.60683,1.60732,1.11,1.09
2012.05.14 02:07:00.531,1.60683,1.60732,1.11,1.09
2012.05.14 02:07:00.894,1.60685,1.60733,1.11,1.09
2012.05.14 02:07:01.261,1.60685,1.60737,1.44,1.09
2012.05.14 02:07:01.322,1.60686,1.60738,1.07,1.09
2012.05.14 02:07:01.903,1.60685,1.60738,1.44,1.09
2012.05.14 02:07:05.043,1.60685,1.60737,1.11,1.09
2012.05.14 02:07:08.202,1.60685,1.60738,1.11,1.09
2012.05.14 02:07:08.426,1.60685,1.60737,1.11,1.09
2012.05.14 02:07:09.041,1.60685,1.60737,1.11,1.09
2012.05.14 02:07:09.571,1.60685,1.60737,1.11,1.09
2012.05.14 02:07:10.023,1.60685,1.60739,1.11,1.09
2012.05.14 02:07:14.450,1.60685,1.60737,1.11,1.09
2012.05.14 02:07:14.642,1.60685,1.60739,1.11,1.09
2012.05.14 02:07:18.835,1.60685,1.60739,1.11,1.09
2012.05.14 02:07:18.980,1.60685,1.60737,1.11,1.09
2012.05.14 02:07:19.211,1.60679,1.60737,1.11,1.09
2012.05.14 02:07:19.871,1.60677,1.60737,1.84,1.09
2012.05.14 02:07:20.264,1.60677,1.60737,1.09,1.09
2012.05.14 02:07:20.482,1.60677,1.60737,1.44,1.09
2012.05.14 02:07:21.693,1.60677,1.60737,1.82,1.09
2012.05.14 02:07:23.881,1.60682,1.60738,1.13,1.09
2012.05.14 02:07:24.871,1.60682,1.60738,1.13,1.09
2012.05.14 02:07:25.376,1.60685,1.60745,1.11,1.13
2012.05.14 02:07:28.481,1.60685,1.60745,1.11,1.13
2012.05.14 02:07:30.113,1.60687,1.60745,1.13,1.13
2012.05.14 02:07:30.872,1.60685,1.60745,1.11,1.13
2012.05.14 02:07:31.721,1.60685,1.60741,1.11,1.09
2012.05.14 02:07:32.292,1.60685,1.60741,1.11,1.09
2012.05.14 02:07:41.063,1.60686,1.60734,1.11,1.09
2012.05.14 02:07:42.515,1.60677,1.60734,1.11,1.09
2012.05.14 02:07:42.702,1.60677,1.60731,1.11,1.09
2012.05.14 02:07:45.111,1.60677,1.60731,1.11,1.09
2012.05.14 02:07:45.292,1.60671,1.60723,1.07,1.13
2012.05.14 02:07:45.472,1.60671,1.60718,1.07,1.50
2012.05.14 02:07:45.531,1.60665,1.6072,2.14,1.13
2012.05.14 02:07:49.568,1.60662,1.6072,2.22,1.13
2012.05.14 02:07:49.980,1.60662,1.6072,1.13,1.13
2012.05.14 02:07:50.972,1.60662,1.6072,1.48,1.13
2012.05.14 02:08:00.775,1.60662,1.6072,1.13,1.13
2012.05.14 02:08:01.725,1.60666,1.60724,1.13,1.13
2012.05.14 02:08:04.701,1.60666,1.60726,1.13,1.09
2012.05.14 02:08:05.682,1.6067,1.60728,1.13,1.47
2012.05.14 02:08:06.952,1.60667,1.60726,1.13,1.09
2012.05.14 02:08:07.500,1.60667,1.60726,1.13,1.09
2012.05.14 02:08:08.173,1.60667,1.60726,1.13,1.09
2012.05.14 02:08:09.020,1.60667,1.60726,1.13,1.09
2012.05.14 02:08:10.412,1.60661,1.60726,2.19,1.09
2012.05.14 02:08:10.951,1.60661,1.60722,1.47,1.13
2012.05.14 02:08:11.311,1.60657,1.60715,1.82,1.09
2012.05.14 02:08:23.792,1.60665,1.60715,1.11,1.09
2012.05.14 02:08:24.152,1.60658,1.60721,1.07,1.13
2012.05.14 02:08:24.432,1.60659,1.60721,1.07,1.13
2012.05.14 02:08:24.493,1.60659,1.60721,1.07,1.13
2012.05.14 02:08:25.193,1.60658,1.60721,1.07,1.13
2012.05.14 02:08:27.053,1.60659,1.60721,1.07,1.13
2012.05.14 02:08:30.161,1.60657,1.60722,1.09,1.13
2012.05.14 02:08:30.221,1.60652,1.60722,1.09,1.13
2012.05.14 02:08:30.282,1.60651,1.60715,1.50,1.09
2012.05.14 02:08:30.471,1.60649,1.60715,2.18,1.09
2012.05.14 02:08:30.711,1.60652,1.60715,1.13,1.09
2012.05.14 02:08:31.442,1.60646,1.60715,1.47,1.09
2012.05.14 02:08:35.070,1.60646,1.60715,1.84,1.09
2012.05.14 02:08:35.190,1.60655,1.6072,1.13,2.18
2012.05.14 02:08:40.756,1.60652,1.60723,1.50,1.13
2012.05.14 02:08:43.670,1.60655,1.60723,1.13,1.13
2012.05.14 02:08:51.132,1.60651,1.60723,1.50,1.13
2012.05.14 02:08:57.958,1.6065,1.60723,1.13,1.13
2012.05.14 02:08:58.174,1.60651,1.60722,1.50,2.18
2012.05.14 02:08:59.332,1.60655,1.60722,1.13,2.18
2012.05.14 02:08:59.512,1.60662,1.60723,1.47,1.09
2012.05.14 02:08:59.872,1.60651,1.60712,1.84,1.09
2012.05.14 02:09:01.879,1.60655,1.60713,1.50,1.09
2012.05.14 02:09:02.181,1.60651,1.60712,1.84,1.09
2012.05.14 02:09:02.301,1.60655,1.60713,1.13,1.09
2012.05.14 02:09:03.672,1.60652,1.60712,1.50,1.09
2012.05.14 02:09:12.600,1.60652,1.60708,1.50,1.09
2012.05.14 02:09:12.902,1.60647,1.60707,1.11,1.09
2012.05.14 02:09:12.962,1.60652,1.6071,1.13,1.13
2012.05.14 02:09:14.253,1.60653,1.60718,1.11,1.09
2012.05.14 02:09:14.416,1.60657,1.60718,1.13,1.09
2012.05.14 02:09:18.593,1.60657,1.60718,1.13,1.09
2012.05.14 02:09:19.135,1.60657,1.60718,1.13,1.09
2012.05.14 02:09:19.204,1.60653,1.60718,1.11,1.09
2012.05.14 02:09:21.166,1.60657,1.60718,1.13,1.09
2012.05.14 02:09:22.059,1.60657,1.60718,1.13,1.09
2012.05.14 02:09:23.731,1.60654,1.60718,1.50,1.09
2012.05.14 02:09:24.072,1.60651,1.60718,1.50,1.09
2012.05.14 02:09:26.131,1.60646,1.60718,1.47,1.09
2012.05.14 02:09:26.251,1.60652,1.60718,1.13,1.09
2012.05.14 02:09:26.312,1.60647,1.60718,1.47,1.09
2012.05.14 02:09:26.445,1.60651,1.60718,1.13,1.09
2012.05.14 02:09:27.066,1.60651,1.60718,1.13,1.09
2012.05.14 02:09:27.672,1.60654,1.60718,1.13,1.09
2012.05.14 02:09:32.004,1.60651,1.60718,1.50,1.09
2012.05.14 02:09:35.272,1.60651,1.60718,1.50,1.09
2012.05.14 02:09:36.921,1.60651,1.60718,1.50,1.09
2012.05.14 02:09:37.334,1.60649,1.60718,1.47,1.09
2012.05.14 02:09:38.993,1.60652,1.60718,1.50,1.09
2012.05.14 02:09:41.046,1.60651,1.60718,1.50,1.09
2012.05.14 02:09:41.154,1.60649,1.60718,1.47,1.09
2012.05.14 02:09:45.429,1.60651,1.60718,1.50,1.09
2012.05.14 02:10:03.844,1.60649,1.60718,1.47,1.09
2012.05.14 02:10:05.871,1.60649,1.60718,1.47,1.09
2012.05.14 02:10:11.884,1.60652,1.60718,1.50,1.09
2012.05.14 02:10:11.955,1.60649,1.60718,1.47,1.09
2012.05.14 02:10:15.254,1.60652,1.60713,1.50,2.18
2012.05.14 02:10:15.840,1.60652,1.60719,1.50,1.50
2012.05.14 02:10:18.290,1.60651,1.60719,1.50,1.50
2012.05.14 02:10:18.411,1.60649,1.60719,1.13,2.93
2012.05.14 02:10:19.496,1.60649,1.60719,1.13,2.93
2012.05.14 02:10:19.830,1.60651,1.60719,1.50,1.50
2012.05.14 02:10:19.950,1.60649,1.60719,1.13,1.50
2012.05.14 02:10:20.247,1.60651,1.60719,1.50,1.50
2012.05.14 02:10:35.870,1.60655,1.60719,1.13,1.88
2012.05.14 02:10:35.994,1.60662,1.60719,1.09,1.13
2012.05.14 02:10:36.062,1.60662,1.60716,1.44,1.50
2012.05.14 02:10:36.424,1.60655,1.60711,1.11,1.09
2012.05.14 02:10:36.662,1.60652,1.60711,1.82,1.09
2012.05.14 02:10:36.915,1.60652,1.60711,1.82,1.09
2012.05.14 02:10:39.875,1.60652,1.60711,1.44,1.09
2012.05.14 02:10:40.103,1.60652,1.60711,2.57,1.09
2012.05.14 02:10:41.798,1.60652,1.60711,2.57,1.09
2012.05.14 02:10:43.741,1.60652,1.60711,2.57,1.09
2012.05.14 02:10:43.981,1.60661,1.60716,1.13,1.09
2012.05.14 02:10:44.041,1.60661,1.60719,1.13,1.84
2012.05.14 02:10:44.393,1.60658,1.60716,1.09,1.50
2012.05.14 02:10:44.711,1.60656,1.60714,1.86,1.09
2012.05.14 02:10:45.245,1.60656,1.60714,1.50,1.09
2012.05.14 02:10:45.751,1.60656,1.60711,1.11,1.09
2012.05.14 02:10:47.792,1.60655,1.60711,1.11,1.09
2012.05.14 02:10:48.151,1.60655,1.60711,1.11,1.09
2012.05.14 02:10:49.152,1.60655,1.60711,1.11,1.09
2012.05.14 02:10:49.396,1.60655,1.60711,1.11,1.84
2012.05.14 02:10:51.062,1.60655,1.6071,1.11,1.50
2012.05.14 02:10:51.621,1.60655,1.60711,1.11,1.09
2012.05.14 02:10:52.222,1.60656,1.60713,2.94,1.88
2012.05.14 02:10:53.475,1.60656,1.60713,2.59,1.13
2012.05.14 02:10:53.797,1.60656,1.60713,2.59,1.13
2012.05.14 02:10:54.018,1.60656,1.60713,2.59,1.13
2012.05.14 02:10:56.981,1.60656,1.60713,2.59,1.13
2012.05.14 02:11:00.944,1.60656,1.60705,1.09,1.09
2012.05.14 02:11:16.584,1.60655,1.60709,1.44,1.84
2012.05.14 02:11:17.204,1.60656,1.60709,1.07,1.84
2012.05.14 02:11:18.183,1.6066,1.60708,1.13,1.09
2012.05.14 02:11:20.113,1.60666,1.60714,1.47,1.84
2012.05.14 02:11:20.233,1.60659,1.60707,1.13,1.09
2012.05.14 02:11:21.282,1.60655,1.60707,1.44,1.09
2012.05.14 02:11:21.473,1.60657,1.60707,1.47,1.09
2012.05.14 02:11:21.534,1.60657,1.60709,1.47,1.09
2012.05.14 02:11:21.593,1.60661,1.60707,1.11,1.09
2012.05.14 02:11:21.895,1.60652,1.60703,1.11,1.09
2012.05.14 02:11:22.253,1.60647,1.60703,1.47,1.47
2012.05.14 02:11:25.685,1.6065,1.60703,1.07,1.47
2012.05.14 02:11:25.753,1.60655,1.60705,1.44,1.50
2012.05.14 02:11:25.813,1.60659,1.60707,1.11,1.09
2012.05.14 02:11:25.933,1.60659,1.60709,1.11,1.09
2012.05.14 02:11:26.464,1.60658,1.60709,1.11,1.09
2012.05.14 02:11:28.193,1.60659,1.60713,1.09,2.22
2012.05.14 02:11:28.252,1.60659,1.60713,1.44,1.09
2012.05.14 02:11:29.302,1.60659,1.60713,1.07,1.09
2012.05.14 02:11:33.422,1.60661,1.60713,1.09,1.09
2012.05.14 02:11:33.752,1.60661,1.60713,1.09,1.09
2012.05.14 02:11:33.993,1.60656,1.60713,2.22,1.09
2012.05.14 02:11:35.213,1.60652,1.60709,1.47,1.09
2012.05.14 02:11:36.813,1.6065,1.60709,1.47,1.09
2012.05.14 02:11:37.872,1.6065,1.60704,1.13,1.09
2012.05.14 02:11:40.322,1.60646,1.60704,1.50,1.09
2012.05.14 02:11:42.084,1.60653,1.60704,1.11,1.09
2012.05.14 02:11:43.713,1.60658,1.60709,1.11,1.09
2012.05.14 02:11:53.863,1.60658,1.60706,1.11,1.09
2012.05.14 02:11:58.201,1.60658,1.60706,1.11,1.09
2012.05.14 02:11:58.444,1.60656,1.60706,1.48,1.09
2012.05.14 02:11:58.742,1.60645,1.60696,1.07,1.09
2012.05.14 02:11:58.802,1.60644,1.60696,1.09,1.09
2012.05.14 02:11:59.441,1.60642,1.60698,1.47,1.09
2012.05.14 02:12:00.084,1.60641,1.60696,1.44,1.09
2012.05.14 02:12:00.925,1.60641,1.60701,1.09,1.09
2012.05.14 02:12:02.471,1.60641,1.60701,1.09,1.09
2012.05.14 02:12:02.683,1.6064,1.60701,1.44,1.09
2012.05.14 02:12:03.216,1.60641,1.60701,1.07,1.09
2012.05.14 02:12:03.873,1.60641,1.60701,1.07,1.09
2012.05.14 02:12:04.384,1.6064,1.60701,1.44,1.09
2012.05.14 02:12:04.872,1.60641,1.60701,1.44,1.09
2012.05.14 02:12:05.800,1.60641,1.60701,1.09,1.09
2012.05.14 02:12:07.231,1.60642,1.60701,1.07,1.09
2012.05.14 02:12:07.292,1.60645,1.60701,1.13,1.09
2012.05.14 02:12:07.592,1.60641,1.60701,1.07,1.09
2012.05.14 02:12:09.274,1.6064,1.60701,1.07,1.09
2012.05.14 02:12:10.253,1.60641,1.60701,1.07,1.09
2012.05.14 02:12:10.893,1.60642,1.60701,1.09,1.09
2012.05.14 02:12:10.952,1.60644,1.60701,1.11,1.09
2012.05.14 02:12:13.177,1.60643,1.60701,1.11,1.09
2012.05.14 02:12:13.481,1.60652,1.60704,1.11,1.09
2012.05.14 02:12:14.321,1.6065,1.60704,1.11,1.09
2012.05.14 02:12:14.711,1.6065,1.60701,1.11,1.09
2012.05.14 02:12:14.993,1.6065,1.60703,1.11,1.09
2012.05.14 02:12:23.674,1.60645,1.60701,1.13,1.09
2012.05.14 02:12:24.005,1.6065,1.60704,1.11,1.09
2012.05.14 02:12:27.475,1.60652,1.60709,1.48,1.09
2012.05.14 02:12:29.469,1.60652,1.60709,1.86,1.09
2012.05.14 02:12:29.533,1.60652,1.60709,1.11,1.09
2012.05.14 02:12:31.093,1.60652,1.60711,2.94,1.09
2012.05.14 02:12:31.155,1.60652,1.60711,2.94,1.09
2012.05.14 02:12:40.501,1.60653,1.60711,1.07,1.09
2012.05.14 02:12:45.634,1.60648,1.60706,1.11,1.09
2012.05.14 02:12:45.692,1.60645,1.60706,1.09,1.09
2012.05.14 02:13:06.415,1.60643,1.60702,1.13,1.09
2012.05.14 02:13:06.483,1.60643,1.60702,1.13,1.09
2012.05.14 02:13:06.714,1.60643,1.60702,1.48,1.09
2012.05.14 02:13:07.287,1.60644,1.60702,1.11,1.09
2012.05.14 02:13:07.412,1.60648,1.60712,1.09,1.09
2012.05.14 02:13:10.592,1.60648,1.60712,1.09,1.09
2012.05.14 02:13:10.732,1.60648,1.60712,1.09,1.09
2012.05.14 02:13:10.792,1.60648,1.60712,1.09,1.09
2012.05.14 02:13:12.052,1.60647,1.60712,1.47,1.09
2012.05.14 02:13:13.674,1.60644,1.60712,1.09,1.09
2012.05.14 02:13:14.377,1.60649,1.60712,1.07,1.09
2012.05.14 02:13:14.502,1.60651,1.60712,1.13,1.09
2012.05.14 02:13:15.032,1.60652,1.60712,1.50,1.09
2012.05.14 02:13:16.683,1.60647,1.60712,1.44,1.09
2012.05.14 02:13:18.233,1.60644,1.60712,1.09,1.09
2012.05.14 02:13:31.993,1.60647,1.60712,1.47,1.09
2012.05.14 02:13:32.528,1.60647,1.60707,1.86,1.09
2012.05.14 02:13:34.354,1.60647,1.60707,1.11,1.09
2012.05.14 02:13:34.942,1.60647,1.60707,1.11,1.09
2012.05.14 02:13:35.456,1.60643,1.60707,1.13,1.09
2012.05.14 02:13:44.116,1.60642,1.60707,1.13,1.09
2012.05.14 02:13:44.182,1.60642,1.60707,1.13,1.09
2012.05.14 02:13:44.712,1.60642,1.60707,1.13,1.09
2012.05.14 02:13:44.915,1.60643,1.60707,1.13,1.47
2012.05.14 02:13:45.472,1.60642,1.60705,1.13,1.13
2012.05.14 02:13:45.803,1.60643,1.60707,1.13,1.09
2012.05.14 02:13:46.123,1.60641,1.60703,1.11,1.13
2012.05.14 02:13:46.184,1.60642,1.60703,1.50,1.13
2012.05.14 02:13:47.843,1.60643,1.60707,1.13,1.09
2012.05.14 02:13:48.411,1.6064,1.60702,1.44,1.13
2012.05.14 02:13:50.194,1.6064,1.60702,1.44,1.88
2012.05.14 02:14:05.402,1.6064,1.60696,1.11,1.09
2012.05.14 02:14:05.765,1.60637,1.60692,1.11,1.09
2012.05.14 02:14:06.285,1.60638,1.60692,1.11,1.09
2012.05.14 02:14:08.362,1.60641,1.60693,1.11,1.09
2012.05.14 02:14:08.687,1.60641,1.60692,1.11,1.09
2012.05.14 02:14:08.955,1.60641,1.60696,1.11,1.09
2012.05.14 02:14:09.901,1.60641,1.60696,1.11,1.09
2012.05.14 02:14:17.387,1.6064,1.60696,1.11,1.09
2012.05.14 02:14:23.262,1.60637,1.60696,1.11,1.09
2012.05.14 02:14:23.562,1.60634,1.60696,1.82,1.09
2012.05.14 02:14:30.843,1.60635,1.60695,1.11,1.13
2012.05.14 02:14:34.973,1.60638,1.60695,1.11,1.13
2012.05.14 02:14:36.124,1.60634,1.60696,1.44,1.47
2012.05.14 02:14:39.752,1.60634,1.60696,1.44,1.47
2012.05.14 02:14:40.042,1.60634,1.60696,1.44,1.47
2012.05.14 02:14:40.459,1.60634,1.60694,1.44,2.18
2012.05.14 02:14:41.362,1.6064,1.60695,1.11,1.50
2012.05.14 02:14:58.015,1.6064,1.60695,1.11,1.50
2012.05.14 02:14:58.332,1.6064,1.60695,1.11,1.50
2012.05.14 02:14:58.922,1.60641,1.60695,1.11,2.25
2012.05.14 02:14:59.664,1.60641,1.60695,1.11,2.25
2012.05.14 02:15:00.654,1.60641,1.60695,1.11,2.25
2012.05.14 02:15:16.814,1.60641,1.60695,1.44,2.59
2012.05.14 02:15:16.933,1.60641,1.60695,1.44,2.59
2012.05.14 02:15:32.473,1.60637,1.60689,1.44,1.09
2012.05.14 02:15:36.202,1.60634,1.60683,1.11,1.09
2012.05.14 02:15:36.504,1.60634,1.60689,1.09,1.09
2012.05.14 02:15:37.380,1.60638,1.60689,1.07,1.09
2012.05.14 02:15:38.984,1.60638,1.60687,1.11,1.84
2012.05.14 02:15:39.410,1.60639,1.60689,1.09,1.09
2012.05.14 02:15:39.937,1.60639,1.60689,1.09,1.09
2012.05.14 02:15:44.206,1.60639,1.60689,1.09,1.09
2012.05.14 02:15:49.023,1.60639,1.6069,1.09,1.09
2012.05.14 02:15:49.799,1.60639,1.60689,1.09,1.09
2012.05.14 02:15:50.395,1.60647,1.60693,1.50,1.09
2012.05.14 02:15:50.524,1.60654,1.60704,1.09,1.09
2012.05.14 02:15:51.715,1.60649,1.60704,1.07,1.09
2012.05.14 02:15:52.914,1.60655,1.60708,1.11,2.22
2012.05.14 02:15:55.594,1.60661,1.60704,1.11,1.09
2012.05.14 02:15:55.715,1.60661,1.60704,1.11,1.09
2012.05.14 02:15:56.434,1.60656,1.60709,1.11,1.09
2012.05.14 02:15:57.333,1.60657,1.60709,1.07,1.09
2012.05.14 02:15:58.563,1.60657,1.60713,3.24,1.09
2012.05.14 02:15:58.754,1.60661,1.60716,1.09,1.09
2012.05.14 02:15:59.841,1.60661,1.60716,1.09,1.09
2012.05.14 02:16:03.352,1.60657,1.60715,3.64,1.09
2012.05.14 02:16:03.475,1.60657,1.60715,2.14,1.47
2012.05.14 02:16:04.463,1.60656,1.60713,1.07,1.50
2012.05.14 02:16:04.850,1.60652,1.60706,1.11,1.09
2012.05.14 02:16:05.615,1.60652,1.60706,1.11,1.09
2012.05.14 02:16:05.944,1.60652,1.60706,1.11,1.09
2012.05.14 02:16:06.435,1.60653,1.60706,1.11,1.09
2012.05.14 02:16:06.804,1.60636,1.60703,1.07,1.09
2012.05.14 02:16:06.863,1.60637,1.60703,1.48,1.09
2012.05.14 02:16:07.431,1.60637,1.60703,1.48,1.09
2012.05.14 02:16:08.839,1.60637,1.60703,1.48,1.09
2012.05.14 02:16:10.157,1.60637,1.60703,1.48,1.09
2012.05.14 02:16:10.846,1.60635,1.60693,1.11,1.09
2012.05.14 02:16:10.973,1.60635,1.60693,1.11,1.09
2012.05.14 02:16:11.545,1.60637,1.60693,1.48,1.09
2012.05.14 02:16:33.492,1.60635,1.60693,1.11,1.09
2012.05.14 02:16:34.985,1.60637,1.60693,1.48,1.09
2012.05.14 02:16:35.315,1.60635,1.60693,1.11,1.09
2012.05.14 02:16:35.974,1.60636,1.60694,1.48,1.09
2012.05.14 02:16:36.033,1.60635,1.60693,1.11,1.09
2012.05.14 02:16:36.134,1.60636,1.60694,1.48,1.09
2012.05.14 02:16:39.062,1.60632,1.60693,1.50,1.09
2012.05.14 02:16:40.532,1.60636,1.60694,1.50,1.09
2012.05.14 02:16:41.246,1.60636,1.60693,1.11,1.09
2012.05.14 02:16:41.464,1.60636,1.60694,1.86,1.09
2012.05.14 02:16:42.147,1.60632,1.60693,1.50,1.09
2012.05.14 02:16:42.212,1.60636,1.60694,1.50,1.09
2012.05.14 02:16:43.772,1.60636,1.60694,1.13,1.09
2012.05.14 02:16:43.892,1.60632,1.60693,1.11,1.09
2012.05.14 02:16:44.215,1.60637,1.60693,1.13,1.09
2012.05.14 02:16:46.654,1.60635,1.60697,1.09,1.09
2012.05.14 02:16:46.834,1.60632,1.60696,1.07,1.13
2012.05.14 02:16:47.016,1.60637,1.60697,1.47,1.09
2012.05.14 02:16:47.083,1.60637,1.60697,1.09,1.09
2012.05.14 02:16:47.143,1.60637,1.60697,1.47,1.09
2012.05.14 02:16:47.457,1.60632,1.60697,1.09,1.09
2012.05.14 02:16:51.232,1.60632,1.60697,1.47,1.09
2012.05.14 02:17:04.497,1.60631,1.60695,1.86,1.09
2012.05.14 02:17:05.716,1.60631,1.60695,1.11,1.09
2012.05.14 02:17:06.003,1.60631,1.60695,1.86,1.09
2012.05.14 02:17:06.717,1.60631,1.60695,1.86,1.09
2012.05.14 02:17:07.640,1.60631,1.60695,1.86,1.09
2012.05.14 02:17:08.371,1.60631,1.60695,1.86,1.09
2012.05.14 02:17:08.693,1.60632,1.60695,1.48,1.09
2012.05.14 02:17:12.133,1.60637,1.60695,1.13,1.09
2012.05.14 02:17:13.381,1.60637,1.60695,1.13,1.09
2012.05.14 02:17:14.975,1.60632,1.60695,1.11,1.09
2012.05.14 02:17:21.446,1.60636,1.60695,1.13,1.09
2012.05.14 02:17:21.704,1.60632,1.60695,1.11,1.09
2012.05.14 02:17:21.981,1.60636,1.60695,1.13,1.09
2012.05.14 02:17:28.899,1.60636,1.60695,1.13,1.09
2012.05.14 02:17:34.683,1.60631,1.60695,1.86,1.09
2012.05.14 02:17:37.386,1.60632,1.60695,1.11,1.09
2012.05.14 02:17:38.905,1.60632,1.60695,1.11,1.09
2012.05.14 02:17:42.332,1.60632,1.60695,1.86,1.09
2012.05.14 02:17:46.653,1.60632,1.60695,1.86,1.09
2012.05.14 02:17:47.258,1.60632,1.60695,1.86,1.09
2012.05.14 02:17:49.222,1.60632,1.60695,1.11,1.09
2012.05.14 02:17:51.685,1.60625,1.60687,2.19,1.13
2012.05.14 02:17:51.743,1.60625,1.60684,1.86,1.09
2012.05.14 02:17:52.123,1.60621,1.60679,1.13,1.09
2012.05.14 02:17:53.167,1.60621,1.60679,1.13,1.09
2012.05.14 02:17:53.946,1.60621,1.60683,1.13,1.09
2012.05.14 02:17:54.622,1.60621,1.60678,1.13,1.09
2012.05.14 02:17:54.953,1.60621,1.60684,1.13,1.09
2012.05.14 02:17:56.623,1.60626,1.60684,1.13,1.09
2012.05.14 02:17:58.052,1.60622,1.60678,1.13,1.09
2012.05.14 02:18:01.655,1.60616,1.60676,1.84,1.09
2012.05.14 02:18:08.543,1.60616,1.60676,1.84,1.09
2012.05.14 02:18:09.925,1.60616,1.60676,1.84,1.09
2012.05.14 02:18:18.433,1.60621,1.60679,1.13,1.09
2012.05.14 02:18:21.733,1.60625,1.60679,1.11,1.09
2012.05.14 02:18:22.374,1.60626,1.60684,1.86,1.47
2012.05.14 02:18:29.743,1.6062,1.60676,1.11,1.09
2012.05.14 02:18:29.983,1.60622,1.60678,1.13,1.09
2012.05.14 02:18:30.168,1.60617,1.60676,1.13,1.09
2012.05.14 02:18:30.503,1.60622,1.60678,1.13,1.47
2012.05.14 02:18:30.763,1.60616,1.60675,1.47,1.50
2012.05.14 02:18:31.108,1.60613,1.60674,1.07,1.13
2012.05.14 02:18:31.567,1.60612,1.60668,1.13,1.09
2012.05.14 02:18:34.090,1.60618,1.60675,2.22,1.50
2012.05.14 02:18:34.274,1.60622,1.60677,1.47,1.09
2012.05.14 02:18:34.493,1.60623,1.60678,1.09,1.09
2012.05.14 02:18:35.115,1.60623,1.60678,1.09,1.09
2012.05.14 02:18:36.644,1.60626,1.60677,1.47,1.09
2012.05.14 02:18:36.703,1.60621,1.60677,1.50,1.47
2012.05.14 02:18:37.411,1.60621,1.60678,1.50,1.47
2012.05.14 02:18:38.255,1.60621,1.60671,1.50,1.13
2012.05.14 02:18:39.324,1.60617,1.60672,1.47,1.13
2012.05.14 02:18:43.936,1.60616,1.60672,2.22,1.88
2012.05.14 02:18:44.155,1.60616,1.60672,2.97,1.13
2012.05.14 02:18:46.003,1.60616,1.60674,2.97,1.13
2012.05.14 02:18:46.062,1.60616,1.60675,3.34,1.13
2012.05.14 02:18:46.124,1.60616,1.60675,3.34,1.13
2012.05.14 02:18:46.434,1.60616,1.60675,1.11,1.88
2012.05.14 02:18:46.913,1.6062,1.60672,1.48,1.09
2012.05.14 02:18:47.094,1.6062,1.60672,1.13,1.09
2012.05.14 02:18:47.154,1.6062,1.60674,1.13,1.09
2012.05.14 02:18:47.214,1.60625,1.60678,1.09,1.50
2012.05.14 02:18:47.274,1.60626,1.60679,1.09,1.50
2012.05.14 02:18:47.803,1.60626,1.60683,1.09,1.09
2012.05.14 02:18:47.924,1.60626,1.60684,1.84,1.47
2012.05.14 02:18:48.184,1.60626,1.60683,1.09,1.09
2012.05.14 02:18:50.654,1.60621,1.60684,1.88,1.13
2012.05.14 02:18:50.902,1.60627,1.60684,1.13,1.13
2012.05.14 02:18:51.144,1.60628,1.60684,1.07,1.13
2012.05.14 02:19:03.634,1.60628,1.60684,1.44,1.13
2012.05.14 02:19:03.874,1.60634,1.60686,1.11,1.50
2012.05.14 02:19:04.295,1.60635,1.60689,1.11,1.13
2012.05.14 02:19:04.422,1.60634,1.6069,1.11,1.50
2012.05.14 02:19:05.022,1.60634,1.60687,1.11,1.13
2012.05.14 02:19:05.330,1.60634,1.60689,1.11,1.13
2012.05.14 02:19:05.803,1.60634,1.60686,1.11,1.50
2012.05.14 02:19:05.936,1.60634,1.60687,1.11,1.13
2012.05.14 02:19:06.154,1.60634,1.60686,1.11,1.50
2012.05.14 02:19:06.279,1.60634,1.60687,1.11,1.13
2012.05.14 02:19:06.405,1.60631,1.60686,1.11,1.50
2012.05.14 02:19:06.886,1.60631,1.60684,1.11,1.09
2012.05.14 02:19:06.954,1.60631,1.60683,1.11,1.09
2012.05.14 02:19:08.245,1.60627,1.60683,1.50,1.09
2012.05.14 02:19:10.253,1.60627,1.60683,1.13,1.09
2012.05.14 02:19:10.886,1.60621,1.60679,1.13,1.09
2012.05.14 02:19:11.073,1.60621,1.60677,1.13,1.50
2012.05.14 02:19:11.675,1.60621,1.60677,1.13,1.50
2012.05.14 02:19:13.729,1.6062,1.60677,1.48,1.50
2012.05.14 02:19:13.928,1.60622,1.60678,1.50,1.88
2012.05.14 02:19:14.035,1.6062,1.60677,1.48,1.50
2012.05.14 02:19:14.349,1.6062,1.60677,1.48,1.50
2012.05.14 02:19:14.737,1.60622,1.60678,1.50,1.88
2012.05.14 02:19:14.804,1.6062,1.60677,1.48,1.50
2012.05.14 02:19:16.757,1.6062,1.60678,1.13,1.88
2012.05.14 02:19:17.765,1.6062,1.60678,1.13,1.88
2012.05.14 02:19:18.475,1.6062,1.60677,1.48,1.50
2012.05.14 02:19:21.296,1.6062,1.60678,1.13,1.88
2012.05.14 02:19:21.844,1.6062,1.60677,1.48,1.50
2012.05.14 02:19:23.806,1.6062,1.60678,1.13,1.88
2012.05.14 02:19:24.476,1.60621,1.60679,1.13,1.09
2012.05.14 02:19:36.625,1.60623,1.6068,1.09,2.25
2012.05.14 02:19:39.208,1.60623,1.6068,1.09,2.25
2012.05.14 02:19:50.672,1.60623,1.60678,1.09,1.88
2012.05.14 02:19:54.321,1.60621,1.60674,1.13,1.47
2012.05.14 02:19:55.683,1.60622,1.60675,1.50,1.13
2012.05.14 02:19:55.923,1.60622,1.60678,1.50,1.09
2012.05.14 02:19:56.463,1.6062,1.60676,1.13,1.09
2012.05.14 02:19:56.704,1.60618,1.60676,1.07,1.09
2012.05.14 02:19:56.763,1.60612,1.60674,1.13,1.09
2012.05.14 02:19:56.824,1.60612,1.60674,1.13,1.09
2012.05.14 02:19:57.215,1.60612,1.60673,1.13,1.47
2012.05.14 02:19:57.393,1.60612,1.60673,1.13,1.09
2012.05.14 02:19:57.897,1.60612,1.60673,1.13,1.09
2012.05.14 02:19:58.393,1.60612,1.60673,1.13,1.09
2012.05.14 02:19:58.924,1.60612,1.60673,1.13,1.09
2012.05.14 02:19:59.464,1.60606,1.6067,1.50,1.09
2012.05.14 02:20:01.011,1.60611,1.60674,1.13,1.09
2012.05.14 02:20:02.225,1.60611,1.60684,1.13,1.09
2012.05.14 02:20:16.836,1.60611,1.60684,1.13,1.09
2012.05.14 02:20:20.813,1.60611,1.60684,1.13,1.09
2012.05.14 02:20:34.176,1.60617,1.60684,1.13,1.09
2012.05.14 02:20:34.444,1.60611,1.60684,1.48,1.09
2012.05.14 02:20:36.323,1.60617,1.60684,1.48,1.09
2012.05.14 02:20:36.503,1.60617,1.60684,1.13,1.09
2012.05.14 02:20:36.725,1.60611,1.60684,1.50,1.09
2012.05.14 02:20:37.157,1.60611,1.60684,1.50,1.09
2012.05.14 02:20:39.664,1.60611,1.60684,1.50,1.09
2012.05.14 02:20:40.249,1.60612,1.60684,1.50,1.09
2012.05.14 02:20:41.512,1.60612,1.60684,1.50,1.09
2012.05.14 02:20:43.635,1.60612,1.60684,1.13,1.09
2012.05.14 02:20:44.259,1.60606,1.60684,1.47,1.09
2012.05.14 02:20:45.802,1.60606,1.60684,1.47,1.09
2012.05.14 02:20:46.019,1.60611,1.60684,1.13,1.09
2012.05.14 02:20:48.014,1.60611,1.60684,1.13,1.09
2012.05.14 02:20:48.796,1.60611,1.60684,1.13,1.09
2012.05.14 02:20:49.486,1.60607,1.60684,1.47,1.09
2012.05.14 02:20:49.934,1.60611,1.60684,1.13,1.09
2012.05.14 02:20:51.905,1.60614,1.60684,1.13,1.09
2012.05.14 02:20:52.455,1.60614,1.60684,1.13,1.09
2012.05.14 02:20:52.675,1.60614,1.60684,1.13,1.09
2012.05.14 02:20:55.203,1.60611,1.60684,1.13,1.09
2012.05.14 02:20:56.512,1.60611,1.60684,1.13,1.09
2012.05.14 02:21:01.392,1.60611,1.60684,1.13,1.09
2012.05.14 02:21:05.963,1.60611,1.60686,1.50,2.93
2012.05.14 02:21:06.023,1.60617,1.60686,1.13,2.93
2012.05.14 02:21:06.082,1.60617,1.6068,1.13,1.13
2012.05.14 02:21:06.142,1.60611,1.6068,1.48,1.13
2012.05.14 02:21:06.202,1.60617,1.6068,1.13,1.13
2012.05.14 02:21:07.665,1.6062,1.60683,1.13,1.13
2012.05.14 02:21:08.164,1.60617,1.6068,1.13,1.13
2012.05.14 02:21:08.838,1.60617,1.6068,1.13,1.13
2012.05.14 02:21:09.153,1.60617,1.60675,1.13,1.50
2012.05.14 02:21:09.462,1.60614,1.60664,1.11,1.50
2012.05.14 02:21:10.570,1.60606,1.60664,1.50,1.50
2012.05.14 02:21:11.096,1.60604,1.60654,1.09,1.50
2012.05.14 02:21:11.294,1.60604,1.60654,1.44,1.50
2012.05.14 02:21:11.354,1.60604,1.60654,1.44,1.50
2012.05.14 02:21:11.755,1.60606,1.60664,1.13,1.50
2012.05.14 02:21:12.175,1.60604,1.60659,1.44,1.50
2012.05.14 02:21:15.254,1.60607,1.60663,1.50,1.50
2012.05.14 02:21:15.493,1.60613,1.60663,1.11,1.13
2012.05.14 02:21:19.649,1.60616,1.60668,1.09,1.09
2012.05.14 02:21:22.225,1.60611,1.60663,1.44,1.09
2012.05.14 02:21:22.344,1.60611,1.60661,1.07,1.09
2012.05.14 02:21:23.204,1.60611,1.60661,1.07,1.09
2012.05.14 02:21:25.214,1.60614,1.60661,1.11,1.09
2012.05.14 02:21:25.725,1.60614,1.60661,1.11,1.09
2012.05.14 02:21:26.053,1.60616,1.60661,1.11,1.09
2012.05.14 02:21:32.725,1.60611,1.60661,1.82,1.09
2012.05.14 02:21:34.185,1.60607,1.60661,1.84,1.09
2012.05.14 02:21:39.683,1.60611,1.6066,1.13,1.09
2012.05.14 02:21:39.983,1.60611,1.6066,1.13,1.09
2012.05.14 02:21:41.063,1.60611,1.6066,1.13,1.09
2012.05.14 02:21:43.033,1.60606,1.60664,1.84,1.50
2012.05.14 02:21:43.333,1.60606,1.60664,1.84,1.50
2012.05.14 02:21:43.838,1.60607,1.60663,1.50,1.50
2012.05.14 02:21:46.333,1.60607,1.60663,1.50,1.50
2012.05.14 02:21:51.333,1.60612,1.60668,1.13,1.50
2012.05.14 02:21:53.083,1.60612,1.60668,1.48,1.50
2012.05.14 02:21:53.264,1.60613,1.60668,1.11,1.13
2012.05.14 02:21:53.869,1.60617,1.6067,1.13,1.09
2012.05.14 02:21:55.773,1.60617,1.60674,1.09,1.50
2012.05.14 02:22:00.186,1.6062,1.60675,1.13,1.09
2012.05.14 02:22:00.738,1.60617,1.60672,1.84,1.50
2012.05.14 02:22:01.264,1.60621,1.60671,1.13,1.50
2012.05.14 02:22:01.447,1.60621,1.60672,1.50,1.50
2012.05.14 02:22:03.376,1.60621,1.60672,1.13,1.50
2012.05.14 02:22:03.513,1.60621,1.60671,1.13,1.50
2012.05.14 02:22:04.827,1.60621,1.60671,1.13,1.50
2012.05.14 02:22:07.433,1.60621,1.60671,1.13,1.13
2012.05.14 02:22:08.013,1.60617,1.60671,1.44,1.13
2012.05.14 02:22:08.593,1.6062,1.60675,1.13,1.09
2012.05.14 02:22:08.883,1.60621,1.60679,1.13,1.09
2012.05.14 02:22:10.504,1.60621,1.60683,1.13,2.59
2012.05.14 02:22:10.833,1.60627,1.60683,1.13,2.59
2012.05.14 02:22:11.016,1.60631,1.60689,1.09,1.50
2012.05.14 02:22:11.083,1.60631,1.60691,1.09,1.09
2012.05.14 02:22:11.696,1.60632,1.60693,1.09,1.09
2012.05.14 02:22:14.446,1.6063,1.60693,1.13,1.09
2012.05.14 02:22:14.514,1.6063,1.60689,1.13,1.09
2012.05.14 02:22:16.013,1.60631,1.60687,1.13,1.84
2012.05.14 02:22:17.893,1.60626,1.60684,1.13,1.09
2012.05.14 02:22:19.603,1.60626,1.60687,1.13,2.22
2012.05.14 02:22:19.736,1.60626,1.60683,1.13,1.09
2012.05.14 02:22:19.995,1.60619,1.60677,1.07,1.84
2012.05.14 02:22:20.174,1.6062,1.60677,1.13,1.09
2012.05.14 02:22:20.233,1.60613,1.60675,1.44,1.50
2012.05.14 02:22:20.563,1.60613,1.60675,1.44,1.50
2012.05.14 02:22:21.666,1.60613,1.60675,1.44,1.50
2012.05.14 02:22:21.899,1.60613,1.60675,1.44,1.50
2012.05.14 02:22:22.478,1.60613,1.60675,1.44,1.50
2012.05.14 02:22:23.135,1.60614,1.60674,1.07,1.50
2012.05.14 02:22:24.626,1.60614,1.60674,1.07,1.50
2012.05.14 02:22:25.427,1.60613,1.60675,1.44,1.50
2012.05.14 02:22:25.704,1.60616,1.60675,1.44,1.88
2012.05.14 02:22:25.763,1.60616,1.60675,1.44,1.88
2012.05.14 02:22:26.003,1.60617,1.60674,1.82,1.50
2012.05.14 02:22:26.245,1.60617,1.60673,1.82,1.50
2012.05.14 02:22:26.805,1.60617,1.60673,1.47,1.84
2012.05.14 02:22:28.233,1.60617,1.60673,1.47,1.09
2012.05.14 02:22:29.303,1.60616,1.60673,1.44,1.09
2012.05.14 02:22:36.684,1.60616,1.60673,1.44,1.09
2012.05.14 02:22:37.009,1.60606,1.60655,1.13,1.09
2012.05.14 02:22:37.522,1.60605,1.60655,1.47,1.09
2012.05.14 02:22:37.823,1.60605,1.60655,1.47,1.09
2012.05.14 02:22:38.602,1.60605,1.60655,1.47,1.09
2012.05.14 02:22:38.718,1.60605,1.60655,1.47,1.09
2012.05.14 02:22:39.034,1.60606,1.60649,1.13,1.09
2012.05.14 02:22:40.126,1.60606,1.60649,1.13,1.09
2012.05.14 02:22:40.373,1.60606,1.60654,1.13,1.09
2012.05.14 02:22:43.553,1.60601,1.60658,1.82,1.09
2012.05.14 02:22:43.944,1.60601,1.60664,1.48,1.09
2012.05.14 02:22:44.483,1.60601,1.60664,1.13,1.09
2012.05.14 02:22:45.072,1.60601,1.60664,1.13,1.09
2012.05.14 02:22:45.504,1.60601,1.60664,1.48,1.09
2012.05.14 02:22:45.624,1.60602,1.60664,1.13,1.09
2012.05.14 02:22:45.743,1.60601,1.60664,1.48,1.09
2012.05.14 02:22:49.456,1.60599,1.60664,1.11,1.09
2012.05.14 02:22:50.216,1.60599,1.60664,1.11,1.09
2012.05.14 02:22:54.162,1.60597,1.60664,1.13,1.09
2012.05.14 02:22:56.303,1.60595,1.60662,1.11,1.09
2012.05.14 02:22:56.423,1.60595,1.60662,1.11,2.52
2012.05.14 02:22:58.024,1.60595,1.60662,1.11,2.52
2012.05.14 02:22:58.263,1.60595,1.60662,1.11,2.52
2012.05.14 02:22:58.325,1.60595,1.60662,1.11,1.09
2012.05.14 02:22:58.457,1.60595,1.60662,1.11,1.09
2012.05.14 02:22:59.024,1.60595,1.60662,1.11,1.09
2012.05.14 02:23:01.774,1.60601,1.60664,1.13,2.18
2012.05.14 02:23:01.952,1.60596,1.60668,1.07,1.50
2012.05.14 02:23:02.473,1.60601,1.60663,1.13,2.18
2012.05.14 02:23:02.713,1.60591,1.60664,2.16,1.09
2012.05.14 02:23:03.267,1.60586,1.60654,1.47,1.50
2012.05.14 02:23:03.788,1.60586,1.60655,1.47,1.13
2012.05.14 02:23:06.242,1.60585,1.60655,1.09,1.13
2012.05.14 02:23:10.417,1.60588,1.60654,1.07,1.50
2012.05.14 02:23:12.055,1.60592,1.6065,1.11,1.13
2012.05.14 02:23:12.234,1.60593,1.6065,1.11,1.13
2012.05.14 02:23:12.354,1.60593,1.6065,1.11,1.13
2012.05.14 02:23:12.973,1.60593,1.6065,1.11,1.13
2012.05.14 02:23:13.106,1.60593,1.6065,1.11,1.13
2012.05.14 02:23:13.456,1.60593,1.6065,1.11,1.13
2012.05.14 02:23:14.082,1.60592,1.6065,1.11,1.13
2012.05.14 02:23:16.675,1.60593,1.6065,1.11,1.13
2012.05.14 02:23:17.683,1.60592,1.6065,1.11,1.13
2012.05.14 02:23:17.967,1.60592,1.6065,1.11,1.13
2012.05.14 02:23:18.096,1.60592,1.6065,1.11,1.13
2012.05.14 02:23:18.225,1.60592,1.60649,1.11,1.13
2012.05.14 02:23:19.555,1.60592,1.60647,1.11,1.13
2012.05.14 02:23:20.210,1.60592,1.60638,1.11,1.09
2012.05.14 02:23:20.717,1.60592,1.60638,1.11,1.09
2012.05.14 02:23:21.034,1.60593,1.60648,1.07,1.50
2012.05.14 02:23:21.094,1.60593,1.60648,1.09,1.13
2012.05.14 02:23:23.425,1.60592,1.60651,1.11,1.09
2012.05.14 02:23:25.224,1.60586,1.60649,1.48,2.59
2012.05.14 02:23:25.386,1.60581,1.60644,1.13,1.09
2012.05.14 02:23:25.966,1.60581,1.60651,1.13,2.18
2012.05.14 02:23:26.656,1.60577,1.60651,1.86,2.18
2012.05.14 02:23:27.444,1.60581,1.60651,1.13,2.18
2012.05.14 02:23:27.975,1.60585,1.60651,1.11,1.13
2012.05.14 02:23:28.255,1.60585,1.60651,1.11,1.13
2012.05.14 02:23:28.377,1.60585,1.60651,1.11,1.13
2012.05.14 02:23:34.836,1.60585,1.60651,1.11,1.13
2012.05.14 02:23:35.207,1.60585,1.60651,1.11,1.13
2012.05.14 02:23:35.851,1.60585,1.60651,1.11,1.13
2012.05.14 02:23:38.177,1.60586,1.60651,1.48,1.13
2012.05.14 02:23:38.387,1.60587,1.60651,1.11,1.13
2012.05.14 02:23:38.934,1.60587,1.60651,1.11,1.13
2012.05.14 02:23:38.993,1.60587,1.60651,1.11,1.13
2012.05.14 02:23:39.683,1.60592,1.60653,1.13,1.84
2012.05.14 02:23:39.815,1.60589,1.60653,1.13,1.09
2012.05.14 02:23:39.891,1.60586,1.60652,1.11,1.09
2012.05.14 02:23:40.664,1.60589,1.60653,1.09,1.50
2012.05.14 02:23:41.890,1.60589,1.60649,1.09,1.13
2012.05.14 02:23:42.456,1.60589,1.60647,1.09,1.13
2012.05.14 02:23:42.685,1.60589,1.60649,1.09,1.13
2012.05.14 02:23:43.185,1.60597,1.60655,1.13,1.13
2012.05.14 02:23:43.305,1.60597,1.60659,1.13,1.09
2012.05.14 02:23:43.885,1.60596,1.60659,1.86,1.09
2012.05.14 02:23:44.245,1.60599,1.60668,1.09,2.52
2012.05.14 02:23:44.445,1.60598,1.60666,1.09,1.13
2012.05.14 02:23:44.815,1.60597,1.60663,1.47,1.13
2012.05.14 02:23:44.993,1.60595,1.60663,2.52,1.13
2012.05.14 02:23:45.445,1.60596,1.60663,1.09,1.13
2012.05.14 02:23:47.416,1.60592,1.60663,1.09,1.13
2012.05.14 02:23:47.567,1.60589,1.60663,1.13,1.13
2012.05.14 02:23:48.403,1.60589,1.60663,1.13,1.13
2012.05.14 02:23:49.263,1.606,1.60662,1.13,1.13
2012.05.14 02:23:49.807,1.60605,1.60663,1.13,1.13
2012.05.14 02:23:52.024,1.60605,1.60669,1.13,1.13
2012.05.14 02:23:52.084,1.60611,1.60669,1.13,1.13
2012.05.14 02:23:52.205,1.60611,1.60669,1.13,1.13
2012.05.14 02:23:52.779,1.60616,1.60677,1.13,1.13
2012.05.14 02:23:53.636,1.60608,1.60677,1.09,1.13
2012.05.14 02:23:53.966,1.60608,1.60677,1.09,1.13
2012.05.14 02:23:54.348,1.60608,1.60677,1.09,1.13
2012.05.14 02:23:54.624,1.60616,1.60677,1.13,1.88
2012.05.14 02:23:54.684,1.60616,1.60677,1.13,1.88
2012.05.14 02:23:54.804,1.60615,1.60677,1.13,1.50
2012.05.14 02:23:54.928,1.60611,1.60681,1.50,2.55
2012.05.14 02:23:55.054,1.60611,1.60684,1.50,1.50
2012.05.14 02:23:55.666,1.60621,1.60685,1.13,1.09
2012.05.14 02:23:56.324,1.6062,1.60685,1.13,1.09
2012.05.14 02:23:56.964,1.6061,1.60681,2.18,1.13
2012.05.14 02:23:57.428,1.60608,1.60681,1.09,2.55
2012.05.14 02:23:57.977,1.60608,1.60681,1.09,2.55
2012.05.14 02:23:58.199,1.60608,1.60681,1.09,2.55
2012.05.14 02:23:58.684,1.60617,1.60681,1.13,2.55
2012.05.14 02:23:58.983,1.6063,1.60683,1.13,1.13
2012.05.14 02:23:59.364,1.60636,1.6069,1.13,1.09
2012.05.14 02:23:59.423,1.60636,1.6069,1.13,1.09
2012.05.14 02:24:05.199,1.60636,1.6069,1.13,1.09
2012.05.14 02:24:05.316,1.60636,1.6069,1.13,1.09
2012.05.14 02:24:08.183,1.60629,1.6069,1.13,1.09
2012.05.14 02:24:08.544,1.60629,1.6069,1.13,1.09
2012.05.14 02:24:10.922,1.60632,1.60693,1.50,1.09
2012.05.14 02:24:10.983,1.60632,1.60701,1.50,2.55
2012.05.14 02:24:11.556,1.60632,1.60701,1.50,3.30
2012.05.14 02:24:13.496,1.60629,1.60701,1.48,3.30
2012.05.14 02:24:14.038,1.60629,1.60701,1.13,2.55
2012.05.14 02:24:14.963,1.60629,1.60701,1.48,3.30
2012.05.14 02:24:15.524,1.60632,1.60697,1.50,2.18
2012.05.14 02:24:16.695,1.60629,1.60696,1.11,1.13
2012.05.14 02:24:17.188,1.60631,1.60696,1.50,1.13
2012.05.14 02:24:17.410,1.60629,1.60698,1.48,1.13
2012.05.14 02:24:17.957,1.60628,1.60696,1.48,1.13
2012.05.14 02:24:18.534,1.60629,1.60695,1.48,1.13
2012.05.14 02:24:18.894,1.60629,1.60695,1.48,1.13
2012.05.14 02:24:19.436,1.60629,1.60695,1.48,1.13
2012.05.14 02:24:21.150,1.60629,1.60695,1.48,1.13
2012.05.14 02:24:23.491,1.60629,1.60695,1.13,1.13
2012.05.14 02:24:24.716,1.60628,1.60701,1.48,2.18
2012.05.14 02:24:24.876,1.60628,1.60701,1.48,2.18
2012.05.14 02:24:25.315,1.60628,1.607,1.48,2.18
2012.05.14 02:24:26.145,1.60628,1.607,1.48,2.18
2012.05.14 02:24:26.744,1.60628,1.607,1.48,2.18
2012.05.14 02:24:28.895,1.60628,1.607,1.48,2.18
2012.05.14 02:24:29.284,1.60628,1.607,1.48,2.18
2012.05.14 02:24:29.443,1.60628,1.607,1.48,2.18
2012.05.14 02:24:31.703,1.60629,1.607,1.48,2.18
2012.05.14 02:24:33.345,1.60629,1.607,1.48,2.18
2012.05.14 02:24:35.335,1.60629,1.607,1.48,2.18
2012.05.14 02:24:35.935,1.60629,1.607,1.13,2.18
2012.05.14 02:24:37.872,1.60629,1.607,1.13,2.18
2012.05.14 02:24:38.305,1.60629,1.60701,1.13,2.18
2012.05.14 02:24:38.423,1.60629,1.60701,1.13,2.18
2012.05.14 02:24:38.487,1.60629,1.60701,1.13,2.18
2012.05.14 02:24:40.425,1.60626,1.60701,1.50,2.18
2012.05.14 02:24:40.536,1.60629,1.60701,1.13,2.18
2012.05.14 02:24:48.704,1.60632,1.60701,1.50,2.55
2012.05.14 02:24:49.113,1.60632,1.60703,1.13,1.09
2012.05.14 02:24:49.174,1.60636,1.60703,1.13,1.09
2012.05.14 02:24:49.685,1.60632,1.6071,1.13,2.18
2012.05.14 02:24:50.013,1.60628,1.60708,1.11,1.50
2012.05.14 02:24:51.898,1.60628,1.60701,1.11,1.13
2012.05.14 02:24:55.215,1.60627,1.60699,1.48,1.13
2012.05.14 02:24:55.644,1.60626,1.60693,1.48,2.18
2012.05.14 02:24:55.786,1.60626,1.60694,1.86,2.18
2012.05.14 02:24:55.945,1.60627,1.60698,1.48,2.18
2012.05.14 02:24:56.065,1.60628,1.60693,1.11,2.18
2012.05.14 02:24:56.185,1.60628,1.60693,1.11,2.18
2012.05.14 02:24:56.505,1.60628,1.60695,1.11,2.18
2012.05.14 02:24:56.607,1.60628,1.60695,1.11,2.18
2012.05.14 02:24:57.279,1.60628,1.60699,1.11,2.18
2012.05.14 02:24:57.816,1.60628,1.60693,1.11,2.18
2012.05.14 02:24:57.978,1.60628,1.60698,1.11,2.18
2012.05.14 02:24:59.173,1.60628,1.60698,1.11,2.18
2012.05.14 02:24:59.465,1.60627,1.60698,1.50,2.18
2012.05.14 02:25:01.883,1.60628,1.60701,1.11,2.18
2012.05.14 02:25:03.877,1.60628,1.60698,1.11,2.18
2012.05.14 02:25:03.944,1.60628,1.60698,1.11,2.18
2012.05.14 02:25:04.697,1.60627,1.60693,1.48,2.18
2012.05.14 02:25:08.706,1.60627,1.60695,1.48,2.18
2012.05.14 02:25:10.004,1.60627,1.60695,1.48,2.93
2012.05.14 02:25:10.183,1.60626,1.60695,1.48,2.93
2012.05.14 02:25:10.907,1.60628,1.60693,1.11,2.18
2012.05.14 02:25:12.448,1.60632,1.60693,1.13,2.18
2012.05.14 02:25:14.214,1.60631,1.60693,1.50,1.43
2012.05.14 02:25:14.775,1.60631,1.60698,1.50,2.18
2012.05.14 02:25:17.724,1.6063,1.60699,1.13,2.18
2012.05.14 02:25:20.884,1.60629,1.60699,1.11,2.18
2012.05.14 02:25:21.196,1.60631,1.60692,1.50,1.43
2012.05.14 02:25:21.355,1.60631,1.607,1.50,2.18
2012.05.14 02:25:21.873,1.60629,1.607,1.11,2.18
2012.05.14 02:25:24.214,1.60631,1.60695,1.50,1.13
2012.05.14 02:25:25.173,1.60629,1.60695,1.11,1.13
2012.05.14 02:25:28.604,1.60631,1.60695,1.50,1.13
2012.05.14 02:25:28.955,1.60629,1.60695,1.11,1.13
2012.05.14 02:25:30.494,1.60631,1.60695,1.50,1.13
2012.05.14 02:25:33.696,1.60629,1.60702,1.11,2.89
2012.05.14 02:25:34.557,1.60628,1.60702,1.11,2.89
2012.05.14 02:25:34.625,1.60632,1.60702,1.13,2.89
2012.05.14 02:25:34.956,1.60628,1.60702,1.11,2.89
2012.05.14 02:25:36.085,1.60632,1.60698,1.50,1.13
2012.05.14 02:25:36.503,1.60629,1.60698,1.13,2.18
2012.05.14 02:25:36.566,1.60632,1.60698,1.50,2.18
2012.05.14 02:25:36.654,1.60629,1.60698,1.13,2.18
2012.05.14 02:25:36.984,1.60629,1.60694,1.13,2.18
2012.05.14 02:25:37.756,1.6063,1.60694,1.13,2.18
2012.05.14 02:25:40.344,1.6063,1.60694,1.13,2.18
2012.05.14 02:25:41.623,1.60628,1.60694,1.11,2.18
2012.05.14 02:25:42.767,1.60628,1.60694,1.11,2.18
2012.05.14 02:25:43.364,1.60628,1.60694,1.11,2.18
2012.05.14 02:25:43.867,1.60628,1.60694,1.11,2.18
2012.05.14 02:25:44.974,1.60628,1.60693,1.11,2.18
2012.05.14 02:25:45.465,1.60628,1.60695,1.11,2.18
2012.05.14 02:25:46.725,1.60628,1.60695,1.11,2.18
2012.05.14 02:25:46.947,1.60628,1.60695,1.11,2.18
2012.05.14 02:25:48.215,1.60628,1.60695,1.11,2.18
2012.05.14 02:25:48.814,1.60628,1.60695,1.11,2.55
2012.05.14 02:25:49.035,1.60628,1.60695,1.11,2.55
2012.05.14 02:25:49.435,1.60636,1.60695,1.13,2.18
2012.05.14 02:25:49.495,1.60641,1.60695,1.50,1.43
2012.05.14 02:25:49.613,1.60649,1.60714,1.48,1.09
2012.05.14 02:25:50.196,1.60649,1.60714,1.13,1.47
2012.05.14 02:25:50.444,1.60653,1.60714,1.13,1.09
2012.05.14 02:25:52.904,1.60653,1.60721,1.13,1.09
2012.05.14 02:25:56.186,1.60652,1.60719,1.13,1.13
2012.05.14 02:25:57.175,1.60652,1.60721,1.13,1.09
2012.05.14 02:25:57.728,1.60656,1.60721,1.13,1.09
2012.05.14 02:25:58.734,1.60651,1.6071,1.50,1.13
2012.05.14 02:26:00.897,1.60641,1.6071,1.13,1.47
2012.05.14 02:26:00.968,1.60641,1.6071,1.13,1.47
2012.05.14 02:26:01.306,1.60641,1.6071,1.50,1.47
2012.05.14 02:26:01.907,1.6064,1.6071,1.09,1.47
2012.05.14 02:26:02.284,1.60642,1.6071,1.13,2.22
2012.05.14 02:26:03.465,1.60642,1.6071,1.48,1.47
2012.05.14 02:26:03.524,1.60649,1.6071,1.48,1.47
2012.05.14 02:26:03.583,1.60649,1.6071,1.48,1.47
2012.05.14 02:26:07.334,1.6065,1.6071,1.11,1.84
2012.05.14 02:26:07.405,1.6065,1.6071,1.11,1.84
2012.05.14 02:26:07.615,1.6065,1.6071,1.11,1.84
2012.05.14 02:26:08.395,1.6065,1.6071,1.11,1.84
2012.05.14 02:26:15.989,1.6065,1.6071,1.11,1.84
2012.05.14 02:26:18.141,1.6065,1.6071,1.11,1.84
2012.05.14 02:26:24.103,1.6065,1.6071,1.11,1.84
2012.05.14 02:26:25.724,1.6065,1.6071,1.11,1.09
2012.05.14 02:26:26.342,1.6065,1.6071,1.11,1.09
2012.05.14 02:26:26.858,1.6064,1.6071,1.09,1.47
2012.05.14 02:26:27.174,1.6064,1.6071,1.09,1.47
2012.05.14 02:26:27.234,1.6064,1.60709,1.09,2.18
2012.05.14 02:26:27.354,1.6064,1.60709,1.09,2.18
2012.05.14 02:26:27.655,1.60631,1.60696,1.88,1.09
2012.05.14 02:26:27.715,1.60631,1.60696,1.13,1.09
2012.05.14 02:26:27.775,1.60631,1.60696,1.13,1.09
2012.05.14 02:26:27.834,1.60634,1.60696,1.13,1.09
2012.05.14 02:26:28.384,1.60627,1.60695,1.50,1.13
2012.05.14 02:26:28.904,1.60631,1.60696,1.13,1.09
2012.05.14 02:26:29.475,1.60631,1.60696,1.50,1.09
2012.05.14 02:26:31.194,1.60631,1.60696,1.86,1.09
2012.05.14 02:26:31.725,1.60632,1.60696,1.11,1.09
2012.05.14 02:26:33.183,1.60636,1.60702,1.13,2.18
2012.05.14 02:26:33.733,1.60636,1.60705,1.50,1.88
2012.05.14 02:26:35.977,1.60634,1.60705,1.11,1.88
2012.05.14 02:26:36.165,1.60636,1.60705,1.50,1.88
2012.05.14 02:26:39.010,1.60634,1.60705,1.11,1.88
2012.05.14 02:26:39.533,1.60636,1.60705,1.50,1.88
2012.05.14 02:26:39.593,1.60641,1.60705,1.13,1.88
2012.05.14 02:26:39.713,1.60634,1.60705,1.11,1.88
2012.05.14 02:26:39.777,1.60636,1.60705,1.50,1.88
2012.05.14 02:26:39.904,1.60646,1.60705,1.13,1.88
2012.05.14 02:26:39.964,1.60647,1.60705,1.50,1.88
2012.05.14 02:26:40.988,1.60647,1.60704,1.48,1.50
2012.05.14 02:26:44.227,1.60647,1.60704,2.23,1.50
2012.05.14 02:26:44.399,1.60647,1.60704,1.48,1.50
2012.05.14 02:26:45.615,1.60647,1.60698,1.48,1.09
2012.05.14 02:26:45.733,1.60647,1.60698,1.48,1.09
2012.05.14 02:26:46.659,1.60647,1.60704,1.82,1.88
2012.05.14 02:26:47.022,1.60646,1.60705,1.09,2.22
2012.05.14 02:26:47.085,1.60646,1.60705,1.09,2.22
2012.05.14 02:26:49.054,1.60646,1.60704,1.09,1.50
2012.05.14 02:26:49.204,1.60646,1.60704,1.09,1.50
2012.05.14 02:26:49.277,1.60646,1.60704,1.09,1.50
2012.05.14 02:26:49.563,1.60646,1.60704,1.09,1.50
2012.05.14 02:26:56.484,1.60647,1.60704,1.47,1.50
2012.05.14 02:26:57.695,1.60646,1.60705,1.44,1.09
2012.05.14 02:26:58.712,1.60641,1.60697,1.13,1.09
2012.05.14 02:26:59.128,1.60642,1.60698,1.88,1.09
2012.05.14 02:27:03.355,1.60642,1.60697,1.13,1.09
2012.05.14 02:27:03.547,1.60642,1.60698,1.88,1.09
2012.05.14 02:27:04.174,1.60642,1.60697,1.13,1.09
2012.05.14 02:27:06.114,1.60642,1.60698,1.13,1.09
2012.05.14 02:27:06.175,1.60642,1.60697,1.13,1.09
2012.05.14 02:27:06.605,1.60642,1.60697,1.13,1.09
2012.05.14 02:27:07.077,1.60642,1.60697,1.13,1.09
2012.05.14 02:27:07.784,1.60642,1.60697,1.13,1.09
2012.05.14 02:27:08.554,1.60642,1.60697,1.13,1.09
2012.05.14 02:27:10.514,1.60641,1.60702,1.13,1.50
2012.05.14 02:27:11.144,1.60639,1.60707,1.09,2.18
2012.05.14 02:27:12.004,1.60639,1.60707,1.09,2.18
2012.05.14 02:27:12.715,1.60641,1.60707,1.13,2.18
2012.05.14 02:27:16.483,1.60635,1.60702,1.07,1.13
2012.05.14 02:27:17.935,1.60637,1.60702,1.47,1.13
2012.05.14 02:27:18.118,1.60635,1.60702,1.07,1.13
2012.05.14 02:27:18.236,1.60636,1.60702,1.47,1.13
2012.05.14 02:27:18.837,1.60637,1.60702,1.07,1.13
2012.05.14 02:27:19.364,1.60639,1.60707,1.09,2.18
2012.05.14 02:27:20.365,1.60639,1.60707,1.09,2.18
2012.05.14 02:27:20.867,1.60639,1.60708,1.09,1.47
2012.05.14 02:27:32.563,1.60639,1.60708,1.09,1.47
2012.05.14 02:27:32.687,1.60639,1.60708,1.09,1.47
2012.05.14 02:27:32.993,1.60639,1.60705,1.09,1.13
2012.05.14 02:27:33.116,1.60639,1.60702,1.09,1.50
2012.05.14 02:27:33.755,1.60639,1.60701,1.09,1.50
2012.05.14 02:27:34.054,1.60639,1.60701,1.09,1.50
2012.05.14 02:27:35.555,1.60639,1.60702,1.09,1.50
2012.05.14 02:27:36.417,1.60639,1.60702,1.09,1.50
2012.05.14 02:27:37.075,1.60639,1.60702,1.09,1.50
2012.05.14 02:27:38.127,1.60639,1.60706,1.09,2.18
2012.05.14 02:27:38.653,1.60639,1.60706,1.09,2.18
2012.05.14 02:27:38.863,1.60639,1.60706,1.09,2.18
2012.05.14 02:27:40.277,1.60639,1.60706,1.09,2.18
2012.05.14 02:27:41.045,1.60639,1.60707,1.09,1.13
2012.05.14 02:27:41.164,1.60639,1.60707,1.09,1.13
2012.05.14 02:27:43.772,1.60639,1.60701,1.09,1.50
2012.05.14 02:27:44.256,1.60639,1.60701,1.09,1.50
2012.05.14 02:27:44.787,1.60639,1.60701,1.09,1.50
2012.05.14 02:27:46.150,1.60639,1.60702,1.09,1.50
2012.05.14 02:27:46.214,1.60639,1.60702,1.09,1.50
2012.05.14 02:27:46.987,1.60639,1.60706,1.09,2.18
2012.05.14 02:27:48.089,1.60639,1.60706,1.09,2.18
2012.05.14 02:27:48.911,1.60639,1.60707,1.09,1.13
2012.05.14 02:28:02.593,1.60639,1.60707,1.09,1.13
2012.05.14 02:28:02.669,1.60639,1.60707,1.09,1.13
2012.05.14 02:28:02.792,1.60639,1.60706,1.09,2.18
2012.05.14 02:28:07.950,1.60639,1.60706,1.09,2.18
2012.05.14 02:28:08.540,1.60639,1.60702,1.09,1.50
2012.05.14 02:28:08.655,1.60639,1.60702,1.09,1.50
2012.05.14 02:28:09.110,1.60639,1.60701,1.09,1.50
2012.05.14 02:28:09.390,1.60639,1.60701,1.09,1.50
2012.05.14 02:28:10.523,1.60638,1.60701,1.11,1.50
2012.05.14 02:28:10.991,1.60642,1.60704,1.13,1.88
2012.05.14 02:28:18.443,1.60642,1.60704,1.88,1.88
2012.05.14 02:28:29.542,1.60642,1.60708,1.50,1.13
2012.05.14 02:28:30.103,1.60642,1.60708,1.50,1.13
2012.05.14 02:28:30.221,1.60642,1.60704,1.13,1.13
2012.05.14 02:28:30.653,1.60642,1.60704,1.13,1.13
2012.05.14 02:28:33.001,1.60642,1.60704,1.13,1.13
2012.05.14 02:28:34.977,1.60646,1.60704,1.09,1.13
2012.05.14 02:28:35.546,1.60647,1.60704,1.09,1.13
2012.05.14 02:28:38.026,1.60644,1.60704,1.11,2.22
2012.05.14 02:28:47.162,1.60647,1.60704,1.11,2.22
2012.05.14 02:28:47.652,1.60647,1.60704,1.11,2.22
2012.05.14 02:28:47.954,1.60647,1.6071,1.44,1.13
2012.05.14 02:28:49.372,1.60646,1.6071,1.44,1.13
2012.05.14 02:28:49.576,1.60647,1.6071,1.44,1.13
2012.05.14 02:28:49.956,1.60647,1.6071,1.44,1.13
2012.05.14 02:28:50.245,1.60647,1.6071,1.09,1.13
2012.05.14 02:28:50.444,1.60652,1.60712,1.09,1.09
2012.05.14 02:28:50.803,1.60651,1.60712,1.47,1.09
2012.05.14 02:28:51.129,1.6065,1.60712,1.09,1.09
2012.05.14 02:28:51.234,1.60652,1.60712,1.47,1.09
2012.05.14 02:28:51.354,1.6065,1.60712,1.09,1.09
2012.05.14 02:28:52.722,1.60652,1.60712,1.47,1.09
2012.05.14 02:28:52.855,1.60653,1.60712,1.09,1.09
2012.05.14 02:28:53.258,1.60653,1.60712,1.09,1.09
2012.05.14 02:28:54.732,1.60653,1.60712,1.09,1.09
2012.05.14 02:28:55.192,1.60653,1.60712,1.09,1.09
2012.05.14 02:28:55.318,1.60647,1.60704,1.09,1.88
2012.05.14 02:28:55.383,1.60647,1.60704,1.09,1.88
2012.05.14 02:28:55.674,1.60647,1.60704,1.84,1.88
2012.05.14 02:28:55.893,1.60646,1.60708,1.09,1.13
2012.05.14 02:28:56.060,1.60647,1.60708,1.47,1.13
2012.05.14 02:28:56.465,1.60647,1.60708,1.09,1.13
2012.05.14 02:28:56.643,1.60646,1.60708,1.84,1.50
2012.05.14 02:28:56.888,1.60646,1.60708,1.09,1.50
2012.05.14 02:28:57.216,1.60648,1.60708,1.09,1.50
2012.05.14 02:28:57.888,1.60648,1.6071,1.09,1.13
2012.05.14 02:28:58.233,1.60648,1.6071,1.09,1.50
2012.05.14 02:28:58.785,1.60648,1.60713,1.09,1.13
2012.05.14 02:28:59.539,1.60647,1.60713,1.09,1.13
2012.05.14 02:29:00.633,1.60646,1.60713,1.09,1.13
2012.05.14 02:29:00.904,1.60644,1.60713,1.09,1.13
2012.05.14 02:29:02.644,1.60646,1.60713,1.50,1.13
2012.05.14 02:29:02.865,1.60644,1.60713,1.09,1.13
2012.05.14 02:29:04.260,1.60646,1.60713,1.50,1.13
2012.05.14 02:29:04.324,1.60647,1.60713,1.11,1.13
2012.05.14 02:29:04.663,1.60647,1.60711,1.11,1.13
2012.05.14 02:29:04.722,1.60644,1.60711,1.09,1.13
2012.05.14 02:29:04.843,1.60646,1.60708,1.11,1.50
2012.05.14 02:29:05.355,1.60646,1.60708,1.11,1.50
2012.05.14 02:29:05.476,1.60646,1.60708,1.11,1.50
2012.05.14 02:29:11.625,1.60644,1.60708,1.09,1.50
2012.05.14 02:29:12.582,1.60647,1.60707,1.11,1.50
2012.05.14 02:29:17.959,1.60647,1.60707,1.11,1.50
2012.05.14 02:29:18.262,1.60647,1.60702,1.11,1.09
2012.05.14 02:29:19.639,1.60643,1.60702,1.09,1.09
2012.05.14 02:29:23.306,1.60643,1.60707,1.09,2.18
2012.05.14 02:29:26.953,1.60643,1.60707,1.09,2.18
2012.05.14 02:29:27.014,1.60643,1.60707,1.09,2.18
2012.05.14 02:29:27.076,1.60643,1.60707,1.09,2.93
2012.05.14 02:29:27.277,1.60643,1.60707,1.09,2.18
2012.05.14 02:29:29.327,1.60643,1.60707,1.09,2.18
2012.05.14 02:29:39.194,1.60639,1.60698,1.11,1.47
2012.05.14 02:29:39.434,1.60637,1.60698,1.13,1.47
2012.05.14 02:29:40.026,1.60637,1.60698,1.50,1.09
2012.05.14 02:29:40.732,1.60631,1.60698,1.13,1.09
2012.05.14 02:29:40.973,1.60636,1.60698,1.50,1.47
2012.05.14 02:29:41.742,1.60634,1.60698,1.13,1.09
2012.05.14 02:29:41.803,1.60633,1.60696,1.13,1.13
2012.05.14 02:29:42.363,1.60632,1.6069,1.50,1.50
2012.05.14 02:29:42.544,1.60632,1.60698,1.86,1.09
2012.05.14 02:29:43.865,1.60632,1.60698,1.50,1.09
2012.05.14 02:29:44.354,1.60635,1.60698,1.13,1.09
2012.05.14 02:29:44.439,1.60635,1.60698,1.13,1.09
2012.05.14 02:29:45.083,1.60635,1.60698,1.13,1.09
2012.05.14 02:29:45.708,1.60632,1.60698,2.23,1.09
2012.05.14 02:29:45.774,1.60632,1.60695,1.86,1.13
2012.05.14 02:29:45.833,1.60632,1.60698,1.13,1.09
2012.05.14 02:29:46.264,1.60632,1.60687,1.11,1.09
2012.05.14 02:29:46.524,1.60637,1.60689,1.13,1.09
2012.05.14 02:29:46.706,1.60637,1.60692,1.47,1.13
2012.05.14 02:29:47.254,1.60637,1.60692,1.47,1.13
2012.05.14 02:29:48.794,1.60637,1.60695,1.47,1.13
2012.05.14 02:29:48.913,1.60642,1.60695,1.84,1.13
2012.05.14 02:29:49.223,1.60642,1.60699,1.84,1.09
2012.05.14 02:29:49.355,1.60642,1.60699,1.84,1.09
2012.05.14 02:29:49.466,1.60642,1.60699,2.59,1.09
2012.05.14 02:29:50.005,1.60642,1.60699,1.84,1.09
2012.05.14 02:29:51.655,1.60642,1.60699,1.84,1.09
2012.05.14 02:29:53.974,1.60646,1.60707,1.09,1.50
2012.05.14 02:30:00.675,1.6064,1.60708,2.22,1.09
2012.05.14 02:30:00.734,1.60641,1.60708,1.47,1.09
2012.05.14 02:30:03.155,1.60646,1.60708,1.09,1.09
2012.05.14 02:30:03.644,1.60641,1.60708,1.47,1.09
2012.05.14 02:30:12.277,1.60646,1.60708,1.09,1.09
2012.05.14 02:30:12.629,1.60641,1.60708,1.13,1.09
2012.05.14 02:30:12.693,1.60641,1.60708,1.13,1.09
2012.05.14 02:30:13.715,1.60639,1.60705,1.09,1.13
2012.05.14 02:30:13.875,1.60641,1.60705,1.13,1.13
2012.05.14 02:30:14.096,1.60639,1.60705,1.09,1.13
2012.05.14 02:30:14.163,1.60641,1.60705,1.13,1.13
2012.05.14 02:30:14.375,1.60639,1.60705,1.09,1.13
2012.05.14 02:30:15.820,1.60637,1.60705,1.47,1.13
2012.05.14 02:30:19.422,1.60639,1.60698,1.47,2.25
2012.05.14 02:30:19.754,1.60639,1.60702,2.14,1.88
2012.05.14 02:30:19.875,1.60642,1.60702,1.09,1.13
2012.05.14 02:30:20.695,1.60639,1.60702,1.80,1.13
2012.05.14 02:30:20.815,1.60636,1.60702,1.09,1.13
2012.05.14 02:30:20.933,1.60636,1.60694,1.09,1.13
2012.05.14 02:30:25.253,1.60636,1.60697,1.09,1.13
2012.05.14 02:30:25.372,1.60631,1.60697,1.47,1.13
2012.05.14 02:30:29.548,1.60636,1.60698,1.09,1.13
2012.05.14 02:30:30.724,1.60631,1.60692,1.13,1.09
2012.05.14 02:30:31.204,1.60636,1.60696,1.09,1.13
2012.05.14 02:30:31.515,1.60632,1.60698,1.09,1.13
2012.05.14 02:30:33.349,1.60631,1.60694,1.47,1.09
2012.05.14 02:30:33.483,1.60628,1.60694,1.09,1.09
2012.05.14 02:30:43.435,1.60631,1.60689,1.47,1.13
2012.05.14 02:30:43.623,1.60632,1.60693,2.59,1.50
2012.05.14 02:30:43.683,1.60637,1.60698,1.09,1.50
2012.05.14 02:30:43.867,1.60642,1.607,1.09,1.09
2012.05.14 02:30:44.819,1.60636,1.607,1.47,1.09
2012.05.14 02:30:44.993,1.60642,1.607,1.09,1.09
2012.05.14 02:30:52.483,1.60642,1.60705,1.09,1.12
2012.05.14 02:30:52.543,1.60641,1.607,1.09,1.09
2012.05.14 02:30:55.366,1.60636,1.607,1.47,1.09
2012.05.14 02:30:55.515,1.60642,1.607,1.09,1.09
2012.05.14 02:30:58.723,1.60642,1.60704,1.09,1.84
2012.05.14 02:30:58.924,1.60641,1.607,1.09,1.09
2012.05.14 02:31:00.999,1.60641,1.607,1.47,1.09
2012.05.14 02:31:01.454,1.6064,1.60698,1.09,1.88
2012.05.14 02:31:01.633,1.60637,1.60698,1.47,1.13
2012.05.14 02:31:02.248,1.60641,1.60699,1.09,1.88
2012.05.14 02:31:02.444,1.60637,1.60698,1.47,1.13
2012.05.14 02:31:02.804,1.6064,1.60698,1.09,1.88
2012.05.14 02:31:03.377,1.60639,1.60693,1.09,1.88
2012.05.14 02:31:04.222,1.60639,1.60693,1.09,1.88
2012.05.14 02:31:09.696,1.60646,1.60696,1.86,1.13
2012.05.14 02:31:11.725,1.60647,1.60696,1.07,1.13
2012.05.14 02:31:12.103,1.60649,1.60702,1.44,1.47
2012.05.14 02:31:12.613,1.60649,1.60703,1.44,1.09
2012.05.14 02:31:12.673,1.60649,1.60702,1.44,1.09
2012.05.14 02:31:13.365,1.60647,1.60702,2.19,1.47
2012.05.14 02:31:13.963,1.60647,1.60702,1.47,1.47
2012.05.14 02:31:15.394,1.60646,1.60702,2.94,2.22
2012.05.14 02:31:15.953,1.60647,1.60698,1.09,1.88
2012.05.14 02:31:16.763,1.60647,1.60698,1.09,1.88
2012.05.14 02:31:16.945,1.60647,1.60698,1.09,2.22
2012.05.14 02:31:17.123,1.60642,1.60698,1.47,1.84
2012.05.14 02:31:17.183,1.6064,1.60695,2.59,1.09
2012.05.14 02:31:22.819,1.60639,1.60698,1.09,1.50
2012.05.14 02:31:29.075,1.60641,1.60699,1.13,1.84
2012.05.14 02:31:30.323,1.60641,1.60702,1.09,1.88
2012.05.14 02:31:31.082,1.60641,1.60699,1.47,1.88
2012.05.14 02:31:35.537,1.60641,1.60699,1.09,1.50
2012.05.14 02:31:36.752,1.60641,1.60699,1.09,1.88
2012.05.14 02:31:37.102,1.60641,1.60696,1.47,1.13
2012.05.14 02:31:40.953,1.60639,1.60695,2.22,1.13
2012.05.14 02:31:42.156,1.60641,1.60695,1.47,1.13
2012.05.14 02:31:43.204,1.6064,1.60695,1.09,1.13
2012.05.14 02:31:44.300,1.60641,1.60696,1.47,1.13
2012.05.14 02:31:46.923,1.60641,1.60696,1.13,1.47
2012.05.14 02:31:55.445,1.60641,1.60696,1.13,1.47
2012.05.14 02:31:55.804,1.60637,1.60693,1.50,1.13
2012.05.14 02:31:55.924,1.60638,1.60695,1.13,1.50
2012.05.14 02:31:56.164,1.60641,1.60689,1.13,1.13
2012.05.14 02:31:56.735,1.60641,1.60687,1.13,1.13
2012.05.14 02:31:57.292,1.60636,1.60687,1.84,1.13
2012.05.14 02:31:57.865,1.60636,1.60687,1.09,1.13
2012.05.14 02:31:58.487,1.60636,1.60687,1.09,1.13
2012.05.14 02:31:59.244,1.60637,1.60686,1.13,1.13
2012.05.14 02:31:59.484,1.60636,1.60686,1.50,1.13
2012.05.14 02:31:59.664,1.60637,1.60687,1.13,1.13
2012.05.14 02:31:59.963,1.60636,1.60687,1.50,1.13
2012.05.14 02:32:02.394,1.60638,1.60686,1.13,1.13
2012.05.14 02:32:02.704,1.60641,1.60687,1.13,1.13
2012.05.14 02:32:03.660,1.6064,1.6069,1.11,1.13
2012.05.14 02:32:04.393,1.6064,1.6069,1.11,1.13
2012.05.14 02:32:08.263,1.60643,1.6069,1.11,1.13
2012.05.14 02:32:08.774,1.60643,1.60693,1.11,1.88
2012.05.14 02:32:09.223,1.60647,1.60692,1.11,1.13
2012.05.14 02:32:09.777,1.60643,1.60693,1.11,1.13
2012.05.14 02:32:12.708,1.60643,1.60696,1.11,1.13
2012.05.14 02:32:13.282,1.60643,1.60695,1.11,1.50
2012.05.14 02:32:13.565,1.60643,1.60696,1.11,1.13
2012.05.14 02:32:15.174,1.60643,1.60695,1.11,1.50
2012.05.14 02:32:15.435,1.60643,1.60696,1.11,1.13
2012.05.14 02:32:17.863,1.60643,1.60695,1.11,1.50
2012.05.14 02:32:18.435,1.60643,1.60694,1.11,1.50
2012.05.14 02:32:23.672,1.60644,1.60695,1.11,1.88
2012.05.14 02:32:24.340,1.60644,1.60694,1.11,1.13
2012.05.14 02:32:27.829,1.60643,1.60693,1.11,1.13
2012.05.14 02:32:32.977,1.60644,1.60694,1.11,1.13
2012.05.14 02:32:33.044,1.60644,1.60695,1.11,1.88
2012.05.14 02:32:33.594,1.60644,1.60696,1.48,1.13
2012.05.14 02:32:33.894,1.60647,1.60699,1.48,1.13
2012.05.14 02:32:34.233,1.60641,1.60699,1.47,1.13
2012.05.14 02:32:37.002,1.60647,1.60699,1.13,1.13
2012.05.14 02:32:37.657,1.60641,1.60698,1.47,1.50
2012.05.14 02:32:46.155,1.60642,1.60698,1.50,1.50
2012.05.14 02:32:47.383,1.60647,1.60699,1.13,1.13
2012.05.14 02:32:58.772,1.60647,1.60699,1.86,1.13
2012.05.14 02:32:59.504,1.60649,1.60699,1.50,1.13
2012.05.14 02:32:59.840,1.60652,1.60699,1.13,1.13
2012.05.14 02:33:03.133,1.60649,1.60699,1.13,1.13
2012.05.14 02:33:04.763,1.60647,1.60699,1.13,1.13
2012.05.14 02:33:04.883,1.60649,1.60699,1.13,1.13
2012.05.14 02:33:05.209,1.6065,1.60695,1.13,1.13
2012.05.14 02:33:06.163,1.60647,1.60695,1.86,1.13
2012.05.14 02:33:06.223,1.60647,1.60695,1.48,1.13
2012.05.14 02:33:22.732,1.60642,1.60696,1.13,1.13
2012.05.14 02:33:22.793,1.60641,1.60696,1.47,1.13
2012.05.14 02:33:23.894,1.60642,1.60696,1.13,1.13
2012.05.14 02:33:24.692,1.60647,1.60696,1.13,1.13
2012.05.14 02:33:25.247,1.60646,1.60696,1.13,1.13
2012.05.14 02:33:28.593,1.60641,1.60696,1.09,1.13
2012.05.14 02:33:32.767,1.60642,1.60696,1.13,1.13
2012.05.14 02:33:33.254,1.60636,1.60696,1.13,1.88
2012.05.14 02:33:34.516,1.60636,1.60695,1.13,1.50
2012.05.14 02:33:38.585,1.60636,1.60694,1.13,1.13
2012.05.14 02:33:39.527,1.60636,1.60693,1.13,1.13
2012.05.14 02:33:40.084,1.60634,1.60693,1.13,1.13
2012.05.14 02:33:40.354,1.60634,1.60693,1.13,1.13
2012.05.14 02:33:40.465,1.60634,1.60693,1.13,1.88
2012.05.14 02:33:40.583,1.60637,1.60693,1.13,1.88
2012.05.14 02:33:43.834,1.60636,1.60693,1.13,1.13
2012.05.14 02:33:44.536,1.60636,1.60693,1.50,1.13
2012.05.14 02:33:46.983,1.60644,1.60693,1.11,1.13
2012.05.14 02:33:47.353,1.60647,1.60696,1.86,1.13
2012.05.14 02:33:56.974,1.60647,1.60695,1.86,1.13
2012.05.14 02:33:57.092,1.60647,1.60695,1.86,1.13
2012.05.14 02:34:00.185,1.60647,1.60696,1.86,1.13
2012.05.14 02:34:00.497,1.60648,1.60696,1.13,1.13
2012.05.14 02:34:00.709,1.60646,1.60696,1.86,1.13
2012.05.14 02:34:06.888,1.60646,1.60695,1.11,1.47
2012.05.14 02:34:06.954,1.60638,1.60694,1.07,1.13
2012.05.14 02:34:07.600,1.60636,1.60692,1.84,1.13
2012.05.14 02:34:31.694,1.60641,1.60696,1.13,1.47
2012.05.14 02:34:32.200,1.60647,1.60696,1.13,1.13
2012.05.14 02:34:32.326,1.6064,1.60702,1.13,1.13
2012.05.14 02:34:32.395,1.60641,1.60699,1.13,1.50
2012.05.14 02:34:32.956,1.60641,1.60702,1.13,1.13
2012.05.14 02:34:34.637,1.6064,1.60702,1.13,1.13
2012.05.14 02:34:35.825,1.6064,1.60699,2.55,1.50
2012.05.14 02:34:36.914,1.60641,1.60701,1.13,1.13
2012.05.14 02:34:37.864,1.60641,1.60701,1.13,1.13
2012.05.14 02:34:38.264,1.60641,1.60701,1.13,1.13
2012.05.14 02:34:38.457,1.60641,1.60699,1.13,1.50
2012.05.14 02:34:41.254,1.60638,1.60698,2.14,1.50
2012.05.14 02:34:41.433,1.6064,1.60699,1.13,1.50
2012.05.14 02:34:42.034,1.60646,1.60706,1.13,1.09
2012.05.14 02:34:42.419,1.60642,1.60705,1.13,1.50
2012.05.14 02:34:43.537,1.60642,1.60704,1.13,1.50
2012.05.14 02:34:44.139,1.60642,1.60705,1.13,1.50
2012.05.14 02:34:44.204,1.60641,1.60704,1.13,1.50
2012.05.14 02:34:53.233,1.60636,1.60705,1.13,1.50
2012.05.14 02:34:54.384,1.60642,1.60707,1.13,1.50
2012.05.14 02:34:55.664,1.60642,1.60708,1.13,1.50
2012.05.14 02:34:57.132,1.60637,1.60708,1.13,1.50
2012.05.14 02:34:57.943,1.60637,1.60701,1.13,1.50
2012.05.14 02:35:01.897,1.60637,1.60702,1.13,1.50
2012.05.14 02:35:09.446,1.6064,1.60702,1.13,1.50
2012.05.14 02:35:16.376,1.60636,1.60705,1.13,1.88
2012.05.14 02:35:16.594,1.6064,1.60705,1.13,1.88
2012.05.14 02:35:19.944,1.60641,1.60705,1.13,1.88
2012.05.14 02:35:22.304,1.60641,1.60705,1.13,1.13
2012.05.14 02:35:23.354,1.60641,1.60705,1.13,1.88
2012.05.14 02:35:23.415,1.60641,1.60705,1.13,1.13
2012.05.14 02:35:25.055,1.60643,1.60705,1.09,1.88
2012.05.14 02:35:25.177,1.60643,1.60705,1.09,1.13
2012.05.14 02:35:26.168,1.60643,1.60705,1.09,1.13
2012.05.14 02:35:26.384,1.60643,1.60705,1.09,1.88
2012.05.14 02:35:29.184,1.60643,1.60705,1.09,1.13
2012.05.14 02:35:29.694,1.60643,1.60704,1.09,1.50
2012.05.14 02:35:35.525,1.60643,1.60705,1.09,1.13
2012.05.14 02:35:35.584,1.60643,1.60705,1.09,1.88
2012.05.14 02:35:36.453,1.60643,1.60705,1.09,1.13
2012.05.14 02:35:37.063,1.60643,1.60705,1.09,1.88
2012.05.14 02:35:37.553,1.60643,1.60705,1.09,1.13
2012.05.14 02:35:39.224,1.60643,1.60705,1.09,1.13
2012.05.14 02:35:40.694,1.60643,1.60704,1.09,1.50
2012.05.14 02:35:47.614,1.60643,1.60705,1.09,1.13
2012.05.14 02:35:47.911,1.60643,1.60704,1.09,1.50
2012.05.14 02:35:48.129,1.60643,1.60705,1.09,1.13
2012.05.14 02:35:50.423,1.60643,1.60704,1.09,1.50
2012.05.14 02:35:50.752,1.60643,1.60705,1.09,1.13
2012.05.14 02:35:51.374,1.60643,1.60705,1.09,1.13
2012.05.14 02:36:17.004,1.60643,1.60705,1.09,1.13
2012.05.14 02:36:27.884,1.60646,1.60704,1.50,1.50
2012.05.14 02:36:36.012,1.60646,1.60705,1.50,1.88
2012.05.14 02:36:43.953,1.6065,1.60705,1.13,1.13
2012.05.14 02:36:44.492,1.60651,1.60709,1.13,1.50
2012.05.14 02:36:47.420,1.60646,1.60707,1.13,1.50
2012.05.14 02:36:50.264,1.60646,1.60708,1.13,1.50
2012.05.14 02:37:00.526,1.60646,1.60707,1.13,1.50
2012.05.14 02:37:09.636,1.60646,1.60708,1.13,1.50
2012.05.14 02:37:33.363,1.60641,1.60708,1.80,1.50
2012.05.14 02:37:33.723,1.60646,1.60704,1.13,1.50
2012.05.14 02:37:34.274,1.60646,1.60708,1.13,1.50
2012.05.14 02:37:36.527,1.6065,1.60709,1.13,1.50
2012.05.14 02:37:36.908,1.60646,1.60708,1.13,1.50
2012.05.14 02:37:41.685,1.6065,1.60708,1.13,1.50
2012.05.14 02:37:41.806,1.60646,1.60708,1.13,1.50
2012.05.14 02:37:43.904,1.6065,1.60708,1.13,1.50
2012.05.14 02:37:44.168,1.60647,1.60708,1.13,1.50
2012.05.14 02:37:53.633,1.60641,1.60708,1.50,1.50
2012.05.14 02:37:54.156,1.60641,1.60704,1.50,1.13
2012.05.14 02:37:54.824,1.60641,1.60704,1.13,1.13
2012.05.14 02:37:55.084,1.60636,1.60704,1.84,1.13
2012.05.14 02:37:55.471,1.60637,1.60704,1.09,1.13
2012.05.14 02:37:57.206,1.60641,1.60704,1.13,1.13
2012.05.14 02:37:57.753,1.60642,1.60706,1.50,1.09
2012.05.14 02:37:58.002,1.60642,1.60706,2.55,1.47
2012.05.14 02:37:58.525,1.60642,1.60706,1.13,1.47
2012.05.14 02:38:00.913,1.60638,1.60706,1.86,1.47
2012.05.14 02:38:03.625,1.60638,1.60706,1.11,1.47
2012.05.14 02:38:04.144,1.60637,1.60705,1.47,1.13
2012.05.14 02:38:04.734,1.60635,1.60697,1.44,1.13
2012.05.14 02:38:04.915,1.60635,1.60693,1.44,1.09
2012.05.14 02:38:04.974,1.60635,1.60693,1.44,1.09
2012.05.14 02:38:07.878,1.60635,1.60693,1.47,1.09
2012.05.14 02:38:08.246,1.60634,1.60693,1.44,1.09
2012.05.14 02:38:09.675,1.60634,1.60693,1.44,1.09
2012.05.14 02:38:10.132,1.60635,1.60684,1.11,1.09
2012.05.14 02:38:10.696,1.60628,1.60684,1.47,1.09
2012.05.14 02:38:19.224,1.60632,1.60688,1.47,1.09
2012.05.14 02:38:23.463,1.60632,1.60697,1.47,1.47
2012.05.14 02:38:30.685,1.60629,1.60697,1.47,1.47
2012.05.14 02:38:31.454,1.60631,1.60697,1.47,1.47
2012.05.14 02:38:32.884,1.60629,1.60697,1.47,1.47
2012.05.14 02:38:33.123,1.60629,1.60688,1.13,1.09
2012.05.14 02:38:33.658,1.60631,1.60689,1.13,1.09
2012.05.14 02:38:40.725,1.60635,1.60693,1.13,1.09
2012.05.14 02:38:40.916,1.60632,1.60688,1.13,1.09
2012.05.14 02:38:41.695,1.60635,1.60694,1.13,1.09
2012.05.14 02:38:43.066,1.60635,1.60696,1.13,1.84
2012.05.14 02:38:44.838,1.60635,1.60693,1.13,1.09
2012.05.14 02:39:03.925,1.60631,1.60689,1.13,1.09
2012.05.14 02:39:04.727,1.60631,1.60689,1.13,1.09
2012.05.14 02:39:06.223,1.60631,1.60689,1.13,1.09
2012.05.14 02:39:08.373,1.60631,1.60689,1.13,1.09
2012.05.14 02:39:10.797,1.60634,1.60693,1.13,1.09
2012.05.14 02:39:20.311,1.60637,1.60695,1.09,1.09
2012.05.14 02:39:26.245,1.6064,1.60699,1.13,1.09
2012.05.14 02:39:33.154,1.60636,1.60695,1.47,1.09
2012.05.14 02:39:33.274,1.60634,1.60698,1.13,1.50
2012.05.14 02:39:40.970,1.60636,1.60695,1.13,1.88
2012.05.14 02:39:41.290,1.60636,1.60695,1.50,1.88
2012.05.14 02:39:43.833,1.60635,1.60695,1.13,1.13
2012.05.14 02:39:43.954,1.60636,1.60695,1.09,1.13
2012.05.14 02:39:44.808,1.60632,1.60695,1.47,1.13
2012.05.14 02:39:44.994,1.6063,1.60688,1.13,1.09
2012.05.14 02:39:45.185,1.60626,1.60688,1.47,1.09
2012.05.14 02:39:45.842,1.60626,1.60688,1.09,1.09
2012.05.14 02:39:48.057,1.60629,1.60688,1.09,1.09
2012.05.14 02:39:48.126,1.60626,1.60688,1.09,1.09
2012.05.14 02:40:03.663,1.60626,1.60688,1.47,1.09
2012.05.14 02:40:08.294,1.60626,1.60684,1.47,1.09
2012.05.14 02:40:08.638,1.60625,1.60681,1.09,1.09
2012.05.14 02:40:09.167,1.60627,1.60683,1.47,1.09
2012.05.14 02:40:09.235,1.60625,1.60681,1.09,1.09
2012.05.14 02:40:09.496,1.60627,1.60683,1.47,1.09
2012.05.14 02:40:10.064,1.60628,1.60683,1.09,1.09
2012.05.14 02:40:14.074,1.6063,1.60681,1.09,1.09
2012.05.14 02:40:14.414,1.6063,1.60681,1.47,1.09
2012.05.14 02:40:14.475,1.6063,1.60681,1.47,1.09
2012.05.14 02:40:14.896,1.60626,1.60684,1.09,1.09
2012.05.14 02:40:16.206,1.60623,1.60684,1.13,1.09
2012.05.14 02:40:20.066,1.60622,1.60681,1.47,1.09
2012.05.14 02:40:20.564,1.60622,1.60681,1.84,1.09
2012.05.14 02:40:20.885,1.60616,1.60683,2.19,1.13
2012.05.14 02:40:20.945,1.60621,1.60683,1.13,1.13
2012.05.14 02:40:21.006,1.60621,1.60679,1.13,1.13
2012.05.14 02:40:21.380,1.60616,1.60676,1.48,1.13
2012.05.14 02:40:22.107,1.60621,1.60679,1.13,1.13
2012.05.14 02:40:22.476,1.60616,1.60676,1.48,1.13
2012.05.14 02:40:23.116,1.60623,1.60676,1.11,1.13
2012.05.14 02:40:23.804,1.60623,1.60676,1.11,1.13
2012.05.14 02:40:23.906,1.60623,1.60678,1.11,1.13
2012.05.14 02:40:27.726,1.60623,1.60678,1.11,1.13
2012.05.14 02:40:28.966,1.6062,1.60678,1.48,1.13
2012.05.14 02:40:29.025,1.60617,1.60676,1.48,1.13
2012.05.14 02:40:29.150,1.60617,1.60676,1.13,1.13
2012.05.14 02:40:30.189,1.60617,1.60676,1.48,1.13
2012.05.14 02:40:31.594,1.60617,1.60685,1.86,1.09
2012.05.14 02:40:31.965,1.60617,1.60685,1.13,2.52
2012.05.14 02:40:32.979,1.60613,1.60685,1.11,2.52
2012.05.14 02:40:33.915,1.60617,1.60685,1.13,2.52
2012.05.14 02:40:35.581,1.60613,1.60685,1.11,2.52
2012.05.14 02:40:36.115,1.60617,1.60674,1.48,1.13
2012.05.14 02:40:36.426,1.60613,1.60674,1.11,1.13
2012.05.14 02:40:36.921,1.60613,1.60674,1.11,1.13
2012.05.14 02:40:38.219,1.60613,1.60674,1.11,1.13
2012.05.14 02:40:38.285,1.60613,1.60674,1.11,1.13
2012.05.14 02:40:38.665,1.60619,1.60677,1.13,1.80
2012.05.14 02:40:38.725,1.60621,1.60677,1.13,1.80
2012.05.14 02:40:38.844,1.60621,1.60685,1.13,1.09
2012.05.14 02:40:38.904,1.60621,1.60685,1.50,1.09
2012.05.14 02:40:40.049,1.60621,1.60685,1.13,1.09
2012.05.14 02:40:43.746,1.60623,1.60685,1.13,1.09
2012.05.14 02:40:44.284,1.60621,1.60685,1.13,1.09
2012.05.14 02:40:58.717,1.60621,1.60687,1.13,1.09
2012.05.14 02:40:58.974,1.60621,1.60687,1.50,1.09
2012.05.14 02:40:59.302,1.6062,1.60684,1.09,2.18
2012.05.14 02:41:00.654,1.60622,1.60684,1.13,2.18
2012.05.14 02:41:00.775,1.60626,1.60684,1.13,2.18
2012.05.14 02:41:01.135,1.60622,1.60687,1.48,1.09
2012.05.14 02:41:01.434,1.60622,1.60687,1.13,1.09
2012.05.14 02:41:03.158,1.6062,1.60687,1.09,1.09
2012.05.14 02:41:04.494,1.60626,1.60684,1.13,2.18
2012.05.14 02:41:04.554,1.60626,1.60684,1.88,2.18
2012.05.14 02:41:04.855,1.6062,1.60687,1.09,1.09
2012.05.14 02:41:04.974,1.6062,1.60687,1.07,1.09
2012.05.14 02:41:05.807,1.60616,1.60684,1.48,2.18
2012.05.14 02:41:06.675,1.60619,1.60684,1.13,2.18
2012.05.14 02:41:06.795,1.60622,1.60684,1.48,2.18
2012.05.14 02:41:07.266,1.60631,1.60695,1.11,1.50
2012.05.14 02:41:08.380,1.60631,1.60696,1.11,1.88
2012.05.14 02:41:09.694,1.60631,1.6069,1.11,1.09
2012.05.14 02:41:10.255,1.60631,1.6069,1.86,1.09
2012.05.14 02:41:11.527,1.60631,1.6069,1.11,1.09
2012.05.14 02:41:13.443,1.60632,1.6069,1.13,1.09
2012.05.14 02:41:13.615,1.60631,1.6069,1.11,1.09
2012.05.14 02:41:13.836,1.60632,1.6069,1.13,1.09
2012.05.14 02:41:14.055,1.60631,1.6069,1.11,1.09
2012.05.14 02:41:15.407,1.60631,1.6069,1.11,1.09
2012.05.14 02:41:25.395,1.60631,1.6069,1.11,1.09
2012.05.14 02:41:26.222,1.60631,1.6069,1.11,1.09
2012.05.14 02:41:26.344,1.60631,1.6069,1.11,1.09
2012.05.14 02:41:29.188,1.60632,1.6069,1.13,1.09
2012.05.14 02:41:29.391,1.60632,1.6069,1.48,1.09
2012.05.14 02:41:31.897,1.60632,1.6069,1.13,1.09
2012.05.14 02:41:32.376,1.60631,1.6069,1.11,1.09
2012.05.14 02:41:32.675,1.60621,1.60682,1.84,1.09
2012.05.14 02:41:33.473,1.60617,1.60681,1.86,1.09
2012.05.14 02:41:33.978,1.60617,1.60681,1.13,1.09
2012.05.14 02:41:39.245,1.60622,1.60681,1.13,1.09
2012.05.14 02:41:39.802,1.60629,1.60685,1.50,1.77
2012.05.14 02:41:39.865,1.60632,1.60695,1.13,1.88
2012.05.14 02:41:40.044,1.60627,1.60695,1.88,1.88
2012.05.14 02:41:40.415,1.60632,1.60695,1.86,1.88
2012.05.14 02:41:41.066,1.60631,1.60695,1.11,1.13
2012.05.14 02:41:43.977,1.60632,1.6069,1.50,1.09
2012.05.14 02:41:44.414,1.60631,1.6069,1.11,1.09
2012.05.14 02:41:44.806,1.60632,1.6069,1.50,1.09
2012.05.14 02:41:51.413,1.60631,1.6069,1.86,1.09
2012.05.14 02:41:52.062,1.60632,1.6069,1.11,1.09
2012.05.14 02:41:54.426,1.60632,1.6069,1.11,1.09
2012.05.14 02:41:56.322,1.60632,1.6069,1.11,1.09
2012.05.14 02:41:56.384,1.60632,1.6069,1.11,1.09
2012.05.14 02:41:58.117,1.60632,1.6069,1.11,1.09
2012.05.14 02:41:59.156,1.60632,1.6069,1.11,1.09
2012.05.14 02:42:00.035,1.60632,1.6069,1.11,1.09
2012.05.14 02:42:00.255,1.60632,1.6069,1.11,1.09
2012.05.14 02:42:01.436,1.60632,1.60684,1.11,1.09
2012.05.14 02:42:01.615,1.60622,1.60681,1.47,1.09
2012.05.14 02:42:02.985,1.60622,1.6068,1.13,1.09
2012.05.14 02:42:03.491,1.60622,1.6068,1.13,1.09
2012.05.14 02:42:06.967,1.60617,1.6068,1.13,1.09
2012.05.14 02:42:07.157,1.60622,1.6068,1.13,1.09
2012.05.14 02:42:07.284,1.60618,1.6068,1.13,1.09
2012.05.14 02:42:09.165,1.60616,1.6068,1.48,1.09
2012.05.14 02:42:10.267,1.60616,1.6068,1.48,1.09
2012.05.14 02:42:12.466,1.60619,1.6068,1.13,1.09
2012.05.14 02:42:22.357,1.60621,1.60688,1.13,1.13
2012.05.14 02:42:23.686,1.60626,1.60688,1.13,1.13
2012.05.14 02:42:23.865,1.60631,1.60692,1.11,2.18
2012.05.14 02:42:23.924,1.60631,1.60694,1.86,1.09
2012.05.14 02:42:25.285,1.60632,1.60694,1.11,1.09
2012.05.14 02:42:25.464,1.60636,1.60694,1.48,1.09
2012.05.14 02:42:25.984,1.60636,1.60695,1.47,1.09
2012.05.14 02:42:26.435,1.60637,1.60695,1.09,2.22
2012.05.14 02:42:27.017,1.60634,1.60695,1.09,1.47
2012.05.14 02:42:27.465,1.60632,1.60695,1.07,1.84
2012.05.14 02:42:30.176,1.60631,1.60695,1.84,1.84
2012.05.14 02:42:33.547,1.60628,1.60695,1.09,1.84
2012.05.14 02:42:52.234,1.60625,1.60696,1.13,1.88
2012.05.14 02:43:12.384,1.60625,1.60695,1.13,1.50
2012.05.14 02:43:12.997,1.60625,1.60695,1.13,1.50
2012.05.14 02:43:16.094,1.60625,1.60695,1.13,1.50
2012.05.14 02:43:23.945,1.60626,1.60696,1.13,1.88
2012.05.14 02:43:24.349,1.60622,1.60682,1.86,1.13
2012.05.14 02:43:25.286,1.60623,1.60682,1.11,1.13
2012.05.14 02:43:33.496,1.60622,1.60681,1.86,1.09
2012.05.14 02:43:33.843,1.60631,1.6069,1.11,1.13
2012.05.14 02:43:34.917,1.60626,1.6069,1.48,1.13
2012.05.14 02:43:34.984,1.60627,1.6069,1.50,1.13
2012.05.14 02:43:35.045,1.60629,1.60691,1.13,1.09
2012.05.14 02:43:35.156,1.60627,1.60691,1.13,1.09
2012.05.14 02:43:39.024,1.60626,1.60691,1.11,1.09
2012.05.14 02:43:44.461,1.60627,1.60695,1.13,1.88
2012.05.14 02:43:45.053,1.60625,1.60695,2.53,1.13
2012.05.14 02:43:45.784,1.60623,1.6068,1.11,1.13
2012.05.14 02:43:48.035,1.60626,1.60684,1.50,1.13
2012.05.14 02:43:48.536,1.60631,1.60689,1.11,1.13
2012.05.14 02:43:49.296,1.60631,1.60689,1.86,1.13
2012.05.14 02:43:49.515,1.60631,1.60689,1.11,1.13
2012.05.14 02:43:50.398,1.60631,1.60689,1.11,1.13
2012.05.14 02:43:50.844,1.60631,1.60689,1.86,1.13
2012.05.14 02:43:51.079,1.60631,1.60689,1.86,1.13
2012.05.14 02:43:51.439,1.60631,1.60689,1.11,1.13
2012.05.14 02:43:52.415,1.60632,1.60689,1.13,1.13
2012.05.14 02:43:53.017,1.60632,1.60689,1.13,1.13
2012.05.14 02:43:53.588,1.60627,1.60689,1.50,1.13
2012.05.14 02:43:53.814,1.60632,1.60689,1.13,1.13
2012.05.14 02:43:54.184,1.60626,1.60689,1.88,1.13
2012.05.14 02:43:54.397,1.60632,1.60689,1.13,1.13
2012.05.14 02:43:55.937,1.60626,1.60688,1.50,1.13
2012.05.14 02:43:56.047,1.60631,1.60689,1.13,1.13
2012.05.14 02:43:57.004,1.60632,1.60688,1.86,1.13
2012.05.14 02:43:58.115,1.60632,1.60686,1.11,1.09
2012.05.14 02:43:58.244,1.60627,1.60686,1.88,1.09
2012.05.14 02:43:58.399,1.60631,1.60689,1.50,1.47
2012.05.14 02:44:00.450,1.60627,1.60686,1.88,1.09
2012.05.14 02:44:02.014,1.60632,1.60686,1.11,1.09
2012.05.14 02:44:03.507,1.60627,1.60683,1.48,1.13
2012.05.14 02:44:04.030,1.60627,1.60683,1.13,1.13
2012.05.14 02:44:04.627,1.60627,1.60683,1.50,1.13
2012.05.14 02:44:05.371,1.60627,1.60683,1.13,1.13
2012.05.14 02:44:06.175,1.60625,1.60681,1.09,1.13
2012.05.14 02:44:06.597,1.60631,1.60686,1.13,1.09
2012.05.14 02:44:06.814,1.60631,1.60689,1.13,1.13
2012.05.14 02:44:07.198,1.60629,1.60687,1.09,1.13
2012.05.14 02:44:08.877,1.60629,1.60687,1.09,1.13
2012.05.14 02:44:09.454,1.60625,1.6068,1.09,1.13
2012.05.14 02:44:10.004,1.60625,1.6068,1.09,1.13
2012.05.14 02:44:10.138,1.60621,1.6068,1.47,1.13
2012.05.14 02:44:11.926,1.60624,1.60684,1.09,1.09
2012.05.14 02:44:12.185,1.60627,1.60684,1.13,1.09
2012.05.14 02:44:12.397,1.60627,1.60684,1.50,1.09
2012.05.14 02:44:12.915,1.60626,1.60684,2.22,1.09
2012.05.14 02:44:13.348,1.60632,1.60688,1.48,1.47
2012.05.14 02:44:19.810,1.60632,1.60688,1.13,1.47
2012.05.14 02:44:20.775,1.60626,1.60684,2.57,1.09
2012.05.14 02:44:22.635,1.60626,1.60684,1.47,1.09
2012.05.14 02:44:22.856,1.60627,1.60684,1.50,1.09
2012.05.14 02:44:23.236,1.60626,1.60684,1.47,1.09
2012.05.14 02:44:23.455,1.60627,1.60684,1.50,1.09
2012.05.14 02:44:24.168,1.60626,1.60684,1.84,1.09
2012.05.14 02:44:29.623,1.60626,1.60684,1.84,1.09
2012.05.14 02:44:30.324,1.60632,1.60684,1.11,1.09
2012.05.14 02:44:30.666,1.60632,1.60684,1.11,1.09
2012.05.14 02:44:35.816,1.60631,1.60684,1.11,1.09
2012.05.14 02:44:36.949,1.60627,1.60684,1.13,1.09
2012.05.14 02:44:39.287,1.60627,1.60684,1.13,1.09
2012.05.14 02:44:42.234,1.60634,1.60688,1.09,1.13
2012.05.14 02:44:42.413,1.60632,1.60688,1.84,1.13
2012.05.14 02:44:42.475,1.60632,1.60688,1.84,1.13
2012.05.14 02:44:42.783,1.60632,1.60692,1.47,1.09
2012.05.14 02:44:50.434,1.60635,1.60693,1.13,1.09
2012.05.14 02:44:52.675,1.60637,1.60695,1.09,1.13
2012.05.14 02:44:52.984,1.60641,1.60702,1.44,1.09
2012.05.14 02:44:53.354,1.60642,1.60702,1.50,1.09
2012.05.14 02:44:54.226,1.60642,1.60702,1.50,1.09
2012.05.14 02:45:06.171,1.60646,1.60704,1.50,1.09
2012.05.14 02:45:06.391,1.60641,1.60702,2.22,1.09
2012.05.14 02:45:06.511,1.60647,1.60703,1.13,1.09
2012.05.14 02:45:10.850,1.60647,1.60703,1.13,1.09
2012.05.14 02:45:14.371,1.60642,1.60702,1.50,1.09
2012.05.14 02:45:15.882,1.60642,1.60702,1.50,1.09
2012.05.14 02:45:16.192,1.60641,1.60702,1.09,1.09
2012.05.14 02:45:16.290,1.60641,1.60702,1.84,1.09
2012.05.14 02:45:17.182,1.60641,1.60702,1.09,1.09
2012.05.14 02:45:17.342,1.60641,1.60702,1.84,1.09
2012.05.14 02:45:18.283,1.60641,1.60702,1.84,1.09
2012.05.14 02:45:20.231,1.60641,1.60702,1.84,1.09
2012.05.14 02:45:25.002,1.60641,1.60702,1.09,1.09
2012.05.14 02:45:36.641,1.60642,1.60702,1.50,1.09
2012.05.14 02:45:37.301,1.60641,1.60702,1.09,1.09
2012.05.14 02:45:37.422,1.60641,1.60702,1.84,1.09
2012.05.14 02:45:37.961,1.60646,1.60704,1.13,1.09
2012.05.14 02:45:38.765,1.60646,1.60704,1.50,1.09
2012.05.14 02:45:41.626,1.60646,1.60704,1.50,1.09
2012.05.14 02:45:43.320,1.60646,1.60704,1.13,1.09
2012.05.14 02:45:47.104,1.60642,1.60702,1.50,1.09
2012.05.14 02:45:48.038,1.60647,1.60703,1.13,1.09
2012.05.14 02:45:48.802,1.60642,1.60702,1.50,1.09
2012.05.14 02:45:50.872,1.60642,1.60702,1.50,1.09
2012.05.14 02:45:52.590,1.60647,1.60703,1.13,1.09
2012.05.14 02:45:53.679,1.60647,1.60708,1.13,1.50
2012.05.14 02:46:03.099,1.60642,1.60708,1.50,1.50
2012.05.14 02:46:05.479,1.60642,1.60707,1.50,1.50
2012.05.14 02:46:06.500,1.60641,1.60707,2.93,1.50
2012.05.14 02:46:06.863,1.60635,1.6069,1.11,1.09
2012.05.14 02:46:06.921,1.60633,1.6069,1.11,1.09
2012.05.14 02:46:07.214,1.60632,1.6069,1.48,1.09
2012.05.14 02:46:07.340,1.60632,1.60695,1.13,1.88
2012.05.14 02:46:07.460,1.60637,1.60695,1.13,1.88
2012.05.14 02:46:08.031,1.60637,1.60695,1.13,1.13
2012.05.14 02:46:08.974,1.60637,1.60695,1.13,1.88
2012.05.14 02:46:12.482,1.60635,1.60695,1.13,1.88
2012.05.14 02:46:13.112,1.60632,1.60695,1.13,1.88
2012.05.14 02:46:14.160,1.60635,1.60695,1.13,1.50
2012.05.14 02:46:14.400,1.60634,1.60696,1.50,1.13
2012.05.14 02:46:14.916,1.60635,1.60696,1.13,1.13
2012.05.14 02:46:17.171,1.60635,1.60695,1.13,1.50
2012.05.14 02:46:19.200,1.60635,1.60696,1.13,1.13
2012.05.14 02:46:28.420,1.60635,1.60695,1.13,1.50
2012.05.14 02:46:28.542,1.60631,1.60692,1.13,1.50
2012.05.14 02:46:28.710,1.60634,1.60693,1.13,1.50
2012.05.14 02:46:29.191,1.60635,1.60695,1.13,1.13
2012.05.14 02:46:50.850,1.60634,1.60696,1.86,1.13
2012.05.14 02:46:58.981,1.60635,1.60696,1.48,1.13
2012.05.14 02:47:03.170,1.60635,1.60695,1.48,1.50
2012.05.14 02:47:04.382,1.60634,1.60695,1.11,1.50
2012.05.14 02:47:04.929,1.60632,1.60693,1.50,1.50
2012.05.14 02:47:20.889,1.60632,1.60692,1.86,1.50
2012.05.14 02:47:22.823,1.60632,1.60693,1.50,1.50
2012.05.14 02:47:24.700,1.60632,1.60692,1.86,1.50
2012.05.14 02:47:30.352,1.60632,1.60695,1.50,1.13
2012.05.14 02:47:39.363,1.60637,1.60695,1.13,1.13
2012.05.14 02:47:40.026,1.60635,1.60695,2.23,1.88
2012.05.14 02:47:40.501,1.60635,1.60695,1.88,1.13
2012.05.14 02:47:41.271,1.60635,1.60695,1.88,1.88
2012.05.14 02:47:51.609,1.60635,1.60696,1.13,1.13
2012.05.14 02:48:01.351,1.60635,1.60695,1.50,1.88
2012.05.14 02:48:01.731,1.60635,1.60695,1.50,1.13
2012.05.14 02:48:27.540,1.60631,1.60695,1.50,1.13
2012.05.14 02:48:27.902,1.60631,1.6069,1.13,1.13
2012.05.14 02:48:27.960,1.60631,1.6069,1.13,1.13
2012.05.14 02:48:28.019,1.60631,1.60693,1.13,1.50
2012.05.14 02:48:28.141,1.60636,1.60696,1.09,1.47
2012.05.14 02:48:28.261,1.60642,1.60696,1.13,1.47
2012.05.14 02:48:28.771,1.60636,1.60695,1.84,1.50
2012.05.14 02:48:28.950,1.60641,1.60696,1.13,1.47
2012.05.14 02:48:29.251,1.60636,1.60695,1.09,1.13
2012.05.14 02:48:29.601,1.60636,1.60696,1.09,1.47
2012.05.14 02:48:29.790,1.60636,1.60696,1.09,1.47
2012.05.14 02:48:43.094,1.60642,1.60696,1.13,1.47
2012.05.14 02:48:43.160,1.60645,1.60696,1.13,1.47
2012.05.14 02:48:52.388,1.60642,1.60696,1.13,1.47
2012.05.14 02:48:53.215,1.60645,1.60696,1.13,1.47
2012.05.14 02:48:53.693,1.60642,1.60695,1.13,1.13
2012.05.14 02:48:53.871,1.60645,1.60695,1.13,1.13
2012.05.14 02:49:02.723,1.60642,1.60695,1.13,1.13
2012.05.14 02:49:07.892,1.60636,1.60695,1.84,1.13
2012.05.14 02:49:08.070,1.60636,1.60695,1.47,1.13
2012.05.14 02:49:18.234,1.60638,1.60695,1.13,1.13
2012.05.14 02:49:18.404,1.60636,1.60695,1.47,1.88
2012.05.14 02:49:27.657,1.60638,1.60695,1.13,1.13
2012.05.14 02:49:27.971,1.60634,1.60695,1.09,1.13
2012.05.14 02:49:28.132,1.60636,1.60695,1.13,1.13
2012.05.14 02:49:30.825,1.60638,1.60696,1.13,1.13
2012.05.14 02:49:31.140,1.60647,1.60695,1.50,1.13
2012.05.14 02:49:31.809,1.60644,1.60696,1.13,1.13
2012.05.14 02:49:31.869,1.60641,1.60696,1.13,1.13
2012.05.14 02:49:31.929,1.60641,1.60696,1.50,1.13
2012.05.14 02:49:32.213,1.6064,1.60696,1.86,1.13
2012.05.14 02:49:32.772,1.60639,1.60696,1.13,1.13
2012.05.14 02:49:33.369,1.60637,1.60695,1.13,1.50
2012.05.14 02:49:33.911,1.60639,1.60696,1.13,1.13
2012.05.14 02:49:33.969,1.60637,1.60696,1.13,1.88
2012.05.14 02:49:40.649,1.60639,1.60696,1.13,1.13
2012.05.14 02:49:41.001,1.60637,1.60696,1.13,1.88
2012.05.14 02:49:42.853,1.60637,1.60696,1.13,1.50
2012.05.14 02:49:43.770,1.6064,1.60707,1.13,1.50
2012.05.14 02:49:43.974,1.60636,1.60707,1.13,1.50
2012.05.14 02:49:44.161,1.6064,1.60707,1.13,1.13
2012.05.14 02:49:44.280,1.60636,1.60707,1.13,1.13
2012.05.14 02:49:44.420,1.6064,1.60707,1.13,1.13
2012.05.14 02:49:44.684,1.60642,1.60708,1.13,1.13
2012.05.14 02:49:45.014,1.60637,1.60708,1.86,1.13
2012.05.14 02:49:45.422,1.60642,1.60708,1.13,1.13
2012.05.14 02:49:45.484,1.60637,1.60708,1.50,1.13
2012.05.14 02:49:46.659,1.60641,1.60708,1.13,1.13
2012.05.14 02:49:47.262,1.60641,1.60708,1.13,1.13
2012.05.14 02:49:50.921,1.60647,1.60711,1.13,1.50
2012.05.14 02:49:51.453,1.60646,1.60705,1.44,1.09
2012.05.14 02:49:51.960,1.60644,1.60699,1.13,1.09
2012.05.14 02:49:52.080,1.60643,1.60699,1.09,1.09
2012.05.14 02:49:52.620,1.60637,1.60693,1.09,1.09
2012.05.14 02:49:52.681,1.60636,1.60692,1.84,1.09
2012.05.14 02:49:52.740,1.60632,1.60688,1.47,1.09
2012.05.14 02:49:53.222,1.60629,1.60694,1.13,1.13
2012.05.14 02:49:53.812,1.60632,1.60695,1.86,1.50
2012.05.14 02:49:56.682,1.60632,1.60694,1.47,1.09
2012.05.14 02:49:56.741,1.60637,1.60694,1.47,1.09
2012.05.14 02:49:56.801,1.6064,1.60694,1.11,1.09
2012.05.14 02:49:57.160,1.60642,1.60698,1.84,1.13
2012.05.14 02:49:57.221,1.60645,1.60702,1.09,1.84
2012.05.14 02:50:00.692,1.60642,1.60699,1.47,1.13
2012.05.14 02:50:00.750,1.60641,1.60699,1.09,1.13
2012.05.14 02:50:01.857,1.60641,1.60694,1.09,1.09
2012.05.14 02:50:02.390,1.60642,1.60698,1.47,1.09
2012.05.14 02:50:08.672,1.60645,1.60699,2.22,1.47
2012.05.14 02:50:09.230,1.60645,1.60699,2.59,1.09
2012.05.14 02:50:14.618,1.60646,1.60707,1.47,1.88
2012.05.14 02:50:15.081,1.60646,1.60704,1.13,1.09
2012.05.14 02:50:15.380,1.60641,1.60704,1.13,2.22
2012.05.14 02:50:15.440,1.60646,1.60704,1.13,1.84
2012.05.14 02:50:20.651,1.6064,1.60699,1.48,1.09
2012.05.14 02:50:21.471,1.60636,1.60697,1.47,1.09
2012.05.14 02:50:25.922,1.60639,1.60699,1.47,1.09
2012.05.14 02:50:26.411,1.60636,1.60697,1.47,1.09
2012.05.14 02:50:26.661,1.60639,1.60707,1.13,1.09
2012.05.14 02:50:27.694,1.60637,1.60707,1.47,1.09
2012.05.14 02:50:28.427,1.60637,1.60707,1.47,1.09
2012.05.14 02:50:36.640,1.60634,1.60696,1.13,1.09
2012.05.14 02:50:36.701,1.60632,1.60696,1.13,1.09
2012.05.14 02:50:40.625,1.60632,1.60696,1.13,1.09
2012.05.14 02:50:42.911,1.60627,1.60696,1.47,1.09
2012.05.14 02:50:43.730,1.60632,1.60688,1.13,1.13
2012.05.14 02:50:45.662,1.60635,1.60695,1.13,1.47
2012.05.14 02:50:46.271,1.60637,1.60704,1.09,1.47
2012.05.14 02:50:46.670,1.60637,1.60704,1.09,1.47
2012.05.14 02:50:47.090,1.60637,1.60704,1.09,1.47
2012.05.14 02:50:50.117,1.60636,1.60704,1.09,1.47
2012.05.14 02:50:50.437,1.60642,1.60704,1.13,1.47
2012.05.14 02:50:58.953,1.60644,1.60704,1.13,1.47
2012.05.14 02:51:00.790,1.60637,1.60703,1.09,1.13
2012.05.14 02:51:00.895,1.60637,1.60704,1.09,1.47
2012.05.14 02:51:01.243,1.60646,1.60704,1.09,1.13
2012.05.14 02:51:03.573,1.60642,1.60703,2.59,1.13
2012.05.14 02:51:05.172,1.60647,1.60703,1.09,1.13
2012.05.14 02:51:07.372,1.60642,1.60703,1.84,1.13
2012.05.14 02:51:08.260,1.60647,1.60703,1.09,1.13
2012.05.14 02:51:12.293,1.60647,1.60703,1.47,1.88
2012.05.14 02:51:12.602,1.60642,1.60704,2.22,2.55
2012.05.14 02:51:13.150,1.60647,1.60703,1.13,1.09
2012.05.14 02:51:13.514,1.60647,1.60706,1.47,1.13
2012.05.14 02:51:18.000,1.60647,1.60717,1.13,2.18
2012.05.14 02:51:23.011,1.60647,1.60703,1.13,1.13
2012.05.14 02:51:23.190,1.6064,1.60702,1.09,1.13
2012.05.14 02:51:23.452,1.60638,1.60701,1.09,1.13
2012.05.14 02:51:27.262,1.60636,1.60701,1.09,1.88
2012.05.14 02:51:28.021,1.60638,1.60701,1.09,1.88
2012.05.14 02:51:29.932,1.60641,1.60701,1.13,1.50
2012.05.14 02:51:30.000,1.60642,1.60702,1.13,1.13
2012.05.14 02:51:30.324,1.6065,1.60702,1.13,1.13
2012.05.14 02:51:30.390,1.60647,1.60702,1.13,1.13
2012.05.14 02:51:34.105,1.6065,1.60702,1.13,1.13
2012.05.14 02:51:36.710,1.60646,1.60702,1.13,1.13
2012.05.14 02:51:37.163,1.60641,1.60702,1.50,1.88
2012.05.14 02:51:38.209,1.60641,1.60704,1.50,1.88
2012.05.14 02:51:39.973,1.60647,1.60704,2.22,1.88
2012.05.14 02:51:40.241,1.60647,1.60704,2.97,1.88
2012.05.14 02:51:40.603,1.6065,1.60704,1.13,1.09
2012.05.14 02:51:41.060,1.60646,1.60704,1.47,1.84
2012.05.14 02:51:41.665,1.60646,1.60702,1.47,1.47
2012.05.14 02:51:43.184,1.60646,1.60704,1.47,2.22
2012.05.14 02:51:48.641,1.60651,1.60704,1.13,1.09
2012.05.14 02:51:49.170,1.60647,1.60703,1.13,1.09
2012.05.14 02:51:49.828,1.60651,1.60704,1.13,1.09
2012.05.14 02:51:50.043,1.6065,1.60705,1.13,1.47
2012.05.14 02:51:50.253,1.60651,1.60704,1.13,1.09
2012.05.14 02:51:50.573,1.60651,1.60704,1.13,1.09
2012.05.14 02:51:50.842,1.60651,1.60704,1.13,1.09
2012.05.14 02:51:51.021,1.60651,1.60704,1.13,1.09
2012.05.14 02:51:51.503,1.60651,1.60704,1.13,1.09
2012.05.14 02:51:51.570,1.60651,1.60704,1.13,1.09
2012.05.14 02:51:51.714,1.60651,1.60704,1.13,1.09
2012.05.14 02:52:02.646,1.60651,1.60701,1.13,1.47
2012.05.14 02:52:02.770,1.60651,1.60701,1.13,1.09
2012.05.14 02:52:03.461,1.60646,1.60704,1.47,1.47
2012.05.14 02:52:04.652,1.6065,1.60702,1.13,1.47
2012.05.14 02:52:04.891,1.60647,1.60703,1.13,1.09
2012.05.14 02:52:05.292,1.60647,1.60699,1.13,1.84
2012.05.14 02:52:07.762,1.60642,1.60699,1.09,2.59
2012.05.14 02:52:11.335,1.60642,1.607,1.09,1.09
2012.05.14 02:52:11.852,1.60647,1.60701,1.47,1.09
2012.05.14 02:52:19.080,1.60647,1.60702,1.47,1.47
2012.05.14 02:52:22.336,1.60647,1.60702,1.13,1.47
2012.05.14 02:52:22.956,1.60642,1.60699,1.50,1.09
2012.05.14 02:52:30.791,1.60642,1.60699,1.50,1.09
2012.05.14 02:52:30.850,1.60642,1.60699,1.13,1.09
2012.05.14 02:52:30.972,1.60635,1.60693,1.13,1.09
2012.05.14 02:52:31.291,1.60635,1.60695,1.13,1.47
2012.05.14 02:52:31.413,1.60635,1.60694,1.13,1.09
2012.05.14 02:52:33.554,1.60636,1.60695,1.09,1.88
2012.05.14 02:52:35.853,1.60632,1.60695,1.82,1.88
2012.05.14 02:52:36.012,1.60637,1.60695,1.09,1.88
2012.05.14 02:52:37.191,1.60639,1.60695,1.09,1.13
2012.05.14 02:52:38.121,1.60639,1.60695,1.09,1.13
2012.05.14 02:52:38.300,1.60639,1.60698,1.09,1.47
2012.05.14 02:52:39.739,1.60639,1.60698,1.09,1.47
2012.05.14 02:52:41.924,1.60637,1.60697,1.09,1.09
2012.05.14 02:52:44.900,1.60635,1.60698,1.13,1.47
2012.05.14 02:52:51.480,1.60635,1.60698,1.13,1.47
2012.05.14 02:52:51.540,1.60635,1.60698,1.13,1.47
2012.05.14 02:52:51.704,1.60636,1.60698,1.09,1.13
2012.05.14 02:52:53.202,1.60641,1.60699,1.09,1.13
2012.05.14 02:52:54.583,1.60641,1.60698,1.09,1.13
2012.05.14 02:52:59.903,1.60637,1.60698,1.09,1.13
2012.05.14 02:53:48.142,1.60635,1.60695,1.09,1.88
2012.05.14 02:53:48.461,1.60636,1.60695,1.09,1.88
2012.05.14 02:53:50.441,1.60641,1.60696,1.09,1.13
2012.05.14 02:53:50.561,1.60642,1.60696,1.13,1.13
2012.05.14 02:53:54.649,1.60639,1.60696,1.13,1.13
2012.05.14 02:54:05.442,1.60637,1.60695,1.48,1.88
2012.05.14 02:54:05.503,1.60637,1.60695,1.48,1.13
2012.05.14 02:54:06.642,1.60637,1.60695,1.07,1.13
2012.05.14 02:54:07.045,1.60637,1.60689,1.11,1.09
2012.05.14 02:54:07.373,1.60636,1.60685,1.07,1.09
2012.05.14 02:54:07.732,1.60636,1.60684,1.07,1.13
2012.05.14 02:54:08.062,1.60627,1.60679,1.48,1.84
2012.05.14 02:54:08.133,1.60627,1.60679,1.48,1.84
2012.05.14 02:54:08.723,1.60625,1.60677,1.07,1.09
2012.05.14 02:54:09.651,1.60625,1.60678,1.07,1.84
2012.05.14 02:54:09.711,1.60622,1.60678,1.48,1.84
2012.05.14 02:54:10.612,1.60614,1.60671,1.07,1.09
2012.05.14 02:54:10.726,1.60616,1.60674,1.48,1.09
2012.05.14 02:54:11.053,1.60622,1.60678,1.13,1.84
2012.05.14 02:54:27.897,1.60621,1.60678,1.09,1.09
2012.05.14 02:54:29.879,1.60622,1.60678,1.13,1.09
2012.05.14 02:54:35.693,1.60617,1.60678,1.47,1.09
2012.05.14 02:54:36.344,1.60617,1.60678,1.82,1.09
2012.05.14 02:54:50.856,1.60617,1.60678,1.47,1.09
2012.05.14 02:54:53.341,1.60621,1.60679,1.47,1.09
2012.05.14 02:54:55.651,1.60616,1.60678,1.82,1.09
2012.05.14 02:54:55.762,1.60621,1.60679,1.47,1.09
2012.05.14 02:54:56.750,1.60616,1.60681,1.48,1.13
2012.05.14 02:54:57.191,1.60614,1.60678,1.11,1.50
2012.05.14 02:55:02.483,1.60614,1.60678,1.11,1.50
2012.05.14 02:55:03.572,1.60614,1.60678,1.11,1.50
2012.05.14 02:55:04.300,1.60614,1.60677,1.11,1.50
2012.05.14 02:55:04.542,1.60612,1.60668,1.13,1.09
2012.05.14 02:55:04.602,1.60607,1.60666,1.47,1.09
2012.05.14 02:55:10.711,1.60606,1.60666,1.47,1.09
2012.05.14 02:55:12.471,1.60611,1.60669,1.13,1.13
2012.05.14 02:55:13.474,1.60611,1.60669,1.48,1.13
2012.05.14 02:55:17.933,1.60608,1.60668,1.11,1.13
2012.05.14 02:55:20.511,1.60611,1.60669,1.48,1.13
2012.05.14 02:55:24.132,1.60608,1.60668,1.11,1.13
2012.05.14 02:55:30.824,1.60608,1.60668,1.11,1.13
2012.05.14 02:55:33.862,1.60611,1.60669,1.13,1.13
2012.05.14 02:55:38.323,1.60608,1.60668,1.11,1.13
2012.05.14 02:55:38.652,1.60611,1.60668,1.13,1.13
2012.05.14 02:55:40.743,1.60608,1.60668,1.11,1.13
2012.05.14 02:55:42.290,1.60608,1.60668,1.11,1.13
2012.05.14 02:55:42.841,1.60611,1.60668,1.11,1.13
2012.05.14 02:55:42.901,1.60611,1.60669,1.86,1.13
2012.05.14 02:55:44.347,1.60611,1.60678,1.86,1.47
2012.05.14 02:55:45.992,1.60616,1.60678,1.13,1.13
2012.05.14 02:55:46.881,1.60616,1.60689,1.13,2.18
2012.05.14 02:55:50.282,1.60616,1.60689,1.13,2.18
2012.05.14 02:55:51.573,1.60622,1.60689,1.13,2.18
2012.05.14 02:56:10.922,1.60617,1.60689,1.13,2.18
2012.05.14 02:56:13.294,1.60617,1.60689,1.50,2.18
2012.05.14 02:56:13.424,1.60617,1.60689,1.11,1.13
2012.05.14 02:56:13.723,1.60622,1.60689,1.47,1.13
2012.05.14 02:56:14.421,1.6062,1.60698,1.07,2.18
2012.05.14 02:56:14.811,1.60616,1.60688,1.13,2.18
2012.05.14 02:56:15.168,1.60611,1.60688,1.82,2.18
2012.05.14 02:56:18.951,1.60617,1.60688,1.13,2.18
2012.05.14 02:56:19.292,1.60611,1.60688,1.82,2.18
2012.05.14 02:56:19.351,1.60617,1.60688,1.13,2.18
2012.05.14 02:56:20.272,1.60617,1.60688,1.13,2.18
2012.05.14 02:56:20.981,1.60617,1.60688,1.13,2.18
2012.05.14 02:56:22.261,1.60617,1.60688,1.13,2.18
2012.05.14 02:56:23.985,1.60617,1.60688,1.13,2.18
2012.05.14 02:56:50.877,1.60617,1.60688,1.13,2.18
2012.05.14 02:57:05.331,1.60621,1.60688,1.13,2.18
2012.05.14 02:57:06.193,1.60621,1.60695,1.13,1.84
2012.05.14 02:57:20.440,1.60619,1.60682,1.80,1.09
2012.05.14 02:57:20.766,1.60616,1.60674,1.86,1.13
2012.05.14 02:57:20.831,1.60616,1.60679,1.86,1.13
2012.05.14 02:57:21.261,1.60622,1.60684,1.13,1.50
2012.05.14 02:57:21.561,1.60627,1.60685,1.80,1.09
2012.05.14 02:57:22.111,1.60622,1.60685,1.13,1.09
2012.05.14 02:57:22.691,1.60622,1.60685,1.13,1.09
2012.05.14 02:57:23.052,1.60617,1.60679,1.11,1.13
2012.05.14 02:57:40.823,1.60616,1.60679,1.86,1.13
2012.05.14 02:57:50.881,1.60622,1.60684,1.50,1.88
2012.05.14 02:57:51.123,1.60626,1.60684,1.09,1.09
2012.05.14 02:57:51.509,1.60632,1.60684,1.11,1.09
2012.05.14 02:57:52.111,1.60632,1.60687,1.44,1.13
2012.05.14 02:57:52.291,1.60631,1.60689,3.69,1.09
2012.05.14 02:58:00.162,1.60638,1.60694,1.09,1.09
2012.05.14 02:58:00.521,1.60634,1.60689,1.44,1.09
2012.05.14 02:58:01.182,1.60638,1.60694,1.09,1.09
2012.05.14 02:58:05.850,1.60641,1.60704,1.47,1.84
2012.05.14 02:58:05.910,1.60647,1.60704,1.09,1.84
2012.05.14 02:58:11.253,1.60642,1.60704,1.47,1.09
2012.05.14 02:58:13.445,1.60646,1.60704,1.09,1.09
2012.05.14 02:58:16.413,1.60641,1.60704,1.47,1.09
2012.05.14 02:58:22.193,1.60647,1.60704,1.09,1.09
2012.05.14 02:58:24.014,1.60642,1.60704,1.47,1.84
2012.05.14 02:58:24.169,1.60647,1.60704,1.09,1.84
2012.05.14 02:58:27.883,1.60647,1.60703,1.09,1.50
2012.05.14 02:58:28.003,1.6064,1.60693,1.43,1.13
2012.05.14 02:58:28.241,1.60639,1.60695,1.09,1.88
2012.05.14 02:58:28.424,1.60638,1.60693,1.07,1.13
2012.05.14 02:58:28.600,1.60634,1.60693,1.44,1.88
2012.05.14 02:58:52.031,1.60639,1.60694,1.07,1.13
2012.05.14 02:59:05.193,1.60639,1.60694,1.07,1.13
2012.05.14 02:59:05.922,1.60639,1.60694,1.07,1.13
2012.05.14 02:59:06.183,1.60639,1.60694,1.07,1.13
2012.05.14 02:59:06.241,1.60635,1.60694,1.44,1.13
2012.05.14 02:59:06.734,1.60637,1.60695,1.09,1.88
2012.05.14 02:59:08.162,1.60639,1.60696,1.09,1.47
2012.05.14 02:59:08.951,1.60639,1.60695,1.09,1.13
2012.05.14 02:59:09.191,1.6064,1.60696,2.18,1.47
2012.05.14 02:59:09.373,1.60639,1.60695,1.09,1.13
2012.05.14 02:59:09.571,1.60639,1.60696,2.52,1.47
2012.05.14 02:59:09.751,1.60639,1.60696,1.09,1.47
2012.05.14 02:59:09.931,1.60639,1.60696,1.09,1.47
2012.05.14 02:59:10.294,1.60639,1.60695,2.52,1.13
2012.05.14 02:59:11.142,1.6064,1.60695,2.18,1.13
2012.05.14 02:59:11.511,1.6064,1.60696,2.18,1.47
2012.05.14 02:59:11.694,1.6064,1.60695,2.18,1.13
2012.05.14 02:59:11.932,1.60639,1.60696,1.09,1.47
2012.05.14 02:59:12.131,1.6064,1.60696,1.86,1.47
2012.05.14 02:59:12.252,1.60639,1.60695,1.09,1.13
2012.05.14 02:59:12.571,1.60641,1.60695,1.13,1.13
2012.05.14 02:59:12.692,1.60641,1.60695,1.13,1.13
2012.05.14 02:59:12.932,1.60639,1.60696,1.09,1.47
2012.05.14 02:59:13.171,1.6064,1.60696,1.86,1.47
2012.05.14 02:59:13.472,1.60639,1.60696,1.09,1.47
2012.05.14 02:59:13.711,1.60641,1.60695,1.86,1.13
2012.05.14 02:59:13.891,1.60641,1.60695,1.48,1.13
2012.05.14 02:59:14.132,1.60641,1.60695,1.48,1.13
2012.05.14 02:59:14.483,1.6064,1.60696,1.48,1.47
2012.05.14 02:59:14.661,1.60641,1.60695,1.48,1.13
2012.05.14 02:59:14.902,1.60632,1.60695,1.09,1.13
2012.05.14 02:59:14.961,1.60631,1.60688,3.28,1.09
2012.05.14 02:59:15.262,1.60631,1.60683,1.43,1.50
2012.05.14 02:59:15.321,1.60627,1.60683,1.09,1.50
2012.05.14 02:59:15.382,1.60627,1.60684,1.09,1.47
2012.05.14 02:59:15.741,1.60626,1.60683,1.13,1.47
2012.05.14 02:59:19.013,1.60627,1.6068,1.09,1.47
2012.05.14 02:59:19.132,1.60627,1.60683,1.09,1.84
2012.05.14 02:59:21.176,1.60625,1.60683,1.86,1.09
2012.05.14 02:59:21.541,1.60622,1.60678,1.48,1.47
2012.05.14 02:59:22.586,1.60622,1.60678,1.48,1.47
2012.05.14 02:59:24.131,1.6062,1.60674,1.11,1.09
2012.05.14 02:59:24.571,1.60617,1.60674,1.09,1.09
2012.05.14 02:59:25.273,1.60619,1.60678,1.09,1.47
2012.05.14 02:59:25.713,1.60623,1.60682,1.13,1.09
2012.05.14 02:59:26.012,1.60626,1.60684,1.47,1.09
2012.05.14 02:59:26.807,1.60626,1.60684,1.47,1.09
2012.05.14 02:59:27.652,1.60625,1.60679,1.09,1.09
2012.05.14 02:59:28.141,1.60632,1.60688,1.84,1.47
2012.05.14 02:59:28.240,1.60632,1.60692,1.84,1.47
2012.05.14 02:59:28.687,1.60632,1.60689,1.09,1.47
2012.05.14 02:59:31.192,1.60632,1.60692,1.84,1.47
2012.05.14 02:59:31.715,1.60635,1.60694,1.86,1.09
2012.05.14 02:59:31.902,1.60637,1.60694,1.11,1.09
2012.05.14 02:59:32.603,1.6064,1.60696,1.48,1.47
2012.05.14 02:59:33.146,1.6064,1.60696,1.48,1.47
2012.05.14 02:59:33.846,1.60641,1.60695,1.82,1.09
2012.05.14 02:59:36.113,1.60641,1.60694,1.07,1.09
2012.05.14 02:59:36.172,1.60638,1.60697,2.16,1.09
2012.05.14 02:59:36.293,1.60632,1.60697,1.84,1.47
2012.05.14 02:59:38.442,1.60632,1.60698,2.19,2.22
2012.05.14 02:59:40.016,1.6064,1.60702,1.07,1.13
2012.05.14 02:59:40.083,1.60642,1.60703,1.47,1.09
2012.05.14 02:59:40.142,1.60642,1.60698,1.13,1.09
2012.05.14 02:59:40.323,1.60641,1.60693,1.11,1.09
2012.05.14 02:59:40.683,1.60633,1.60693,1.09,1.09
2012.05.14 02:59:54.881,1.60633,1.60698,1.09,2.22
2012.05.14 02:59:56.756,1.60633,1.60694,1.09,1.47
2012.05.14 02:59:57.231,1.60633,1.60698,1.09,2.22
