2015.06.29 12:00:01.412,1.93959,1.93998,1.00,1.00
2015.06.29 12:00:01.751,1.93955,1.93994,1.00,1.00
2015.06.29 12:00:07.858,1.93959,1.93994,1.00,1.00
2015.06.29 12:00:07.959,1.93955,1.93994,1.00,1.00
2015.06.29 12:00:08.477,1.93958,1.93994,1.00,1.00
2015.06.29 12:00:09.021,1.93955,1.93994,1.00,1.00
2015.06.29 12:00:13.499,1.93958,1.93997,1.00,1.00
2015.06.29 12:00:13.843,1.93962,1.94,1.00,1.00
2015.06.29 12:00:14.678,1.93954,1.93994,1.00,1.00
2015.06.29 12:00:14.729,1.93951,1.93988,1.00,1.00
2015.06.29 12:00:16.131,1.93945,1.93985,1.00,1.00
2015.06.29 12:00:16.284,1.93943,1.9398,1.00,1.00
2015.06.29 12:00:16.706,1.93939,1.93978,1.00,1.00
2015.06.29 12:00:18.906,1.93935,1.93975,1.00,1.00
2015.06.29 12:00:20.188,1.93935,1.93974,1.00,1.00
2015.06.29 12:00:20.693,1.93935,1.93975,1.00,1.00
2015.06.29 12:00:21.675,1.93938,1.93975,1.00,1.00
2015.06.29 12:00:21.927,1.93935,1.93975,1.00,1.00
2015.06.29 12:00:22.880,1.93932,1.93972,1.00,1.00
2015.06.29 12:00:23.409,1.9393,1.93967,1.00,1.00
2015.06.29 12:00:27.459,1.93926,1.93964,1.00,1.00
2015.06.29 12:00:30.328,1.9392,1.93959,1.00,1.00
2015.06.29 12:00:32.910,1.9391,1.93949,1.00,1.50
2015.06.29 12:00:33.257,1.93906,1.93944,1.00,1.00
2015.06.29 12:00:34.438,1.93902,1.93937,1.00,1.00
2015.06.29 12:00:34.489,1.93897,1.93937,1.00,1.50
2015.06.29 12:00:34.540,1.93894,1.93931,1.00,1.00
2015.06.29 12:00:35.333,1.93898,1.93931,1.00,1.00
2015.06.29 12:00:35.892,1.93889,1.93932,1.00,1.00
2015.06.29 12:00:35.943,1.93886,1.93932,1.00,1.00
2015.06.29 12:00:35.994,1.93886,1.93926,1.00,1.00
2015.06.29 12:00:36.044,1.9388,1.93926,1.00,1.50
2015.06.29 12:00:36.095,1.93877,1.93921,1.00,1.00
2015.06.29 12:00:36.548,1.93875,1.93921,1.00,1.00
2015.06.29 12:00:37.256,1.93873,1.93917,1.00,1.00
2015.06.29 12:00:39.003,1.93865,1.9391,1.00,1.00
2015.06.29 12:00:39.205,1.93867,1.9391,1.00,1.00
2015.06.29 12:00:39.730,1.93866,1.9391,1.00,1.00
2015.06.29 12:00:41.076,1.9386,1.93907,1.00,1.00
2015.06.29 12:00:41.127,1.9386,1.93899,1.00,1.00
2015.06.29 12:00:41.279,1.93849,1.93895,1.00,1.00
2015.06.29 12:00:41.481,1.93849,1.93899,1.00,1.50
2015.06.29 12:00:41.632,1.93849,1.93901,1.00,1.00
2015.06.29 12:00:41.734,1.93846,1.93897,1.00,1.00
2015.06.29 12:00:42.495,1.9385,1.93898,1.00,1.00
2015.06.29 12:00:42.901,1.93846,1.93896,1.00,1.00
2015.06.29 12:00:43.256,1.93845,1.93893,1.00,1.00
2015.06.29 12:00:43.357,1.93845,1.93895,1.00,1.00
2015.06.29 12:00:43.919,1.93854,1.939,1.00,1.00
2015.06.29 12:00:44.222,1.93859,1.93907,1.00,1.00
2015.06.29 12:00:44.490,1.93859,1.93909,1.00,1.00
2015.06.29 12:00:44.591,1.93861,1.9391,1.00,1.00
2015.06.29 12:00:44.692,1.93852,1.93903,1.00,1.00
2015.06.29 12:00:44.743,1.93851,1.93901,1.00,1.00
2015.06.29 12:00:45.359,1.9385,1.93901,1.00,1.00
2015.06.29 12:00:45.763,1.93853,1.93902,1.00,1.00
2015.06.29 12:00:46.065,1.93853,1.939,1.00,1.00
2015.06.29 12:00:46.166,1.93853,1.93903,1.00,1.00
2015.06.29 12:00:46.318,1.93851,1.93902,1.00,1.50
2015.06.29 12:00:46.369,1.93853,1.93902,1.00,1.50
2015.06.29 12:00:46.899,1.93869,1.93915,1.00,1.00
2015.06.29 12:00:47.253,1.9387,1.93917,1.00,1.00
2015.06.29 12:00:47.630,1.93863,1.93912,1.00,1.00
2015.06.29 12:00:48.154,1.93863,1.93913,1.00,1.00
2015.06.29 12:00:48.527,1.93868,1.93916,1.00,1.00
2015.06.29 12:00:48.679,1.9387,1.93919,1.00,1.00
2015.06.29 12:00:49.603,1.93868,1.93918,1.00,1.00
2015.06.29 12:00:50.119,1.93868,1.93919,1.00,1.00
2015.06.29 12:00:51.112,1.9387,1.93918,1.00,1.00
2015.06.29 12:00:51.414,1.93868,1.93918,1.00,1.50
2015.06.29 12:00:51.465,1.93868,1.93915,1.00,1.00
2015.06.29 12:00:51.516,1.93865,1.93915,1.00,1.00
2015.06.29 12:00:52.059,1.93868,1.93916,1.00,1.00
2015.06.29 12:00:52.689,1.93866,1.93916,1.00,1.00
2015.06.29 12:00:52.918,1.93861,1.93911,1.00,1.00
2015.06.29 12:00:53.220,1.93861,1.9391,1.00,1.37
2015.06.29 12:00:53.271,1.93865,1.93912,1.00,1.00
2015.06.29 12:00:53.473,1.93859,1.9391,1.00,1.00
2015.06.29 12:00:54.575,1.93862,1.9391,1.00,1.00
2015.06.29 12:00:54.898,1.93853,1.93903,1.00,1.00
2015.06.29 12:00:54.999,1.93851,1.93901,1.50,1.00
2015.06.29 12:00:55.962,1.93854,1.93904,1.00,1.00
2015.06.29 12:00:56.068,1.93856,1.93907,1.00,1.00
2015.06.29 12:00:56.170,1.93856,1.93905,1.00,1.00
2015.06.29 12:00:56.272,1.93858,1.93908,1.00,1.50
2015.06.29 12:00:56.474,1.93859,1.9391,1.00,2.25
2015.06.29 12:00:56.575,1.93859,1.93907,1.00,1.00
2015.06.29 12:00:56.795,1.93859,1.9391,1.00,1.50
2015.06.29 12:00:57.279,1.93861,1.9391,1.00,1.00
2015.06.29 12:00:58.188,1.93863,1.9391,1.00,1.00
2015.06.29 12:00:58.983,1.93861,1.9391,1.00,1.00
2015.06.29 12:00:59.948,1.93862,1.9391,1.00,1.00
2015.06.29 12:01:00.769,1.93859,1.9391,1.00,1.00
2015.06.29 12:01:00.820,1.93859,1.93908,1.00,1.00
2015.06.29 12:01:01.386,1.9386,1.93909,1.00,1.00
2015.06.29 12:01:02.373,1.9386,1.93911,1.00,1.00
2015.06.29 12:01:02.424,1.93864,1.93912,1.00,1.00
2015.06.29 12:01:02.918,1.93862,1.93912,1.00,1.00
2015.06.29 12:01:03.836,1.93861,1.93911,1.00,1.00
2015.06.29 12:01:05.623,1.93849,1.93901,1.50,1.50
2015.06.29 12:01:05.724,1.93849,1.93898,1.00,1.00
2015.06.29 12:01:05.926,1.93845,1.93897,1.00,1.00
2015.06.29 12:01:06.027,1.93849,1.93897,1.00,1.00
2015.06.29 12:01:06.430,1.93849,1.93895,1.00,1.00
2015.06.29 12:01:07.837,1.93843,1.93886,1.00,1.00
2015.06.29 12:01:07.938,1.93843,1.93888,1.00,1.00
2015.06.29 12:01:08.140,1.93842,1.93886,1.00,1.00
2015.06.29 12:01:08.444,1.93843,1.93891,1.00,1.00
2015.06.29 12:01:09.075,1.93849,1.93893,1.00,1.00
2015.06.29 12:01:09.126,1.93854,1.93903,1.00,1.50
2015.06.29 12:01:09.328,1.93856,1.93903,1.00,1.00
2015.06.29 12:01:09.658,1.93855,1.93901,1.00,1.00
2015.06.29 12:01:10.114,1.93852,1.93901,1.00,1.50
2015.06.29 12:01:10.655,1.93851,1.93901,1.00,1.50
2015.06.29 12:01:10.706,1.93853,1.93901,1.00,1.50
2015.06.29 12:01:11.211,1.93854,1.93901,1.00,1.00
2015.06.29 12:01:11.912,1.93853,1.93901,1.00,1.00
2015.06.29 12:01:12.567,1.93854,1.93901,1.00,1.00
2015.06.29 12:01:12.880,1.93858,1.93901,1.00,1.00
2015.06.29 12:01:13.082,1.93851,1.939,1.00,1.00
2015.06.29 12:01:13.551,1.93849,1.93898,1.50,1.50
2015.06.29 12:01:13.854,1.93851,1.93899,1.00,1.00
2015.06.29 12:01:14.359,1.93851,1.93898,1.00,1.00
2015.06.29 12:01:15.233,1.93853,1.93898,1.00,1.00
2015.06.29 12:01:15.403,1.93851,1.93899,1.00,1.00
2015.06.29 12:01:15.504,1.93849,1.93899,1.00,1.00
2015.06.29 12:01:15.656,1.93859,1.93899,1.00,1.00
2015.06.29 12:01:15.807,1.93859,1.93901,1.00,1.00
2015.06.29 12:01:15.858,1.93853,1.93899,1.00,1.00
2015.06.29 12:01:16.648,1.93849,1.93899,1.00,1.00
2015.06.29 12:01:17.665,1.93849,1.93895,1.00,1.00
2015.06.29 12:01:17.766,1.93849,1.93899,1.00,1.00
2015.06.29 12:01:19.423,1.93848,1.93894,1.00,1.00
2015.06.29 12:01:19.575,1.9384,1.9389,1.00,1.50
2015.06.29 12:01:19.676,1.93841,1.93892,1.00,1.00
2015.06.29 12:01:20.778,1.93844,1.93893,1.00,1.00
2015.06.29 12:01:20.829,1.93844,1.93895,1.00,1.00
2015.06.29 12:01:20.880,1.93846,1.93897,1.00,1.00
2015.06.29 12:01:21.184,1.93854,1.93899,1.00,1.00
2015.06.29 12:01:21.238,1.93854,1.93901,1.00,1.00
2015.06.29 12:01:21.746,1.93854,1.93902,1.00,1.00
2015.06.29 12:01:22.280,1.93854,1.93901,1.00,1.00
2015.06.29 12:01:22.584,1.93854,1.93906,1.00,1.00
2015.06.29 12:01:22.736,1.93856,1.93907,1.00,1.00
2015.06.29 12:01:23.571,1.93856,1.93905,1.00,1.50
2015.06.29 12:01:23.916,1.93855,1.93903,1.00,1.00
2015.06.29 12:01:23.967,1.93855,1.93905,1.00,1.00
2015.06.29 12:01:24.272,1.93855,1.93903,1.00,1.00
2015.06.29 12:01:24.963,1.93863,1.93906,1.00,1.00
2015.06.29 12:01:25.014,1.93858,1.93906,1.00,1.00
2015.06.29 12:01:25.647,1.93874,1.93906,1.00,1.00
2015.06.29 12:01:25.698,1.93874,1.93916,1.50,1.00
2015.06.29 12:01:25.749,1.93874,1.93919,1.50,1.50
2015.06.29 12:01:25.801,1.93875,1.93921,1.00,1.00
2015.06.29 12:01:25.852,1.93875,1.93917,1.00,1.00
2015.06.29 12:01:26.409,1.93872,1.93917,1.00,1.00
2015.06.29 12:01:26.463,1.93873,1.9392,1.00,1.00
2015.06.29 12:01:26.607,1.93873,1.93922,1.00,1.00
2015.06.29 12:01:27.353,1.93875,1.93922,1.00,1.00
2015.06.29 12:01:27.977,1.93874,1.93922,1.00,1.00
2015.06.29 12:01:28.380,1.93893,1.9393,1.00,1.00
2015.06.29 12:01:28.434,1.93893,1.93935,1.00,1.00
2015.06.29 12:01:28.485,1.93893,1.93942,1.50,1.00
2015.06.29 12:01:28.638,1.93893,1.93937,1.00,1.00
2015.06.29 12:01:28.689,1.93891,1.93937,1.00,1.00
2015.06.29 12:01:28.840,1.93891,1.9394,1.00,2.25
2015.06.29 12:01:29.456,1.9389,1.9394,1.00,1.50
2015.06.29 12:01:29.962,1.9389,1.93941,1.00,3.00
2015.06.29 12:01:30.391,1.9389,1.93931,1.00,1.00
2015.06.29 12:01:30.442,1.93888,1.93931,1.00,1.00
2015.06.29 12:01:31.046,1.93885,1.93926,1.00,1.00
2015.06.29 12:01:31.148,1.93885,1.93932,1.00,1.00
2015.06.29 12:01:31.338,1.93885,1.93926,1.00,1.00
2015.06.29 12:01:31.590,1.93885,1.93932,1.00,1.00
2015.06.29 12:01:32.554,1.93884,1.93932,1.00,1.00
2015.06.29 12:01:33.537,1.93884,1.93931,1.50,1.00
2015.06.29 12:01:34.720,1.93879,1.9392,1.00,1.00
2015.06.29 12:01:34.770,1.93873,1.93917,1.00,1.00
2015.06.29 12:01:35.079,1.93873,1.9392,1.50,1.00
2015.06.29 12:01:35.231,1.93871,1.93921,1.00,1.00
2015.06.29 12:01:35.282,1.93873,1.9392,1.00,1.00
2015.06.29 12:01:35.606,1.93879,1.93921,1.00,1.00
2015.06.29 12:01:36.111,1.93874,1.93925,1.00,1.00
2015.06.29 12:01:36.161,1.93876,1.93926,1.00,1.50
2015.06.29 12:01:36.464,1.93877,1.93922,1.00,1.00
2015.06.29 12:01:36.515,1.93872,1.93922,1.00,1.00
2015.06.29 12:01:36.918,1.93872,1.9392,1.00,1.00
2015.06.29 12:01:37.019,1.93872,1.93922,1.00,1.50
2015.06.29 12:01:37.964,1.93872,1.9392,1.00,1.00
2015.06.29 12:01:38.014,1.9387,1.9392,1.00,1.00
2015.06.29 12:01:38.267,1.93872,1.9392,1.00,1.50
2015.06.29 12:01:39.306,1.93872,1.93919,1.00,1.00
2015.06.29 12:01:39.822,1.93873,1.9392,1.00,1.00
2015.06.29 12:01:40.286,1.93872,1.93916,1.00,1.00
2015.06.29 12:01:40.940,1.93867,1.93916,1.00,1.50
2015.06.29 12:01:41.091,1.93864,1.93915,2.25,2.25
2015.06.29 12:01:41.142,1.93864,1.93911,2.25,1.00
2015.06.29 12:01:41.454,1.93868,1.93912,1.00,1.00
2015.06.29 12:01:41.769,1.9387,1.93915,1.00,1.00
2015.06.29 12:01:42.582,1.93871,1.93915,1.00,1.00
2015.06.29 12:01:43.334,1.93873,1.93915,1.00,1.00
2015.06.29 12:01:43.385,1.93873,1.9392,1.00,1.00
2015.06.29 12:01:43.436,1.93888,1.93921,1.00,1.00
2015.06.29 12:01:43.587,1.9389,1.93926,1.00,1.00
2015.06.29 12:01:43.739,1.93888,1.93926,1.00,1.00
2015.06.29 12:01:43.866,1.9389,1.93926,1.00,1.00
2015.06.29 12:01:44.358,1.93891,1.93932,1.00,1.00
2015.06.29 12:01:44.717,1.93889,1.93937,1.00,1.34
2015.06.29 12:01:44.768,1.93893,1.93937,1.00,1.00
2015.06.29 12:01:45.070,1.93893,1.93932,1.50,1.00
2015.06.29 12:01:45.171,1.93895,1.93937,1.00,1.00
2015.06.29 12:01:45.272,1.93893,1.93937,1.00,1.00
2015.06.29 12:01:45.373,1.93893,1.93939,1.00,1.00
2015.06.29 12:01:45.474,1.93889,1.93938,1.50,1.00
2015.06.29 12:01:45.955,1.93888,1.93936,1.00,1.50
2015.06.29 12:01:46.275,1.93886,1.93932,1.50,1.00
2015.06.29 12:01:46.729,1.93886,1.93928,1.00,1.00
2015.06.29 12:01:46.880,1.9388,1.93925,1.50,1.00
2015.06.29 12:01:49.185,1.93878,1.93923,1.00,1.00
2015.06.29 12:01:49.704,1.93878,1.93915,1.00,1.00
2015.06.29 12:01:49.755,1.93869,1.93916,1.00,1.50
2015.06.29 12:01:49.806,1.93872,1.93916,1.00,1.50
2015.06.29 12:01:50.109,1.9391,1.93929,1.00,1.00
2015.06.29 12:01:50.160,1.9391,1.93935,1.00,1.00
2015.06.29 12:01:50.211,1.9391,1.93943,1.00,1.12
2015.06.29 12:01:50.262,1.93915,1.93952,1.00,1.00
2015.06.29 12:01:50.363,1.9392,1.93952,1.00,1.00
2015.06.29 12:01:50.950,1.93921,1.93957,1.00,1.00
2015.06.29 12:01:51.001,1.93923,1.93951,1.00,1.00
2015.06.29 12:01:51.203,1.93922,1.93957,1.00,1.00
2015.06.29 12:01:51.355,1.9392,1.93962,1.50,1.34
2015.06.29 12:01:51.557,1.9392,1.93957,1.50,1.00
2015.06.29 12:01:52.228,1.93914,1.93952,1.00,1.00
2015.06.29 12:01:52.533,1.93917,1.93953,1.00,1.00
2015.06.29 12:01:53.051,1.93916,1.93953,1.00,1.00
2015.06.29 12:01:53.738,1.93917,1.93953,1.00,1.00
2015.06.29 12:01:54.207,1.93919,1.93957,1.00,1.00
2015.06.29 12:01:54.728,1.93918,1.93957,1.00,1.00
2015.06.29 12:01:56.656,1.93918,1.93954,1.00,1.00
2015.06.29 12:01:56.707,1.93911,1.9395,1.00,1.50
2015.06.29 12:01:57.219,1.93903,1.9394,1.00,1.34
2015.06.29 12:01:57.428,1.93898,1.93937,1.00,1.09
2015.06.29 12:01:58.171,1.93898,1.93938,1.50,1.00
2015.06.29 12:01:58.692,1.93899,1.93938,1.00,1.00
2015.06.29 12:01:58.793,1.93898,1.93941,1.00,1.00
2015.06.29 12:01:59.033,1.93906,1.93944,1.00,1.00
2015.06.29 12:01:59.134,1.93908,1.93947,1.00,1.00
2015.06.29 12:01:59.185,1.93908,1.93949,1.00,1.00
2015.06.29 12:01:59.286,1.93908,1.93951,1.50,1.00
2015.06.29 12:01:59.584,1.93908,1.93947,1.50,1.00
2015.06.29 12:02:00.295,1.93908,1.93946,1.50,1.00
2015.06.29 12:02:00.876,1.93908,1.93947,1.50,1.00
2015.06.29 12:02:01.100,1.93908,1.93951,1.50,1.00
2015.06.29 12:02:02.303,1.93912,1.93947,1.00,1.00
2015.06.29 12:02:02.454,1.93903,1.93946,1.50,1.00
2015.06.29 12:02:02.505,1.93903,1.93944,1.50,1.00
2015.06.29 12:02:02.556,1.93901,1.93944,1.00,1.00
2015.06.29 12:02:02.607,1.93901,1.93946,1.00,1.50
2015.06.29 12:02:02.658,1.93901,1.93942,1.00,1.00
2015.06.29 12:02:02.760,1.93894,1.93939,1.00,1.50
2015.06.29 12:02:02.861,1.93889,1.93935,1.00,1.00
2015.06.29 12:02:03.375,1.93885,1.93932,1.00,1.50
2015.06.29 12:02:03.913,1.93885,1.93931,1.00,1.00
2015.06.29 12:02:04.689,1.93885,1.93932,1.00,2.25
2015.06.29 12:02:04.866,1.93885,1.93926,1.00,1.00
2015.06.29 12:02:05.169,1.93883,1.9392,1.00,1.00
2015.06.29 12:02:06.478,1.93886,1.93923,1.00,1.00
2015.06.29 12:02:06.781,1.93898,1.9393,1.00,1.00
2015.06.29 12:02:08.191,1.939,1.9393,1.00,1.00
2015.06.29 12:02:08.242,1.939,1.93934,1.00,1.00
2015.06.29 12:02:08.747,1.93901,1.93934,1.00,1.00
2015.06.29 12:02:09.503,1.93902,1.93939,1.00,1.00
2015.06.29 12:02:09.605,1.93904,1.93939,1.00,1.00
2015.06.29 12:02:09.895,1.93899,1.93939,1.50,1.34
2015.06.29 12:02:10.046,1.93899,1.93932,1.00,1.00
2015.06.29 12:02:10.148,1.93899,1.93939,1.00,1.00
2015.06.29 12:02:10.694,1.93899,1.93936,1.00,1.00
2015.06.29 12:02:11.014,1.93896,1.93933,1.00,1.00
2015.06.29 12:02:12.561,1.93891,1.93931,1.00,1.00
2015.06.29 12:02:13.874,1.93888,1.93926,1.00,1.00
2015.06.29 12:02:14.396,1.93887,1.93926,1.00,1.00
2015.06.29 12:02:15.879,1.93897,1.93937,1.00,2.25
2015.06.29 12:02:18.085,1.93898,1.93937,1.00,1.00
2015.06.29 12:02:18.687,1.93899,1.93937,1.00,1.00
2015.06.29 12:02:20.178,1.93905,1.93937,1.00,1.00
2015.06.29 12:02:20.228,1.93905,1.93943,1.00,1.00
2015.06.29 12:02:20.279,1.93909,1.93947,1.50,1.00
2015.06.29 12:02:20.582,1.93915,1.93955,1.00,1.00
2015.06.29 12:02:21.268,1.93919,1.93955,1.00,1.00
2015.06.29 12:02:21.322,1.93919,1.93957,1.00,1.00
2015.06.29 12:02:21.373,1.93919,1.93965,1.00,1.00
2015.06.29 12:02:22.499,1.93918,1.93965,1.50,1.00
2015.06.29 12:02:24.228,1.93919,1.93965,1.00,1.00
2015.06.29 12:02:24.767,1.93918,1.93962,1.00,1.00
2015.06.29 12:02:25.485,1.93918,1.93965,1.00,1.00
2015.06.29 12:02:26.396,1.93918,1.93957,1.00,1.00
2015.06.29 12:02:26.984,1.93918,1.93956,1.00,1.00
2015.06.29 12:02:27.495,1.93918,1.93957,1.00,1.00
2015.06.29 12:02:27.747,1.93914,1.93957,1.50,1.00
2015.06.29 12:02:28.886,1.93909,1.93952,1.00,1.00
2015.06.29 12:02:28.937,1.93909,1.93956,1.00,1.00
2015.06.29 12:02:29.443,1.9391,1.93956,1.00,1.00
2015.06.29 12:02:29.494,1.93912,1.93959,1.00,1.00
2015.06.29 12:02:29.545,1.93915,1.93962,1.00,1.50
2015.06.29 12:02:30.221,1.93916,1.93962,1.00,1.00
2015.06.29 12:02:30.938,1.93918,1.93965,1.00,1.50
2015.06.29 12:02:31.039,1.93922,1.93965,1.00,1.00
2015.06.29 12:02:31.643,1.93925,1.9397,1.50,1.00
2015.06.29 12:02:33.488,1.93921,1.93967,1.00,1.50
2015.06.29 12:02:33.539,1.93917,1.93963,1.00,1.50
2015.06.29 12:02:33.841,1.93913,1.93959,1.00,1.00
2015.06.29 12:02:34.593,1.93926,1.93971,1.50,1.50
2015.06.29 12:02:35.173,1.93927,1.93971,1.00,1.00
2015.06.29 12:02:35.956,1.93932,1.93971,1.00,1.00
2015.06.29 12:02:36.007,1.93933,1.93975,1.00,1.00
2015.06.29 12:02:36.290,1.93935,1.93978,1.00,1.00
2015.06.29 12:02:36.880,1.93934,1.93978,1.00,1.00
2015.06.29 12:02:37.483,1.93934,1.93976,1.00,1.00
2015.06.29 12:02:40.146,1.93934,1.93977,1.00,1.00
2015.06.29 12:02:40.974,1.93929,1.93976,1.00,1.00
2015.06.29 12:02:42.805,1.93948,1.93976,1.00,1.00
2015.06.29 12:02:42.856,1.93948,1.93989,1.00,1.00
2015.06.29 12:02:42.907,1.93943,1.93989,1.00,1.00
2015.06.29 12:02:43.008,1.93939,1.93983,1.00,1.00
2015.06.29 12:02:43.059,1.93936,1.93983,1.00,1.00
2015.06.29 12:02:43.312,1.93936,1.93981,1.00,1.00
2015.06.29 12:02:43.419,1.93933,1.93979,1.00,1.00
2015.06.29 12:02:44.225,1.93929,1.93975,1.50,1.00
2015.06.29 12:02:44.630,1.93926,1.93971,1.00,1.00
2015.06.29 12:02:45.244,1.93928,1.93972,1.00,1.00
2015.06.29 12:02:45.568,1.93933,1.93977,1.00,1.00
2015.06.29 12:02:47.683,1.93935,1.93977,1.00,1.00
2015.06.29 12:02:48.146,1.93936,1.93982,1.00,1.00
2015.06.29 12:02:48.299,1.93938,1.93982,1.00,1.00
2015.06.29 12:02:48.882,1.93935,1.93982,1.50,1.00
2015.06.29 12:02:49.665,1.93938,1.93982,1.00,1.00
2015.06.29 12:02:50.741,1.93939,1.93982,1.00,1.00
2015.06.29 12:02:51.452,1.93941,1.93982,1.00,1.00
2015.06.29 12:02:51.707,1.93938,1.93982,1.00,1.00
2015.06.29 12:02:56.434,1.93937,1.93982,1.00,1.00
2015.06.29 12:02:57.629,1.93939,1.93982,1.00,1.00
2015.06.29 12:02:57.679,1.93939,1.93985,1.00,1.00
2015.06.29 12:02:58.555,1.9394,1.93985,1.00,1.00
2015.06.29 12:02:58.757,1.93942,1.93985,1.00,1.00
2015.06.29 12:02:59.372,1.93942,1.93988,1.00,1.00
2015.06.29 12:02:59.558,1.93945,1.93988,1.00,1.00
2015.06.29 12:02:59.861,1.93945,1.93991,1.00,1.00
2015.06.29 12:03:00.114,1.93947,1.93991,1.00,1.00
2015.06.29 12:03:00.979,1.93948,1.93991,1.00,1.00
2015.06.29 12:03:01.978,1.93949,1.93991,1.00,1.00
2015.06.29 12:03:02.649,1.93948,1.93991,1.00,1.00
2015.06.29 12:03:02.971,1.9395,1.93991,1.00,1.00
2015.06.29 12:03:03.468,1.9395,1.93993,1.00,1.00
2015.06.29 12:03:03.569,1.93953,1.93997,1.00,1.00
2015.06.29 12:03:04.151,1.93955,1.93997,1.00,1.00
2015.06.29 12:03:04.665,1.93955,1.93996,1.00,1.00
2015.06.29 12:03:04.867,1.93939,1.93984,1.00,1.00
2015.06.29 12:03:04.918,1.93952,1.93984,1.00,1.00
2015.06.29 12:03:04.968,1.93952,1.93989,1.00,1.00
2015.06.29 12:03:05.019,1.93949,1.93995,1.00,1.00
2015.06.29 12:03:05.497,1.93958,1.93995,1.00,1.00
2015.06.29 12:03:05.548,1.93958,1.93999,1.00,1.00
2015.06.29 12:03:05.703,1.93958,1.94003,1.00,1.00
2015.06.29 12:03:06.224,1.93957,1.94003,1.50,1.00
2015.06.29 12:03:07.712,1.93957,1.94002,1.00,1.00
2015.06.29 12:03:08.271,1.9395,1.93991,1.00,1.00
2015.06.29 12:03:08.323,1.93946,1.93988,1.00,1.00
2015.06.29 12:03:08.474,1.93946,1.9399,1.00,1.00
2015.06.29 12:03:08.575,1.93946,1.93993,1.50,1.00
2015.06.29 12:03:08.626,1.93949,1.93993,1.00,1.00
2015.06.29 12:03:08.844,1.93946,1.93993,1.50,1.00
2015.06.29 12:03:10.059,1.93947,1.93993,1.00,1.00
2015.06.29 12:03:10.601,1.93948,1.93993,1.00,1.00
2015.06.29 12:03:13.678,1.93951,1.93995,1.00,1.00
2015.06.29 12:03:28.098,1.93953,1.93999,1.00,1.00
2015.06.29 12:03:28.605,1.93954,1.93999,1.00,1.00
2015.06.29 12:03:29.821,1.93953,1.93999,1.00,1.00
2015.06.29 12:03:30.124,1.93959,1.94005,1.00,1.50
2015.06.29 12:03:31.406,1.93956,1.94002,1.00,1.00
2015.06.29 12:03:31.954,1.93955,1.94002,1.00,1.50
2015.06.29 12:03:32.256,1.93959,1.94005,1.00,1.00
2015.06.29 12:03:38.611,1.93959,1.94002,1.00,1.50
2015.06.29 12:03:39.470,1.93959,1.94003,1.00,1.00
2015.06.29 12:03:40.125,1.93942,1.93979,1.12,1.00
2015.06.29 12:03:40.176,1.93938,1.93979,1.00,1.00
2015.06.29 12:03:40.431,1.93938,1.93983,1.00,1.00
2015.06.29 12:03:41.645,1.93939,1.93983,1.00,1.00
2015.06.29 12:03:42.343,1.9394,1.93983,1.00,1.00
2015.06.29 12:03:42.393,1.93943,1.93983,1.00,1.00
2015.06.29 12:03:42.902,1.93944,1.93983,1.00,1.00
2015.06.29 12:03:43.381,1.93954,1.93983,1.00,1.00
2015.06.29 12:03:43.432,1.93954,1.93988,1.00,1.00
2015.06.29 12:03:43.633,1.93951,1.93988,1.00,1.00
2015.06.29 12:03:49.476,1.93951,1.93987,1.00,1.00
2015.06.29 12:03:49.628,1.93947,1.93984,1.00,1.00
2015.06.29 12:03:50.961,1.93941,1.93981,1.00,1.00
2015.06.29 12:03:56.970,1.93931,1.93971,1.00,1.00
2015.06.29 12:04:04.989,1.93932,1.93971,1.00,1.00
2015.06.29 12:04:05.744,1.93933,1.93971,1.00,1.00
2015.06.29 12:04:06.255,1.93932,1.93971,1.00,1.00
2015.06.29 12:04:07.612,1.93931,1.93971,1.50,1.00
2015.06.29 12:04:08.193,1.93932,1.93971,1.00,1.00
2015.06.29 12:04:08.993,1.93933,1.93971,1.00,1.00
2015.06.29 12:04:11.469,1.93932,1.93971,1.00,1.00
2015.06.29 12:04:12.003,1.93933,1.93971,1.50,1.00
2015.06.29 12:04:12.511,1.93934,1.93971,1.00,1.00
2015.06.29 12:04:14.441,1.93933,1.93971,1.50,1.00
2015.06.29 12:04:15.529,1.93934,1.93971,1.00,1.00
2015.06.29 12:04:15.586,1.93935,1.93973,1.00,1.00
2015.06.29 12:04:15.636,1.93938,1.93973,1.00,1.00
2015.06.29 12:04:15.840,1.93935,1.93973,1.00,1.00
2015.06.29 12:04:20.563,1.93944,1.93973,1.00,1.00
2015.06.29 12:04:21.356,1.93938,1.93973,1.00,1.00
2015.06.29 12:04:22.013,1.93935,1.93973,1.00,1.00
2015.06.29 12:04:22.885,1.9393,1.93969,1.00,1.00
2015.06.29 12:04:24.095,1.9393,1.93968,1.00,1.00
2015.06.29 12:04:25.182,1.9393,1.93966,1.00,1.00
2015.06.29 12:04:25.283,1.93927,1.93966,1.00,1.50
2015.06.29 12:04:26.502,1.93927,1.93965,1.00,1.00
2015.06.29 12:04:30.703,1.93927,1.93966,1.00,1.00
2015.06.29 12:04:32.725,1.93924,1.93963,1.00,1.00
2015.06.29 12:04:43.161,1.93925,1.93963,1.00,1.00
2015.06.29 12:04:44.005,1.93926,1.93963,1.00,1.00
2015.06.29 12:04:44.852,1.93928,1.93963,1.00,1.00
2015.06.29 12:04:45.403,1.93929,1.93963,1.00,1.00
2015.06.29 12:04:46.220,1.93926,1.93963,1.00,1.00
2015.06.29 12:04:46.321,1.93928,1.93963,1.00,1.00
2015.06.29 12:04:47.045,1.93929,1.93963,1.00,1.00
2015.06.29 12:04:53.222,1.93928,1.93963,1.00,1.00
2015.06.29 12:04:53.729,1.93929,1.93963,1.00,1.00
2015.06.29 12:05:00.272,1.93933,1.93963,1.00,1.00
2015.06.29 12:05:00.573,1.93933,1.93966,1.00,1.00
2015.06.29 12:05:00.624,1.93938,1.93966,1.00,1.00
2015.06.29 12:05:01.342,1.93943,1.93969,1.00,1.00
2015.06.29 12:05:01.866,1.93944,1.93969,1.00,1.00
2015.06.29 12:05:02.024,1.93938,1.93969,1.50,1.00
2015.06.29 12:05:02.903,1.93933,1.93969,1.00,1.00
2015.06.29 12:05:03.633,1.93932,1.93969,1.00,1.00
2015.06.29 12:05:03.684,1.93934,1.93969,1.00,1.00
2015.06.29 12:05:04.567,1.93932,1.93969,1.00,1.00
2015.06.29 12:05:05.106,1.93933,1.93969,1.00,1.00
2015.06.29 12:05:06.182,1.93932,1.93969,1.00,1.00
2015.06.29 12:05:11.074,1.93923,1.9396,1.37,1.00
2015.06.29 12:05:11.128,1.93923,1.9396,1.00,1.00
2015.06.29 12:05:11.683,1.93923,1.93959,1.00,1.00
2015.06.29 12:05:11.835,1.93923,1.93962,1.00,1.50
2015.06.29 12:05:12.555,1.93924,1.93962,1.00,1.00
2015.06.29 12:05:13.089,1.93925,1.93962,1.00,1.00
2015.06.29 12:05:13.290,1.93927,1.93962,1.00,1.00
2015.06.29 12:05:13.810,1.93928,1.93962,1.00,1.00
2015.06.29 12:05:14.012,1.93923,1.93958,1.50,1.00
2015.06.29 12:05:14.475,1.93918,1.93947,1.00,1.00
2015.06.29 12:05:14.526,1.93911,1.93947,1.00,1.00
2015.06.29 12:05:14.576,1.93911,1.93945,1.00,1.00
2015.06.29 12:05:15.096,1.93911,1.93946,1.00,1.00
2015.06.29 12:05:16.394,1.93911,1.93947,1.00,1.00
2015.06.29 12:05:16.899,1.93911,1.93948,1.00,1.00
2015.06.29 12:05:17.210,1.93911,1.9395,1.50,1.00
2015.06.29 12:05:17.956,1.93918,1.93955,1.50,1.50
2015.06.29 12:05:18.275,1.93922,1.93958,1.00,1.00
2015.06.29 12:05:18.781,1.93923,1.93958,1.00,1.00
2015.06.29 12:05:19.871,1.93921,1.93958,1.00,1.00
2015.06.29 12:05:20.748,1.93922,1.93958,1.00,1.00
2015.06.29 12:05:21.432,1.93923,1.93958,1.00,1.00
2015.06.29 12:05:21.861,1.93921,1.93958,1.00,1.00
2015.06.29 12:05:24.482,1.93921,1.93955,1.00,1.00
2015.06.29 12:05:25.235,1.93921,1.93951,1.00,1.00
2015.06.29 12:05:25.286,1.93921,1.93958,1.00,1.50
2015.06.29 12:05:27.070,1.93921,1.93957,1.00,1.00
2015.06.29 12:05:27.435,1.93921,1.93955,1.00,1.00
2015.06.29 12:05:27.739,1.93921,1.93953,1.00,1.00
2015.06.29 12:05:27.987,1.93921,1.93956,1.00,1.00
2015.06.29 12:05:28.240,1.93921,1.93952,1.00,1.00
2015.06.29 12:05:29.048,1.93921,1.9395,1.00,1.00
2015.06.29 12:05:29.199,1.93921,1.93952,1.00,1.00
2015.06.29 12:05:29.854,1.93921,1.9395,1.00,1.00
2015.06.29 12:05:32.852,1.93921,1.93951,1.00,1.00
2015.06.29 12:05:33.104,1.9391,1.93943,1.00,1.00
2015.06.29 12:05:33.155,1.93907,1.9394,1.00,1.00
2015.06.29 12:05:33.628,1.93905,1.93939,1.00,1.00
2015.06.29 12:05:34.609,1.93905,1.93937,1.00,1.00
2015.06.29 12:05:35.142,1.93905,1.93936,1.00,1.00
2015.06.29 12:05:35.692,1.93905,1.93937,1.00,1.00
2015.06.29 12:05:36.276,1.93905,1.93935,1.00,1.00
2015.06.29 12:05:36.815,1.93905,1.93936,1.00,1.00
2015.06.29 12:05:38.148,1.93901,1.93935,1.00,1.00
2015.06.29 12:05:38.680,1.93901,1.93936,1.00,1.00
2015.06.29 12:05:39.795,1.93901,1.93937,1.00,1.00
2015.06.29 12:05:40.430,1.93901,1.93938,1.00,1.00
2015.06.29 12:05:40.785,1.93901,1.9394,1.00,1.00
2015.06.29 12:05:41.371,1.93901,1.93939,1.00,1.00
2015.06.29 12:05:41.887,1.93901,1.93938,1.00,1.00
2015.06.29 12:05:42.414,1.93901,1.93937,1.00,1.00
2015.06.29 12:05:43.291,1.93901,1.93938,1.00,1.00
2015.06.29 12:05:43.644,1.93901,1.9394,1.00,1.50
2015.06.29 12:05:43.745,1.93893,1.93922,1.00,1.00
2015.06.29 12:05:43.847,1.93887,1.93919,1.00,1.00
2015.06.29 12:05:43.948,1.93882,1.93914,1.00,1.00
2015.06.29 12:05:44.572,1.93887,1.93922,1.00,1.00
2015.06.29 12:05:44.623,1.9389,1.93922,1.00,1.00
2015.06.29 12:05:44.735,1.93885,1.93922,1.00,1.00
2015.06.29 12:05:44.838,1.93887,1.93922,1.00,1.00
2015.06.29 12:05:45.203,1.93894,1.93928,1.00,1.00
2015.06.29 12:05:46.033,1.93898,1.93928,1.00,1.00
2015.06.29 12:05:46.350,1.93904,1.93932,1.00,1.00
2015.06.29 12:05:46.657,1.93903,1.93935,1.00,1.00
2015.06.29 12:05:47.292,1.93909,1.93935,1.00,1.00
2015.06.29 12:05:47.343,1.93908,1.93938,1.00,1.00
2015.06.29 12:05:47.454,1.93908,1.93942,1.00,1.00
2015.06.29 12:05:47.555,1.93913,1.93946,1.00,1.00
2015.06.29 12:05:49.131,1.93914,1.93946,1.00,1.00
2015.06.29 12:05:49.772,1.93913,1.93946,1.00,1.00
2015.06.29 12:05:50.122,1.93907,1.93945,1.00,1.00
2015.06.29 12:05:50.173,1.93907,1.93945,1.00,1.37
2015.06.29 12:05:51.460,1.939,1.9394,1.00,1.87
2015.06.29 12:05:51.511,1.939,1.93934,1.00,1.00
2015.06.29 12:05:52.116,1.939,1.93933,1.00,1.00
2015.06.29 12:05:54.196,1.93898,1.93933,1.00,1.00
2015.06.29 12:05:55.016,1.93898,1.93932,1.00,1.00
2015.06.29 12:05:55.204,1.93898,1.93934,1.00,1.00
2015.06.29 12:05:57.471,1.93898,1.93932,1.00,1.00
2015.06.29 12:05:57.893,1.93898,1.93934,1.00,1.00
2015.06.29 12:05:59.274,1.93898,1.93936,1.00,1.00
2015.06.29 12:06:02.185,1.93898,1.93932,1.00,1.00
2015.06.29 12:06:04.181,1.93898,1.93936,1.00,1.00
2015.06.29 12:06:04.685,1.93899,1.93936,1.00,1.00
2015.06.29 12:06:05.191,1.93902,1.93936,1.00,1.00
2015.06.29 12:06:05.757,1.93908,1.9394,1.00,1.00
2015.06.29 12:06:09.411,1.93905,1.9394,1.00,1.00
2015.06.29 12:06:12.031,1.93906,1.9394,1.00,1.00
2015.06.29 12:06:13.562,1.93907,1.9394,1.00,1.00
2015.06.29 12:06:14.324,1.93906,1.9394,1.00,1.00
2015.06.29 12:06:14.425,1.93909,1.93948,1.00,1.00
2015.06.29 12:06:15.618,1.93916,1.93948,1.00,1.00
2015.06.29 12:06:15.929,1.93918,1.93948,1.00,1.00
2015.06.29 12:06:15.980,1.93918,1.93958,1.50,1.00
2015.06.29 12:06:17.888,1.93924,1.93958,1.00,1.00
2015.06.29 12:06:18.512,1.93923,1.93958,1.00,1.00
2015.06.29 12:06:22.533,1.93924,1.93958,1.00,1.00
2015.06.29 12:06:23.083,1.93923,1.93958,1.00,1.00
2015.06.29 12:06:26.096,1.93924,1.93958,1.00,1.00
2015.06.29 12:06:26.599,1.93923,1.93958,1.00,1.00
2015.06.29 12:06:27.530,1.93928,1.93958,1.00,1.00
2015.06.29 12:06:27.854,1.93923,1.93958,1.00,1.00
2015.06.29 12:06:28.358,1.93924,1.93958,1.00,1.00
2015.06.29 12:06:29.609,1.93918,1.93958,1.50,1.00
2015.06.29 12:06:29.710,1.93918,1.93956,1.50,1.00
2015.06.29 12:06:30.012,1.93918,1.93954,1.00,1.00
2015.06.29 12:06:30.063,1.93918,1.93958,1.00,1.00
2015.06.29 12:06:30.164,1.93922,1.93958,1.00,1.00
2015.06.29 12:06:31.546,1.93923,1.93958,1.00,1.00
2015.06.29 12:06:31.606,1.93927,1.93967,1.00,1.00
2015.06.29 12:06:33.242,1.93936,1.93975,1.00,1.00
2015.06.29 12:06:33.754,1.93935,1.93975,1.50,1.00
2015.06.29 12:06:34.076,1.93937,1.93975,1.00,1.00
2015.06.29 12:06:34.127,1.93935,1.93975,1.00,1.00
2015.06.29 12:06:35.555,1.93936,1.93975,1.00,1.00
2015.06.29 12:06:36.510,1.93937,1.93975,1.00,1.00
2015.06.29 12:06:39.240,1.93935,1.93975,1.00,1.00
2015.06.29 12:06:40.842,1.93936,1.93975,1.00,1.00
2015.06.29 12:06:41.390,1.93937,1.93975,1.00,1.00
2015.06.29 12:06:41.592,1.93935,1.93972,1.00,1.34
2015.06.29 12:06:41.642,1.93932,1.93972,1.00,1.84
2015.06.29 12:06:41.693,1.93929,1.93969,1.00,1.09
2015.06.29 12:06:43.492,1.9393,1.93969,1.00,1.00
2015.06.29 12:06:44.832,1.93929,1.93969,1.00,1.00
2015.06.29 12:06:47.091,1.93931,1.93969,1.00,1.00
2015.06.29 12:06:47.444,1.93929,1.93969,1.50,1.00
2015.06.29 12:06:48.035,1.93932,1.93969,1.00,1.00
2015.06.29 12:06:48.585,1.93933,1.93969,1.00,1.00
2015.06.29 12:06:48.838,1.93929,1.93969,1.00,1.00
2015.06.29 12:06:49.040,1.93934,1.93971,1.00,1.00
2015.06.29 12:06:49.573,1.93934,1.93952,1.00,1.00
2015.06.29 12:06:49.626,1.93917,1.93948,1.00,1.00
2015.06.29 12:06:49.727,1.93917,1.93946,1.00,1.00
2015.06.29 12:06:49.828,1.93917,1.93949,1.00,1.00
2015.06.29 12:06:49.979,1.93917,1.93952,1.00,1.00
2015.06.29 12:06:50.043,1.93917,1.9395,1.00,1.00
2015.06.29 12:06:50.859,1.93913,1.93944,1.00,1.00
2015.06.29 12:06:51.514,1.93913,1.93945,1.00,1.00
2015.06.29 12:06:52.566,1.9391,1.93947,1.00,1.00
2015.06.29 12:06:52.621,1.93907,1.93947,1.00,1.50
2015.06.29 12:06:52.822,1.93907,1.93942,1.00,1.00
2015.06.29 12:06:53.255,1.93907,1.93945,1.00,1.00
2015.06.29 12:06:54.022,1.93907,1.93946,1.00,1.00
2015.06.29 12:06:54.553,1.93907,1.93947,1.00,1.00
2015.06.29 12:06:55.667,1.93907,1.93945,1.00,1.00
2015.06.29 12:06:55.919,1.93907,1.93947,1.00,1.50
2015.06.29 12:06:57.203,1.93905,1.93943,1.00,1.00
2015.06.29 12:06:57.675,1.93905,1.93934,1.00,1.00
2015.06.29 12:06:57.726,1.93901,1.93934,1.00,1.00
2015.06.29 12:06:57.776,1.93898,1.93931,1.00,1.00
2015.06.29 12:06:57.979,1.93898,1.93935,1.00,1.00
2015.06.29 12:06:58.546,1.93898,1.93936,1.00,1.00
2015.06.29 12:06:59.079,1.93898,1.93937,2.25,1.00
2015.06.29 12:06:59.180,1.93903,1.93937,1.00,1.00
2015.06.29 12:06:59.231,1.93903,1.93942,1.00,1.00
2015.06.29 12:07:00.126,1.93902,1.93942,1.00,1.00
2015.06.29 12:07:03.475,1.93902,1.93937,1.00,1.00
2015.06.29 12:07:03.778,1.93902,1.93935,1.00,1.00
2015.06.29 12:07:04.245,1.93902,1.93939,1.00,1.00
2015.06.29 12:07:04.362,1.93902,1.93942,1.00,1.50
2015.06.29 12:07:05.227,1.93902,1.93941,1.00,1.00
2015.06.29 12:07:05.588,1.93902,1.93936,1.00,1.00
2015.06.29 12:07:05.689,1.93902,1.93942,1.00,1.50
2015.06.29 12:07:05.792,1.93902,1.93938,1.00,1.00
2015.06.29 12:07:06.674,1.93902,1.93935,1.00,1.00
2015.06.29 12:07:06.977,1.93902,1.93933,1.00,1.00
2015.06.29 12:07:07.279,1.93902,1.93929,1.00,1.00
2015.06.29 12:07:07.794,1.93902,1.93936,1.00,1.00
2015.06.29 12:07:08.320,1.93902,1.93939,1.00,1.00
2015.06.29 12:07:09.926,1.93902,1.93941,1.00,1.00
2015.06.29 12:07:10.431,1.93902,1.93942,1.00,1.50
2015.06.29 12:07:14.045,1.93903,1.93942,1.00,1.00
2015.06.29 12:07:14.704,1.93905,1.93942,1.00,1.00
2015.06.29 12:07:15.173,1.93907,1.93942,1.00,1.00
2015.06.29 12:07:15.513,1.93909,1.93942,1.00,1.00
2015.06.29 12:07:15.766,1.93912,1.93949,1.00,1.00
2015.06.29 12:07:16.275,1.93914,1.93949,1.50,1.00
2015.06.29 12:07:16.833,1.93917,1.93949,1.00,1.00
2015.06.29 12:07:17.758,1.93914,1.93949,1.50,1.00
2015.06.29 12:07:18.920,1.93912,1.93949,1.00,1.00
2015.06.29 12:07:19.457,1.9391,1.93949,1.00,1.00
2015.06.29 12:07:21.382,1.9391,1.93947,1.00,1.00
2015.06.29 12:07:21.652,1.9391,1.93949,1.00,1.50
2015.06.29 12:07:21.854,1.9391,1.93947,1.00,1.00
2015.06.29 12:07:23.113,1.93914,1.93949,1.00,1.00
2015.06.29 12:07:23.943,1.93912,1.93949,1.00,1.00
2015.06.29 12:07:24.465,1.93913,1.93949,1.00,1.00
2015.06.29 12:07:24.818,1.93917,1.93949,1.00,1.00
2015.06.29 12:07:24.970,1.93914,1.93949,1.00,1.00
2015.06.29 12:07:25.723,1.93912,1.93949,1.00,1.00
2015.06.29 12:07:25.775,1.9391,1.93948,1.00,1.00
2015.06.29 12:07:26.280,1.9391,1.93949,1.00,1.00
2015.06.29 12:07:27.102,1.9391,1.93947,1.00,1.00
2015.06.29 12:07:27.497,1.9391,1.93949,1.00,1.00
2015.06.29 12:07:28.712,1.9391,1.93946,1.00,1.00
2015.06.29 12:07:28.914,1.9391,1.93948,1.00,1.00
2015.06.29 12:07:29.456,1.9391,1.93949,1.00,1.50
2015.06.29 12:07:30.673,1.9391,1.93945,1.00,1.00
2015.06.29 12:07:31.364,1.9391,1.93942,1.00,1.00
2015.06.29 12:07:31.414,1.9391,1.93947,1.00,1.00
2015.06.29 12:07:31.943,1.9391,1.93946,1.00,1.00
2015.06.29 12:07:32.095,1.9391,1.93939,1.00,1.00
2015.06.29 12:07:32.666,1.93894,1.93929,1.00,1.00
2015.06.29 12:07:32.767,1.93894,1.93925,1.00,1.00
2015.06.29 12:07:33.030,1.93891,1.93925,1.00,1.00
2015.06.29 12:07:34.985,1.93891,1.93923,1.00,1.00
2015.06.29 12:07:36.179,1.93891,1.93928,1.00,1.00
2015.06.29 12:07:39.561,1.93893,1.93928,1.00,1.00
2015.06.29 12:07:40.192,1.93891,1.93928,1.00,1.00
2015.06.29 12:07:41.641,1.93892,1.93928,1.00,1.00
2015.06.29 12:07:42.162,1.93893,1.93928,1.50,1.00
2015.06.29 12:07:42.213,1.93897,1.93928,1.00,1.00
2015.06.29 12:07:42.923,1.93897,1.93935,1.00,1.00
2015.06.29 12:07:42.976,1.93899,1.93935,1.00,1.00
2015.06.29 12:07:43.401,1.93902,1.93935,1.00,1.00
2015.06.29 12:07:43.553,1.939,1.93935,1.00,1.00
2015.06.29 12:07:44.351,1.93901,1.93935,1.00,1.00
2015.06.29 12:07:44.733,1.93896,1.93935,1.00,1.00
2015.06.29 12:07:45.237,1.93895,1.93935,1.00,1.00
2015.06.29 12:07:45.834,1.93899,1.93935,1.00,1.00
2015.06.29 12:07:46.137,1.93903,1.93935,1.00,1.00
2015.06.29 12:07:46.675,1.93904,1.93935,1.00,1.00
2015.06.29 12:07:46.877,1.93904,1.93939,1.00,1.00
2015.06.29 12:07:46.927,1.93908,1.93939,1.00,1.00
2015.06.29 12:07:47.573,1.93908,1.93941,1.00,1.00
2015.06.29 12:07:47.777,1.93909,1.93945,1.50,1.00
2015.06.29 12:07:47.827,1.93914,1.93945,1.00,1.00
2015.06.29 12:07:50.238,1.93913,1.93945,1.50,1.00
2015.06.29 12:07:52.292,1.93914,1.93945,1.00,1.00
2015.06.29 12:07:53.194,1.93913,1.93945,1.50,1.00
2015.06.29 12:07:54.081,1.93915,1.93945,1.34,1.00
2015.06.29 12:07:54.183,1.93915,1.93951,1.34,1.00
2015.06.29 12:07:54.764,1.9394,1.93951,1.00,1.00
2015.06.29 12:07:54.815,1.9394,1.9397,1.00,1.00
2015.06.29 12:07:55.206,1.93938,1.9397,1.09,1.00
2015.06.29 12:07:55.581,1.93938,1.93973,1.00,1.00
2015.06.29 12:07:55.632,1.93942,1.93973,1.00,1.00
2015.06.29 12:07:56.213,1.93953,1.93982,1.00,1.00
2015.06.29 12:07:56.437,1.93953,1.93986,1.00,1.00
2015.06.29 12:07:56.749,1.93955,1.93986,1.00,1.00
2015.06.29 12:07:57.172,1.93959,1.93986,1.00,1.00
2015.06.29 12:07:57.222,1.93959,1.9399,1.00,1.00
2015.06.29 12:07:57.771,1.93967,1.93999,1.00,1.00
2015.06.29 12:07:57.822,1.93964,1.94003,1.00,1.00
2015.06.29 12:07:57.923,1.93965,1.94007,1.00,1.50
2015.06.29 12:07:58.442,1.93966,1.94007,1.00,1.00
2015.06.29 12:07:58.695,1.93964,1.94007,1.00,1.00
2015.06.29 12:07:59.483,1.93965,1.94003,1.00,1.00
2015.06.29 12:07:59.634,1.93967,1.94007,1.00,1.00
2015.06.29 12:07:59.735,1.93968,1.94011,1.00,1.00
2015.06.29 12:08:00.561,1.93971,1.94011,1.00,1.00
2015.06.29 12:08:00.662,1.93971,1.94013,1.00,1.00
2015.06.29 12:08:00.712,1.93975,1.94016,1.00,1.00
2015.06.29 12:08:01.051,1.93979,1.94018,1.00,1.00
2015.06.29 12:08:01.102,1.93979,1.94021,1.00,1.00
2015.06.29 12:08:01.253,1.93981,1.94021,1.00,1.00
2015.06.29 12:08:02.435,1.93979,1.94021,1.00,1.00
2015.06.29 12:08:04.103,1.93976,1.94021,1.00,1.50
2015.06.29 12:08:04.557,1.9398,1.94021,1.00,1.00
2015.06.29 12:08:04.762,1.93978,1.94021,1.00,1.00
2015.06.29 12:08:05.292,1.93978,1.94021,1.87,1.00
2015.06.29 12:08:05.347,1.93994,1.94035,1.00,1.00
2015.06.29 12:08:05.398,1.93994,1.9404,1.50,1.00
2015.06.29 12:08:05.549,1.93996,1.94041,1.00,1.00
2015.06.29 12:08:05.752,1.93998,1.94044,1.00,1.50
2015.06.29 12:08:05.954,1.94007,1.94046,1.00,1.00
2015.06.29 12:08:06.055,1.94007,1.94051,1.00,1.50
2015.06.29 12:08:06.674,1.94009,1.94051,1.00,1.00
2015.06.29 12:08:06.730,1.94015,1.9406,1.00,1.00
2015.06.29 12:08:06.951,1.94017,1.94065,1.00,1.00
2015.06.29 12:08:07.307,1.94024,1.9407,1.00,1.00
2015.06.29 12:08:08.060,1.94028,1.94072,1.00,1.00
2015.06.29 12:08:08.563,1.94027,1.94072,1.00,1.00
2015.06.29 12:08:08.614,1.94018,1.94064,1.00,1.00
2015.06.29 12:08:08.716,1.94014,1.94059,1.00,1.00
2015.06.29 12:08:08.817,1.94012,1.94058,1.00,1.00
2015.06.29 12:08:09.401,1.94012,1.94057,1.00,1.00
2015.06.29 12:08:11.329,1.94012,1.94058,1.00,1.00
2015.06.29 12:08:12.771,1.94012,1.94057,1.00,1.00
2015.06.29 12:08:13.670,1.94014,1.94057,1.00,1.00
2015.06.29 12:08:13.882,1.94015,1.9406,1.00,1.00
2015.06.29 12:08:14.702,1.94018,1.94063,1.00,1.12
2015.06.29 12:08:15.021,1.94021,1.94062,1.00,1.00
2015.06.29 12:08:15.633,1.94021,1.94066,1.00,1.00
2015.06.29 12:08:17.087,1.94038,1.94068,1.00,1.00
2015.06.29 12:08:17.144,1.94038,1.94083,1.50,1.12
2015.06.29 12:08:17.195,1.94042,1.94087,1.00,1.50
2015.06.29 12:08:17.397,1.94043,1.9409,1.00,1.00
2015.06.29 12:08:17.910,1.94044,1.94091,1.00,1.50
2015.06.29 12:08:18.423,1.94047,1.94091,1.00,1.50
2015.06.29 12:08:18.820,1.94053,1.94094,1.00,1.00
2015.06.29 12:08:18.871,1.94053,1.94096,1.00,1.00
2015.06.29 12:08:19.173,1.94048,1.94092,1.00,1.00
2015.06.29 12:08:19.274,1.94048,1.94095,1.00,1.00
2015.06.29 12:08:19.375,1.94052,1.94097,1.00,1.87
2015.06.29 12:08:20.072,1.94047,1.94091,1.00,1.00
2015.06.29 12:08:20.224,1.94039,1.94086,1.00,1.00
2015.06.29 12:08:20.375,1.94036,1.94081,1.00,1.00
2015.06.29 12:08:20.527,1.9403,1.94078,1.50,1.00
2015.06.29 12:08:20.751,1.94032,1.94081,1.00,1.00
2015.06.29 12:08:20.802,1.94034,1.94081,1.00,1.00
2015.06.29 12:08:21.355,1.94041,1.94085,1.00,1.00
2015.06.29 12:08:21.690,1.94039,1.94082,1.00,1.00
2015.06.29 12:08:22.021,1.94048,1.94086,1.00,1.00
2015.06.29 12:08:22.223,1.9405,1.94092,1.00,1.00
2015.06.29 12:08:22.777,1.94054,1.94092,1.00,1.00
2015.06.29 12:08:23.534,1.94054,1.94097,1.00,1.50
2015.06.29 12:08:23.822,1.94056,1.94097,1.00,1.00
2015.06.29 12:08:24.520,1.94057,1.94097,1.00,1.00
2015.06.29 12:08:24.571,1.94054,1.94097,1.00,1.00
2015.06.29 12:08:25.081,1.94053,1.94097,1.00,1.50
2015.06.29 12:08:25.585,1.94054,1.94097,1.00,1.00
2015.06.29 12:08:26.159,1.94053,1.94097,1.00,1.50
2015.06.29 12:08:26.210,1.94053,1.94094,1.00,1.00
2015.06.29 12:08:26.673,1.94054,1.94097,1.00,1.00
2015.06.29 12:08:26.874,1.94057,1.94102,1.00,1.00
2015.06.29 12:08:26.976,1.94064,1.94102,1.00,1.00
2015.06.29 12:08:27.542,1.94064,1.94106,1.50,1.00
2015.06.29 12:08:27.596,1.94066,1.94106,1.00,1.00
2015.06.29 12:08:27.848,1.94068,1.94111,1.00,1.00
2015.06.29 12:08:27.899,1.94071,1.94112,1.00,1.00
2015.06.29 12:08:28.203,1.94076,1.94112,1.00,1.00
2015.06.29 12:08:28.304,1.94065,1.94107,1.00,1.00
2015.06.29 12:08:28.405,1.94066,1.94112,1.00,1.87
2015.06.29 12:08:29.569,1.94069,1.94111,1.00,1.00
2015.06.29 12:08:29.923,1.94069,1.94107,1.00,1.00
2015.06.29 12:08:30.176,1.94069,1.94112,1.00,1.50
2015.06.29 12:08:30.277,1.94066,1.94111,1.00,1.00
2015.06.29 12:08:30.378,1.94066,1.94107,1.00,1.00
2015.06.29 12:08:31.037,1.94067,1.94107,1.00,1.00
2015.06.29 12:08:31.170,1.94067,1.94112,1.00,1.50
2015.06.29 12:08:31.273,1.94067,1.94107,1.00,1.00
2015.06.29 12:08:31.576,1.94071,1.94111,1.00,1.00
2015.06.29 12:08:32.558,1.9407,1.94111,1.00,1.00
2015.06.29 12:08:33.064,1.94065,1.9411,1.00,1.37
2015.06.29 12:08:34.028,1.94064,1.94107,1.00,1.00
2015.06.29 12:08:34.242,1.94066,1.94107,1.00,1.00
2015.06.29 12:08:34.895,1.94064,1.94106,1.00,1.00
2015.06.29 12:08:35.047,1.94067,1.94106,1.00,1.00
2015.06.29 12:08:35.097,1.94067,1.94111,1.00,1.00
2015.06.29 12:08:35.599,1.9407,1.94111,1.00,1.00
2015.06.29 12:08:35.650,1.9407,1.94116,1.00,1.50
2015.06.29 12:08:35.700,1.94072,1.94116,1.00,1.00
2015.06.29 12:08:35.852,1.94066,1.94111,1.00,1.00
2015.06.29 12:08:35.953,1.94063,1.94109,1.50,1.00
2015.06.29 12:08:36.104,1.94068,1.94112,1.00,1.00
2015.06.29 12:08:36.588,1.94063,1.94107,1.00,1.00
2015.06.29 12:08:37.092,1.94057,1.94101,1.00,1.00
2015.06.29 12:08:37.651,1.94057,1.941,1.00,1.00
2015.06.29 12:08:37.752,1.94062,1.94106,1.00,1.00
2015.06.29 12:08:37.904,1.94064,1.94108,1.00,1.00
2015.06.29 12:08:38.572,1.94057,1.94101,1.00,1.00
2015.06.29 12:08:39.115,1.94057,1.94102,1.00,1.00
2015.06.29 12:08:40.150,1.94058,1.94101,1.00,1.00
2015.06.29 12:08:40.201,1.94059,1.94105,1.00,1.00
2015.06.29 12:08:40.252,1.94063,1.94105,1.00,1.00
2015.06.29 12:08:40.302,1.94063,1.94108,1.00,1.00
2015.06.29 12:08:40.404,1.94065,1.94111,1.00,1.00
2015.06.29 12:08:40.656,1.94073,1.94117,1.00,1.00
2015.06.29 12:08:41.929,1.94077,1.94116,1.00,1.00
2015.06.29 12:08:41.979,1.94063,1.94111,3.37,1.00
2015.06.29 12:08:42.080,1.94061,1.94107,1.37,1.00
2015.06.29 12:08:42.391,1.94054,1.94101,2.62,1.00
2015.06.29 12:08:42.953,1.9406,1.94107,1.37,1.00
2015.06.29 12:08:43.054,1.94058,1.94102,1.37,1.00
2015.06.29 12:08:43.105,1.94058,1.94102,1.00,1.00
2015.06.29 12:08:43.156,1.94054,1.94101,1.00,1.00
2015.06.29 12:08:44.288,1.94054,1.94097,1.00,1.00
2015.06.29 12:08:44.339,1.94048,1.94097,1.50,1.00
2015.06.29 12:08:44.490,1.94053,1.94102,1.00,1.00
2015.06.29 12:08:44.797,1.94055,1.94104,1.00,1.00
2015.06.29 12:08:45.416,1.94055,1.941,1.00,1.00
2015.06.29 12:08:45.467,1.94053,1.94099,1.50,1.00
2015.06.29 12:08:45.690,1.94059,1.94105,1.00,1.00
2015.06.29 12:08:46.008,1.94061,1.94106,1.00,1.00
2015.06.29 12:08:46.160,1.94059,1.94105,1.00,1.00
2015.06.29 12:08:46.261,1.94062,1.94107,1.00,1.00
2015.06.29 12:08:46.749,1.94067,1.9411,1.00,1.00
2015.06.29 12:08:47.104,1.94069,1.94115,1.00,1.37
2015.06.29 12:08:47.155,1.94071,1.94115,1.00,1.37
2015.06.29 12:08:47.650,1.94074,1.94117,1.00,1.37
2015.06.29 12:08:48.107,1.94074,1.94117,1.00,1.00
2015.06.29 12:08:48.468,1.94077,1.9412,1.00,1.00
2015.06.29 12:08:48.670,1.94077,1.94123,1.00,1.00
2015.06.29 12:08:49.572,1.94083,1.94129,1.00,1.00
2015.06.29 12:08:50.225,1.94083,1.94127,1.00,1.00
2015.06.29 12:08:50.996,1.94087,1.94132,1.00,1.00
2015.06.29 12:08:51.097,1.94084,1.94131,1.00,1.00
2015.06.29 12:08:51.299,1.94087,1.94131,1.00,1.00
2015.06.29 12:08:51.400,1.9409,1.94136,1.00,1.00
2015.06.29 12:08:51.501,1.94091,1.94138,1.00,1.00
2015.06.29 12:08:51.753,1.94093,1.94139,1.00,1.00
2015.06.29 12:08:52.258,1.94093,1.9414,1.00,1.00
2015.06.29 12:08:52.562,1.94092,1.94138,1.00,1.00
2015.06.29 12:08:53.073,1.94094,1.94139,1.00,1.00
2015.06.29 12:08:53.953,1.94093,1.94139,1.00,1.00
2015.06.29 12:08:54.004,1.94095,1.94142,1.00,1.00
2015.06.29 12:08:54.189,1.94098,1.94142,1.00,1.00
2015.06.29 12:08:54.441,1.941,1.94146,1.00,1.00
2015.06.29 12:08:54.492,1.94102,1.94148,1.00,1.50
2015.06.29 12:08:55.800,1.94101,1.94147,1.00,1.12
2015.06.29 12:08:56.106,1.94103,1.94149,1.00,1.00
2015.06.29 12:08:56.652,1.94104,1.94148,1.00,1.00
2015.06.29 12:08:57.200,1.94105,1.94151,1.00,1.00
2015.06.29 12:08:57.253,1.94103,1.9415,1.00,1.00
2015.06.29 12:08:57.354,1.94106,1.94151,1.00,1.00
2015.06.29 12:08:57.455,1.94104,1.94151,1.00,1.00
2015.06.29 12:08:57.707,1.94108,1.94154,1.00,1.00
2015.06.29 12:08:57.808,1.94106,1.94153,1.00,1.00
2015.06.29 12:08:57.910,1.94108,1.94154,1.00,1.00
2015.06.29 12:08:58.426,1.94104,1.9415,1.00,1.00
2015.06.29 12:08:58.476,1.94101,1.94149,1.50,1.00
2015.06.29 12:08:58.786,1.94097,1.94139,1.00,1.00
2015.06.29 12:08:58.837,1.94093,1.94139,1.00,1.00
2015.06.29 12:08:58.888,1.94092,1.94133,1.50,1.00
2015.06.29 12:08:58.939,1.9409,1.94133,1.00,1.00
2015.06.29 12:08:58.991,1.94087,1.94133,1.50,1.00
2015.06.29 12:08:59.609,1.94093,1.94134,1.00,1.00
2015.06.29 12:08:59.660,1.94089,1.94134,1.00,1.00
2015.06.29 12:08:59.761,1.94086,1.94132,1.50,1.00
2015.06.29 12:08:59.973,1.94086,1.9413,1.50,1.00
2015.06.29 12:09:00.225,1.94086,1.94132,2.25,1.00
2015.06.29 12:09:00.276,1.94088,1.94132,1.00,1.00
2015.06.29 12:09:00.951,1.94094,1.94134,1.00,1.00
2015.06.29 12:09:01.001,1.94094,1.94138,1.00,1.00
2015.06.29 12:09:01.103,1.9409,1.94136,1.00,1.00
2015.06.29 12:09:01.610,1.94089,1.94136,1.00,1.00
2015.06.29 12:09:01.661,1.94087,1.94134,1.00,1.00
2015.06.29 12:09:02.177,1.94084,1.94128,1.00,1.00
2015.06.29 12:09:02.431,1.94085,1.94131,1.00,1.00
2015.06.29 12:09:02.985,1.94084,1.9413,1.00,1.00
2015.06.29 12:09:03.688,1.94086,1.9413,1.00,1.00
2015.06.29 12:09:04.160,1.94088,1.94134,1.50,1.00
2015.06.29 12:09:04.261,1.94094,1.94134,1.00,1.00
2015.06.29 12:09:04.412,1.94094,1.94136,1.00,1.00
2015.06.29 12:09:04.564,1.94098,1.94135,1.00,1.00
2015.06.29 12:09:05.192,1.94098,1.94139,1.00,1.00
2015.06.29 12:09:06.824,1.94098,1.94136,1.00,1.00
2015.06.29 12:09:07.564,1.94098,1.94134,1.00,1.00
2015.06.29 12:09:09.641,1.94099,1.94134,1.00,1.00
2015.06.29 12:09:10.627,1.94094,1.94133,1.00,1.00
2015.06.29 12:09:10.678,1.94094,1.94136,1.00,1.00
2015.06.29 12:09:11.181,1.94094,1.94137,1.50,1.00
2015.06.29 12:09:11.383,1.94098,1.94137,1.00,1.00
2015.06.29 12:09:12.338,1.94098,1.94138,1.00,1.00
2015.06.29 12:09:12.938,1.94098,1.94139,1.00,1.00
2015.06.29 12:09:13.293,1.94098,1.94141,1.00,1.00
2015.06.29 12:09:13.807,1.94098,1.94143,1.50,1.37
2015.06.29 12:09:14.373,1.94099,1.94143,1.00,1.00
2015.06.29 12:09:14.749,1.94098,1.94141,1.50,1.00
2015.06.29 12:09:15.376,1.94109,1.94141,1.00,1.00
2015.06.29 12:09:15.433,1.94109,1.9415,1.00,1.00
2015.06.29 12:09:15.484,1.94109,1.94152,1.00,1.00
2015.06.29 12:09:15.785,1.94115,1.94157,1.00,1.00
2015.06.29 12:09:15.937,1.94117,1.94162,1.00,1.50
2015.06.29 12:09:16.851,1.94118,1.94163,1.00,1.00
2015.06.29 12:09:17.108,1.94115,1.94163,1.00,1.00
2015.06.29 12:09:17.159,1.94113,1.94163,1.00,1.00
2015.06.29 12:09:17.461,1.94117,1.94165,1.00,1.00
2015.06.29 12:09:17.776,1.94117,1.94163,1.00,1.00
2015.06.29 12:09:18.273,1.94121,1.94167,1.00,1.00
2015.06.29 12:09:18.476,1.94117,1.94164,1.00,1.00
2015.06.29 12:09:18.577,1.94121,1.94168,1.00,1.00
2015.06.29 12:09:18.880,1.94124,1.94171,1.00,1.00
2015.06.29 12:09:19.398,1.9412,1.94166,1.00,1.00
2015.06.29 12:09:19.734,1.94117,1.94163,1.00,1.00
2015.06.29 12:09:20.036,1.94119,1.94167,1.00,1.00
2015.06.29 12:09:21.169,1.94123,1.94164,1.00,1.00
2015.06.29 12:09:21.321,1.94119,1.94161,1.00,1.00
2015.06.29 12:09:21.422,1.94121,1.94168,1.00,1.00
2015.06.29 12:09:21.574,1.94125,1.94172,1.00,1.50
2015.06.29 12:09:22.354,1.94127,1.94174,1.00,1.00
2015.06.29 12:09:22.739,1.94128,1.94176,1.00,2.25
2015.06.29 12:09:23.867,1.94137,1.94176,1.00,1.00
2015.06.29 12:09:23.968,1.94131,1.94177,1.00,1.00
2015.06.29 12:09:24.170,1.94126,1.94177,1.00,1.50
2015.06.29 12:09:24.422,1.94122,1.94173,1.00,1.00
2015.06.29 12:09:25.184,1.9412,1.94171,1.50,1.00
2015.06.29 12:09:25.499,1.9412,1.94167,1.00,1.50
2015.06.29 12:09:26.028,1.94119,1.94167,1.00,1.00
2015.06.29 12:09:26.491,1.9411,1.94156,2.25,1.37
2015.06.29 12:09:26.643,1.94109,1.94156,1.00,1.00
2015.06.29 12:09:26.744,1.94113,1.9416,1.00,1.00
2015.06.29 12:09:27.148,1.94115,1.94161,1.00,1.00
2015.06.29 12:09:27.959,1.94113,1.9416,1.00,1.00
2015.06.29 12:09:28.060,1.94115,1.94161,1.00,1.00
2015.06.29 12:09:28.161,1.94117,1.94166,1.00,1.50
2015.06.29 12:09:28.263,1.94122,1.94166,1.00,1.00
2015.06.29 12:09:28.313,1.94122,1.94171,1.00,1.00
2015.06.29 12:09:28.465,1.94119,1.94166,1.00,1.00
2015.06.29 12:09:29.161,1.94119,1.94167,1.00,1.00
2015.06.29 12:09:29.897,1.94118,1.94166,1.00,1.00
2015.06.29 12:09:30.572,1.94134,1.94173,1.00,1.00
2015.06.29 12:09:30.622,1.94134,1.94177,1.00,1.00
2015.06.29 12:09:30.673,1.9414,1.94182,1.00,1.00
2015.06.29 12:09:30.724,1.9414,1.94185,1.00,1.00
2015.06.29 12:09:30.775,1.94144,1.94188,1.00,1.00
2015.06.29 12:09:30.826,1.94144,1.94191,1.00,1.50
2015.06.29 12:09:31.357,1.94145,1.94191,1.00,1.00
2015.06.29 12:09:31.952,1.9415,1.94197,1.00,1.00
2015.06.29 12:09:32.211,1.94148,1.94193,1.00,1.00
2015.06.29 12:09:32.725,1.94149,1.94194,1.00,1.00
2015.06.29 12:09:32.776,1.9415,1.94196,1.00,1.00
2015.06.29 12:09:33.843,1.94159,1.94196,1.00,1.00
2015.06.29 12:09:33.895,1.94158,1.94202,1.00,1.00
2015.06.29 12:09:33.996,1.94156,1.94202,1.00,1.50
2015.06.29 12:09:34.400,1.94155,1.94199,1.00,1.00
2015.06.29 12:09:34.702,1.94151,1.94192,1.00,1.00
2015.06.29 12:09:35.220,1.94145,1.94192,1.00,1.00
2015.06.29 12:09:35.644,1.94147,1.94192,1.50,1.00
2015.06.29 12:09:35.847,1.94156,1.94202,1.00,1.00
2015.06.29 12:09:35.948,1.94154,1.94202,1.00,1.00
2015.06.29 12:09:36.050,1.94151,1.942,1.00,1.00
2015.06.29 12:09:36.709,1.94153,1.94202,1.00,1.00
2015.06.29 12:09:37.127,1.94153,1.94197,1.00,1.00
2015.06.29 12:09:37.604,1.9415,1.94196,1.00,1.00
2015.06.29 12:09:38.173,1.94151,1.94196,1.00,1.00
2015.06.29 12:09:38.379,1.94154,1.94201,1.00,1.00
2015.06.29 12:09:38.481,1.94159,1.94206,1.00,1.00
2015.06.29 12:09:38.814,1.94162,1.94206,1.00,1.00
2015.06.29 12:09:39.784,1.94162,1.94211,1.00,1.00
2015.06.29 12:09:39.885,1.94162,1.94207,1.00,1.00
2015.06.29 12:09:39.936,1.94159,1.94205,1.00,1.00
2015.06.29 12:09:40.037,1.94157,1.94204,2.25,1.00
2015.06.29 12:09:40.138,1.94159,1.94205,1.00,1.00
2015.06.29 12:09:40.340,1.94157,1.94204,1.00,1.00
2015.06.29 12:09:41.376,1.94158,1.94204,1.00,1.00
2015.06.29 12:09:41.925,1.94159,1.94204,1.00,1.00
2015.06.29 12:09:42.922,1.94163,1.94204,1.00,1.00
2015.06.29 12:09:42.973,1.94164,1.94208,1.00,1.00
2015.06.29 12:09:43.431,1.94164,1.94211,1.50,1.00
2015.06.29 12:09:43.995,1.94178,1.94219,1.00,1.37
2015.06.29 12:09:44.147,1.94184,1.94226,1.00,1.00
2015.06.29 12:09:44.671,1.94191,1.94233,1.00,1.00
2015.06.29 12:09:44.724,1.94191,1.94237,1.00,1.00
2015.06.29 12:09:45.439,1.94193,1.94238,1.00,1.00
2015.06.29 12:09:45.540,1.94189,1.94236,1.00,1.00
2015.06.29 12:09:46.065,1.94189,1.94231,1.00,1.00
2015.06.29 12:09:46.318,1.94185,1.94232,1.00,1.00
2015.06.29 12:09:46.368,1.94185,1.94227,1.00,1.00
2015.06.29 12:09:46.419,1.94183,1.94227,1.00,1.00
2015.06.29 12:09:48.116,1.94183,1.9423,1.00,1.00
2015.06.29 12:09:48.167,1.94185,1.9423,1.00,1.00
2015.06.29 12:09:48.502,1.94183,1.94227,1.00,1.00
2015.06.29 12:09:48.604,1.94181,1.94227,1.00,1.00
2015.06.29 12:09:49.326,1.94183,1.94227,1.00,1.50
2015.06.29 12:09:49.855,1.94182,1.94227,1.00,1.00
2015.06.29 12:09:51.127,1.94182,1.94226,1.00,1.00
2015.06.29 12:09:53.288,1.94182,1.94227,1.00,1.00
2015.06.29 12:09:54.453,1.94183,1.94227,1.00,1.00
2015.06.29 12:09:55.122,1.94182,1.94227,1.00,1.00
2015.06.29 12:09:55.627,1.94183,1.94227,1.00,1.00
2015.06.29 12:09:56.170,1.94184,1.94227,1.00,1.00
2015.06.29 12:09:56.982,1.94183,1.94227,1.00,1.00
2015.06.29 12:09:58.157,1.94184,1.94227,1.00,1.00
2015.06.29 12:09:59.239,1.94184,1.94226,1.00,1.00
2015.06.29 12:09:59.801,1.94183,1.94226,1.00,1.00
2015.06.29 12:10:00.167,1.94185,1.94227,1.00,1.00
2015.06.29 12:10:00.588,1.94184,1.94229,1.00,1.00
2015.06.29 12:10:00.689,1.9418,1.94222,1.00,1.00
2015.06.29 12:10:01.808,1.94176,1.94221,1.00,1.00
2015.06.29 12:10:01.909,1.94179,1.94226,1.00,1.00
2015.06.29 12:10:02.262,1.94183,1.94229,1.00,1.00
2015.06.29 12:10:02.565,1.94183,1.94227,1.00,1.00
2015.06.29 12:10:03.306,1.9418,1.94225,1.00,1.00
2015.06.29 12:10:03.357,1.94178,1.94224,1.00,1.00
2015.06.29 12:10:03.458,1.94175,1.94223,1.50,1.00
2015.06.29 12:10:03.814,1.94173,1.94219,1.00,1.00
2015.06.29 12:10:03.965,1.94169,1.94216,1.00,1.00
2015.06.29 12:10:04.016,1.94166,1.94213,1.00,1.00
2015.06.29 12:10:04.773,1.94163,1.94209,1.00,1.00
2015.06.29 12:10:06.257,1.94165,1.9421,1.00,1.00
2015.06.29 12:10:06.459,1.94163,1.94209,1.00,1.00
2015.06.29 12:10:06.761,1.94161,1.94208,1.00,1.00
2015.06.29 12:10:06.913,1.94158,1.94203,1.00,1.00
2015.06.29 12:10:06.964,1.94156,1.94203,1.00,1.00
2015.06.29 12:10:07.015,1.94155,1.94201,1.00,1.00
2015.06.29 12:10:07.612,1.94168,1.94201,1.00,1.00
2015.06.29 12:10:07.670,1.94173,1.94217,1.00,1.50
2015.06.29 12:10:07.822,1.94173,1.9422,1.00,1.00
2015.06.29 12:10:08.344,1.94172,1.9422,1.00,1.00
2015.06.29 12:10:09.007,1.94175,1.94221,1.00,1.00
2015.06.29 12:10:09.399,1.94173,1.94218,1.00,1.00
2015.06.29 12:10:09.450,1.9417,1.94216,1.00,1.00
2015.06.29 12:10:09.552,1.94169,1.94214,1.00,1.00
2015.06.29 12:10:09.754,1.94165,1.94213,1.00,1.00
2015.06.29 12:10:09.855,1.9417,1.94215,1.00,1.00
2015.06.29 12:10:10.439,1.94172,1.94217,1.00,1.00
2015.06.29 12:10:10.490,1.94172,1.94219,1.00,1.00
2015.06.29 12:10:10.742,1.94173,1.94221,1.00,1.00
2015.06.29 12:10:11.204,1.94174,1.94218,1.00,1.00
2015.06.29 12:10:11.782,1.94179,1.94222,1.00,1.50
2015.06.29 12:10:11.934,1.94179,1.94226,1.00,1.00
2015.06.29 12:10:12.158,1.94177,1.94224,1.00,1.00
2015.06.29 12:10:13.083,1.94179,1.94223,1.00,1.00
2015.06.29 12:10:13.285,1.94177,1.94223,1.00,1.00
2015.06.29 12:10:13.821,1.94178,1.94222,1.00,1.00
2015.06.29 12:10:15.058,1.94183,1.94222,1.00,1.00
2015.06.29 12:10:15.109,1.94185,1.94232,1.00,1.00
2015.06.29 12:10:15.160,1.94191,1.94232,1.00,1.00
2015.06.29 12:10:15.262,1.94185,1.94232,1.00,1.00
2015.06.29 12:10:15.466,1.94184,1.94229,1.00,1.00
2015.06.29 12:10:15.980,1.94183,1.94228,1.00,1.00
2015.06.29 12:10:16.562,1.94184,1.94231,1.00,1.00
2015.06.29 12:10:17.084,1.94185,1.94231,1.00,1.00
2015.06.29 12:10:17.590,1.94184,1.94231,1.00,1.00
2015.06.29 12:10:18.278,1.94203,1.94237,1.00,1.00
2015.06.29 12:10:18.329,1.94203,1.94241,1.00,1.00
2015.06.29 12:10:18.539,1.94205,1.94241,1.00,1.00
2015.06.29 12:10:18.843,1.94205,1.94246,1.00,1.00
2015.06.29 12:10:19.352,1.94204,1.94246,1.00,1.00
2015.06.29 12:10:20.006,1.94205,1.94246,1.00,1.00
2015.06.29 12:10:20.131,1.94205,1.94252,1.00,1.50
2015.06.29 12:10:20.182,1.94202,1.9425,1.00,1.00
2015.06.29 12:10:20.546,1.94204,1.94251,1.00,1.00
2015.06.29 12:10:20.901,1.94204,1.94247,1.00,1.00
2015.06.29 12:10:21.651,1.94198,1.94237,1.00,1.50
2015.06.29 12:10:21.704,1.9419,1.94232,1.00,1.00
2015.06.29 12:10:21.910,1.94196,1.94232,1.00,1.00
2015.06.29 12:10:22.013,1.94201,1.94247,1.00,1.12
2015.06.29 12:10:22.164,1.94201,1.94249,1.00,1.00
2015.06.29 12:10:22.315,1.94203,1.9425,1.00,1.00
2015.06.29 12:10:22.416,1.94201,1.94249,1.00,1.00
2015.06.29 12:10:22.467,1.94201,1.94246,1.00,1.00
2015.06.29 12:10:23.279,1.94204,1.94246,1.00,1.00
2015.06.29 12:10:23.330,1.94209,1.94255,1.00,1.00
2015.06.29 12:10:23.583,1.94214,1.94256,1.00,1.00
2015.06.29 12:10:23.633,1.94214,1.94258,1.00,1.00
2015.06.29 12:10:24.159,1.94216,1.9426,1.00,1.00
2015.06.29 12:10:24.768,1.94219,1.9426,1.00,1.00
2015.06.29 12:10:24.818,1.9422,1.94266,1.00,1.00
2015.06.29 12:10:26.617,1.94223,1.94266,1.00,1.00
2015.06.29 12:10:26.920,1.94223,1.94261,1.00,1.00
2015.06.29 12:10:27.121,1.94221,1.94261,1.00,1.00
2015.06.29 12:10:27.642,1.9422,1.94261,1.00,1.00
2015.06.29 12:10:28.784,1.94219,1.94262,1.00,1.00
2015.06.29 12:10:28.836,1.94219,1.94265,1.00,1.00
2015.06.29 12:10:30.231,1.94217,1.94262,1.00,1.00
2015.06.29 12:10:30.870,1.94217,1.94261,1.00,1.00
2015.06.29 12:10:30.971,1.94217,1.94263,1.00,1.00
2015.06.29 12:10:32.872,1.94215,1.94262,1.00,1.00
2015.06.29 12:10:33.790,1.94214,1.94261,1.00,1.00
2015.06.29 12:10:33.841,1.94212,1.9426,1.00,1.00
2015.06.29 12:10:34.345,1.94212,1.94261,1.00,1.00
2015.06.29 12:10:35.722,1.94209,1.94253,1.00,1.00
2015.06.29 12:10:35.773,1.94205,1.94253,1.00,1.00
2015.06.29 12:10:36.603,1.94203,1.94251,1.50,1.00
2015.06.29 12:10:37.314,1.942,1.94246,1.00,1.00
2015.06.29 12:10:37.365,1.94197,1.94246,1.50,1.50
2015.06.29 12:10:37.468,1.94197,1.94244,1.00,1.00
2015.06.29 12:10:37.770,1.94195,1.94242,1.00,1.00
2015.06.29 12:10:38.729,1.94197,1.94242,1.00,1.00
2015.06.29 12:10:39.012,1.94194,1.94241,1.50,1.00
2015.06.29 12:10:39.320,1.94197,1.94242,1.00,1.00
2015.06.29 12:10:39.672,1.94195,1.94242,1.00,1.00
2015.06.29 12:10:41.087,1.94196,1.94243,1.00,1.00
2015.06.29 12:10:41.669,1.94195,1.94242,1.00,1.00
2015.06.29 12:10:42.482,1.94197,1.94242,1.00,1.00
2015.06.29 12:10:42.734,1.94194,1.94241,1.50,1.00
2015.06.29 12:10:43.390,1.94194,1.9424,1.00,1.00
2015.06.29 12:10:44.001,1.94194,1.94241,1.50,1.00
2015.06.29 12:10:44.422,1.94196,1.94243,1.00,1.00
2015.06.29 12:10:46.036,1.94198,1.94242,1.00,1.00
2015.06.29 12:10:47.793,1.94202,1.94247,1.00,1.00
2015.06.29 12:10:48.647,1.94205,1.94246,1.00,1.00
2015.06.29 12:10:48.706,1.94197,1.9424,1.00,1.00
2015.06.29 12:10:50.006,1.94195,1.9424,1.00,1.00
2015.06.29 12:10:50.227,1.94195,1.94237,1.00,1.00
2015.06.29 12:10:50.379,1.94189,1.94232,1.00,1.00
2015.06.29 12:10:50.480,1.94188,1.9423,1.00,1.00
2015.06.29 12:10:50.783,1.94184,1.9423,1.00,1.00
2015.06.29 12:10:51.347,1.94188,1.94234,1.00,1.00
2015.06.29 12:10:51.448,1.94185,1.94233,1.00,1.00
2015.06.29 12:10:51.952,1.94186,1.94234,1.00,1.00
2015.06.29 12:10:52.053,1.94184,1.94234,1.00,1.50
2015.06.29 12:10:53.188,1.94182,1.94233,1.50,1.00
2015.06.29 12:10:53.239,1.94185,1.94231,1.00,1.00
2015.06.29 12:10:54.793,1.94185,1.9423,1.00,1.00
2015.06.29 12:10:55.404,1.94185,1.94231,1.00,1.50
2015.06.29 12:10:56.157,1.94193,1.9423,1.00,1.00
2015.06.29 12:10:58.511,1.94189,1.94228,1.00,1.00
2015.06.29 12:10:58.662,1.94189,1.94226,1.00,1.00
2015.06.29 12:11:00.150,1.94189,1.94227,1.00,1.00
2015.06.29 12:11:01.242,1.94189,1.94226,1.00,1.00
2015.06.29 12:11:01.745,1.94189,1.94227,1.00,1.00
2015.06.29 12:11:02.436,1.94189,1.94226,1.00,1.00
2015.06.29 12:11:03.198,1.94189,1.94227,1.00,1.00
2015.06.29 12:11:04.257,1.94189,1.94228,1.00,1.50
2015.06.29 12:11:04.855,1.94189,1.94227,1.00,1.00
2015.06.29 12:11:06.623,1.94189,1.94224,1.00,1.00
2015.06.29 12:11:07.373,1.94189,1.94227,1.00,1.00
2015.06.29 12:11:08.518,1.94189,1.94228,1.00,1.00
2015.06.29 12:11:08.720,1.94191,1.94228,1.00,1.00
2015.06.29 12:11:09.483,1.94193,1.94228,1.00,1.00
2015.06.29 12:11:09.902,1.94191,1.94228,1.00,1.00
2015.06.29 12:11:10.023,1.94193,1.94228,1.00,1.00
2015.06.29 12:11:10.771,1.94204,1.94231,1.00,1.00
2015.06.29 12:11:10.822,1.94204,1.94238,1.00,1.00
2015.06.29 12:11:11.331,1.94205,1.94238,1.00,1.00
2015.06.29 12:11:12.980,1.94203,1.94238,1.00,1.00
2015.06.29 12:11:13.569,1.94204,1.94238,1.00,1.00
2015.06.29 12:11:14.631,1.94203,1.94238,1.00,1.00
2015.06.29 12:11:15.159,1.94204,1.94238,1.00,1.00
2015.06.29 12:11:16.313,1.94198,1.94238,1.00,1.00
2015.06.29 12:11:16.465,1.94198,1.94232,1.00,1.00
2015.06.29 12:11:16.566,1.94198,1.94238,1.00,1.37
2015.06.29 12:11:17.389,1.94198,1.94238,1.00,1.00
2015.06.29 12:11:19.855,1.94219,1.94238,1.00,1.00
2015.06.29 12:11:19.906,1.94221,1.94254,1.00,1.00
2015.06.29 12:11:19.957,1.94223,1.94254,1.00,1.00
2015.06.29 12:11:20.007,1.94223,1.9426,1.00,1.00
2015.06.29 12:11:20.058,1.94227,1.9426,1.00,1.00
2015.06.29 12:11:20.210,1.94227,1.94264,1.00,1.00
2015.06.29 12:11:20.361,1.94229,1.94264,1.00,1.00
2015.06.29 12:11:21.088,1.94228,1.94264,1.00,1.00
2015.06.29 12:11:21.240,1.94225,1.94264,1.00,1.00
2015.06.29 12:11:21.670,1.94224,1.94261,1.00,1.00
2015.06.29 12:11:21.721,1.9422,1.94258,1.00,1.00
2015.06.29 12:11:26.952,1.94223,1.94258,1.00,1.00
2015.06.29 12:11:27.640,1.9422,1.94258,1.50,1.00
2015.06.29 12:11:28.004,1.94224,1.94258,1.00,1.00
2015.06.29 12:11:28.257,1.94228,1.94266,1.00,1.00
2015.06.29 12:11:28.799,1.94229,1.94266,1.00,1.00
2015.06.29 12:11:29.311,1.9423,1.94266,1.00,1.00
2015.06.29 12:11:30.230,1.94229,1.94266,1.00,1.00
2015.06.29 12:11:30.618,1.94232,1.94266,1.00,1.00
2015.06.29 12:11:31.021,1.94229,1.94266,1.50,1.00
2015.06.29 12:11:33.581,1.94228,1.94266,1.00,1.00
2015.06.29 12:11:36.129,1.94219,1.94256,1.00,1.00
2015.06.29 12:11:38.893,1.94219,1.94246,1.00,1.00
2015.06.29 12:11:38.943,1.94213,1.94244,1.00,1.00
2015.06.29 12:11:39.430,1.94209,1.94244,1.00,1.00
2015.06.29 12:11:39.489,1.94212,1.94244,1.00,1.00
2015.06.29 12:11:39.640,1.9421,1.94244,1.00,1.00
2015.06.29 12:11:40.206,1.9421,1.94247,1.00,1.00
2015.06.29 12:11:41.215,1.94205,1.9424,1.00,1.00
2015.06.29 12:11:41.266,1.94202,1.94241,1.00,1.00
2015.06.29 12:11:41.366,1.9421,1.94244,1.00,1.00
2015.06.29 12:11:41.518,1.94206,1.94241,1.00,1.00
2015.06.29 12:11:41.623,1.94208,1.94241,1.00,1.00
2015.06.29 12:11:41.724,1.94211,1.94248,1.00,1.00
2015.06.29 12:11:42.347,1.94215,1.9425,1.00,1.00
2015.06.29 12:11:43.019,1.94213,1.9425,1.50,1.00
2015.06.29 12:11:44.230,1.94225,1.9425,1.00,1.00
2015.06.29 12:11:44.281,1.94225,1.94258,1.00,1.00
2015.06.29 12:11:44.332,1.94223,1.94258,1.00,1.00
2015.06.29 12:11:44.658,1.94221,1.94258,1.00,1.00
2015.06.29 12:11:44.916,1.94223,1.94258,1.00,1.00
2015.06.29 12:11:45.495,1.94221,1.94258,1.00,1.00
2015.06.29 12:11:45.596,1.94223,1.94258,1.00,1.00
2015.06.29 12:11:46.030,1.94229,1.94258,1.00,1.00
2015.06.29 12:11:46.805,1.94238,1.94269,1.00,1.00
2015.06.29 12:11:47.111,1.94231,1.94269,1.00,1.00
2015.06.29 12:11:47.212,1.94229,1.94269,1.00,1.00
2015.06.29 12:11:48.161,1.94229,1.94268,1.00,1.00
2015.06.29 12:11:48.689,1.94229,1.94269,1.00,1.00
2015.06.29 12:11:49.287,1.94229,1.94268,1.00,1.00
2015.06.29 12:11:50.097,1.94234,1.94267,1.00,1.00
2015.06.29 12:11:50.198,1.94234,1.94269,1.00,1.00
2015.06.29 12:11:50.299,1.94238,1.94269,1.00,1.00
2015.06.29 12:11:50.506,1.94238,1.94272,1.00,1.00
2015.06.29 12:11:50.850,1.94249,1.9428,1.00,1.00
2015.06.29 12:11:52.060,1.94248,1.9428,1.00,1.00
2015.06.29 12:11:52.413,1.94243,1.9428,1.00,1.00
2015.06.29 12:11:53.366,1.9424,1.9428,1.00,1.00
2015.06.29 12:11:53.618,1.94243,1.9428,1.00,1.00
2015.06.29 12:11:58.308,1.94244,1.9428,1.00,1.00
2015.06.29 12:12:03.748,1.94243,1.9428,1.00,1.00
2015.06.29 12:12:04.476,1.94248,1.94282,1.00,1.00
2015.06.29 12:12:05.002,1.94249,1.94289,1.00,1.00
2015.06.29 12:12:05.904,1.94251,1.94289,1.00,1.00
2015.06.29 12:12:06.005,1.94249,1.94289,1.50,1.00
2015.06.29 12:12:06.371,1.94247,1.9429,1.00,1.00
2015.06.29 12:12:07.218,1.94247,1.94289,1.00,1.00
2015.06.29 12:12:08.993,1.94249,1.94289,1.00,1.00
2015.06.29 12:12:09.094,1.94249,1.94291,1.50,1.50
2015.06.29 12:12:09.669,1.94253,1.94291,1.00,1.00
2015.06.29 12:12:10.803,1.94259,1.94295,1.00,1.00
2015.06.29 12:12:11.056,1.94258,1.94302,1.00,1.50
2015.06.29 12:12:11.527,1.94255,1.94301,1.50,1.00
2015.06.29 12:12:12.519,1.94253,1.94293,1.00,1.00
2015.06.29 12:12:12.569,1.94249,1.94292,1.50,1.00
2015.06.29 12:12:12.620,1.94254,1.94293,1.00,1.00
2015.06.29 12:12:13.299,1.94249,1.94292,1.00,1.00
2015.06.29 12:12:13.350,1.94248,1.9429,1.00,1.00
2015.06.29 12:12:13.401,1.94245,1.9429,1.00,1.50
2015.06.29 12:12:13.552,1.94245,1.9429,1.34,1.50
2015.06.29 12:12:14.061,1.94258,1.9429,1.00,1.00
2015.06.29 12:12:14.114,1.94264,1.943,1.00,1.00
2015.06.29 12:12:14.215,1.94264,1.94302,1.00,1.00
2015.06.29 12:12:14.418,1.94258,1.94302,1.00,2.25
2015.06.29 12:12:14.619,1.94256,1.943,1.00,1.00
2015.06.29 12:12:15.140,1.94254,1.94299,1.50,1.00
2015.06.29 12:12:15.750,1.94256,1.943,1.00,1.00
2015.06.29 12:12:16.052,1.94253,1.94296,1.00,1.50
2015.06.29 12:12:17.396,1.94255,1.94298,1.00,1.00
2015.06.29 12:12:17.720,1.94255,1.94295,1.00,1.00
2015.06.29 12:12:19.669,1.94253,1.94294,1.00,1.00
2015.06.29 12:12:20.493,1.9425,1.94294,1.00,1.00
2015.06.29 12:12:21.037,1.9425,1.94295,1.50,1.00
2015.06.29 12:12:24.917,1.94251,1.94296,1.00,1.50
2015.06.29 12:12:25.379,1.94254,1.94296,1.50,1.00
2015.06.29 12:12:26.192,1.94254,1.94299,1.50,1.00
2015.06.29 12:12:26.814,1.94256,1.943,1.00,1.00
2015.06.29 12:12:27.143,1.94253,1.94292,1.00,1.00
2015.06.29 12:12:27.666,1.9425,1.94291,1.00,1.00
2015.06.29 12:12:27.717,1.9425,1.94294,1.00,1.00
2015.06.29 12:12:28.260,1.9425,1.94293,1.00,1.00
2015.06.29 12:12:29.069,1.9425,1.94294,1.00,1.00
2015.06.29 12:12:29.869,1.9425,1.94292,1.00,1.00
2015.06.29 12:12:30.721,1.9425,1.94291,1.00,1.00
2015.06.29 12:12:31.242,1.9425,1.94292,1.00,1.00
2015.06.29 12:12:31.654,1.94248,1.94292,1.00,1.50
2015.06.29 12:12:31.787,1.94248,1.94287,1.00,1.00
2015.06.29 12:12:34.615,1.94248,1.94292,1.50,1.50
2015.06.29 12:12:34.716,1.94251,1.94292,1.00,1.00
2015.06.29 12:12:35.280,1.94252,1.94292,1.00,1.00
2015.06.29 12:12:35.990,1.9425,1.94292,1.00,1.00
2015.06.29 12:12:38.577,1.9425,1.94293,1.00,1.50
2015.06.29 12:12:38.628,1.94255,1.94298,1.00,1.00
2015.06.29 12:12:38.931,1.94253,1.94296,1.00,1.00
2015.06.29 12:12:39.032,1.94251,1.94296,1.00,1.50
2015.06.29 12:12:39.234,1.94253,1.94296,1.00,1.00
2015.06.29 12:12:39.777,1.94254,1.94297,1.00,1.00
2015.06.29 12:12:40.231,1.94253,1.94293,1.00,1.00
2015.06.29 12:12:40.534,1.94248,1.94288,1.00,1.00
2015.06.29 12:12:41.078,1.94248,1.94289,1.00,1.00
2015.06.29 12:12:41.627,1.94248,1.9429,1.00,1.00
2015.06.29 12:12:41.959,1.94243,1.94284,1.00,1.00
2015.06.29 12:12:42.476,1.94246,1.94287,1.00,1.00
2015.06.29 12:12:42.542,1.94244,1.94287,1.00,1.00
2015.06.29 12:12:42.995,1.94243,1.94284,1.00,1.00
2015.06.29 12:12:43.096,1.94245,1.94287,1.00,1.50
2015.06.29 12:12:43.198,1.94243,1.94285,1.00,1.00
2015.06.29 12:12:44.098,1.94243,1.94287,1.50,1.00
2015.06.29 12:12:44.199,1.94243,1.94283,1.50,1.00
2015.06.29 12:12:44.318,1.94243,1.94287,1.50,1.00
2015.06.29 12:12:44.420,1.94243,1.94284,1.50,1.00
2015.06.29 12:12:44.720,1.94243,1.94287,1.50,1.00
2015.06.29 12:12:44.875,1.94253,1.94288,1.00,1.00
2015.06.29 12:12:44.977,1.94248,1.94288,1.00,1.00
2015.06.29 12:12:45.566,1.94249,1.94287,1.00,1.00
2015.06.29 12:12:45.743,1.94249,1.94289,1.00,1.00
2015.06.29 12:12:45.845,1.94249,1.94286,1.00,1.00
2015.06.29 12:12:46.376,1.94249,1.94287,1.00,1.00
2015.06.29 12:12:46.628,1.94243,1.94287,2.25,1.00
2015.06.29 12:12:47.207,1.94248,1.94289,1.00,1.00
2015.06.29 12:12:47.406,1.94248,1.94291,1.00,1.00
2015.06.29 12:12:47.708,1.94248,1.94289,1.00,1.00
2015.06.29 12:12:47.809,1.94248,1.94291,1.00,1.00
2015.06.29 12:12:48.567,1.94249,1.94291,1.00,1.00
2015.06.29 12:12:49.218,1.94249,1.94292,1.00,1.00
2015.06.29 12:12:49.488,1.94249,1.94289,1.00,1.00
2015.06.29 12:12:50.181,1.94248,1.94291,1.00,1.00
2015.06.29 12:12:50.448,1.94248,1.94289,1.00,1.00
2015.06.29 12:12:50.549,1.94249,1.94292,1.00,1.00
2015.06.29 12:12:50.701,1.94253,1.94292,1.00,1.00
2015.06.29 12:12:52.151,1.94249,1.94283,1.00,1.00
2015.06.29 12:12:52.203,1.94244,1.94283,1.50,1.00
2015.06.29 12:12:52.354,1.94248,1.94283,1.00,1.00
2015.06.29 12:12:53.587,1.94249,1.94283,1.00,1.00
2015.06.29 12:12:55.093,1.94248,1.94283,1.00,1.00
2015.06.29 12:12:55.989,1.94253,1.94283,1.00,1.00
2015.06.29 12:12:58.101,1.94258,1.94287,1.00,1.00
2015.06.29 12:12:58.647,1.94259,1.94287,1.00,1.00
2015.06.29 12:12:59.141,1.94253,1.94287,1.00,1.00
2015.06.29 12:13:00.257,1.94254,1.94287,1.00,1.00
2015.06.29 12:13:00.803,1.94253,1.94287,1.00,1.50
2015.06.29 12:13:01.447,1.94248,1.94285,1.00,1.00
2015.06.29 12:13:01.794,1.94248,1.94287,1.00,1.50
2015.06.29 12:13:02.207,1.94248,1.94285,1.00,1.00
2015.06.29 12:13:02.953,1.94245,1.94279,1.00,1.00
2015.06.29 12:13:03.210,1.94245,1.94282,1.00,1.50
2015.06.29 12:13:03.311,1.94241,1.9428,1.00,1.50
2015.06.29 12:13:04.727,1.94235,1.94272,1.00,1.00
2015.06.29 12:13:05.046,1.94235,1.94268,1.00,1.00
2015.06.29 12:13:05.874,1.94235,1.94265,1.00,1.00
2015.06.29 12:13:05.925,1.94228,1.94265,1.00,1.00
2015.06.29 12:13:05.976,1.94228,1.94267,1.00,1.50
2015.06.29 12:13:06.178,1.94228,1.94264,1.00,1.00
2015.06.29 12:13:06.430,1.94228,1.94267,1.00,1.50
2015.06.29 12:13:08.741,1.94231,1.94267,1.00,1.00
2015.06.29 12:13:09.044,1.94229,1.94267,1.50,1.00
2015.06.29 12:13:09.357,1.94231,1.94267,1.00,1.00
2015.06.29 12:13:09.984,1.94228,1.94267,1.00,1.00
2015.06.29 12:13:10.034,1.94233,1.94272,1.00,1.00
2015.06.29 12:13:10.401,1.94235,1.94272,1.00,1.00
2015.06.29 12:13:11.345,1.94236,1.94272,1.50,1.00
2015.06.29 12:13:11.787,1.94238,1.94272,1.00,1.00
2015.06.29 12:13:12.325,1.94237,1.94272,1.00,1.00
2015.06.29 12:13:12.830,1.94232,1.94268,1.00,1.00
2015.06.29 12:13:13.241,1.94232,1.94272,1.00,1.50
2015.06.29 12:13:13.457,1.94233,1.94269,1.00,1.00
2015.06.29 12:13:14.225,1.94232,1.94269,1.00,1.00
2015.06.29 12:13:14.543,1.94233,1.94272,1.00,1.00
2015.06.29 12:13:14.694,1.94243,1.94272,1.00,1.00
2015.06.29 12:13:14.845,1.94238,1.94272,1.00,1.00
2015.06.29 12:13:14.947,1.94233,1.94272,1.50,1.00
2015.06.29 12:13:15.494,1.94232,1.94272,1.00,1.50
2015.06.29 12:13:15.545,1.94232,1.94267,1.00,1.00
2015.06.29 12:13:15.847,1.94232,1.94265,1.00,1.00
2015.06.29 12:13:17.339,1.94232,1.94266,1.00,1.00
2015.06.29 12:13:17.389,1.94232,1.9427,1.00,1.00
2015.06.29 12:13:17.541,1.94232,1.94268,1.00,1.00
2015.06.29 12:13:17.845,1.94244,1.94272,1.00,1.00
2015.06.29 12:13:17.979,1.94238,1.94271,1.00,1.00
2015.06.29 12:13:18.030,1.94239,1.94274,2.59,1.00
2015.06.29 12:13:18.552,1.94263,1.943,1.50,1.00
2015.06.29 12:13:18.602,1.94268,1.943,1.00,1.00
2015.06.29 12:13:18.714,1.94268,1.94304,1.00,1.00
2015.06.29 12:13:19.235,1.94269,1.94304,1.50,1.00
2015.06.29 12:13:19.336,1.94273,1.94304,1.00,1.00
2015.06.29 12:13:19.882,1.94273,1.94307,1.00,1.00
2015.06.29 12:13:20.806,1.94274,1.94307,1.00,1.00
2015.06.29 12:13:22.891,1.94269,1.94307,1.00,1.00
2015.06.29 12:13:24.191,1.94278,1.94307,1.00,1.00
2015.06.29 12:13:24.392,1.94274,1.94307,1.00,1.00
2015.06.29 12:13:24.962,1.94268,1.94307,1.00,1.00
2015.06.29 12:13:25.487,1.94284,1.94307,1.00,1.00
2015.06.29 12:13:25.538,1.94284,1.94323,1.00,1.00
2015.06.29 12:13:25.941,1.94288,1.94323,1.00,1.00
2015.06.29 12:13:26.042,1.94284,1.94323,1.00,1.00
2015.06.29 12:13:26.717,1.94289,1.94323,1.00,1.00
2015.06.29 12:13:26.947,1.9429,1.94326,1.00,1.00
2015.06.29 12:13:27.474,1.94289,1.94326,1.50,1.00
2015.06.29 12:13:28.259,1.94293,1.94326,1.00,1.00
2015.06.29 12:13:28.688,1.94294,1.94332,1.00,1.00
2015.06.29 12:13:28.789,1.94299,1.94336,1.00,1.00
2015.06.29 12:13:29.147,1.94304,1.94336,1.00,1.00
2015.06.29 12:13:30.457,1.94299,1.94336,1.00,1.00
2015.06.29 12:13:30.558,1.94296,1.94336,1.00,1.00
2015.06.29 12:13:32.087,1.94298,1.94336,1.00,1.00
2015.06.29 12:13:32.553,1.94296,1.94336,1.00,1.00
2015.06.29 12:13:33.293,1.94298,1.94336,1.00,1.00
2015.06.29 12:13:33.445,1.94296,1.94336,1.00,1.00
2015.06.29 12:13:33.647,1.94298,1.94336,1.00,1.00
2015.06.29 12:13:35.064,1.94296,1.94336,1.00,1.00
2015.06.29 12:13:35.306,1.94298,1.94336,1.00,1.00
2015.06.29 12:13:35.980,1.94296,1.94336,1.00,1.50
2015.06.29 12:13:38.045,1.94299,1.94336,1.00,1.00
2015.06.29 12:13:38.577,1.94298,1.94336,1.00,1.00
2015.06.29 12:13:39.116,1.94299,1.94336,1.00,1.00
2015.06.29 12:13:40.117,1.94303,1.94336,1.00,1.00
2015.06.29 12:13:40.639,1.94303,1.94332,1.00,1.00
2015.06.29 12:13:41.176,1.94304,1.94332,1.00,1.00
2015.06.29 12:13:41.924,1.94314,1.94337,1.00,1.00
2015.06.29 12:13:42.231,1.94323,1.94337,1.00,1.00
2015.06.29 12:13:42.332,1.94318,1.94341,1.00,1.00
2015.06.29 12:13:42.433,1.94314,1.94341,1.00,1.00
2015.06.29 12:13:43.710,1.94313,1.94341,1.00,1.00
2015.06.29 12:13:43.900,1.94318,1.94341,1.00,1.00
2015.06.29 12:13:44.110,1.94313,1.94341,1.00,1.00
2015.06.29 12:13:44.261,1.94313,1.94345,1.00,1.00
2015.06.29 12:13:44.362,1.94313,1.94354,1.00,1.50
2015.06.29 12:13:44.947,1.94308,1.94344,1.00,1.00
2015.06.29 12:13:45.098,1.94304,1.94343,1.00,1.00
2015.06.29 12:13:45.149,1.94304,1.94339,1.00,1.00
2015.06.29 12:13:45.352,1.94308,1.94347,1.00,1.50
2015.06.29 12:13:45.728,1.94313,1.94347,1.00,1.00
2015.06.29 12:13:46.241,1.94309,1.94347,1.00,1.00
2015.06.29 12:13:46.766,1.94308,1.94347,1.00,1.00
2015.06.29 12:13:47.058,1.94303,1.94342,1.00,1.00
2015.06.29 12:13:47.683,1.94303,1.94338,1.00,1.00
2015.06.29 12:13:48.187,1.94298,1.94336,1.00,1.00
2015.06.29 12:13:49.117,1.94298,1.9433,1.00,1.00
2015.06.29 12:13:49.168,1.94294,1.9433,1.00,1.00
2015.06.29 12:13:49.839,1.94298,1.9433,1.00,1.00
2015.06.29 12:13:49.889,1.94298,1.94339,1.00,1.00
2015.06.29 12:13:49.940,1.94303,1.94339,1.00,1.00
2015.06.29 12:13:50.564,1.94304,1.94337,1.00,1.00
2015.06.29 12:13:50.615,1.94313,1.94347,1.00,1.00
2015.06.29 12:13:51.366,1.94308,1.94347,1.00,1.00
2015.06.29 12:13:51.977,1.94303,1.94338,1.00,1.00
2015.06.29 12:13:52.500,1.94304,1.94335,1.00,1.00
2015.06.29 12:13:52.550,1.94299,1.94335,1.00,1.00
2015.06.29 12:13:53.425,1.94299,1.94333,1.00,1.00
2015.06.29 12:13:53.937,1.94299,1.94334,1.00,1.00
2015.06.29 12:13:54.850,1.94298,1.94333,1.00,1.00
2015.06.29 12:13:55.228,1.94293,1.94334,1.00,1.50
2015.06.29 12:13:55.750,1.94294,1.94334,1.00,1.50
2015.06.29 12:13:56.852,1.94294,1.94333,1.00,1.00
2015.06.29 12:13:57.395,1.94289,1.94332,1.00,1.00
2015.06.29 12:13:57.648,1.94283,1.94319,1.50,1.00
2015.06.29 12:13:58.305,1.94283,1.9432,1.00,1.50
2015.06.29 12:13:58.456,1.94283,1.94323,1.00,1.00
2015.06.29 12:13:58.659,1.94283,1.94327,1.00,1.00
2015.06.29 12:13:58.815,1.94288,1.94327,1.00,1.00
2015.06.29 12:13:59.024,1.94289,1.9433,1.00,1.00
2015.06.29 12:13:59.644,1.94288,1.9433,1.00,1.00
2015.06.29 12:13:59.847,1.94288,1.94326,1.00,1.00
2015.06.29 12:14:00.358,1.94288,1.94325,1.00,1.00
2015.06.29 12:14:00.579,1.94283,1.94325,1.00,1.00
2015.06.29 12:14:01.185,1.94283,1.94324,1.00,1.00
2015.06.29 12:14:01.938,1.94283,1.94325,1.00,1.00
2015.06.29 12:14:02.139,1.94288,1.94325,1.00,1.00
2015.06.29 12:14:02.190,1.94288,1.94327,1.00,1.50
2015.06.29 12:14:02.485,1.94288,1.94325,1.00,1.00
2015.06.29 12:14:03.013,1.94289,1.94326,1.00,1.00
2015.06.29 12:14:03.526,1.94288,1.9433,1.00,1.00
2015.06.29 12:14:04.040,1.94288,1.94331,1.00,1.50
2015.06.29 12:14:04.662,1.94293,1.94331,1.00,1.00
2015.06.29 12:14:04.719,1.94293,1.94333,1.00,1.00
2015.06.29 12:14:05.626,1.94296,1.94335,1.00,1.00
2015.06.29 12:14:06.174,1.94313,1.94344,1.00,1.00
2015.06.29 12:14:06.227,1.94314,1.94348,1.00,1.00
2015.06.29 12:14:06.382,1.94314,1.9435,1.00,1.00
2015.06.29 12:14:06.534,1.94313,1.94354,1.00,1.00
2015.06.29 12:14:06.635,1.94318,1.94356,1.00,1.00
2015.06.29 12:14:06.686,1.94318,1.9436,1.00,1.50
2015.06.29 12:14:06.887,1.94323,1.9436,1.00,1.00
2015.06.29 12:14:07.401,1.94324,1.9436,1.00,1.00
2015.06.29 12:14:07.458,1.94324,1.94369,1.00,1.00
2015.06.29 12:14:07.780,1.94321,1.94367,1.00,1.00
2015.06.29 12:14:07.881,1.94322,1.94369,1.00,2.25
2015.06.29 12:14:08.108,1.94321,1.94367,1.00,1.00
2015.06.29 12:14:08.217,1.94321,1.94369,1.00,1.00
2015.06.29 12:14:09.289,1.94325,1.94369,1.00,1.00
2015.06.29 12:14:09.825,1.94325,1.9437,1.00,1.00
2015.06.29 12:14:10.527,1.94328,1.94372,1.50,1.00
2015.06.29 12:14:10.780,1.94331,1.94376,1.00,1.00
2015.06.29 12:14:10.881,1.94333,1.94376,1.00,1.00
2015.06.29 12:14:11.083,1.9433,1.94376,1.00,1.00
2015.06.29 12:14:11.200,1.94334,1.94376,1.00,1.00
2015.06.29 12:14:11.961,1.94339,1.94376,1.00,1.00
2015.06.29 12:14:12.213,1.94339,1.94381,1.00,1.50
2015.06.29 12:14:12.617,1.94333,1.9438,1.50,1.00
2015.06.29 12:14:13.345,1.94332,1.94379,1.00,1.00
2015.06.29 12:14:13.877,1.94332,1.9438,1.00,1.00
2015.06.29 12:14:13.978,1.94331,1.94377,1.00,1.00
2015.06.29 12:14:14.838,1.94331,1.94376,1.00,1.00
2015.06.29 12:14:15.396,1.94333,1.94377,1.00,1.00
2015.06.29 12:14:15.701,1.94337,1.94377,1.00,1.00
2015.06.29 12:14:16.365,1.94336,1.94377,1.00,1.00
2015.06.29 12:14:16.416,1.94336,1.9438,1.00,1.00
2015.06.29 12:14:17.950,1.94341,1.94381,1.00,1.00
2015.06.29 12:14:18.001,1.94343,1.94384,1.00,1.00
2015.06.29 12:14:18.368,1.94341,1.94384,1.00,1.00
2015.06.29 12:14:18.912,1.94345,1.94384,1.00,1.00
2015.06.29 12:14:19.362,1.94347,1.94384,1.00,1.00
2015.06.29 12:14:19.413,1.94344,1.94391,1.00,1.00
2015.06.29 12:14:19.464,1.94339,1.94383,1.00,1.00
2015.06.29 12:14:20.012,1.94339,1.94384,1.00,1.00
2015.06.29 12:14:20.847,1.94354,1.94384,1.00,1.00
2015.06.29 12:14:20.897,1.94355,1.94389,1.00,1.00
2015.06.29 12:14:20.948,1.94358,1.94389,1.00,1.00
2015.06.29 12:14:20.999,1.94358,1.94392,1.00,1.00
2015.06.29 12:14:21.100,1.94358,1.94396,1.00,1.00
2015.06.29 12:14:21.151,1.94354,1.94398,1.00,1.00
2015.06.29 12:14:21.202,1.94358,1.94401,1.00,1.50
2015.06.29 12:14:21.445,1.94355,1.94401,1.00,1.00
2015.06.29 12:14:22.550,1.94366,1.94403,1.00,1.00
2015.06.29 12:14:22.601,1.94366,1.94406,1.00,1.00
2015.06.29 12:14:22.854,1.94369,1.94407,1.00,1.00
2015.06.29 12:14:22.955,1.94366,1.94407,1.00,1.00
2015.06.29 12:14:23.671,1.94366,1.94406,1.00,1.00
2015.06.29 12:14:23.735,1.94372,1.94412,1.00,1.00
2015.06.29 12:14:24.299,1.94364,1.9441,1.00,1.00
2015.06.29 12:14:24.350,1.94364,1.94407,1.00,1.00
2015.06.29 12:14:25.016,1.94364,1.94406,1.00,1.00
2015.06.29 12:14:25.332,1.94363,1.94402,1.00,1.00
2015.06.29 12:14:25.865,1.94364,1.94402,1.00,1.00
2015.06.29 12:14:25.966,1.94362,1.94402,1.00,1.00
2015.06.29 12:14:26.465,1.94358,1.94402,1.00,1.00
2015.06.29 12:14:26.516,1.94348,1.94392,1.00,1.00
2015.06.29 12:14:26.742,1.94361,1.94406,1.00,1.00
2015.06.29 12:14:26.793,1.94363,1.94407,1.00,1.00
2015.06.29 12:14:27.095,1.94367,1.94416,1.00,1.00
2015.06.29 12:14:27.617,1.94373,1.94415,1.00,1.00
2015.06.29 12:14:27.795,1.94369,1.94415,1.00,1.00
2015.06.29 12:14:27.897,1.94367,1.94415,1.00,1.00
2015.06.29 12:14:27.947,1.94367,1.9441,1.00,1.00
2015.06.29 12:14:28.352,1.94366,1.94406,1.00,1.00
2015.06.29 12:14:28.925,1.94367,1.9441,1.00,1.00
2015.06.29 12:14:29.026,1.94365,1.9441,1.00,1.00
2015.06.29 12:14:29.077,1.94365,1.94407,1.00,1.00
2015.06.29 12:14:29.228,1.94358,1.94406,1.00,1.00
2015.06.29 12:14:29.430,1.94363,1.94406,1.00,1.00
2015.06.29 12:14:29.581,1.94363,1.9441,1.50,1.00
2015.06.29 12:14:30.253,1.94364,1.9441,1.00,1.00
2015.06.29 12:14:30.304,1.94369,1.94411,1.00,1.00
2015.06.29 12:14:30.502,1.94369,1.94414,1.00,2.25
2015.06.29 12:14:30.654,1.94372,1.94414,1.00,1.00
2015.06.29 12:14:30.705,1.94372,1.94417,1.00,1.00
2015.06.29 12:14:30.756,1.94377,1.94417,1.00,1.00
2015.06.29 12:14:30.857,1.94384,1.94426,1.00,1.50
2015.06.29 12:14:31.860,1.94378,1.94426,1.00,1.00
2015.06.29 12:14:31.965,1.9438,1.94426,1.00,1.00
2015.06.29 12:14:32.269,1.94386,1.94427,1.00,1.00
2015.06.29 12:14:32.670,1.94389,1.94427,1.00,1.00
2015.06.29 12:14:33.310,1.94393,1.94436,1.00,1.00
2015.06.29 12:14:33.411,1.94395,1.94437,1.00,1.00
2015.06.29 12:14:33.522,1.94393,1.94437,1.00,1.00
2015.06.29 12:14:33.623,1.94407,1.94444,1.00,1.00
2015.06.29 12:14:33.674,1.94407,1.94448,1.00,1.00
2015.06.29 12:14:33.775,1.94409,1.94452,1.00,1.00
2015.06.29 12:14:33.940,1.94409,1.94456,1.00,1.00
2015.06.29 12:14:34.091,1.94416,1.94457,1.00,1.00
2015.06.29 12:14:34.600,1.944,1.94447,1.00,1.00
2015.06.29 12:14:34.651,1.94398,1.94447,1.00,1.00
2015.06.29 12:14:34.853,1.94397,1.94449,1.00,2.25
2015.06.29 12:14:34.954,1.94395,1.94447,1.00,1.00
2015.06.29 12:14:35.280,1.94397,1.94447,1.00,1.50
2015.06.29 12:14:36.491,1.94394,1.94436,1.00,1.00
2015.06.29 12:14:36.793,1.9439,1.94431,1.00,1.00
2015.06.29 12:14:36.996,1.94388,1.94432,1.00,1.00
2015.06.29 12:14:37.097,1.94386,1.94432,1.00,1.00
2015.06.29 12:14:37.627,1.94388,1.94432,1.00,1.00
2015.06.29 12:14:37.879,1.94388,1.94436,1.00,1.00
2015.06.29 12:14:37.929,1.94394,1.94437,1.00,1.00
2015.06.29 12:14:38.182,1.94393,1.94442,1.50,2.25
2015.06.29 12:14:38.925,1.94393,1.94432,1.00,1.00
2015.06.29 12:14:38.977,1.94389,1.9443,1.00,1.00
2015.06.29 12:14:39.078,1.94384,1.9443,1.50,1.00
2015.06.29 12:14:39.633,1.94389,1.9443,1.00,1.00
2015.06.29 12:14:40.290,1.94391,1.94431,1.00,1.00
2015.06.29 12:14:40.344,1.94387,1.94431,1.00,1.00
2015.06.29 12:14:40.445,1.94388,1.94433,1.00,1.00
2015.06.29 12:14:41.204,1.94388,1.9443,1.00,1.00
2015.06.29 12:14:41.846,1.94383,1.94427,1.00,1.00
2015.06.29 12:14:42.048,1.94381,1.94427,1.00,1.50
2015.06.29 12:14:42.209,1.94378,1.94422,1.00,1.00
2015.06.29 12:14:42.411,1.94374,1.9442,1.00,1.00
2015.06.29 12:14:42.563,1.94374,1.94418,1.00,1.00
2015.06.29 12:14:43.225,1.94375,1.94418,1.00,1.00
2015.06.29 12:14:43.546,1.94383,1.94421,1.00,1.00
2015.06.29 12:14:43.697,1.9438,1.94421,1.00,1.00
2015.06.29 12:14:43.967,1.9438,1.94425,1.00,1.00
2015.06.29 12:14:44.024,1.94383,1.94425,1.00,1.00
2015.06.29 12:14:44.888,1.94394,1.94426,1.00,1.00
2015.06.29 12:14:44.943,1.94394,1.94437,1.00,1.00
2015.06.29 12:14:45.045,1.94394,1.9444,1.00,1.00
2015.06.29 12:14:45.196,1.94396,1.94441,1.00,1.00
2015.06.29 12:14:45.700,1.94396,1.94442,1.00,1.00
2015.06.29 12:14:45.751,1.94394,1.94442,1.00,1.50
2015.06.29 12:14:46.465,1.94396,1.94442,1.00,1.50
2015.06.29 12:14:46.775,1.94398,1.9444,1.00,1.00
2015.06.29 12:14:47.077,1.94389,1.94422,1.00,1.00
2015.06.29 12:14:47.178,1.94388,1.94428,1.00,1.00
2015.06.29 12:14:47.693,1.94388,1.94435,1.00,1.50
2015.06.29 12:14:47.794,1.94393,1.94436,1.00,1.50
2015.06.29 12:14:48.301,1.94393,1.94434,1.00,1.00
2015.06.29 12:14:49.522,1.94389,1.94432,1.00,1.00
2015.06.29 12:14:49.623,1.94389,1.94436,1.00,1.00
2015.06.29 12:14:49.724,1.94391,1.94437,1.00,1.00
2015.06.29 12:14:50.041,1.94393,1.94438,1.00,1.00
2015.06.29 12:14:51.764,1.94393,1.94437,1.00,1.00
2015.06.29 12:14:52.483,1.94399,1.9444,1.00,1.00
2015.06.29 12:14:52.548,1.94399,1.94446,1.00,1.00
2015.06.29 12:14:52.649,1.94396,1.94442,1.00,1.00
2015.06.29 12:14:52.801,1.94397,1.94445,1.00,1.00
2015.06.29 12:14:53.221,1.94394,1.94439,1.50,1.00
2015.06.29 12:14:53.523,1.94394,1.94437,1.00,1.50
2015.06.29 12:14:54.219,1.94387,1.94434,1.00,1.50
2015.06.29 12:14:54.270,1.94387,1.9443,1.00,1.00
2015.06.29 12:14:54.321,1.94383,1.9443,1.00,1.50
2015.06.29 12:14:54.372,1.94383,1.94426,1.00,1.00
2015.06.29 12:14:54.736,1.94379,1.94425,1.00,1.00
2015.06.29 12:14:55.444,1.94377,1.94418,1.00,1.00
2015.06.29 12:14:55.595,1.94374,1.94419,1.00,1.00
2015.06.29 12:14:55.747,1.94377,1.94414,1.00,1.00
2015.06.29 12:14:55.848,1.94379,1.94419,1.00,1.00
2015.06.29 12:14:55.949,1.94377,1.94419,1.00,1.00
2015.06.29 12:14:56.103,1.94379,1.94419,1.00,1.00
2015.06.29 12:14:56.668,1.94375,1.94416,1.00,1.00
2015.06.29 12:14:56.719,1.9438,1.94421,1.00,1.50
2015.06.29 12:14:57.012,1.94398,1.94442,1.50,1.00
2015.06.29 12:14:57.063,1.94404,1.94447,1.00,1.00
2015.06.29 12:14:57.163,1.94402,1.94447,1.00,1.00
2015.06.29 12:14:58.119,1.94403,1.94447,1.00,1.00
2015.06.29 12:14:58.680,1.94403,1.94448,1.50,1.09
2015.06.29 12:14:59.857,1.94404,1.94448,1.00,1.09
2015.06.29 12:15:00.109,1.94408,1.94448,1.00,1.09
2015.06.29 12:15:00.411,1.94413,1.94454,1.00,1.00
2015.06.29 12:15:00.461,1.94418,1.94449,1.00,1.00
2015.06.29 12:15:00.562,1.94403,1.94449,1.00,1.00
2015.06.29 12:15:00.613,1.94405,1.94452,1.00,1.50
2015.06.29 12:15:01.109,1.94403,1.94442,1.00,1.00
2015.06.29 12:15:01.411,1.94413,1.9445,1.00,1.00
2015.06.29 12:15:01.462,1.94413,1.94452,1.00,1.00
2015.06.29 12:15:01.664,1.94418,1.94452,1.00,1.00
2015.06.29 12:15:03.123,1.94419,1.94452,1.00,1.00
2015.06.29 12:15:03.174,1.94418,1.94454,1.00,1.00
2015.06.29 12:15:03.326,1.94413,1.94454,1.00,1.00
2015.06.29 12:15:03.427,1.94418,1.94454,1.00,1.00
2015.06.29 12:15:03.730,1.94428,1.94464,1.00,1.00
2015.06.29 12:15:04.247,1.94423,1.94464,1.00,1.00
2015.06.29 12:15:04.301,1.94428,1.94464,1.00,1.00
2015.06.29 12:15:04.603,1.94422,1.94464,1.00,1.00
2015.06.29 12:15:04.654,1.94418,1.94464,1.00,1.50
2015.06.29 12:15:04.704,1.94418,1.94464,1.00,3.34
2015.06.29 12:15:04.856,1.94407,1.94454,1.00,1.00
2015.06.29 12:15:04.907,1.94407,1.94449,1.00,1.00
2015.06.29 12:15:04.957,1.94403,1.94449,1.00,1.50
2015.06.29 12:15:05.008,1.94403,1.94447,1.00,1.00
2015.06.29 12:15:05.547,1.94408,1.94452,1.00,1.00
2015.06.29 12:15:05.648,1.94403,1.9445,1.00,1.00
2015.06.29 12:15:06.052,1.94404,1.94446,1.00,1.00
2015.06.29 12:15:06.153,1.94401,1.94446,1.00,1.00
2015.06.29 12:15:06.849,1.94402,1.94446,1.00,1.00
2015.06.29 12:15:07.068,1.944,1.94446,1.00,1.00
2015.06.29 12:15:07.377,1.94403,1.94446,1.00,1.00
2015.06.29 12:15:07.593,1.94401,1.94446,1.00,1.50
2015.06.29 12:15:08.093,1.94399,1.94446,1.00,1.00
2015.06.29 12:15:08.144,1.94403,1.94446,1.00,1.00
2015.06.29 12:15:08.497,1.94399,1.94446,1.50,1.50
2015.06.29 12:15:08.707,1.94399,1.94444,1.50,1.00
2015.06.29 12:15:08.859,1.944,1.94446,1.00,1.00
2015.06.29 12:15:08.910,1.94408,1.94446,1.00,1.00
2015.06.29 12:15:09.472,1.94404,1.94446,1.00,1.00
2015.06.29 12:15:09.877,1.94401,1.94446,1.00,1.00
2015.06.29 12:15:10.808,1.94403,1.94446,1.00,1.00
2015.06.29 12:15:11.154,1.94407,1.94446,1.00,1.00
2015.06.29 12:15:11.711,1.94398,1.94445,1.50,1.00
2015.06.29 12:15:11.761,1.94398,1.94443,1.00,1.50
2015.06.29 12:15:12.275,1.94393,1.94435,1.00,1.00
2015.06.29 12:15:12.578,1.94398,1.94436,1.00,2.25
2015.06.29 12:15:12.679,1.94389,1.94435,1.00,1.00
2015.06.29 12:15:12.881,1.94389,1.94431,1.00,1.00
2015.06.29 12:15:13.629,1.94384,1.94429,1.00,1.00
2015.06.29 12:15:14.133,1.94381,1.94429,1.00,1.00
2015.06.29 12:15:14.235,1.94383,1.94429,1.00,1.00
2015.06.29 12:15:14.436,1.94381,1.94429,1.00,1.00
2015.06.29 12:15:14.959,1.94374,1.94424,1.50,1.50
2015.06.29 12:15:15.010,1.94374,1.94418,1.00,1.00
2015.06.29 12:15:15.112,1.94372,1.94418,1.50,1.00
2015.06.29 12:15:15.747,1.94369,1.94418,1.00,1.00
2015.06.29 12:15:15.857,1.94374,1.94418,1.00,1.00
2015.06.29 12:15:16.967,1.94373,1.94413,1.00,1.00
2015.06.29 12:15:17.069,1.94368,1.94413,1.00,1.00
2015.06.29 12:15:17.633,1.94369,1.94413,1.00,1.00
2015.06.29 12:15:17.885,1.94368,1.94407,1.00,1.00
2015.06.29 12:15:18.399,1.94384,1.94422,1.00,1.00
2015.06.29 12:15:18.501,1.94384,1.94424,1.00,1.50
2015.06.29 12:15:18.652,1.94383,1.94422,1.00,1.00
2015.06.29 12:15:19.067,1.94378,1.94418,1.00,1.00
2015.06.29 12:15:19.118,1.94378,1.94416,1.00,1.00
2015.06.29 12:15:19.629,1.94383,1.94416,1.00,1.00
2015.06.29 12:15:19.680,1.94383,1.9442,1.00,1.00
2015.06.29 12:15:19.832,1.94383,1.94424,1.00,1.00
2015.06.29 12:15:20.944,1.94388,1.94424,1.00,1.00
2015.06.29 12:15:22.679,1.94384,1.94424,1.00,1.00
2015.06.29 12:15:22.730,1.94384,1.9442,1.00,1.00
2015.06.29 12:15:23.337,1.94388,1.9442,1.00,1.00
2015.06.29 12:15:23.438,1.94388,1.94425,1.00,1.00
2015.06.29 12:15:23.489,1.94394,1.94425,1.00,1.00
2015.06.29 12:15:23.965,1.94398,1.94431,1.00,1.00
2015.06.29 12:15:24.156,1.94399,1.94434,1.00,1.00
2015.06.29 12:15:24.469,1.94398,1.94431,1.00,1.00
2015.06.29 12:15:24.570,1.94388,1.94431,1.00,1.00
2015.06.29 12:15:24.771,1.94383,1.94428,1.00,1.00
2015.06.29 12:15:24.872,1.94383,1.94426,1.00,1.00
2015.06.29 12:15:24.923,1.94375,1.94425,1.00,1.00
2015.06.29 12:15:25.028,1.94377,1.94425,1.00,1.00
2015.06.29 12:15:25.507,1.94375,1.94425,1.00,1.00
2015.06.29 12:15:25.557,1.94374,1.94423,1.00,1.00
2015.06.29 12:15:26.135,1.94374,1.94425,1.00,1.50
2015.06.29 12:15:26.342,1.94376,1.94425,1.00,1.50
2015.06.29 12:15:27.013,1.94374,1.9442,1.00,1.00
2015.06.29 12:15:27.343,1.94374,1.94422,1.00,1.00
2015.06.29 12:15:27.848,1.94373,1.94422,1.50,1.50
2015.06.29 12:15:28.392,1.94378,1.94417,1.00,1.00
2015.06.29 12:15:28.706,1.94377,1.94414,1.00,1.00
2015.06.29 12:15:28.858,1.94374,1.94414,1.00,1.00
2015.06.29 12:15:29.010,1.94374,1.94417,1.50,1.00
2015.06.29 12:15:29.060,1.94374,1.94414,1.50,1.00
2015.06.29 12:15:30.208,1.94378,1.94413,1.00,1.00
2015.06.29 12:15:30.537,1.94369,1.94402,1.00,1.00
2015.06.29 12:15:31.401,1.94358,1.94402,1.50,1.50
2015.06.29 12:15:31.452,1.94358,1.94395,1.00,1.00
2015.06.29 12:15:31.774,1.94374,1.944,1.00,1.00
2015.06.29 12:15:32.077,1.94378,1.94396,1.00,1.00
2015.06.29 12:15:32.137,1.94374,1.94396,1.00,1.00
2015.06.29 12:15:32.748,1.94383,1.94396,1.00,1.00
2015.06.29 12:15:32.799,1.94378,1.94396,1.00,1.00
2015.06.29 12:15:34.351,1.94367,1.94396,1.00,1.00
2015.06.29 12:15:34.404,1.94362,1.94396,1.00,1.00
2015.06.29 12:15:34.506,1.94362,1.94387,1.00,1.00
2015.06.29 12:15:34.808,1.94362,1.94381,1.00,1.00
2015.06.29 12:15:35.061,1.94362,1.94389,1.00,1.00
2015.06.29 12:15:35.575,1.94363,1.94389,1.00,1.00
2015.06.29 12:15:35.784,1.94366,1.94389,1.00,1.00
2015.06.29 12:15:35.835,1.94366,1.94395,1.00,1.00
2015.06.29 12:15:35.886,1.94374,1.94403,1.00,1.00
2015.06.29 12:15:36.037,1.94369,1.94399,1.00,1.00
2015.06.29 12:15:36.138,1.94374,1.94399,1.00,1.00
2015.06.29 12:15:36.340,1.94368,1.94399,1.00,1.00
2015.06.29 12:15:36.947,1.94359,1.94392,1.00,1.00
2015.06.29 12:15:37.098,1.94354,1.94392,1.00,1.00
2015.06.29 12:15:37.641,1.94359,1.94392,1.00,1.00
2015.06.29 12:15:38.469,1.94358,1.94392,1.00,1.00
2015.06.29 12:15:38.790,1.94358,1.94388,1.00,1.00
2015.06.29 12:15:38.846,1.9435,1.94388,1.50,1.00
2015.06.29 12:15:40.173,1.9435,1.94383,1.50,1.00
2015.06.29 12:15:40.225,1.94348,1.94383,1.00,1.00
2015.06.29 12:15:40.427,1.94339,1.94374,1.00,1.00
2015.06.29 12:15:40.729,1.94348,1.94371,1.00,1.00
2015.06.29 12:15:40.830,1.94343,1.94371,1.00,1.00
2015.06.29 12:15:41.832,1.94354,1.94371,1.00,1.00
2015.06.29 12:15:42.085,1.94354,1.94375,1.00,1.00
2015.06.29 12:15:42.286,1.94354,1.94387,1.00,1.00
2015.06.29 12:15:42.337,1.94354,1.94384,1.00,1.00
2015.06.29 12:15:43.837,1.94358,1.94384,1.00,1.00
2015.06.29 12:15:44.954,1.94347,1.94376,1.00,1.00
2015.06.29 12:15:45.267,1.94344,1.94376,1.00,1.00
2015.06.29 12:15:45.771,1.94345,1.94376,1.00,1.00
2015.06.29 12:15:46.463,1.94347,1.94376,1.00,1.00
2015.06.29 12:15:46.771,1.9435,1.94376,1.00,1.00
2015.06.29 12:15:48.141,1.94332,1.94365,1.00,1.00
2015.06.29 12:15:48.192,1.94332,1.94358,1.00,1.00
2015.06.29 12:15:48.243,1.9433,1.94358,1.00,1.00
2015.06.29 12:15:48.305,1.94331,1.94371,1.00,1.00
2015.06.29 12:15:48.355,1.94339,1.94371,1.00,1.00
2015.06.29 12:15:48.687,1.94333,1.9436,1.00,1.00
2015.06.29 12:15:49.075,1.94328,1.94355,1.00,1.00
2015.06.29 12:15:49.587,1.94333,1.94355,1.00,1.00
2015.06.29 12:15:50.854,1.94328,1.94355,1.00,1.00
2015.06.29 12:15:51.536,1.94323,1.94355,1.00,1.00
2015.06.29 12:15:51.867,1.94328,1.94355,1.00,1.00
2015.06.29 12:15:52.520,1.94333,1.94355,1.00,1.00
2015.06.29 12:15:53.405,1.94324,1.94355,1.00,1.00
2015.06.29 12:15:53.456,1.94324,1.94359,1.00,1.00
2015.06.29 12:15:53.573,1.94324,1.94365,1.00,1.00
2015.06.29 12:15:54.245,1.94326,1.94365,1.00,1.00
2015.06.29 12:15:54.837,1.94333,1.94365,1.50,1.00
2015.06.29 12:15:54.891,1.94333,1.94374,1.50,1.00
2015.06.29 12:15:55.042,1.94334,1.94368,1.00,1.00
2015.06.29 12:15:55.144,1.94328,1.94368,1.00,1.00
2015.06.29 12:15:55.602,1.94324,1.94368,1.00,1.00
2015.06.29 12:15:56.685,1.94318,1.94353,1.00,1.00
2015.06.29 12:15:56.741,1.94313,1.9435,1.00,1.00
2015.06.29 12:15:56.906,1.94308,1.9435,1.00,1.00
2015.06.29 12:15:57.440,1.94309,1.9435,1.00,1.00
2015.06.29 12:15:57.546,1.94312,1.9435,1.00,1.00
2015.06.29 12:15:58.148,1.94313,1.9435,1.00,1.00
2015.06.29 12:15:58.251,1.94311,1.9435,1.00,1.00
2015.06.29 12:15:58.995,1.94312,1.9435,1.00,1.00
2015.06.29 12:15:59.097,1.94314,1.9435,1.00,1.00
2015.06.29 12:15:59.819,1.9431,1.9435,1.00,1.00
2015.06.29 12:16:00.118,1.94308,1.9435,1.00,1.00
2015.06.29 12:16:00.219,1.94318,1.9435,1.00,1.00
2015.06.29 12:16:00.370,1.9432,1.9436,1.00,1.00
2015.06.29 12:16:00.421,1.94314,1.9436,1.00,1.00
2015.06.29 12:16:00.522,1.94309,1.9436,1.00,1.50
2015.06.29 12:16:00.674,1.94313,1.9436,1.00,1.00
2015.06.29 12:16:01.170,1.94312,1.94356,1.00,1.00
2015.06.29 12:16:01.475,1.94316,1.94356,1.00,1.00
2015.06.29 12:16:01.775,1.94313,1.94356,1.00,1.00
2015.06.29 12:16:01.877,1.9431,1.94356,1.00,1.00
2015.06.29 12:16:02.723,1.94309,1.94356,1.00,1.00
2015.06.29 12:16:02.775,1.94318,1.94356,1.00,1.00
2015.06.29 12:16:02.881,1.9432,1.9436,1.00,1.00
2015.06.29 12:16:03.032,1.94319,1.94364,1.00,1.00
2015.06.29 12:16:03.155,1.94322,1.94364,1.00,1.00
2015.06.29 12:16:04.588,1.94325,1.94369,1.00,1.50
2015.06.29 12:16:04.840,1.94327,1.94369,1.00,1.00
2015.06.29 12:16:05.042,1.94332,1.94375,1.00,1.00
2015.06.29 12:16:05.246,1.94334,1.94375,1.00,1.00
2015.06.29 12:16:05.846,1.94337,1.94382,1.00,1.50
2015.06.29 12:16:06.273,1.94329,1.94369,1.00,1.00
2015.06.29 12:16:06.393,1.94324,1.94369,1.00,1.00
2015.06.29 12:16:06.594,1.94319,1.94366,1.00,1.00
2015.06.29 12:16:07.305,1.94323,1.94367,1.00,1.00
2015.06.29 12:16:07.885,1.94324,1.94372,1.00,1.00
2015.06.29 12:16:07.995,1.94326,1.94373,1.00,1.00
2015.06.29 12:16:09.141,1.94329,1.94374,1.00,1.50
2015.06.29 12:16:09.477,1.94329,1.94372,1.00,1.00
2015.06.29 12:16:09.695,1.94325,1.94373,1.00,1.00
2015.06.29 12:16:09.897,1.94328,1.94374,1.00,1.00
2015.06.29 12:16:10.474,1.94333,1.94374,1.00,1.00
2015.06.29 12:16:10.686,1.94329,1.94374,1.50,1.00
2015.06.29 12:16:11.298,1.9433,1.94374,1.00,1.00
2015.06.29 12:16:11.407,1.94333,1.94374,1.00,1.00
2015.06.29 12:16:11.458,1.94333,1.94377,1.00,1.50
2015.06.29 12:16:11.973,1.94333,1.94379,1.50,1.00
2015.06.29 12:16:12.180,1.94331,1.94379,1.00,1.00
2015.06.29 12:16:12.436,1.94334,1.94379,1.00,1.00
2015.06.29 12:16:13.264,1.94331,1.94379,1.00,1.00
2015.06.29 12:16:13.416,1.94328,1.94376,1.00,1.00
2015.06.29 12:16:13.720,1.94333,1.94378,1.00,1.50
2015.06.29 12:16:14.075,1.94329,1.94376,1.00,1.00
2015.06.29 12:16:14.557,1.94328,1.94374,1.00,1.00
2015.06.29 12:16:14.882,1.94328,1.94369,1.00,1.00
2015.06.29 12:16:15.372,1.94323,1.94368,1.00,1.00
2015.06.29 12:16:15.959,1.94323,1.94366,1.00,1.00
2015.06.29 12:16:16.663,1.94322,1.94366,1.00,1.00
2015.06.29 12:16:16.916,1.94321,1.94368,1.00,1.00
2015.06.29 12:16:17.532,1.94321,1.94369,1.00,1.00
2015.06.29 12:16:17.932,1.94318,1.94366,1.50,1.00
2015.06.29 12:16:18.235,1.94321,1.94367,1.00,1.50
2015.06.29 12:16:19.115,1.94324,1.94367,1.00,1.00
2015.06.29 12:16:19.380,1.94326,1.94372,1.00,1.50
2015.06.29 12:16:19.481,1.9433,1.94375,1.00,1.00
2015.06.29 12:16:19.532,1.9433,1.94377,1.00,1.00
2015.06.29 12:16:19.582,1.94335,1.94379,1.00,1.50
2015.06.29 12:16:20.179,1.94335,1.9438,1.00,1.00
2015.06.29 12:16:20.895,1.94337,1.9438,1.00,1.00
2015.06.29 12:16:20.946,1.94337,1.94383,1.00,1.00
2015.06.29 12:16:22.062,1.94338,1.94383,1.00,1.00
2015.06.29 12:16:22.412,1.94339,1.9438,1.00,1.00
2015.06.29 12:16:22.664,1.94334,1.94381,1.50,1.00
2015.06.29 12:16:22.845,1.94334,1.94379,1.00,1.00
2015.06.29 12:16:23.321,1.94333,1.94376,1.00,1.00
2015.06.29 12:16:23.630,1.94338,1.94384,1.00,1.00
2015.06.29 12:16:23.682,1.94338,1.94382,1.00,1.00
2015.06.29 12:16:23.732,1.94336,1.94382,1.00,1.50
2015.06.29 12:16:24.612,1.94334,1.94379,1.00,1.00
2015.06.29 12:16:24.864,1.94331,1.9438,1.00,1.00
2015.06.29 12:16:25.416,1.94332,1.9438,1.00,1.00
2015.06.29 12:16:26.211,1.94334,1.9438,1.00,1.00
2015.06.29 12:16:26.262,1.94334,1.94382,1.50,1.50
2015.06.29 12:16:26.516,1.94333,1.94379,1.50,1.00
2015.06.29 12:16:26.919,1.9433,1.94376,1.00,1.00
2015.06.29 12:16:27.070,1.94328,1.94375,1.00,1.00
2015.06.29 12:16:27.663,1.94323,1.94369,2.25,1.00
2015.06.29 12:16:27.974,1.9432,1.94366,1.00,1.00
2015.06.29 12:16:28.279,1.94319,1.94358,1.00,1.50
2015.06.29 12:16:29.040,1.94333,1.94358,1.00,1.00
2015.06.29 12:16:29.091,1.94333,1.94368,1.00,1.00
2015.06.29 12:16:29.243,1.94338,1.94371,1.00,1.00
2015.06.29 12:16:29.293,1.94338,1.94378,1.00,1.50
2015.06.29 12:16:29.344,1.94353,1.94379,1.00,1.00
2015.06.29 12:16:29.592,1.94353,1.94381,1.00,1.00
2015.06.29 12:16:29.652,1.94349,1.94385,1.00,1.00
2015.06.29 12:16:30.213,1.94344,1.94381,1.00,1.00
2015.06.29 12:16:30.621,1.94343,1.94384,1.00,1.00
2015.06.29 12:16:31.574,1.94344,1.94384,1.00,1.00
2015.06.29 12:16:31.877,1.94339,1.94384,1.00,1.00
2015.06.29 12:16:32.230,1.94338,1.9438,1.00,1.00
2015.06.29 12:16:32.703,1.94331,1.94376,1.00,1.00
2015.06.29 12:16:32.754,1.94329,1.94376,2.25,1.00
2015.06.29 12:16:32.855,1.94331,1.94376,1.00,1.00
2015.06.29 12:16:33.325,1.94329,1.94375,1.00,1.00
2015.06.29 12:16:33.376,1.94328,1.94368,1.00,1.00
2015.06.29 12:16:33.555,1.94323,1.94368,1.00,1.00
2015.06.29 12:16:34.693,1.94331,1.94373,1.00,1.00
2015.06.29 12:16:35.011,1.94333,1.94373,1.00,1.00
2015.06.29 12:16:35.062,1.94331,1.94373,1.00,1.00
2015.06.29 12:16:35.213,1.94333,1.94373,1.00,1.00
2015.06.29 12:16:35.316,1.94329,1.94373,1.00,1.00
2015.06.29 12:16:35.418,1.94334,1.94373,1.00,1.00
2015.06.29 12:16:36.417,1.94329,1.94373,1.00,1.00
2015.06.29 12:16:36.468,1.94328,1.94369,1.00,1.00
2015.06.29 12:16:36.855,1.94325,1.94369,1.00,1.00
2015.06.29 12:16:37.404,1.94324,1.94363,1.00,1.00
2015.06.29 12:16:37.807,1.94328,1.94363,1.00,1.00
2015.06.29 12:16:37.958,1.94324,1.94363,1.00,1.00
2015.06.29 12:16:38.059,1.94328,1.94363,1.00,1.00
2015.06.29 12:16:38.939,1.94323,1.94363,1.00,1.00
2015.06.29 12:16:39.159,1.94318,1.94363,1.00,1.50
2015.06.29 12:16:39.209,1.94318,1.9436,1.00,1.00
2015.06.29 12:16:39.601,1.94314,1.9436,1.50,1.00
2015.06.29 12:16:40.394,1.94308,1.94353,1.50,1.00
2015.06.29 12:16:40.908,1.94307,1.9435,1.00,1.00
2015.06.29 12:16:40.959,1.94304,1.9435,1.00,1.50
2015.06.29 12:16:41.060,1.943,1.94347,2.25,1.00
2015.06.29 12:16:41.111,1.94303,1.94347,1.00,1.00
2015.06.29 12:16:41.823,1.943,1.94347,1.00,1.50
2015.06.29 12:16:42.119,1.94301,1.94342,1.00,1.00
2015.06.29 12:16:42.170,1.94298,1.94342,1.50,1.00
2015.06.29 12:16:42.324,1.94304,1.94342,1.00,1.00
2015.06.29 12:16:42.799,1.94298,1.94342,1.50,1.00
2015.06.29 12:16:43.293,1.94303,1.94339,1.00,1.00
2015.06.29 12:16:43.815,1.94304,1.94339,1.00,1.00
2015.06.29 12:16:44.720,1.94303,1.94339,1.00,1.00
2015.06.29 12:16:47.075,1.94298,1.94339,1.00,1.00
2015.06.29 12:16:47.390,1.94303,1.94339,1.00,1.00
2015.06.29 12:16:48.495,1.94309,1.94342,1.00,1.00
2015.06.29 12:16:48.848,1.94298,1.94342,1.00,1.00
2015.06.29 12:16:50.050,1.94304,1.94335,1.00,1.00
2015.06.29 12:16:50.599,1.94295,1.94335,1.50,1.00
2015.06.29 12:16:50.700,1.94292,1.94331,1.00,1.50
2015.06.29 12:16:51.003,1.94285,1.94322,1.50,1.00
2015.06.29 12:16:51.104,1.94287,1.94326,1.00,1.00
2015.06.29 12:16:51.632,1.94294,1.94326,1.00,1.00
2015.06.29 12:16:51.689,1.94294,1.9433,1.00,1.00
2015.06.29 12:16:51.886,1.94298,1.9433,1.00,1.00
2015.06.29 12:16:52.138,1.94294,1.9433,1.00,1.00
2015.06.29 12:16:52.341,1.94303,1.9433,1.00,1.00
2015.06.29 12:16:52.442,1.94303,1.94334,1.00,1.00
2015.06.29 12:16:52.493,1.94303,1.94337,1.00,1.00
2015.06.29 12:16:52.594,1.94309,1.9434,1.00,1.00
2015.06.29 12:16:53.535,1.94308,1.9434,1.00,1.00
2015.06.29 12:16:53.586,1.94308,1.94344,1.50,1.00
2015.06.29 12:16:53.687,1.94313,1.94344,1.00,1.00
2015.06.29 12:16:53.847,1.94313,1.94348,1.00,1.00
2015.06.29 12:16:55.034,1.94309,1.94348,1.50,1.00
2015.06.29 12:16:55.440,1.94309,1.94345,1.00,1.00
2015.06.29 12:16:55.775,1.94309,1.94342,1.00,1.00
2015.06.29 12:16:55.876,1.94309,1.94347,1.00,1.00
2015.06.29 12:16:56.439,1.943,1.94337,1.00,1.00
2015.06.29 12:16:56.556,1.94295,1.94334,1.00,1.00
2015.06.29 12:16:56.664,1.94295,1.94329,1.00,1.00
2015.06.29 12:16:56.918,1.94276,1.94314,1.00,1.00
2015.06.29 12:16:56.968,1.94278,1.94316,1.00,1.00
2015.06.29 12:16:57.777,1.94279,1.94316,1.00,1.00
2015.06.29 12:16:58.053,1.94276,1.94316,1.50,1.00
2015.06.29 12:16:59.626,1.94278,1.94316,1.00,1.00
2015.06.29 12:17:00.812,1.94279,1.94316,1.00,1.00
2015.06.29 12:17:01.344,1.94276,1.94316,1.50,1.00
2015.06.29 12:17:02.284,1.94276,1.94312,1.00,1.00
2015.06.29 12:17:02.792,1.94276,1.94313,1.00,1.00
2015.06.29 12:17:03.104,1.94276,1.9431,1.00,1.00
2015.06.29 12:17:03.917,1.94276,1.94311,1.00,1.00
2015.06.29 12:17:04.498,1.94276,1.94312,1.00,1.00
2015.06.29 12:17:05.087,1.94276,1.94313,1.00,1.00
2015.06.29 12:17:05.632,1.94276,1.94314,1.00,1.00
2015.06.29 12:17:05.683,1.94276,1.94316,1.00,1.50
2015.06.29 12:17:06.774,1.94276,1.94306,1.00,1.00
2015.06.29 12:17:06.825,1.94273,1.94306,1.50,1.00
2015.06.29 12:17:06.876,1.94269,1.94304,1.00,1.00
2015.06.29 12:17:06.977,1.94263,1.94298,1.00,1.00
2015.06.29 12:17:07.979,1.94263,1.94294,1.00,1.00
2015.06.29 12:17:08.393,1.94257,1.94294,1.00,1.00
2015.06.29 12:17:08.444,1.94248,1.94289,1.00,1.00
2015.06.29 12:17:08.495,1.94243,1.94289,1.50,1.00
2015.06.29 12:17:09.444,1.94248,1.94289,1.00,1.50
2015.06.29 12:17:09.495,1.94244,1.94289,1.00,1.50
2015.06.29 12:17:09.596,1.94248,1.94289,1.00,1.50
2015.06.29 12:17:09.704,1.94243,1.94289,1.50,1.50
2015.06.29 12:17:10.910,1.94244,1.94289,1.00,1.00
2015.06.29 12:17:11.134,1.94249,1.94289,1.00,1.00
2015.06.29 12:17:12.391,1.94243,1.94289,1.50,1.00
2015.06.29 12:17:12.443,1.94245,1.9429,1.00,1.00
2015.06.29 12:17:12.746,1.94251,1.94296,1.00,1.00
2015.06.29 12:17:13.088,1.94253,1.94296,1.00,1.00
2015.06.29 12:17:13.391,1.94249,1.9429,1.00,1.00
2015.06.29 12:17:14.444,1.94249,1.94286,1.00,1.00
2015.06.29 12:17:14.495,1.94243,1.94286,1.00,1.00
2015.06.29 12:17:14.546,1.9424,1.94286,1.00,1.00
2015.06.29 12:17:15.096,1.9424,1.94285,1.00,1.00
2015.06.29 12:17:15.535,1.94243,1.94285,1.00,1.00
2015.06.29 12:17:16.041,1.9424,1.94285,1.00,1.00
2015.06.29 12:17:16.551,1.94248,1.94284,1.00,1.00
2015.06.29 12:17:16.652,1.94248,1.94294,1.50,1.00
2015.06.29 12:17:16.703,1.94248,1.94297,1.50,2.25
2015.06.29 12:17:16.905,1.94253,1.94297,1.00,1.00
2015.06.29 12:17:17.599,1.94253,1.94295,1.00,1.00
2015.06.29 12:17:18.108,1.94253,1.94296,1.00,1.00
2015.06.29 12:17:18.459,1.94253,1.94293,1.00,1.00
2015.06.29 12:17:19.048,1.94258,1.94292,1.00,1.00
2015.06.29 12:17:19.568,1.94259,1.94291,1.00,1.00
2015.06.29 12:17:20.148,1.94259,1.9429,1.00,1.00
2015.06.29 12:17:20.745,1.94258,1.94283,1.00,1.00
2015.06.29 12:17:20.796,1.94238,1.94283,1.00,1.00
2015.06.29 12:17:21.154,1.94238,1.94281,1.00,1.00
2015.06.29 12:17:21.205,1.94235,1.94281,1.00,1.00
2015.06.29 12:17:21.584,1.94233,1.94278,1.00,1.00
2015.06.29 12:17:22.226,1.94234,1.9428,1.00,1.00
2015.06.29 12:17:22.277,1.94239,1.94288,1.00,1.00
2015.06.29 12:17:22.328,1.94243,1.94288,1.00,1.50
2015.06.29 12:17:22.875,1.94244,1.94288,1.00,1.00
2015.06.29 12:17:23.597,1.94243,1.94288,1.00,1.00
2015.06.29 12:17:23.649,1.94238,1.94285,1.00,1.00
2015.06.29 12:17:23.801,1.94238,1.94283,1.00,1.00
2015.06.29 12:17:24.153,1.94238,1.94281,1.00,1.00
2015.06.29 12:17:24.897,1.94239,1.94279,1.00,1.00
2015.06.29 12:17:24.948,1.94233,1.94277,1.00,1.00
2015.06.29 12:17:25.138,1.94229,1.94275,1.00,1.00
2015.06.29 12:17:25.471,1.94234,1.94276,1.00,1.00
2015.06.29 12:17:25.672,1.94234,1.94281,1.00,1.50
2015.06.29 12:17:25.774,1.94237,1.94281,1.00,1.00
2015.06.29 12:17:26.929,1.94234,1.94281,2.25,1.00
2015.06.29 12:17:26.979,1.94238,1.94284,1.00,1.00
2015.06.29 12:17:27.296,1.94238,1.94281,1.00,1.00
2015.06.29 12:17:27.599,1.94243,1.94282,1.00,1.50
2015.06.29 12:17:27.649,1.94238,1.94281,1.00,1.00
2015.06.29 12:17:28.206,1.94238,1.94282,1.00,1.00
2015.06.29 12:17:28.257,1.94243,1.94282,1.00,1.00
2015.06.29 12:17:28.802,1.94244,1.94281,1.00,1.00
2015.06.29 12:17:29.703,1.94243,1.94282,1.00,1.00
2015.06.29 12:17:30.211,1.94243,1.94283,1.00,1.50
2015.06.29 12:17:30.615,1.94243,1.94271,1.00,1.00
2015.06.29 12:17:31.289,1.94223,1.94267,1.00,1.00
2015.06.29 12:17:31.391,1.94228,1.94267,1.00,1.00
2015.06.29 12:17:31.980,1.94228,1.94268,1.00,1.50
2015.06.29 12:17:32.082,1.94217,1.94268,1.00,1.50
2015.06.29 12:17:32.183,1.94216,1.94261,1.00,1.00
2015.06.29 12:17:32.234,1.94213,1.94261,1.50,1.00
2015.06.29 12:17:32.386,1.94218,1.94261,1.00,1.00
2015.06.29 12:17:32.886,1.94223,1.94264,1.00,2.25
2015.06.29 12:17:34.501,1.94223,1.94267,1.00,1.00
2015.06.29 12:17:34.707,1.94223,1.94264,1.00,1.00
2015.06.29 12:17:35.012,1.94228,1.94265,1.00,1.00
2015.06.29 12:17:35.265,1.94233,1.94271,1.00,1.00
2015.06.29 12:17:35.366,1.94248,1.9428,1.00,1.00
2015.06.29 12:17:35.948,1.94238,1.94287,1.50,1.34
2015.06.29 12:17:35.999,1.9424,1.94287,1.00,1.00
2015.06.29 12:17:36.301,1.94239,1.94284,1.00,1.00
2015.06.29 12:17:37.091,1.94238,1.94283,1.00,1.00
2015.06.29 12:17:37.797,1.94238,1.94284,1.00,1.00
2015.06.29 12:17:37.972,1.94234,1.94284,1.50,1.00
2015.06.29 12:17:39.316,1.94235,1.94285,1.00,1.00
2015.06.29 12:17:39.646,1.94235,1.94283,1.00,1.00
2015.06.29 12:17:40.590,1.94247,1.94287,1.00,1.00
2015.06.29 12:17:40.641,1.94247,1.94293,1.00,1.00
2015.06.29 12:17:40.995,1.94244,1.94293,1.00,1.00
2015.06.29 12:17:41.896,1.94245,1.94293,1.00,1.00
2015.06.29 12:17:42.301,1.94248,1.94293,1.00,1.00
2015.06.29 12:17:43.584,1.94246,1.94293,1.00,1.00
2015.06.29 12:17:43.795,1.94244,1.9429,1.00,1.00
2015.06.29 12:17:44.572,1.94249,1.94285,1.00,1.00
2015.06.29 12:17:44.622,1.94248,1.94288,1.00,1.00
2015.06.29 12:17:44.875,1.94248,1.9429,1.00,1.00
2015.06.29 12:17:45.407,1.94249,1.9429,1.00,1.00
2015.06.29 12:17:46.008,1.94248,1.94289,1.00,1.00
2015.06.29 12:17:46.233,1.94243,1.94288,1.00,1.00
2015.06.29 12:17:46.364,1.9424,1.94288,1.00,1.00
2015.06.29 12:17:46.743,1.94243,1.9429,1.00,1.00
2015.06.29 12:17:47.469,1.94239,1.94281,1.00,1.00
2015.06.29 12:17:47.576,1.94237,1.9428,1.00,1.00
2015.06.29 12:17:47.677,1.94237,1.94284,1.50,1.00
2015.06.29 12:17:47.728,1.94239,1.94287,1.00,1.00
2015.06.29 12:17:47.779,1.94239,1.94291,1.00,1.09
2015.06.29 12:17:47.830,1.94239,1.94288,1.00,1.00
2015.06.29 12:17:48.590,1.94249,1.94284,1.00,1.00
2015.06.29 12:17:48.641,1.94243,1.94287,1.00,1.00
2015.06.29 12:17:48.823,1.94243,1.94285,1.00,1.00
2015.06.29 12:17:48.873,1.94238,1.94285,1.00,1.00
2015.06.29 12:17:49.319,1.94236,1.94284,1.00,1.00
2015.06.29 12:17:49.420,1.94234,1.94283,1.00,1.00
2015.06.29 12:17:49.883,1.94239,1.94282,1.00,1.00
2015.06.29 12:17:50.082,1.94233,1.94282,1.00,1.00
2015.06.29 12:17:50.513,1.94239,1.94282,1.00,1.00
2015.06.29 12:17:51.818,1.94253,1.94286,1.00,1.00
2015.06.29 12:17:51.869,1.94249,1.94294,1.00,1.00
2015.06.29 12:17:51.920,1.94249,1.94286,1.00,1.00
2015.06.29 12:17:51.971,1.94243,1.94286,1.00,1.00
2015.06.29 12:17:52.291,1.94248,1.94286,1.00,1.50
2015.06.29 12:17:52.997,1.94248,1.94283,1.00,1.00
2015.06.29 12:17:53.047,1.94244,1.94283,1.00,1.00
2015.06.29 12:17:53.195,1.94248,1.94283,1.00,1.00
2015.06.29 12:17:53.352,1.94248,1.94285,1.00,1.00
2015.06.29 12:17:53.604,1.94253,1.94286,1.00,1.50
2015.06.29 12:17:54.817,1.94254,1.9429,1.00,1.00
2015.06.29 12:17:54.918,1.94249,1.9429,1.00,1.50
2015.06.29 12:17:55.070,1.94253,1.9429,1.00,1.50
2015.06.29 12:17:55.949,1.94248,1.9429,1.00,1.00
2015.06.29 12:17:57.249,1.94243,1.9429,1.00,1.50
2015.06.29 12:17:57.300,1.94243,1.94286,1.00,1.50
2015.06.29 12:17:57.602,1.94239,1.94281,1.00,1.00
2015.06.29 12:17:57.905,1.94239,1.94276,1.00,1.00
2015.06.29 12:17:58.691,1.94233,1.94276,1.00,1.00
2015.06.29 12:17:58.892,1.94239,1.94276,1.00,1.00
2015.06.29 12:17:59.302,1.94233,1.94275,1.00,1.00
2015.06.29 12:17:59.353,1.94234,1.94271,1.00,1.00
2015.06.29 12:17:59.454,1.94234,1.94274,1.00,1.00
2015.06.29 12:17:59.555,1.94228,1.94274,1.50,1.00
2015.06.29 12:17:59.806,1.94228,1.9427,1.00,1.00
2015.06.29 12:18:00.343,1.94226,1.9427,1.00,1.00
2015.06.29 12:18:00.394,1.94224,1.94267,1.00,1.50
2015.06.29 12:18:00.747,1.94224,1.94264,1.00,1.00
2015.06.29 12:18:01.049,1.94229,1.94262,1.00,1.00
2015.06.29 12:18:01.639,1.94238,1.9427,1.00,1.00
2015.06.29 12:18:01.963,1.94243,1.9427,1.00,1.00
2015.06.29 12:18:02.114,1.94244,1.94274,1.00,1.00
2015.06.29 12:18:02.989,1.94238,1.94274,1.00,1.00
2015.06.29 12:18:03.583,1.94238,1.94277,1.00,1.00
2015.06.29 12:18:03.634,1.94244,1.94277,1.00,1.00
2015.06.29 12:18:05.250,1.94244,1.94283,1.00,1.00
2015.06.29 12:18:05.301,1.94249,1.94283,1.00,1.00
2015.06.29 12:18:05.453,1.94249,1.94287,1.00,1.00
2015.06.29 12:18:05.813,1.94243,1.94287,1.00,1.00
2015.06.29 12:18:05.915,1.94239,1.94284,1.00,1.00
2015.06.29 12:18:06.411,1.94239,1.94278,1.00,1.00
2015.06.29 12:18:06.466,1.94236,1.94277,1.00,1.00
2015.06.29 12:18:06.517,1.94234,1.94272,1.00,1.00
2015.06.29 12:18:06.618,1.94222,1.94266,1.00,1.00
2015.06.29 12:18:06.671,1.94222,1.94263,1.00,1.00
2015.06.29 12:18:06.822,1.94214,1.94258,1.50,1.00
2015.06.29 12:18:07.343,1.94214,1.94257,1.50,1.00
2015.06.29 12:18:07.880,1.94214,1.94258,1.00,1.00
2015.06.29 12:18:08.513,1.94216,1.9426,1.00,1.00
2015.06.29 12:18:09.523,1.94216,1.94258,1.00,1.00
2015.06.29 12:18:09.625,1.94216,1.9426,1.00,1.00
2015.06.29 12:18:09.675,1.94218,1.9426,1.00,1.00
2015.06.29 12:18:09.952,1.94218,1.94263,1.00,1.00
2015.06.29 12:18:10.103,1.94229,1.94264,1.00,1.00
2015.06.29 12:18:10.255,1.94233,1.94272,1.00,1.50
2015.06.29 12:18:10.356,1.94233,1.94277,1.00,1.50
2015.06.29 12:18:10.929,1.94234,1.94277,1.00,1.50
2015.06.29 12:18:11.182,1.94235,1.94281,1.50,1.00
2015.06.29 12:18:11.333,1.94239,1.94282,1.00,1.00
2015.06.29 12:18:11.384,1.94239,1.94284,1.00,1.00
2015.06.29 12:18:11.731,1.94242,1.94288,1.00,1.00
2015.06.29 12:18:12.133,1.94243,1.94286,1.00,1.00
2015.06.29 12:18:12.889,1.94249,1.94286,1.00,1.00
2015.06.29 12:18:13.653,1.94248,1.94286,1.00,1.00
2015.06.29 12:18:14.797,1.94248,1.94289,1.00,1.50
2015.06.29 12:18:15.015,1.94248,1.94286,1.00,1.00
2015.06.29 12:18:15.997,1.94248,1.94284,1.00,1.00
2015.06.29 12:18:16.331,1.94248,1.94287,1.00,1.00
2015.06.29 12:18:16.382,1.94253,1.94287,1.00,1.00
2015.06.29 12:18:16.483,1.94254,1.94296,1.00,1.00
2015.06.29 12:18:16.737,1.94259,1.94296,1.00,1.00
2015.06.29 12:18:17.904,1.94254,1.94298,1.00,1.50
2015.06.29 12:18:18.211,1.94254,1.94292,1.00,1.00
2015.06.29 12:18:18.387,1.94254,1.94294,1.00,1.00
2015.06.29 12:18:18.438,1.94254,1.94291,1.00,1.00
2015.06.29 12:18:18.490,1.94248,1.94291,1.00,1.00
2015.06.29 12:18:19.148,1.94249,1.94287,1.00,1.00
2015.06.29 12:18:19.350,1.94238,1.94278,1.00,1.00
2015.06.29 12:18:19.451,1.94238,1.94274,1.00,1.00
2015.06.29 12:18:19.655,1.94238,1.94276,1.00,1.50
2015.06.29 12:18:20.447,1.94238,1.94273,1.00,1.50
2015.06.29 12:18:20.498,1.94234,1.94273,1.50,1.50
2015.06.29 12:18:20.799,1.94238,1.94273,1.00,1.50
2015.06.29 12:18:21.720,1.94239,1.94273,1.00,1.00
2015.06.29 12:18:22.319,1.94238,1.94273,1.00,1.00
2015.06.29 12:18:23.075,1.94238,1.94268,1.00,1.00
2015.06.29 12:18:23.227,1.9422,1.94254,1.00,1.00
2015.06.29 12:18:23.485,1.9422,1.94251,1.00,1.00
2015.06.29 12:18:23.986,1.9422,1.9425,1.00,1.00
2015.06.29 12:18:24.639,1.9422,1.94249,1.00,1.00
2015.06.29 12:18:26.675,1.9422,1.94245,1.00,1.00
2015.06.29 12:18:26.776,1.94217,1.94245,1.00,1.00
2015.06.29 12:18:26.877,1.94212,1.94245,1.00,1.00
2015.06.29 12:18:26.978,1.94212,1.94247,1.00,1.00
2015.06.29 12:18:27.580,1.94212,1.94251,1.00,1.00
2015.06.29 12:18:29.234,1.94212,1.94249,1.00,1.00
2015.06.29 12:18:29.987,1.94212,1.94252,1.00,1.50
2015.06.29 12:18:31.348,1.94212,1.9425,1.00,1.00
2015.06.29 12:18:31.612,1.94213,1.94252,1.00,1.00
2015.06.29 12:18:32.596,1.94213,1.94251,1.00,1.00
2015.06.29 12:18:32.823,1.94214,1.94248,1.00,1.00
2015.06.29 12:18:32.874,1.94212,1.94248,1.00,1.00
2015.06.29 12:18:33.078,1.94212,1.94252,1.00,1.50
2015.06.29 12:18:33.849,1.94212,1.94251,1.00,1.00
2015.06.29 12:18:34.411,1.94212,1.9425,1.00,1.00
2015.06.29 12:18:35.188,1.94212,1.94249,1.00,1.00
2015.06.29 12:18:35.289,1.94212,1.94246,1.00,1.00
2015.06.29 12:18:35.817,1.94213,1.94246,1.00,1.00
2015.06.29 12:18:36.577,1.94213,1.94245,1.00,1.00
2015.06.29 12:18:36.922,1.94213,1.94243,1.00,1.00
2015.06.29 12:18:37.124,1.94213,1.94245,1.00,1.00
2015.06.29 12:18:37.382,1.94219,1.94245,1.00,1.00
2015.06.29 12:18:37.911,1.94218,1.94246,1.00,1.00
2015.06.29 12:18:38.379,1.94213,1.94246,1.00,1.00
2015.06.29 12:18:38.808,1.94213,1.94244,1.00,1.00
2015.06.29 12:18:39.593,1.94209,1.94245,1.00,1.00
2015.06.29 12:18:39.982,1.94209,1.94242,1.00,1.00
2015.06.29 12:18:40.435,1.94209,1.94238,1.00,1.00
2015.06.29 12:18:40.485,1.94204,1.94238,1.00,1.00
2015.06.29 12:18:40.536,1.94204,1.94241,1.00,1.00
2015.06.29 12:18:41.074,1.94208,1.9424,1.00,1.00
2015.06.29 12:18:41.125,1.94204,1.9424,1.50,1.00
2015.06.29 12:18:41.227,1.94209,1.94243,1.00,1.00
2015.06.29 12:18:42.232,1.94208,1.94243,1.00,1.00
2015.06.29 12:18:42.283,1.94204,1.94243,1.00,1.00
2015.06.29 12:18:45.093,1.94208,1.94243,1.00,1.00
2015.06.29 12:18:45.194,1.94204,1.94243,1.00,1.00
2015.06.29 12:18:47.536,1.94208,1.94243,1.00,1.00
2015.06.29 12:18:48.592,1.94204,1.94243,1.00,1.00
2015.06.29 12:18:49.828,1.94208,1.94243,1.00,1.00
2015.06.29 12:18:50.343,1.94208,1.94247,1.00,1.00
2015.06.29 12:18:52.342,1.94209,1.94247,1.00,1.00
2015.06.29 12:18:53.795,1.94208,1.94247,1.00,1.00
2015.06.29 12:18:57.697,1.94209,1.94247,1.00,1.00
2015.06.29 12:18:58.095,1.94213,1.94247,1.00,1.00
2015.06.29 12:18:59.477,1.94208,1.94247,1.00,1.00
2015.06.29 12:19:01.067,1.94213,1.94247,1.00,1.00
2015.06.29 12:19:01.170,1.94207,1.94247,1.00,1.00
2015.06.29 12:19:01.681,1.94208,1.94247,1.00,1.00
2015.06.29 12:19:01.934,1.94211,1.94247,1.00,1.00
2015.06.29 12:19:02.474,1.94208,1.94247,1.50,1.00
2015.06.29 12:19:02.530,1.94218,1.94247,1.00,1.00
2015.06.29 12:19:02.581,1.94213,1.94247,1.00,1.00
2015.06.29 12:19:03.938,1.94219,1.94247,1.00,1.00
2015.06.29 12:19:04.345,1.94223,1.9425,1.00,1.00
2015.06.29 12:19:04.806,1.94224,1.94253,1.00,1.00
2015.06.29 12:19:05.878,1.94223,1.94253,1.00,1.00
2015.06.29 12:19:06.301,1.94218,1.94253,1.00,1.00
2015.06.29 12:19:06.412,1.94224,1.94253,1.00,1.00
2015.06.29 12:19:06.916,1.94223,1.94253,1.00,1.00
2015.06.29 12:19:07.067,1.94223,1.94256,1.00,1.00
2015.06.29 12:19:08.423,1.94223,1.94259,1.00,1.00
2015.06.29 12:19:08.781,1.94226,1.94265,1.00,1.00
2015.06.29 12:19:09.056,1.94226,1.9426,1.00,1.00
2015.06.29 12:19:10.372,1.94226,1.94265,1.00,1.00
2015.06.29 12:19:10.423,1.94228,1.94265,1.00,1.00
2015.06.29 12:19:10.931,1.94229,1.94265,1.00,1.00
2015.06.29 12:19:11.874,1.94244,1.94265,1.00,1.00
2015.06.29 12:19:12.412,1.94243,1.94271,1.00,1.00
2015.06.29 12:19:12.621,1.94238,1.94271,1.00,1.00
2015.06.29 12:19:13.819,1.94238,1.94274,1.00,1.00
2015.06.29 12:19:14.922,1.94235,1.94274,1.00,1.00
2015.06.29 12:19:15.574,1.94244,1.94274,1.00,1.00
2015.06.29 12:19:16.076,1.94243,1.94274,1.00,1.00
2015.06.29 12:19:16.398,1.94248,1.94278,1.00,1.00
2015.06.29 12:19:16.862,1.94243,1.94278,1.00,1.00
2015.06.29 12:19:17.499,1.94259,1.94278,1.00,1.00
2015.06.29 12:19:18.029,1.94258,1.94278,1.00,1.00
2015.06.29 12:19:18.541,1.94259,1.94278,1.00,1.00
2015.06.29 12:19:19.198,1.94248,1.94278,1.00,1.00
2015.06.29 12:19:19.300,1.94253,1.94278,1.00,1.00
2015.06.29 12:19:19.858,1.94248,1.94278,1.00,1.00
2015.06.29 12:19:20.304,1.94253,1.94278,1.00,1.00
2015.06.29 12:19:21.385,1.94248,1.94278,1.00,1.00
2015.06.29 12:19:22.698,1.94253,1.94278,1.00,1.00
2015.06.29 12:19:23.586,1.94248,1.94278,1.00,1.00
2015.06.29 12:19:25.106,1.94245,1.94285,1.00,1.00
2015.06.29 12:19:25.370,1.94248,1.94285,1.00,1.00
2015.06.29 12:19:26.498,1.94245,1.94282,1.00,1.00
2015.06.29 12:19:26.806,1.94243,1.9428,1.00,1.00
2015.06.29 12:19:27.310,1.94242,1.9428,1.00,1.00
2015.06.29 12:19:29.166,1.94242,1.94281,1.00,1.50
2015.06.29 12:19:29.913,1.94242,1.94277,1.00,1.00
2015.06.29 12:19:30.070,1.94242,1.9428,1.00,1.00
2015.06.29 12:19:30.470,1.94242,1.94282,1.00,1.50
2015.06.29 12:19:31.296,1.94243,1.94282,1.00,1.00
2015.06.29 12:19:32.180,1.94244,1.94282,1.00,1.00
2015.06.29 12:19:32.971,1.94248,1.94282,1.00,1.00
2015.06.29 12:19:34.716,1.94243,1.94282,1.00,1.00
2015.06.29 12:19:35.138,1.94248,1.94282,1.00,1.00
2015.06.29 12:19:35.241,1.94243,1.94282,1.00,1.00
2015.06.29 12:19:35.342,1.94249,1.94282,1.00,1.00
2015.06.29 12:19:36.073,1.94254,1.94289,1.00,1.00
2015.06.29 12:19:36.448,1.94253,1.94286,1.00,1.00
2015.06.29 12:19:36.600,1.94253,1.94288,1.00,1.00
2015.06.29 12:19:36.920,1.94258,1.94288,1.00,1.00
2015.06.29 12:19:37.999,1.94264,1.94288,1.00,1.00
2015.06.29 12:19:38.157,1.94263,1.94292,1.00,1.00
2015.06.29 12:19:38.459,1.94258,1.94292,1.00,1.00
2015.06.29 12:19:40.080,1.94263,1.94292,1.00,1.00
2015.06.29 12:19:41.326,1.94258,1.94292,1.00,1.00
2015.06.29 12:19:42.572,1.94259,1.94292,1.00,1.00
2015.06.29 12:19:46.160,1.94258,1.94292,1.00,1.00
2015.06.29 12:19:46.539,1.9426,1.94292,1.00,1.00
2015.06.29 12:19:47.141,1.94259,1.94292,1.00,1.00
2015.06.29 12:19:47.399,1.94259,1.94294,1.00,1.00
2015.06.29 12:19:48.429,1.94263,1.94294,1.00,1.00
2015.06.29 12:19:48.587,1.94259,1.94294,1.00,1.00
2015.06.29 12:19:49.858,1.94261,1.94294,1.00,1.00
2015.06.29 12:19:50.172,1.94263,1.94294,1.00,1.00
2015.06.29 12:19:51.571,1.94268,1.94302,1.00,1.00
2015.06.29 12:19:51.621,1.94274,1.94305,1.00,1.00
2015.06.29 12:19:52.075,1.94268,1.94305,1.00,1.00
2015.06.29 12:19:52.126,1.94268,1.94305,1.00,1.34
2015.06.29 12:19:52.176,1.94266,1.94305,1.00,1.84
2015.06.29 12:19:52.277,1.94264,1.94301,1.00,1.34
2015.06.29 12:19:52.975,1.94263,1.943,1.00,1.34
2015.06.29 12:19:53.826,1.94264,1.94302,1.00,1.34
2015.06.29 12:19:54.442,1.94258,1.94287,1.00,1.34
2015.06.29 12:19:54.493,1.94252,1.94287,1.00,1.34
2015.06.29 12:19:54.544,1.94248,1.94287,1.50,1.84
2015.06.29 12:19:54.595,1.94253,1.94287,1.00,1.84
2015.06.29 12:19:54.648,1.94253,1.94287,1.00,1.50
2015.06.29 12:19:54.750,1.94253,1.9429,1.50,1.00
2015.06.29 12:19:56.361,1.94254,1.9429,1.00,1.00
2015.06.29 12:19:56.937,1.94253,1.9429,1.50,1.00
2015.06.29 12:19:57.667,1.94253,1.9429,1.50,1.34
2015.06.29 12:19:57.920,1.94248,1.94287,1.00,1.00
2015.06.29 12:19:58.536,1.94248,1.94286,1.00,1.00
2015.06.29 12:19:58.777,1.94245,1.94285,1.00,1.00
2015.06.29 12:19:58.928,1.94248,1.94285,1.00,1.00
2015.06.29 12:19:59.413,1.94258,1.94286,1.00,1.00
2015.06.29 12:19:59.463,1.94258,1.94291,1.00,1.00
2015.06.29 12:19:59.766,1.94263,1.94297,1.00,1.00
2015.06.29 12:19:59.867,1.94263,1.94302,2.25,1.00
2015.06.29 12:19:59.918,1.94273,1.94302,1.00,1.00
2015.06.29 12:19:59.968,1.94273,1.94305,1.00,1.00
2015.06.29 12:20:00.019,1.94273,1.9431,1.00,1.00
2015.06.29 12:20:00.120,1.94279,1.9431,1.00,1.00
2015.06.29 12:20:00.780,1.94278,1.9431,1.00,1.00
2015.06.29 12:20:00.831,1.94275,1.94313,1.00,1.00
2015.06.29 12:20:01.186,1.94273,1.94316,1.00,1.00
2015.06.29 12:20:01.237,1.94271,1.94316,1.00,1.00
2015.06.29 12:20:01.338,1.94289,1.94316,1.00,1.00
2015.06.29 12:20:01.931,1.94293,1.94323,1.00,1.00
2015.06.29 12:20:01.982,1.94293,1.94335,1.00,1.00
2015.06.29 12:20:02.310,1.94288,1.94335,1.50,1.00
2015.06.29 12:20:02.414,1.94286,1.94335,1.00,1.00
2015.06.29 12:20:02.616,1.94284,1.94329,1.00,1.00
2015.06.29 12:20:03.916,1.94281,1.94315,1.00,1.00
2015.06.29 12:20:03.967,1.94269,1.94315,1.00,1.00
2015.06.29 12:20:04.471,1.94272,1.9432,1.00,1.00
2015.06.29 12:20:04.522,1.94272,1.94323,1.00,1.00
2015.06.29 12:20:05.158,1.94278,1.94326,1.00,1.00
2015.06.29 12:20:05.475,1.94284,1.94327,1.00,1.00
2015.06.29 12:20:06.223,1.94283,1.94326,1.00,1.00
2015.06.29 12:20:06.530,1.94273,1.94317,1.00,1.34
2015.06.29 12:20:06.581,1.94273,1.94317,1.00,1.00
2015.06.29 12:20:06.632,1.94268,1.94317,1.00,1.00
2015.06.29 12:20:06.683,1.94268,1.94314,1.00,1.00
2015.06.29 12:20:06.986,1.94268,1.94312,1.00,1.00
2015.06.29 12:20:07.615,1.94268,1.94311,1.00,1.00
2015.06.29 12:20:07.918,1.94266,1.94311,1.00,1.00
2015.06.29 12:20:08.019,1.94268,1.94315,1.00,1.00
2015.06.29 12:20:08.069,1.94268,1.94314,1.00,1.34
2015.06.29 12:20:08.758,1.9426,1.94308,1.00,1.00
2015.06.29 12:20:08.813,1.94248,1.94297,1.50,1.00
2015.06.29 12:20:08.864,1.94248,1.94294,1.00,1.00
2015.06.29 12:20:09.413,1.94248,1.94298,1.00,1.00
2015.06.29 12:20:09.564,1.94253,1.94301,1.50,1.00
2015.06.29 12:20:10.081,1.94254,1.94301,1.00,1.00
2015.06.29 12:20:10.333,1.94253,1.94303,1.50,1.00
2015.06.29 12:20:10.450,1.94253,1.943,1.00,1.00
2015.06.29 12:20:10.984,1.94253,1.94301,1.50,1.00
2015.06.29 12:20:11.633,1.94254,1.94301,1.00,1.50
2015.06.29 12:20:12.405,1.94254,1.94299,1.00,1.00
2015.06.29 12:20:13.256,1.94254,1.94296,1.00,1.00
2015.06.29 12:20:13.307,1.94246,1.94292,1.00,1.00
2015.06.29 12:20:14.057,1.94246,1.94286,1.00,1.00
2015.06.29 12:20:14.108,1.94241,1.94286,1.00,1.00
2015.06.29 12:20:14.661,1.94241,1.94288,1.00,1.00
2015.06.29 12:20:14.892,1.94241,1.94285,1.00,1.00
2015.06.29 12:20:15.144,1.94231,1.94276,1.00,1.00
2015.06.29 12:20:15.946,1.94231,1.94275,1.00,1.00
2015.06.29 12:20:18.171,1.94239,1.94275,1.00,1.00
2015.06.29 12:20:18.222,1.94241,1.94285,1.00,1.00
2015.06.29 12:20:18.323,1.94241,1.94283,1.00,1.00
2015.06.29 12:20:18.626,1.94238,1.94274,1.00,1.00
2015.06.29 12:20:18.727,1.94235,1.94275,1.00,1.00
2015.06.29 12:20:19.308,1.94235,1.94267,1.00,1.00
2015.06.29 12:20:19.361,1.9422,1.94257,1.00,1.00
2015.06.29 12:20:19.462,1.94217,1.94246,1.00,1.00
2015.06.29 12:20:19.512,1.94213,1.94246,1.00,1.00
2015.06.29 12:20:19.563,1.94213,1.94244,1.00,1.00
2015.06.29 12:20:19.714,1.9421,1.94244,1.00,1.00
2015.06.29 12:20:19.866,1.9421,1.94246,1.00,1.00
2015.06.29 12:20:19.917,1.94207,1.94246,1.00,1.50
2015.06.29 12:20:20.219,1.94204,1.9424,1.00,1.00
2015.06.29 12:20:20.781,1.942,1.94238,1.00,1.00
2015.06.29 12:20:21.321,1.942,1.94239,1.00,1.00
2015.06.29 12:20:22.705,1.94199,1.94236,1.00,1.00
2015.06.29 12:20:23.233,1.94198,1.94236,1.00,1.00
2015.06.29 12:20:24.125,1.94197,1.94236,1.00,1.00
2015.06.29 12:20:24.528,1.942,1.94239,1.00,1.00
2015.06.29 12:20:25.533,1.942,1.94237,1.00,1.00
2015.06.29 12:20:25.634,1.942,1.94239,1.00,1.00
2015.06.29 12:20:26.044,1.942,1.94236,1.00,1.00
2015.06.29 12:20:26.713,1.94197,1.94234,1.00,1.50
2015.06.29 12:20:26.864,1.94197,1.94226,1.00,1.00
2015.06.29 12:20:27.015,1.94192,1.94222,1.00,1.00
2015.06.29 12:20:27.167,1.94192,1.94226,1.00,1.00
2015.06.29 12:20:27.851,1.94192,1.94227,1.00,1.00
2015.06.29 12:20:28.142,1.94192,1.94231,1.00,1.00
2015.06.29 12:20:29.831,1.94191,1.94227,1.00,1.50
2015.06.29 12:20:30.094,1.94191,1.94231,1.00,1.00
2015.06.29 12:20:30.448,1.94191,1.9422,1.00,1.00
2015.06.29 12:20:30.919,1.94184,1.9421,1.00,1.00
2015.06.29 12:20:30.972,1.9418,1.9421,1.00,1.00
2015.06.29 12:20:31.502,1.9418,1.94211,1.00,1.00
2015.06.29 12:20:32.482,1.94177,1.9421,1.00,1.00
2015.06.29 12:20:33.015,1.94177,1.94209,1.00,1.00
2015.06.29 12:20:33.329,1.94177,1.94211,1.00,1.00
2015.06.29 12:20:33.879,1.94171,1.94202,1.00,1.00
2015.06.29 12:20:34.040,1.94168,1.94201,1.00,1.00
2015.06.29 12:20:34.192,1.94168,1.94199,1.00,1.00
2015.06.29 12:20:34.444,1.94164,1.94199,1.00,1.00
2015.06.29 12:20:34.743,1.94164,1.94197,1.00,1.00
2015.06.29 12:20:35.312,1.94164,1.94196,1.00,1.00
2015.06.29 12:20:35.941,1.94164,1.94198,1.00,1.00
2015.06.29 12:20:36.295,1.94164,1.942,1.00,1.00
2015.06.29 12:20:37.302,1.94164,1.942,1.00,1.34
2015.06.29 12:20:37.403,1.94153,1.94187,1.00,1.00
2015.06.29 12:20:37.454,1.94146,1.94187,1.00,1.00
2015.06.29 12:20:37.505,1.94144,1.94181,1.00,1.00
2015.06.29 12:20:37.807,1.94141,1.94176,1.00,1.00
2015.06.29 12:20:37.858,1.94135,1.94176,1.00,1.00
2015.06.29 12:20:37.909,1.94135,1.94173,1.00,1.00
2015.06.29 12:20:38.382,1.94135,1.94171,1.00,1.00
2015.06.29 12:20:38.432,1.9413,1.94171,1.00,1.00
2015.06.29 12:20:39.291,1.94128,1.94171,1.00,1.00
2015.06.29 12:20:39.791,1.94126,1.94171,1.00,1.00
2015.06.29 12:20:39.842,1.94128,1.94173,1.00,1.00
2015.06.29 12:20:40.044,1.94126,1.94174,1.00,1.00
2015.06.29 12:20:40.145,1.94129,1.94174,1.00,1.00
2015.06.29 12:20:40.347,1.9413,1.94177,1.00,1.00
2015.06.29 12:20:41.239,1.94131,1.94177,1.00,1.00
2015.06.29 12:20:41.901,1.94131,1.9418,1.00,1.00
2015.06.29 12:20:43.715,1.94131,1.94178,1.00,1.00
2015.06.29 12:20:44.215,1.94131,1.94176,1.00,1.00
2015.06.29 12:20:44.720,1.94132,1.94176,1.00,1.00
2015.06.29 12:20:45.339,1.94133,1.9418,1.00,1.00
2015.06.29 12:20:45.398,1.94133,1.94183,2.25,1.00
2015.06.29 12:20:45.920,1.94134,1.94182,1.50,1.00
2015.06.29 12:20:45.971,1.94139,1.94182,1.00,1.00
2015.06.29 12:20:46.173,1.94145,1.94196,1.00,1.50
2015.06.29 12:20:46.223,1.94148,1.94196,1.00,1.50
2015.06.29 12:20:46.851,1.94148,1.94197,1.50,1.00
2015.06.29 12:20:47.481,1.94149,1.94196,1.00,1.00
2015.06.29 12:20:48.428,1.94148,1.94197,2.25,1.00
2015.06.29 12:20:48.937,1.94154,1.94197,1.00,1.00
2015.06.29 12:20:49.191,1.9415,1.94197,1.00,1.00
2015.06.29 12:20:49.462,1.9415,1.942,1.00,1.00
2015.06.29 12:20:51.006,1.94151,1.94198,1.00,1.00
2015.06.29 12:20:51.672,1.94151,1.94199,1.00,1.00
2015.06.29 12:20:52.661,1.9415,1.94199,1.00,1.00
2015.06.29 12:20:53.405,1.94144,1.94185,1.00,1.00
2015.06.29 12:20:53.556,1.94138,1.94185,3.75,1.00
2015.06.29 12:20:54.065,1.94138,1.94184,3.75,1.00
2015.06.29 12:20:54.116,1.94144,1.94184,1.00,1.00
2015.06.29 12:20:54.929,1.94143,1.94184,1.00,1.00
2015.06.29 12:20:55.322,1.94144,1.94189,1.00,1.00
2015.06.29 12:20:55.528,1.94144,1.94191,1.00,1.00
2015.06.29 12:20:55.579,1.94148,1.94191,1.00,1.00
2015.06.29 12:20:55.629,1.94148,1.94196,1.00,1.00
2015.06.29 12:20:55.730,1.94149,1.94199,1.00,1.00
2015.06.29 12:20:55.781,1.94151,1.94199,1.00,1.00
2015.06.29 12:20:57.019,1.94153,1.942,1.00,1.00
2015.06.29 12:20:57.536,1.94153,1.94201,1.00,1.00
2015.06.29 12:20:57.851,1.94158,1.94201,1.00,1.00
2015.06.29 12:20:57.952,1.94159,1.94204,1.00,1.00
2015.06.29 12:20:58.556,1.94163,1.94212,1.00,1.09
2015.06.29 12:20:58.708,1.94163,1.9421,1.50,1.00
2015.06.29 12:20:59.351,1.94163,1.94208,1.00,1.00
2015.06.29 12:21:00.051,1.94158,1.94198,1.00,1.00
2015.06.29 12:21:00.158,1.94153,1.94197,1.00,1.00
2015.06.29 12:21:00.671,1.94153,1.94195,1.00,1.00
2015.06.29 12:21:01.431,1.94153,1.94196,1.00,1.00
2015.06.29 12:21:02.003,1.94154,1.94196,1.00,1.00
2015.06.29 12:21:02.794,1.94154,1.94197,1.00,1.00
2015.06.29 12:21:03.097,1.94158,1.94195,1.00,1.00
2015.06.29 12:21:03.148,1.94153,1.94195,1.00,1.00
2015.06.29 12:21:03.439,1.94153,1.94187,1.00,1.00
2015.06.29 12:21:03.590,1.94143,1.9418,1.00,1.00
2015.06.29 12:21:03.691,1.94143,1.94177,1.00,1.00
2015.06.29 12:21:04.253,1.94129,1.94172,1.00,1.00
2015.06.29 12:21:04.304,1.94129,1.94174,1.00,1.00
2015.06.29 12:21:05.016,1.94134,1.94174,1.00,1.00
2015.06.29 12:21:05.795,1.94129,1.94156,1.00,1.00
2015.06.29 12:21:05.846,1.94123,1.94154,1.00,1.00
2015.06.29 12:21:05.997,1.94129,1.94168,1.00,1.00
2015.06.29 12:21:06.098,1.94133,1.94172,1.00,1.00
2015.06.29 12:21:06.199,1.94133,1.94176,1.00,1.00
2015.06.29 12:21:06.250,1.94138,1.94176,1.00,1.00
2015.06.29 12:21:06.300,1.94138,1.94178,1.00,1.00
2015.06.29 12:21:06.877,1.94139,1.94182,1.00,1.00
2015.06.29 12:21:06.928,1.94133,1.94182,1.00,1.00
2015.06.29 12:21:06.978,1.94133,1.9418,1.00,1.00
2015.06.29 12:21:07.281,1.94134,1.94178,1.00,1.00
2015.06.29 12:21:07.593,1.94131,1.94174,1.00,1.00
2015.06.29 12:21:08.182,1.94131,1.94173,1.00,1.00
2015.06.29 12:21:08.524,1.94133,1.94175,1.00,1.00
2015.06.29 12:21:08.625,1.94133,1.94178,1.00,1.00
2015.06.29 12:21:08.779,1.94138,1.94178,1.00,1.00
2015.06.29 12:21:10.117,1.94138,1.94174,1.00,1.00
2015.06.29 12:21:10.278,1.94138,1.94176,1.00,1.00
2015.06.29 12:21:10.487,1.94139,1.94178,1.00,1.00
2015.06.29 12:21:10.639,1.94144,1.94178,1.00,1.00
2015.06.29 12:21:11.456,1.94139,1.94176,1.00,1.00
2015.06.29 12:21:11.608,1.94133,1.94176,1.50,1.00
2015.06.29 12:21:11.860,1.94138,1.94176,1.00,1.00
2015.06.29 12:21:12.665,1.94138,1.94177,1.00,1.00
2015.06.29 12:21:12.978,1.94138,1.94175,1.00,1.00
2015.06.29 12:21:14.890,1.94139,1.94175,1.00,1.00
2015.06.29 12:21:15.251,1.94144,1.94176,1.00,1.00
2015.06.29 12:21:15.812,1.94143,1.94176,1.00,1.00
2015.06.29 12:21:15.966,1.94143,1.94182,1.00,1.00
2015.06.29 12:21:16.219,1.94148,1.94181,1.00,1.00
2015.06.29 12:21:16.371,1.94143,1.94181,1.00,1.00
2015.06.29 12:21:17.119,1.94143,1.94179,1.00,1.00
2015.06.29 12:21:17.359,1.94138,1.9418,1.00,1.00
2015.06.29 12:21:17.425,1.94139,1.94183,1.00,1.00
2015.06.29 12:21:17.526,1.94142,1.94184,1.00,1.00
2015.06.29 12:21:17.860,1.94147,1.94192,1.00,1.50
2015.06.29 12:21:17.911,1.94149,1.94192,1.00,1.00
2015.06.29 12:21:17.961,1.94149,1.94195,1.00,1.00
2015.06.29 12:21:18.012,1.94153,1.94195,1.00,1.00
2015.06.29 12:21:18.502,1.94147,1.94195,1.00,1.00
2015.06.29 12:21:18.553,1.94147,1.94191,1.00,1.00
2015.06.29 12:21:19.070,1.94143,1.94191,1.50,1.00
2015.06.29 12:21:19.172,1.94143,1.94188,1.00,1.00
2015.06.29 12:21:19.692,1.94143,1.94186,1.50,1.00
2015.06.29 12:21:19.743,1.94143,1.94188,1.50,1.00
2015.06.29 12:21:19.907,1.94138,1.94188,1.00,1.00
2015.06.29 12:21:20.365,1.94141,1.94187,1.00,1.00
2015.06.29 12:21:20.617,1.94141,1.94189,1.00,1.00
2015.06.29 12:21:21.508,1.94144,1.94189,1.00,1.00
2015.06.29 12:21:21.609,1.94144,1.94192,1.00,1.00
2015.06.29 12:21:21.911,1.94144,1.9419,1.00,1.00
2015.06.29 12:21:23.180,1.94154,1.94193,1.00,1.00
2015.06.29 12:21:23.506,1.94158,1.94193,1.00,1.00
2015.06.29 12:21:23.607,1.94153,1.9419,1.00,1.00
2015.06.29 12:21:24.491,1.94153,1.94183,1.00,1.00
2015.06.29 12:21:24.543,1.94139,1.94183,1.00,1.00
2015.06.29 12:21:24.996,1.94138,1.94185,1.00,1.00
2015.06.29 12:21:25.097,1.94138,1.94188,1.50,1.00
2015.06.29 12:21:25.148,1.94142,1.94188,1.00,1.00
2015.06.29 12:21:25.958,1.94141,1.94188,1.00,1.00
2015.06.29 12:21:26.263,1.94143,1.94189,1.00,1.00
2015.06.29 12:21:27.945,1.94143,1.94191,1.00,1.00
2015.06.29 12:21:28.962,1.94143,1.9419,1.00,1.00
2015.06.29 12:21:30.622,1.94143,1.94192,1.00,1.00
2015.06.29 12:21:30.722,1.94141,1.94187,1.50,1.00
2015.06.29 12:21:31.232,1.94141,1.94185,1.00,1.00
2015.06.29 12:21:31.712,1.94141,1.9419,1.00,1.00
2015.06.29 12:21:31.762,1.94143,1.9419,1.00,1.00
2015.06.29 12:21:31.914,1.94145,1.94193,1.00,1.00
2015.06.29 12:21:34.509,1.94141,1.94189,1.00,1.00
2015.06.29 12:21:35.070,1.94141,1.94188,1.00,1.00
2015.06.29 12:21:37.779,1.94141,1.94187,1.00,1.00
2015.06.29 12:21:37.981,1.94137,1.94185,1.00,1.00
2015.06.29 12:21:39.090,1.94138,1.94185,1.00,1.00
2015.06.29 12:21:39.191,1.94138,1.94183,1.00,1.00
2015.06.29 12:21:39.394,1.94131,1.94177,1.00,1.00
2015.06.29 12:21:39.911,1.94134,1.94178,1.00,1.00
2015.06.29 12:21:40.074,1.94134,1.9418,1.00,1.00
2015.06.29 12:21:40.743,1.94133,1.9418,1.00,1.00
2015.06.29 12:21:41.309,1.94133,1.94182,1.50,1.50
2015.06.29 12:21:41.848,1.94134,1.94181,1.00,1.50
2015.06.29 12:21:42.307,1.94131,1.94177,1.00,1.00
2015.06.29 12:21:42.903,1.94133,1.94179,1.00,1.00
2015.06.29 12:21:43.488,1.94133,1.94178,1.00,1.00
2015.06.29 12:21:43.769,1.94129,1.94175,1.00,1.00
2015.06.29 12:21:44.657,1.94131,1.94176,1.00,1.00
2015.06.29 12:21:45.029,1.94131,1.94179,1.00,1.00
2015.06.29 12:21:45.263,1.94129,1.94179,1.00,1.00
2015.06.29 12:21:46.088,1.9413,1.94181,1.00,2.25
2015.06.29 12:21:47.682,1.94134,1.94181,1.00,2.25
2015.06.29 12:21:48.784,1.94134,1.9418,1.00,1.00
2015.06.29 12:21:49.859,1.94133,1.9418,1.50,1.00
2015.06.29 12:21:50.887,1.94133,1.94177,1.00,1.00
2015.06.29 12:21:51.344,1.94133,1.9418,1.50,1.00
2015.06.29 12:21:51.996,1.94133,1.94181,1.00,1.00
2015.06.29 12:21:55.307,1.94133,1.94182,1.00,1.50
2015.06.29 12:21:55.509,1.94138,1.94184,1.00,1.50
2015.06.29 12:21:55.610,1.94133,1.94182,1.50,1.00
2015.06.29 12:21:56.178,1.94139,1.94183,1.00,1.00
2015.06.29 12:21:56.230,1.94144,1.9419,1.00,1.00
2015.06.29 12:21:56.738,1.94143,1.9419,2.25,1.00
2015.06.29 12:21:57.266,1.94144,1.9419,1.00,1.00
2015.06.29 12:21:57.418,1.94147,1.94191,1.00,1.00
2015.06.29 12:21:57.975,1.9415,1.94191,1.00,1.00
2015.06.29 12:21:58.025,1.9415,1.94197,1.50,1.50
2015.06.29 12:21:58.680,1.94155,1.942,1.00,1.00
2015.06.29 12:21:58.731,1.94155,1.94202,1.50,1.00
2015.06.29 12:21:58.782,1.94158,1.94202,1.00,1.00
2015.06.29 12:21:59.397,1.94161,1.94205,1.50,1.00
2015.06.29 12:21:59.707,1.94164,1.94207,1.00,1.00
2015.06.29 12:22:00.131,1.94167,1.94207,1.00,1.00
2015.06.29 12:22:01.670,1.94168,1.94207,1.00,1.00
2015.06.29 12:22:01.973,1.94167,1.94201,1.00,1.00
2015.06.29 12:22:02.643,1.94159,1.94198,1.00,1.00
2015.06.29 12:22:03.783,1.94159,1.94194,1.00,1.00
2015.06.29 12:22:03.834,1.94159,1.94196,1.00,1.00
2015.06.29 12:22:04.086,1.94159,1.94198,1.00,1.00
2015.06.29 12:22:04.259,1.94161,1.94198,1.00,1.00
2015.06.29 12:22:04.898,1.94165,1.94201,1.00,1.00
2015.06.29 12:22:05.209,1.94165,1.94205,2.25,1.00
2015.06.29 12:22:07.463,1.94165,1.94202,1.00,1.00
2015.06.29 12:22:07.971,1.94161,1.94192,1.00,1.00
2015.06.29 12:22:08.675,1.94161,1.94195,1.00,1.00
2015.06.29 12:22:09.914,1.94161,1.94194,1.00,1.00
2015.06.29 12:22:10.829,1.94161,1.94196,1.00,1.50
2015.06.29 12:22:11.090,1.94161,1.942,1.00,1.00
2015.06.29 12:22:12.330,1.94161,1.94199,1.00,1.00
2015.06.29 12:22:12.632,1.94161,1.94197,1.00,1.00
2015.06.29 12:22:12.734,1.94158,1.94198,1.00,1.50
2015.06.29 12:22:14.581,1.94156,1.9419,1.00,1.00
2015.06.29 12:22:14.950,1.94156,1.94187,1.00,1.00
2015.06.29 12:22:16.384,1.94156,1.94194,1.00,1.00
2015.06.29 12:22:16.636,1.94156,1.94191,1.00,1.00
2015.06.29 12:22:17.175,1.94156,1.94189,1.00,1.00
2015.06.29 12:22:17.277,1.94156,1.94191,1.00,1.50
2015.06.29 12:22:19.363,1.94156,1.9419,1.00,1.00
2015.06.29 12:22:20.604,1.94156,1.94191,1.00,1.00
2015.06.29 12:22:20.806,1.94156,1.94194,1.00,1.50
2015.06.29 12:22:25.041,1.94159,1.94194,1.00,1.00
2015.06.29 12:22:25.098,1.94164,1.94201,1.00,1.00
2015.06.29 12:22:25.429,1.94162,1.94201,1.00,1.00
2015.06.29 12:22:27.249,1.94163,1.94201,1.00,1.00
2015.06.29 12:22:27.951,1.94164,1.94201,1.00,1.00
2015.06.29 12:22:28.506,1.94162,1.94201,1.50,1.00
2015.06.29 12:22:28.610,1.94165,1.94201,1.00,1.00
2015.06.29 12:22:28.905,1.94162,1.94201,1.50,1.00
2015.06.29 12:22:29.009,1.94166,1.94201,1.00,1.00
2015.06.29 12:22:29.802,1.94165,1.94201,1.00,1.00
2015.06.29 12:22:31.435,1.94166,1.94201,1.00,1.00
2015.06.29 12:22:31.822,1.94168,1.94201,1.00,1.00
2015.06.29 12:22:31.978,1.94166,1.94201,1.00,1.00
2015.06.29 12:22:32.426,1.94168,1.94201,1.00,1.00
2015.06.29 12:22:33.242,1.94162,1.94201,1.50,1.00
2015.06.29 12:22:40.202,1.94162,1.94192,1.00,1.00
2015.06.29 12:22:40.253,1.94158,1.94191,1.00,1.00
2015.06.29 12:22:40.606,1.94158,1.94196,1.00,1.00
2015.06.29 12:22:41.539,1.94158,1.94197,1.00,1.00
2015.06.29 12:22:41.811,1.94163,1.94198,1.00,1.00
2015.06.29 12:22:42.063,1.94169,1.94206,1.00,1.00
2015.06.29 12:22:42.340,1.94174,1.94206,1.00,1.00
2015.06.29 12:22:42.391,1.94174,1.94209,1.00,1.00
2015.06.29 12:22:42.959,1.94171,1.94209,1.00,1.00
2015.06.29 12:22:43.124,1.94171,1.94207,1.00,1.00
2015.06.29 12:22:44.542,1.94171,1.94201,1.00,1.00
2015.06.29 12:22:46.202,1.94163,1.94192,1.00,1.00
2015.06.29 12:22:47.288,1.94163,1.94202,1.00,2.25
2015.06.29 12:22:48.740,1.94163,1.94201,1.00,1.00
2015.06.29 12:22:49.622,1.94163,1.94202,1.00,1.00
2015.06.29 12:22:49.723,1.94165,1.94202,1.00,1.00
2015.06.29 12:22:49.824,1.94167,1.94205,1.00,1.00
2015.06.29 12:22:50.363,1.94168,1.94205,1.00,1.00
2015.06.29 12:22:51.157,1.9417,1.94205,1.00,1.00
2015.06.29 12:22:51.575,1.94168,1.94205,2.25,1.00
2015.06.29 12:22:52.014,1.9417,1.94205,1.00,1.00
2015.06.29 12:22:53.362,1.94169,1.94205,1.00,1.00
2015.06.29 12:22:54.426,1.9417,1.94205,1.00,1.00
2015.06.29 12:22:55.627,1.94171,1.94205,1.00,1.00
2015.06.29 12:22:55.678,1.94171,1.9421,1.50,1.00
2015.06.29 12:22:57.219,1.94175,1.94213,1.50,1.00
2015.06.29 12:22:57.536,1.94177,1.94213,1.00,1.00
2015.06.29 12:22:57.607,1.94175,1.94213,1.50,1.00
2015.06.29 12:22:59.809,1.94175,1.94212,1.00,1.00
2015.06.29 12:23:00.328,1.94175,1.94213,1.00,1.00
2015.06.29 12:23:01.770,1.94175,1.94212,1.00,1.00
2015.06.29 12:23:02.319,1.94175,1.94211,1.00,1.00
2015.06.29 12:23:02.370,1.94175,1.94213,1.00,1.00
2015.06.29 12:23:02.471,1.94175,1.94211,1.00,1.00
2015.06.29 12:23:03.025,1.94175,1.94213,1.00,1.00
2015.06.29 12:23:07.537,1.94178,1.94213,1.00,1.00
2015.06.29 12:23:08.939,1.94178,1.94217,1.00,1.00
2015.06.29 12:23:09.193,1.94184,1.94217,1.00,1.00
2015.06.29 12:23:09.844,1.94179,1.94217,1.00,1.00
2015.06.29 12:23:10.621,1.94177,1.94217,1.00,1.00
2015.06.29 12:23:12.837,1.94178,1.94217,1.00,1.00
2015.06.29 12:23:13.348,1.94185,1.94224,1.50,1.50
2015.06.29 12:23:13.449,1.94192,1.94232,1.00,1.00
2015.06.29 12:23:13.710,1.94198,1.94232,1.00,1.00
2015.06.29 12:23:13.811,1.94192,1.94232,1.00,1.00
2015.06.29 12:23:15.377,1.94193,1.94232,1.00,1.00
2015.06.29 12:23:15.818,1.94198,1.94232,1.00,1.00
2015.06.29 12:23:16.509,1.94194,1.94232,1.50,1.00
2015.06.29 12:23:17.424,1.94196,1.94232,1.00,1.00
2015.06.29 12:23:18.594,1.94201,1.94239,1.00,1.00
2015.06.29 12:23:20.639,1.94201,1.94236,1.00,1.00
2015.06.29 12:23:20.689,1.94196,1.94235,1.00,1.00
2015.06.29 12:23:20.992,1.94196,1.94232,1.00,1.00
2015.06.29 12:23:21.295,1.94193,1.94221,1.00,1.00
2015.06.29 12:23:21.588,1.9419,1.94221,1.00,1.00
2015.06.29 12:23:22.089,1.9419,1.94227,1.00,1.00
2015.06.29 12:23:23.843,1.9419,1.94228,1.00,1.00
2015.06.29 12:23:25.819,1.9419,1.94229,1.00,1.50
2015.06.29 12:23:27.102,1.9419,1.94228,1.00,1.00
2015.06.29 12:23:27.649,1.9419,1.94227,1.00,1.00
2015.06.29 12:23:28.649,1.9419,1.94226,1.00,1.00
2015.06.29 12:23:28.854,1.94187,1.94225,1.00,1.00
2015.06.29 12:23:28.905,1.94187,1.94222,1.00,1.00
2015.06.29 12:23:28.956,1.94184,1.94222,1.00,1.50
2015.06.29 12:23:29.107,1.94184,1.94217,1.00,1.00
2015.06.29 12:23:30.025,1.94184,1.94222,1.00,1.00
2015.06.29 12:23:41.007,1.94185,1.94222,1.00,1.00
2015.06.29 12:23:41.509,1.94184,1.94222,1.00,1.00
2015.06.29 12:23:42.653,1.94185,1.94222,1.00,1.00
2015.06.29 12:23:42.754,1.94187,1.94226,1.00,1.00
2015.06.29 12:23:46.584,1.94189,1.94226,1.00,1.00
2015.06.29 12:23:46.896,1.94193,1.9423,1.00,1.00
2015.06.29 12:23:48.917,1.94195,1.9423,1.00,1.00
2015.06.29 12:23:49.018,1.94193,1.9423,1.00,1.00
2015.06.29 12:23:49.692,1.94193,1.94229,1.00,1.00
2015.06.29 12:23:50.280,1.94193,1.9423,1.00,1.00
2015.06.29 12:23:56.403,1.94193,1.94227,1.00,1.00
2015.06.29 12:23:57.625,1.94193,1.9423,1.00,1.50
2015.06.29 12:24:02.289,1.94196,1.94233,1.00,1.00
2015.06.29 12:24:05.528,1.94196,1.94232,1.00,1.00
2015.06.29 12:24:06.129,1.94196,1.94231,1.00,1.00
2015.06.29 12:24:06.180,1.94196,1.94233,1.00,1.00
2015.06.29 12:24:08.271,1.94196,1.94231,1.00,1.00
2015.06.29 12:24:10.336,1.94196,1.94233,1.00,1.00
2015.06.29 12:24:11.035,1.94196,1.94231,1.00,1.50
2015.06.29 12:24:11.489,1.94196,1.94233,1.00,1.00
2015.06.29 12:24:11.539,1.94196,1.94231,1.00,1.00
2015.06.29 12:24:12.874,1.94196,1.94233,1.00,1.00
2015.06.29 12:24:15.035,1.94197,1.94233,1.00,1.00
2015.06.29 12:24:15.086,1.94197,1.94227,1.12,1.00
2015.06.29 12:24:15.804,1.94192,1.94222,1.50,1.00
2015.06.29 12:24:15.911,1.94189,1.94222,1.00,1.00
2015.06.29 12:24:16.446,1.94189,1.94221,1.00,1.00
2015.06.29 12:24:17.111,1.94189,1.94227,1.00,1.50
2015.06.29 12:24:17.307,1.94189,1.94222,1.00,1.00
2015.06.29 12:24:17.410,1.94189,1.94227,1.00,1.50
2015.06.29 12:24:17.814,1.94189,1.94224,1.00,1.00
2015.06.29 12:24:18.118,1.94189,1.9422,1.00,1.00
2015.06.29 12:24:18.662,1.94189,1.94219,1.00,1.00
2015.06.29 12:24:18.915,1.94189,1.94226,1.00,1.00
2015.06.29 12:24:19.476,1.94189,1.94221,1.00,1.00
2015.06.29 12:24:20.203,1.94185,1.94215,1.00,1.00
2015.06.29 12:24:20.258,1.94185,1.94217,1.00,1.00
2015.06.29 12:24:20.360,1.94185,1.94215,1.00,1.00
2015.06.29 12:24:20.410,1.94182,1.94215,1.00,1.00
2015.06.29 12:24:20.562,1.94182,1.94217,1.00,1.00
2015.06.29 12:24:20.814,1.94182,1.94219,1.00,1.00
2015.06.29 12:24:21.550,1.94182,1.9422,1.00,1.00
2015.06.29 12:24:21.601,1.94182,1.94216,1.00,1.00
2015.06.29 12:24:22.162,1.94182,1.94217,1.00,1.00
2015.06.29 12:24:25.149,1.94182,1.94219,1.00,1.00
2015.06.29 12:24:25.301,1.94182,1.94217,1.00,1.00
2015.06.29 12:24:25.604,1.94182,1.94214,1.00,1.00
2015.06.29 12:24:25.655,1.94182,1.94217,1.00,1.00
2015.06.29 12:24:27.296,1.94182,1.94216,1.00,1.00
2015.06.29 12:24:27.608,1.94182,1.94219,1.00,1.00
2015.06.29 12:24:27.861,1.94182,1.94217,1.00,1.00
2015.06.29 12:24:28.610,1.94188,1.94227,1.00,1.00
2015.06.29 12:24:29.014,1.94192,1.9423,1.00,1.00
2015.06.29 12:24:32.466,1.94196,1.94233,1.00,1.00
2015.06.29 12:24:33.343,1.94196,1.94222,1.00,1.00
2015.06.29 12:24:33.393,1.94192,1.94222,1.00,1.00
2015.06.29 12:24:33.444,1.94192,1.94215,1.00,1.00
2015.06.29 12:24:33.495,1.94183,1.94215,1.00,1.00
2015.06.29 12:24:33.596,1.94179,1.94214,1.00,1.00
2015.06.29 12:24:33.647,1.94179,1.94219,1.00,1.00
2015.06.29 12:24:33.702,1.94179,1.94219,1.37,1.00
2015.06.29 12:24:33.753,1.94183,1.94222,1.12,1.50
2015.06.29 12:24:34.730,1.94187,1.94224,1.00,1.00
2015.06.29 12:24:35.136,1.94193,1.94229,1.00,1.00
2015.06.29 12:24:35.187,1.94193,1.94232,1.00,1.00
2015.06.29 12:24:38.342,1.94188,1.94223,1.00,1.00
2015.06.29 12:24:38.392,1.94184,1.94223,1.00,1.00
2015.06.29 12:24:38.544,1.94184,1.94221,1.00,1.00
2015.06.29 12:24:38.828,1.94184,1.94224,1.00,1.50
2015.06.29 12:24:41.053,1.94189,1.94224,1.00,1.00
2015.06.29 12:24:41.204,1.94189,1.94226,1.00,1.00
2015.06.29 12:24:41.406,1.94198,1.9423,1.00,1.00
2015.06.29 12:24:41.457,1.94198,1.94233,1.00,1.00
2015.06.29 12:24:41.558,1.94201,1.94237,1.34,1.00
2015.06.29 12:24:42.243,1.94201,1.94232,1.00,1.00
2015.06.29 12:24:42.294,1.94201,1.9424,1.00,1.00
2015.06.29 12:24:42.615,1.94201,1.94237,1.00,1.00
2015.06.29 12:24:43.620,1.94201,1.94236,1.00,1.00
2015.06.29 12:24:44.133,1.94201,1.94237,1.00,1.00
2015.06.29 12:24:45.785,1.94201,1.94232,1.00,1.00
2015.06.29 12:24:45.887,1.94201,1.9424,1.00,1.50
2015.06.29 12:24:46.109,1.94201,1.94237,1.00,1.00
2015.06.29 12:24:46.707,1.94199,1.94232,1.00,1.00
2015.06.29 12:24:48.663,1.94199,1.94226,1.00,1.00
2015.06.29 12:24:48.865,1.94199,1.94231,1.00,1.00
2015.06.29 12:24:49.452,1.94195,1.94231,1.00,1.50
2015.06.29 12:24:52.493,1.94195,1.94234,1.00,1.00
2015.06.29 12:24:52.846,1.94195,1.94227,1.00,1.00
2015.06.29 12:24:52.947,1.94195,1.94231,1.00,1.00
2015.06.29 12:24:53.126,1.94195,1.94226,1.00,1.00
2015.06.29 12:24:53.654,1.94195,1.94232,1.00,1.50
2015.06.29 12:24:53.828,1.94195,1.94234,1.00,1.00
2015.06.29 12:24:56.203,1.94195,1.94233,1.00,1.00
2015.06.29 12:24:57.006,1.94195,1.9423,1.00,1.00
2015.06.29 12:24:57.925,1.94195,1.94234,1.00,1.00
2015.06.29 12:24:59.879,1.94193,1.9423,1.00,1.00
2015.06.29 12:25:00.992,1.94193,1.94229,1.00,1.00
2015.06.29 12:25:01.042,1.94188,1.94228,1.00,1.00
2015.06.29 12:25:01.148,1.94186,1.94221,1.00,1.00
2015.06.29 12:25:01.249,1.94182,1.94221,1.00,2.25
2015.06.29 12:25:01.300,1.94182,1.94219,1.00,1.00
2015.06.29 12:25:01.351,1.94178,1.94216,1.00,1.00
2015.06.29 12:25:02.031,1.94188,1.9422,1.00,1.00
2015.06.29 12:25:02.082,1.94188,1.94227,1.00,1.00
2015.06.29 12:25:02.588,1.94188,1.94226,1.00,1.00
2015.06.29 12:25:02.851,1.94188,1.94221,1.00,1.00
2015.06.29 12:25:03.458,1.94185,1.94221,1.00,1.00
2015.06.29 12:25:03.994,1.94185,1.94222,1.00,1.50
2015.06.29 12:25:05.331,1.94185,1.94223,1.00,1.00
2015.06.29 12:25:05.793,1.94185,1.94218,1.00,1.00
2015.06.29 12:25:06.443,1.94181,1.94217,1.00,1.00
2015.06.29 12:25:07.671,1.94181,1.94218,1.00,1.00
2015.06.29 12:25:09.144,1.94181,1.9422,1.00,1.00
2015.06.29 12:25:10.656,1.94181,1.94216,1.00,1.00
2015.06.29 12:25:10.960,1.94178,1.94215,1.00,1.00
2015.06.29 12:25:11.011,1.94178,1.94211,1.00,1.00
2015.06.29 12:25:11.061,1.94174,1.94211,1.00,1.00
2015.06.29 12:25:11.163,1.94171,1.94211,1.00,1.00
2015.06.29 12:25:11.415,1.94171,1.94209,1.00,1.00
2015.06.29 12:25:12.034,1.94171,1.94208,1.00,1.00
2015.06.29 12:25:12.788,1.94171,1.94206,1.00,1.00
2015.06.29 12:25:12.839,1.94163,1.94202,1.00,1.00
2015.06.29 12:25:13.645,1.94159,1.94197,1.00,1.00
2015.06.29 12:25:14.149,1.94159,1.94198,1.00,1.00
2015.06.29 12:25:16.482,1.94159,1.94196,1.00,1.00
2015.06.29 12:25:16.939,1.94159,1.94191,1.00,1.00
2015.06.29 12:25:17.191,1.94155,1.94191,1.00,1.00
2015.06.29 12:25:17.343,1.94155,1.94195,1.00,1.50
2015.06.29 12:25:18.505,1.94155,1.9419,1.00,1.00
2015.06.29 12:25:19.178,1.94155,1.94189,1.00,1.00
2015.06.29 12:25:20.214,1.94152,1.9419,1.00,1.00
2015.06.29 12:25:20.728,1.94152,1.94191,1.00,1.50
2015.06.29 12:25:20.879,1.94152,1.94187,1.00,1.00
2015.06.29 12:25:21.642,1.94152,1.94189,1.00,1.00
2015.06.29 12:25:22.309,1.94152,1.94191,1.00,1.00
2015.06.29 12:25:22.410,1.94152,1.94187,1.00,1.00
2015.06.29 12:25:23.159,1.94152,1.94182,1.00,1.00
2015.06.29 12:25:23.210,1.94147,1.94181,1.00,1.00
2015.06.29 12:25:23.664,1.94142,1.94182,1.00,1.50
2015.06.29 12:25:23.829,1.94142,1.94177,1.00,1.00
2015.06.29 12:25:24.437,1.94139,1.94177,1.00,1.00
2015.06.29 12:25:24.862,1.94136,1.94176,1.00,1.00
2015.06.29 12:25:25.535,1.94136,1.94175,1.00,1.00
2015.06.29 12:25:26.460,1.94136,1.94176,1.00,1.50
2015.06.29 12:25:26.679,1.94136,1.94174,1.00,1.00
2015.06.29 12:25:27.055,1.94136,1.94172,1.00,1.00
2015.06.29 12:25:27.610,1.94136,1.94174,1.00,1.00
2015.06.29 12:25:27.914,1.94136,1.94171,1.00,1.00
2015.06.29 12:25:28.015,1.94136,1.94174,1.00,1.00
2015.06.29 12:25:28.217,1.94136,1.94176,1.00,1.00
2015.06.29 12:25:29.033,1.94134,1.9417,1.00,1.00
2015.06.29 12:25:29.537,1.94134,1.94171,1.00,1.50
2015.06.29 12:25:31.422,1.94134,1.9417,1.00,1.00
2015.06.29 12:25:35.688,1.94134,1.94169,1.00,1.00
2015.06.29 12:25:36.350,1.94134,1.94171,1.00,1.00
2015.06.29 12:25:37.118,1.94134,1.9417,1.00,1.00
2015.06.29 12:25:37.856,1.94134,1.94171,1.00,1.00
2015.06.29 12:25:38.126,1.94129,1.94172,1.00,1.00
2015.06.29 12:25:38.227,1.94133,1.94172,1.00,1.50
2015.06.29 12:25:38.680,1.9413,1.94176,1.00,1.00
2015.06.29 12:25:38.882,1.94132,1.94176,1.00,1.00
2015.06.29 12:25:39.434,1.94145,1.94184,1.00,1.00
2015.06.29 12:25:39.488,1.94149,1.9419,1.00,1.00
2015.06.29 12:25:39.640,1.94152,1.9419,1.00,1.00
2015.06.29 12:25:40.045,1.9415,1.9419,1.00,1.00
2015.06.29 12:25:40.697,1.94148,1.94187,1.00,1.50
2015.06.29 12:25:41.003,1.94151,1.9419,1.00,1.00
2015.06.29 12:25:41.255,1.94148,1.94191,1.00,1.00
2015.06.29 12:25:42.033,1.94148,1.94187,1.00,1.00
2015.06.29 12:25:42.341,1.94148,1.94192,1.00,1.00
2015.06.29 12:25:42.543,1.94148,1.94187,1.00,1.00
2015.06.29 12:25:42.644,1.94148,1.94192,1.00,1.00
2015.06.29 12:25:42.745,1.94148,1.94186,1.00,1.00
2015.06.29 12:25:43.765,1.94148,1.94187,1.00,1.00
2015.06.29 12:25:43.822,1.94141,1.94187,1.00,1.50
2015.06.29 12:25:44.039,1.94143,1.94186,1.00,1.00
2015.06.29 12:25:44.140,1.94144,1.94191,1.00,1.00
2015.06.29 12:25:44.191,1.94149,1.94191,1.00,1.00
2015.06.29 12:25:44.242,1.94151,1.94197,1.00,1.00
2015.06.29 12:25:45.100,1.94161,1.94206,1.50,1.00
2015.06.29 12:25:45.608,1.94161,1.94207,2.25,1.00
2015.06.29 12:25:45.958,1.94163,1.94207,1.00,1.00
2015.06.29 12:25:46.811,1.94164,1.94207,1.00,1.00
2015.06.29 12:25:47.216,1.94162,1.94207,1.00,1.00
2015.06.29 12:25:47.367,1.94165,1.94207,1.00,1.00
2015.06.29 12:25:47.969,1.94173,1.94217,1.00,1.50
2015.06.29 12:25:52.269,1.94175,1.94215,1.00,1.00
2015.06.29 12:25:56.828,1.94175,1.94215,1.37,1.00
2015.06.29 12:25:57.518,1.94175,1.94215,1.37,1.00
2015.06.29 12:25:57.861,1.94175,1.94215,1.00,1.00
2015.06.29 12:26:00.256,1.94176,1.94215,1.00,1.00
2015.06.29 12:26:00.357,1.94178,1.94215,1.00,1.00
2015.06.29 12:26:00.408,1.94179,1.94218,1.00,1.00
2015.06.29 12:26:00.868,1.94181,1.94218,1.00,1.00
2015.06.29 12:26:01.123,1.94179,1.94218,1.00,1.00
2015.06.29 12:26:10.412,1.94182,1.94222,1.00,1.00
2015.06.29 12:26:10.465,1.94184,1.94222,1.00,1.00
2015.06.29 12:26:10.616,1.94182,1.94222,1.00,1.00
2015.06.29 12:26:12.124,1.94183,1.94222,1.00,1.00
2015.06.29 12:26:12.225,1.94188,1.94222,1.00,1.00
2015.06.29 12:26:12.276,1.94188,1.94224,1.00,1.00
2015.06.29 12:26:12.478,1.94193,1.94232,1.00,1.00
2015.06.29 12:26:14.078,1.94194,1.94232,1.00,1.00
2015.06.29 12:26:15.499,1.94193,1.94232,1.50,1.00
2015.06.29 12:26:16.041,1.94193,1.94231,1.00,1.00
2015.06.29 12:26:16.625,1.94193,1.94232,1.00,1.00
2015.06.29 12:26:23.672,1.94196,1.94232,1.00,1.00
2015.06.29 12:26:24.406,1.94197,1.94232,1.00,1.00
2015.06.29 12:26:24.460,1.94195,1.94232,1.00,1.00
2015.06.29 12:26:24.518,1.94198,1.94232,1.00,1.00
2015.06.29 12:26:24.681,1.94198,1.94235,1.50,1.00
2015.06.29 12:26:24.786,1.942,1.94235,1.00,1.00
2015.06.29 12:26:24.937,1.94201,1.9424,1.00,1.00
2015.06.29 12:26:24.988,1.94209,1.9424,1.00,1.00
2015.06.29 12:26:25.039,1.94209,1.94245,1.00,1.00
2015.06.29 12:26:25.090,1.94211,1.94245,1.00,1.00
2015.06.29 12:26:25.241,1.94217,1.94254,1.00,1.00
2015.06.29 12:26:25.801,1.94215,1.94254,1.00,1.00
2015.06.29 12:26:26.083,1.94218,1.94254,1.00,1.00
2015.06.29 12:26:27.215,1.94215,1.94254,1.00,1.00
2015.06.29 12:26:27.266,1.94216,1.94261,1.00,1.50
2015.06.29 12:26:27.316,1.94216,1.94255,1.00,1.00
2015.06.29 12:26:27.418,1.94212,1.94252,1.00,1.00
2015.06.29 12:26:27.519,1.9421,1.94252,1.50,1.00
2015.06.29 12:26:27.822,1.9421,1.9425,1.00,1.00
2015.06.29 12:26:28.492,1.9421,1.94246,1.00,1.00
2015.06.29 12:26:28.551,1.9421,1.94255,1.00,1.00
2015.06.29 12:26:28.925,1.9421,1.94253,1.00,1.00
2015.06.29 12:26:29.091,1.94207,1.94253,1.00,1.00
2015.06.29 12:26:29.247,1.94207,1.94249,1.00,1.00
2015.06.29 12:26:30.161,1.94217,1.94264,1.00,1.00
2015.06.29 12:26:30.600,1.94217,1.94262,1.00,1.00
2015.06.29 12:26:30.852,1.9421,1.94256,1.00,1.00
2015.06.29 12:26:31.591,1.94207,1.94257,1.00,1.00
2015.06.29 12:26:31.806,1.94209,1.94259,1.00,1.00
2015.06.29 12:26:32.458,1.9421,1.94259,1.00,1.00
2015.06.29 12:26:33.027,1.9421,1.94255,1.00,1.00
2015.06.29 12:26:33.338,1.94212,1.94257,1.00,1.00
2015.06.29 12:26:34.549,1.94212,1.94258,1.00,1.00
2015.06.29 12:26:35.218,1.94212,1.94261,1.00,1.00
2015.06.29 12:26:35.320,1.94212,1.94263,1.00,1.00
2015.06.29 12:26:35.421,1.94218,1.94263,1.00,1.00
2015.06.29 12:26:35.522,1.94218,1.94265,1.00,1.00
2015.06.29 12:26:35.623,1.94219,1.94267,1.00,1.50
2015.06.29 12:26:36.685,1.9422,1.94267,1.00,1.00
2015.06.29 12:26:36.857,1.9422,1.94272,1.00,1.50
2015.06.29 12:26:36.958,1.94223,1.94272,1.00,1.50
2015.06.29 12:26:37.298,1.94223,1.94267,1.00,1.00
2015.06.29 12:26:37.579,1.94221,1.94267,1.00,1.00
2015.06.29 12:26:38.144,1.94222,1.94272,1.00,1.00
2015.06.29 12:26:38.847,1.94222,1.94266,1.00,1.00
2015.06.29 12:26:38.898,1.9422,1.94266,1.00,1.00
2015.06.29 12:26:39.007,1.94218,1.94266,1.50,1.00
2015.06.29 12:26:39.108,1.9422,1.94267,1.00,1.00
2015.06.29 12:26:39.277,1.9422,1.94271,1.00,1.50
2015.06.29 12:26:39.785,1.94219,1.94271,1.00,1.00
2015.06.29 12:26:40.443,1.94218,1.94269,1.00,1.00
2015.06.29 12:26:40.746,1.94216,1.94266,1.00,1.00
2015.06.29 12:26:41.443,1.94216,1.94264,1.00,1.00
2015.06.29 12:26:41.746,1.94217,1.94262,1.00,1.00
2015.06.29 12:26:42.138,1.94216,1.94265,1.00,1.00
2015.06.29 12:26:42.640,1.94235,1.94276,1.00,1.00
2015.06.29 12:26:42.690,1.94235,1.94282,1.00,1.00
2015.06.29 12:26:44.414,1.94235,1.94286,1.00,1.50
2015.06.29 12:26:44.597,1.94233,1.94285,1.00,1.00
2015.06.29 12:26:45.009,1.94233,1.94282,1.00,1.00
2015.06.29 12:26:45.328,1.94233,1.94285,1.00,1.00
2015.06.29 12:26:45.379,1.94233,1.94281,1.00,1.00
2015.06.29 12:26:45.966,1.94233,1.94282,1.00,1.00
2015.06.29 12:26:46.277,1.94238,1.94282,1.00,1.00
2015.06.29 12:26:46.328,1.94238,1.94287,1.50,1.00
2015.06.29 12:26:47.248,1.94239,1.94286,1.50,1.00
2015.06.29 12:26:47.303,1.94236,1.94282,1.50,1.00
2015.06.29 12:26:47.657,1.94237,1.94285,1.00,1.00
2015.06.29 12:26:47.750,1.94237,1.94277,1.00,1.00
2015.06.29 12:26:48.002,1.94237,1.94282,1.00,1.00
2015.06.29 12:26:49.251,1.9425,1.94287,1.00,1.00
2015.06.29 12:26:49.302,1.9425,1.94297,1.50,1.00
2015.06.29 12:26:49.403,1.9425,1.943,1.50,1.00
2015.06.29 12:26:49.873,1.9425,1.94296,1.50,1.00
2015.06.29 12:26:50.057,1.9425,1.94299,1.50,1.00
2015.06.29 12:26:50.577,1.9425,1.94296,1.00,1.00
2015.06.29 12:26:51.178,1.9425,1.94297,1.00,1.00
2015.06.29 12:26:51.482,1.9425,1.94292,1.00,1.00
2015.06.29 12:26:52.013,1.9425,1.94301,1.50,1.00
2015.06.29 12:26:52.165,1.9425,1.94297,1.50,1.00
2015.06.29 12:26:53.508,1.94251,1.94297,1.00,1.00
2015.06.29 12:26:53.838,1.94251,1.94292,1.00,1.00
2015.06.29 12:26:54.040,1.94246,1.9429,1.50,1.00
2015.06.29 12:26:54.091,1.94244,1.94291,1.50,1.00
2015.06.29 12:26:54.733,1.94247,1.9429,1.00,1.00
2015.06.29 12:26:54.784,1.94253,1.94297,1.00,1.00
2015.06.29 12:26:54.835,1.94257,1.94302,1.00,1.00
2015.06.29 12:26:54.937,1.94257,1.94307,1.50,1.00
2015.06.29 12:26:54.988,1.94259,1.94307,1.00,1.00
2015.06.29 12:26:55.290,1.94257,1.94297,1.00,1.00
2015.06.29 12:26:56.054,1.94256,1.94291,1.00,1.00
2015.06.29 12:26:56.340,1.94255,1.94297,1.00,1.00
2015.06.29 12:26:57.710,1.94247,1.94286,1.37,1.00
2015.06.29 12:26:57.761,1.94243,1.94287,1.50,1.00
2015.06.29 12:26:58.108,1.94241,1.94287,1.00,1.00
2015.06.29 12:26:58.610,1.94239,1.94287,1.00,1.00
2015.06.29 12:26:59.149,1.94239,1.94281,1.00,1.00
2015.06.29 12:26:59.628,1.94239,1.94287,1.00,1.00
2015.06.29 12:26:59.956,1.94239,1.94281,1.00,1.00
2015.06.29 12:27:00.591,1.9424,1.94281,1.00,1.00
2015.06.29 12:27:01.121,1.94239,1.94281,1.00,1.00
2015.06.29 12:27:01.441,1.94236,1.94281,1.50,1.00
2015.06.29 12:27:02.638,1.94237,1.94281,1.00,1.00
2015.06.29 12:27:03.183,1.94237,1.94282,1.00,1.00
2015.06.29 12:27:03.478,1.94238,1.94287,1.00,1.12
2015.06.29 12:27:04.016,1.94233,1.94274,1.00,1.00
2015.06.29 12:27:04.071,1.94226,1.94272,1.00,1.00
2015.06.29 12:27:04.172,1.94224,1.94272,1.00,1.00
2015.06.29 12:27:04.374,1.94223,1.94262,1.00,1.00
2015.06.29 12:27:04.475,1.9422,1.94262,1.00,1.50
2015.06.29 12:27:04.526,1.94214,1.94262,1.00,1.50
2015.06.29 12:27:04.630,1.94214,1.94265,1.50,1.00
2015.06.29 12:27:05.167,1.94215,1.94265,1.00,1.00
2015.06.29 12:27:05.429,1.94216,1.94268,1.00,1.00
2015.06.29 12:27:05.944,1.94215,1.94267,2.25,1.00
2015.06.29 12:27:06.537,1.94216,1.94267,1.00,1.00
2015.06.29 12:27:06.847,1.94215,1.94264,1.00,1.00
2015.06.29 12:27:07.150,1.94215,1.94261,1.00,1.00
2015.06.29 12:27:08.164,1.94215,1.94253,1.00,1.00
2015.06.29 12:27:08.216,1.94205,1.94253,1.50,1.00
2015.06.29 12:27:10.101,1.94205,1.9425,1.00,1.00
2015.06.29 12:27:10.463,1.94205,1.94253,1.00,1.00
2015.06.29 12:27:11.394,1.94205,1.9425,1.00,1.00
2015.06.29 12:27:11.692,1.94198,1.94249,1.50,1.50
2015.06.29 12:27:11.916,1.94197,1.94247,1.87,1.00
2015.06.29 12:27:12.538,1.94197,1.94245,1.50,1.00
2015.06.29 12:27:13.351,1.94197,1.94244,1.00,1.00
2015.06.29 12:27:13.503,1.94193,1.94244,1.00,1.50
2015.06.29 12:27:15.223,1.94194,1.94244,1.00,1.00
2015.06.29 12:27:15.849,1.94193,1.94244,1.00,1.00
2015.06.29 12:27:16.001,1.94195,1.94247,1.00,1.00
2015.06.29 12:27:17.276,1.94199,1.94245,1.00,1.00
2015.06.29 12:27:17.682,1.94199,1.94242,1.00,1.00
2015.06.29 12:27:18.475,1.94199,1.94245,1.00,1.00
2015.06.29 12:27:19.918,1.94199,1.94242,1.00,1.00
2015.06.29 12:27:20.224,1.94204,1.94246,1.00,1.00
2015.06.29 12:27:20.476,1.94204,1.94248,1.00,1.00
2015.06.29 12:27:21.115,1.94204,1.94246,1.00,1.00
2015.06.29 12:27:21.217,1.94204,1.94248,1.00,1.00
2015.06.29 12:27:21.678,1.94207,1.94252,1.00,1.00
2015.06.29 12:27:25.557,1.9421,1.94249,1.00,1.00
2015.06.29 12:27:25.859,1.9421,1.94247,1.00,1.00
2015.06.29 12:27:26.853,1.9421,1.94242,1.00,1.00
2015.06.29 12:27:27.155,1.9421,1.94249,1.00,1.00
2015.06.29 12:27:27.407,1.9421,1.94246,1.00,1.00
2015.06.29 12:27:27.508,1.9421,1.94249,1.00,1.00
2015.06.29 12:27:28.074,1.9421,1.94246,1.00,1.00
2015.06.29 12:27:28.377,1.9421,1.94242,1.00,1.00
2015.06.29 12:27:28.786,1.94206,1.94241,1.00,1.00
2015.06.29 12:27:29.984,1.94206,1.94236,1.00,1.00
2015.06.29 12:27:30.216,1.94202,1.94236,1.00,1.00
2015.06.29 12:27:30.569,1.94202,1.94232,1.00,1.00
2015.06.29 12:27:30.670,1.94202,1.94237,1.00,1.00
2015.06.29 12:27:30.822,1.94199,1.94232,1.00,1.00
2015.06.29 12:27:31.299,1.94199,1.94237,1.00,1.00
2015.06.29 12:27:31.453,1.94199,1.94239,1.00,1.00
2015.06.29 12:27:32.723,1.94199,1.94232,1.00,1.00
2015.06.29 12:27:33.228,1.94199,1.94231,1.00,1.00
2015.06.29 12:27:34.004,1.94199,1.94237,1.00,1.00
2015.06.29 12:27:34.534,1.94199,1.94236,1.00,1.00
2015.06.29 12:27:35.446,1.94199,1.94237,1.00,1.50
2015.06.29 12:27:35.497,1.94199,1.94235,1.00,1.00
2015.06.29 12:27:36.190,1.94199,1.94236,1.00,1.00
2015.06.29 12:27:36.540,1.94199,1.94232,1.00,1.00
2015.06.29 12:27:37.316,1.94196,1.94232,1.00,1.00
2015.06.29 12:27:39.249,1.94196,1.94231,1.00,1.00
2015.06.29 12:27:39.300,1.94196,1.94226,1.00,1.00
2015.06.29 12:27:39.351,1.94192,1.94226,1.00,1.00
2015.06.29 12:27:39.502,1.94192,1.94222,1.00,1.00
2015.06.29 12:27:39.603,1.94192,1.94227,1.00,1.50
2015.06.29 12:27:39.654,1.94192,1.94225,1.00,1.00
2015.06.29 12:27:40.221,1.94192,1.94224,1.00,1.00
2015.06.29 12:27:40.426,1.94192,1.94231,1.00,1.00
2015.06.29 12:27:42.120,1.94195,1.94234,1.00,1.00
2015.06.29 12:27:42.657,1.94199,1.94234,1.00,1.00
2015.06.29 12:27:42.912,1.94195,1.94234,1.50,1.00
2015.06.29 12:27:43.401,1.94198,1.94238,1.00,1.00
2015.06.29 12:27:45.030,1.94201,1.94241,1.00,1.00
2015.06.29 12:27:46.020,1.94201,1.94241,1.37,1.00
2015.06.29 12:27:46.655,1.94201,1.94241,1.00,1.00
2015.06.29 12:27:55.006,1.94201,1.9424,1.00,1.00
2015.06.29 12:27:55.548,1.94201,1.94241,1.00,1.50
2015.06.29 12:28:00.715,1.94198,1.94234,1.00,1.00
2015.06.29 12:28:01.019,1.94195,1.94227,1.00,1.00
2015.06.29 12:28:03.775,1.94195,1.94232,1.00,1.00
2015.06.29 12:28:03.895,1.94195,1.94227,1.00,1.00
2015.06.29 12:28:04.047,1.94192,1.94226,1.00,1.00
2015.06.29 12:28:05.090,1.94192,1.94227,1.00,1.00
2015.06.29 12:28:05.574,1.94192,1.94229,1.00,1.00
2015.06.29 12:28:08.917,1.94192,1.94227,1.00,1.00
2015.06.29 12:28:09.021,1.94192,1.94229,1.00,1.00
2015.06.29 12:28:09.513,1.94188,1.94227,1.00,1.50
2015.06.29 12:28:10.163,1.94188,1.94226,1.00,1.00
2015.06.29 12:28:11.041,1.94188,1.94227,1.00,1.50
2015.06.29 12:28:11.697,1.94188,1.94227,1.34,1.00
2015.06.29 12:28:11.849,1.94208,1.94247,1.00,1.00
2015.06.29 12:28:11.900,1.94214,1.94248,1.00,1.00
2015.06.29 12:28:12.001,1.94218,1.94255,1.00,1.00
2015.06.29 12:28:12.535,1.94218,1.94255,1.37,1.00
2015.06.29 12:28:13.352,1.94218,1.94255,1.37,1.00
2015.06.29 12:28:13.855,1.94218,1.94255,1.37,1.00
2015.06.29 12:28:14.354,1.94218,1.94255,1.00,1.00
2015.06.29 12:28:16.128,1.94218,1.94247,1.00,1.00
2015.06.29 12:28:16.179,1.94218,1.94255,1.00,1.00
2015.06.29 12:28:17.462,1.94221,1.94258,1.00,1.00
2015.06.29 12:28:21.141,1.94223,1.94262,1.50,1.00
2015.06.29 12:28:22.543,1.94236,1.94276,1.00,1.00
2015.06.29 12:28:22.996,1.94236,1.94276,1.37,1.00
2015.06.29 12:28:23.207,1.94236,1.94276,1.00,1.00
2015.06.29 12:28:24.032,1.94236,1.94272,1.00,1.00
2015.06.29 12:28:24.634,1.94236,1.94276,1.00,1.00
2015.06.29 12:28:25.757,1.94238,1.94276,1.00,1.00
2015.06.29 12:28:26.087,1.94244,1.94282,1.00,1.00
2015.06.29 12:28:26.743,1.94244,1.94283,1.00,1.00
2015.06.29 12:28:31.401,1.94244,1.94277,1.00,1.00
2015.06.29 12:28:31.552,1.94244,1.94282,1.00,1.00
2015.06.29 12:28:31.756,1.9424,1.94282,1.00,1.00
2015.06.29 12:28:31.857,1.94238,1.94282,1.00,1.00
2015.06.29 12:28:32.787,1.94238,1.94283,1.00,1.00
2015.06.29 12:28:33.085,1.94238,1.94281,1.00,1.00
2015.06.29 12:28:33.645,1.94238,1.94283,1.00,1.00
2015.06.29 12:28:34.855,1.94198,1.94242,1.00,1.00
2015.06.29 12:28:34.956,1.94199,1.94245,1.00,1.00
2015.06.29 12:28:35.007,1.94201,1.94246,1.00,1.00
2015.06.29 12:28:35.058,1.94206,1.94252,1.00,1.00
2015.06.29 12:28:35.260,1.94209,1.94255,1.00,1.00
2015.06.29 12:28:38.148,1.94213,1.94251,1.00,1.00
2015.06.29 12:28:40.290,1.94209,1.94249,1.00,1.00
2015.06.29 12:28:40.592,1.94209,1.94247,1.00,1.00
2015.06.29 12:28:41.116,1.94209,1.94246,1.00,1.00
2015.06.29 12:28:42.581,1.94209,1.94247,1.00,1.00
2015.06.29 12:28:43.095,1.94209,1.94247,1.00,1.34
2015.06.29 12:28:43.436,1.94209,1.94242,1.00,1.00
2015.06.29 12:28:43.993,1.94192,1.94232,1.00,1.50
2015.06.29 12:28:44.101,1.94192,1.94226,1.00,1.00
2015.06.29 12:28:44.844,1.94192,1.94221,1.00,1.00
2015.06.29 12:28:44.895,1.94189,1.94221,1.00,1.00
2015.06.29 12:28:44.996,1.94182,1.94221,1.00,1.50
2015.06.29 12:28:45.467,1.94179,1.94217,1.00,1.00
2015.06.29 12:28:46.005,1.94179,1.94218,1.00,1.00
2015.06.29 12:28:55.496,1.94182,1.94221,1.00,1.00
2015.06.29 12:28:55.803,1.94188,1.94221,1.00,1.00
2015.06.29 12:28:55.854,1.94188,1.94226,1.00,1.00
2015.06.29 12:28:56.729,1.94187,1.94226,1.00,1.00
2015.06.29 12:28:58.815,1.94187,1.94226,1.00,1.37
2015.06.29 12:28:59.017,1.94187,1.94226,1.00,1.00
2015.06.29 12:28:59.119,1.94187,1.94225,1.00,1.37
2015.06.29 12:29:00.331,1.94187,1.94225,1.00,1.00
2015.06.29 12:29:01.181,1.94187,1.94226,1.00,1.50
2015.06.29 12:29:03.133,1.94192,1.94232,1.00,1.00
2015.06.29 12:29:03.184,1.94198,1.94234,1.00,1.00
2015.06.29 12:29:03.285,1.94201,1.9424,1.00,1.00
2015.06.29 12:29:08.147,1.94202,1.9424,1.00,1.00
2015.06.29 12:29:08.248,1.94205,1.94244,1.00,1.00
2015.06.29 12:29:08.757,1.94208,1.94244,1.00,1.00
2015.06.29 12:29:08.808,1.94209,1.94246,1.00,1.00
2015.06.29 12:29:08.959,1.94214,1.94251,1.00,1.00
2015.06.29 12:29:09.211,1.94217,1.94255,1.00,1.00
2015.06.29 12:29:09.312,1.94223,1.94262,1.00,1.00
2015.06.29 12:29:09.996,1.94224,1.94262,1.00,1.00
2015.06.29 12:29:10.585,1.94223,1.94262,1.00,1.00
2015.06.29 12:29:11.406,1.94219,1.94257,1.00,1.00
2015.06.29 12:29:14.656,1.94219,1.94257,1.00,1.37
2015.06.29 12:29:15.323,1.94219,1.94257,1.00,1.00
2015.06.29 12:29:15.761,1.94219,1.94251,1.00,1.00
2015.06.29 12:29:15.812,1.94214,1.94251,1.00,1.50
2015.06.29 12:29:15.863,1.94214,1.94247,1.00,1.00
2015.06.29 12:29:15.914,1.94209,1.94247,1.00,1.00
2015.06.29 12:29:16.517,1.94213,1.94247,1.00,1.00
2015.06.29 12:29:16.634,1.94209,1.94247,1.50,1.00
2015.06.29 12:29:18.834,1.94209,1.94237,1.00,1.00
2015.06.29 12:29:18.985,1.94206,1.94237,1.00,1.00
2015.06.29 12:29:20.725,1.94206,1.94244,1.00,1.00
2015.06.29 12:29:28.662,1.94202,1.94241,1.00,1.50
2015.06.29 12:29:34.565,1.94205,1.94241,1.00,1.00
2015.06.29 12:29:34.666,1.94211,1.94248,1.00,1.00
2015.06.29 12:29:35.069,1.94208,1.9426,1.00,1.00
2015.06.29 12:29:35.221,1.94208,1.94267,1.50,1.00
2015.06.29 12:29:36.110,1.94208,1.9426,1.50,1.00
2015.06.29 12:29:36.261,1.94204,1.9426,1.00,1.00
2015.06.29 12:29:36.362,1.94213,1.94261,1.00,1.00
2015.06.29 12:29:36.564,1.94208,1.94257,1.00,1.00
2015.06.29 12:29:36.766,1.94208,1.94254,1.00,1.00
2015.06.29 12:29:37.341,1.94209,1.94254,1.00,1.00
2015.06.29 12:29:37.669,1.94209,1.9425,1.00,1.00
2015.06.29 12:29:41.213,1.94208,1.9425,1.00,1.00
2015.06.29 12:29:42.038,1.94208,1.94248,1.00,1.00
2015.06.29 12:29:42.089,1.94203,1.94248,1.00,1.00
2015.06.29 12:29:42.659,1.94203,1.9425,1.00,1.00
2015.06.29 12:29:42.710,1.94209,1.9425,1.00,1.00
2015.06.29 12:29:43.301,1.94203,1.9425,1.00,1.00
2015.06.29 12:29:43.403,1.94198,1.9425,1.00,1.00
2015.06.29 12:29:44.205,1.94193,1.9425,1.00,1.00
2015.06.29 12:29:44.356,1.94192,1.94247,1.50,1.00
2015.06.29 12:29:44.906,1.94192,1.94242,1.50,1.00
2015.06.29 12:29:45.641,1.94198,1.94247,1.00,1.00
2015.06.29 12:29:46.146,1.94199,1.94248,1.00,1.00
2015.06.29 12:29:46.298,1.94198,1.9425,1.00,1.00
2015.06.29 12:29:46.350,1.94208,1.9425,1.00,1.00
2015.06.29 12:29:46.401,1.94208,1.94257,1.00,1.50
2015.06.29 12:29:47.175,1.94218,1.94267,1.00,1.00
2015.06.29 12:29:47.228,1.94218,1.94272,1.00,1.00
2015.06.29 12:29:47.329,1.94228,1.94277,1.00,1.00
2015.06.29 12:29:47.631,1.9424,1.94286,1.00,1.00
2015.06.29 12:29:47.783,1.94229,1.94282,1.00,1.50
2015.06.29 12:29:48.185,1.94217,1.94274,1.00,1.50
2015.06.29 12:29:48.236,1.94211,1.94271,2.25,1.00
2015.06.29 12:29:48.286,1.94211,1.94266,1.00,1.00
2015.06.29 12:29:48.828,1.94208,1.94262,1.00,1.00
2015.06.29 12:29:48.884,1.94203,1.94259,1.50,1.00
2015.06.29 12:29:48.985,1.94206,1.94258,1.00,1.00
2015.06.29 12:29:49.036,1.94206,1.94262,1.50,1.00
2015.06.29 12:29:49.087,1.94213,1.94262,1.00,1.00
2015.06.29 12:29:50.009,1.94222,1.94262,1.00,1.00
2015.06.29 12:29:50.503,1.94237,1.94283,1.00,1.00
2015.06.29 12:29:50.557,1.94239,1.94292,1.00,1.00
2015.06.29 12:29:50.883,1.94239,1.94272,1.00,1.00
2015.06.29 12:29:51.034,1.94226,1.94266,1.00,1.00
2015.06.29 12:29:51.085,1.94226,1.94278,1.00,1.00
2015.06.29 12:29:51.136,1.94223,1.94276,1.00,1.00
2015.06.29 12:29:51.186,1.94228,1.94276,1.00,1.00
2015.06.29 12:29:51.287,1.94226,1.94281,1.00,1.00
2015.06.29 12:29:51.338,1.94228,1.94286,1.00,1.00
2015.06.29 12:29:51.388,1.94232,1.94286,1.00,1.00
2015.06.29 12:29:51.733,1.94234,1.94287,1.00,1.00
2015.06.29 12:29:52.269,1.94226,1.94286,1.00,1.00
2015.06.29 12:29:52.320,1.94218,1.94274,1.50,1.00
2015.06.29 12:29:52.623,1.94203,1.94251,1.00,1.00
2015.06.29 12:29:53.088,1.94208,1.94252,1.00,1.00
2015.06.29 12:29:54.268,1.94194,1.94248,1.00,1.00
2015.06.29 12:29:54.422,1.94198,1.94248,1.00,1.00
2015.06.29 12:29:54.763,1.94193,1.94241,1.00,1.00
2015.06.29 12:29:54.814,1.94189,1.94239,1.00,1.00
2015.06.29 12:29:55.453,1.94174,1.94221,1.00,1.00
2015.06.29 12:29:55.508,1.94168,1.94217,1.00,1.00
2015.06.29 12:29:55.610,1.94174,1.94221,1.00,1.00
2015.06.29 12:29:55.811,1.94163,1.9422,1.00,1.00
2015.06.29 12:29:55.912,1.94164,1.94224,1.00,1.00
2015.06.29 12:29:55.963,1.94168,1.94228,1.00,1.00
2015.06.29 12:29:56.266,1.94169,1.94216,1.00,1.00
2015.06.29 12:29:56.874,1.94169,1.9422,1.00,1.00
2015.06.29 12:29:57.692,1.94168,1.9422,1.00,1.00
2015.06.29 12:29:57.743,1.94168,1.94224,1.00,1.00
2015.06.29 12:29:58.347,1.94163,1.94219,1.00,1.00
2015.06.29 12:29:58.650,1.94153,1.94209,1.00,1.00
2015.06.29 12:29:58.700,1.94158,1.94218,1.00,1.00
2015.06.29 12:29:58.751,1.94157,1.94227,1.00,1.00
2015.06.29 12:29:59.054,1.94154,1.94232,1.00,1.00
2015.06.29 12:29:59.155,1.94169,1.94227,1.00,1.00
2015.06.29 12:29:59.727,1.94163,1.94221,1.00,1.00
2015.06.29 12:30:00.074,1.94163,1.94217,1.00,1.00
2015.06.29 12:30:00.226,1.94159,1.94217,1.00,1.00
2015.06.29 12:30:00.327,1.94159,1.94212,1.00,1.00
2015.06.29 12:30:00.428,1.94163,1.94217,1.00,1.00
2015.06.29 12:30:00.579,1.94158,1.94207,1.00,1.00
2015.06.29 12:30:01.119,1.94153,1.94207,1.00,1.00
2015.06.29 12:30:01.321,1.94153,1.94202,1.00,1.00
2015.06.29 12:30:02.554,1.94149,1.9421,1.00,1.00
2015.06.29 12:30:02.620,1.94143,1.94203,1.50,1.00
2015.06.29 12:30:02.772,1.94114,1.94181,1.00,1.00
2015.06.29 12:30:02.873,1.94122,1.9418,1.00,1.00
2015.06.29 12:30:02.923,1.94116,1.94182,1.00,1.50
2015.06.29 12:30:03.024,1.94124,1.94182,1.00,1.00
2015.06.29 12:30:03.075,1.94124,1.94184,1.00,1.00
2015.06.29 12:30:03.226,1.9412,1.94187,1.00,1.00
2015.06.29 12:30:03.277,1.94132,1.94187,1.00,1.00
2015.06.29 12:30:03.914,1.94143,1.94196,1.00,1.00
2015.06.29 12:30:04.194,1.94143,1.94199,1.00,1.00
2015.06.29 12:30:04.496,1.94148,1.94199,1.00,1.00
2015.06.29 12:30:04.547,1.94148,1.94204,1.00,1.00
2015.06.29 12:30:04.598,1.94148,1.94206,1.50,1.00
2015.06.29 12:30:04.649,1.94153,1.94206,1.00,1.00
2015.06.29 12:30:04.699,1.94153,1.94209,1.00,1.00
2015.06.29 12:30:04.752,1.94158,1.94209,1.00,1.00
2015.06.29 12:30:04.853,1.94158,1.94212,1.00,1.00
2015.06.29 12:30:05.005,1.94159,1.94237,1.00,1.00
2015.06.29 12:30:05.530,1.94185,1.94232,1.00,1.00
2015.06.29 12:30:05.631,1.94189,1.94241,1.00,1.00
2015.06.29 12:30:05.833,1.94188,1.94247,1.00,1.00
2015.06.29 12:30:05.883,1.94192,1.94247,1.00,1.00
2015.06.29 12:30:06.185,1.94204,1.94237,1.00,1.00
2015.06.29 12:30:07.618,1.94204,1.94236,1.00,1.00
2015.06.29 12:30:08.136,1.9421,1.94236,1.00,1.00
2015.06.29 12:30:08.652,1.94208,1.94232,1.00,1.00
2015.06.29 12:30:09.118,1.94208,1.94237,1.00,1.00
2015.06.29 12:30:09.370,1.94208,1.94232,1.00,1.00
2015.06.29 12:30:10.145,1.94208,1.94237,1.00,1.00
2015.06.29 12:30:10.196,1.94214,1.94237,1.00,1.00
2015.06.29 12:30:10.928,1.94211,1.94237,1.00,1.00
2015.06.29 12:30:11.083,1.94208,1.94237,1.00,1.00
2015.06.29 12:30:11.619,1.94208,1.94226,1.00,1.00
2015.06.29 12:30:12.525,1.94208,1.94227,1.00,1.00
2015.06.29 12:30:13.128,1.94191,1.94216,1.00,1.00
2015.06.29 12:30:13.179,1.94189,1.94216,1.00,1.50
2015.06.29 12:30:13.280,1.94184,1.94215,1.00,1.00
2015.06.29 12:30:13.895,1.94184,1.94216,1.00,1.00
2015.06.29 12:30:15.098,1.94184,1.94222,1.00,1.00
2015.06.29 12:30:15.642,1.94184,1.94217,1.00,1.00
2015.06.29 12:30:16.505,1.94184,1.94222,1.00,1.50
2015.06.29 12:30:16.556,1.94187,1.94222,1.00,1.00
2015.06.29 12:30:16.607,1.94187,1.94226,1.00,1.00
2015.06.29 12:30:17.200,1.9419,1.94229,1.00,1.00
2015.06.29 12:30:17.731,1.9419,1.94226,1.00,1.00
2015.06.29 12:30:18.386,1.9419,1.94227,1.00,1.00
2015.06.29 12:30:19.864,1.94193,1.94227,1.00,1.00
2015.06.29 12:30:20.263,1.94193,1.94232,1.00,1.50
2015.06.29 12:30:20.414,1.94195,1.94232,1.00,1.00
2015.06.29 12:30:20.466,1.94197,1.94236,1.00,1.00
2015.06.29 12:30:20.617,1.94201,1.94239,1.00,1.00
2015.06.29 12:30:21.108,1.94206,1.94242,1.00,1.00
2015.06.29 12:30:21.468,1.94206,1.94237,1.00,1.00
2015.06.29 12:30:22.540,1.94202,1.94235,1.00,1.00
2015.06.29 12:30:22.742,1.94202,1.94237,1.00,1.50
2015.06.29 12:30:23.105,1.94202,1.94231,1.00,1.00
2015.06.29 12:30:23.408,1.94202,1.94227,1.00,1.00
2015.06.29 12:30:23.509,1.94199,1.94227,1.00,1.00
2015.06.29 12:30:24.024,1.94196,1.94226,1.00,1.00
2015.06.29 12:30:24.075,1.94196,1.94232,1.00,1.00
2015.06.29 12:30:24.616,1.94192,1.94231,1.00,1.00
2015.06.29 12:30:28.295,1.94193,1.94231,1.00,1.00
2015.06.29 12:30:29.373,1.94192,1.94231,1.00,1.00
2015.06.29 12:30:29.474,1.94194,1.94228,1.00,1.00
2015.06.29 12:30:29.727,1.94198,1.94234,1.00,1.00
2015.06.29 12:30:29.828,1.94196,1.94234,1.00,1.00
2015.06.29 12:30:29.878,1.942,1.94238,1.00,1.00
2015.06.29 12:30:30.528,1.94193,1.94228,1.00,1.00
2015.06.29 12:30:30.830,1.94193,1.94223,1.00,1.00
2015.06.29 12:30:30.881,1.94193,1.94229,1.00,1.00
2015.06.29 12:30:30.932,1.94188,1.94226,1.00,1.00
2015.06.29 12:30:30.983,1.9419,1.94229,1.00,1.00
2015.06.29 12:30:36.185,1.9419,1.94229,1.37,1.00
2015.06.29 12:30:36.337,1.94194,1.94234,1.00,1.00
2015.06.29 12:30:36.387,1.94194,1.94234,1.37,1.00
2015.06.29 12:30:36.489,1.94195,1.94234,1.00,1.00
2015.06.29 12:30:36.590,1.94198,1.94236,1.00,1.00
2015.06.29 12:30:39.545,1.94198,1.94235,1.00,1.00
2015.06.29 12:30:40.251,1.94198,1.94234,1.00,1.00
2015.06.29 12:30:40.812,1.94198,1.94233,1.00,1.00
2015.06.29 12:30:41.154,1.94198,1.94228,1.00,1.00
2015.06.29 12:30:43.155,1.94198,1.94226,1.00,2.25
2015.06.29 12:30:43.206,1.94182,1.94213,1.00,1.00
2015.06.29 12:30:43.714,1.94182,1.94212,1.00,1.00
2015.06.29 12:30:44.076,1.94182,1.94208,1.00,1.00
2015.06.29 12:30:45.156,1.9417,1.94199,1.00,1.00
2015.06.29 12:30:45.733,1.9417,1.942,1.00,1.00
2015.06.29 12:30:46.308,1.9417,1.94201,1.00,1.00
2015.06.29 12:30:46.941,1.9417,1.94203,1.00,1.00
2015.06.29 12:30:47.042,1.9417,1.94206,1.00,1.00
2015.06.29 12:30:47.144,1.9417,1.9421,1.00,1.00
2015.06.29 12:30:47.642,1.94174,1.94212,1.00,1.00
2015.06.29 12:30:48.595,1.94173,1.94212,1.50,1.00
2015.06.29 12:30:49.549,1.94174,1.94212,1.00,1.00
2015.06.29 12:30:49.701,1.94176,1.94215,1.50,1.00
2015.06.29 12:30:50.906,1.94177,1.94215,1.00,1.00
2015.06.29 12:30:51.182,1.94179,1.94215,1.00,1.00
2015.06.29 12:30:51.686,1.9418,1.94219,1.00,1.00
2015.06.29 12:30:51.986,1.94184,1.94219,1.00,1.00
2015.06.29 12:30:52.432,1.9418,1.94219,1.00,1.00
2015.06.29 12:30:53.005,1.94183,1.94223,1.00,1.00
2015.06.29 12:30:54.403,1.94193,1.94223,1.00,1.00
2015.06.29 12:30:54.453,1.94193,1.94226,1.00,1.00
2015.06.29 12:30:54.554,1.94193,1.94228,1.00,1.00
2015.06.29 12:30:54.874,1.94198,1.94228,1.00,1.00
2015.06.29 12:30:55.352,1.94198,1.94233,1.00,1.00
2015.06.29 12:30:55.832,1.94194,1.94233,1.50,1.00
2015.06.29 12:30:55.883,1.94197,1.94235,1.12,1.00
2015.06.29 12:30:56.185,1.94204,1.94242,1.00,1.00
2015.06.29 12:30:57.429,1.94207,1.94247,1.00,1.00
2015.06.29 12:31:00.352,1.94208,1.94247,1.00,1.00
2015.06.29 12:31:00.453,1.94211,1.94249,1.00,1.00
2015.06.29 12:31:05.412,1.94213,1.94249,1.00,1.00
2015.06.29 12:31:05.462,1.94213,1.94253,1.50,1.00
2015.06.29 12:31:05.513,1.94218,1.94253,1.00,1.00
2015.06.29 12:31:05.614,1.9422,1.9426,1.00,1.00
2015.06.29 12:31:05.664,1.94224,1.9426,1.00,1.00
2015.06.29 12:31:06.291,1.94229,1.94267,1.00,1.00
2015.06.29 12:31:06.695,1.94224,1.94263,1.00,1.00
2015.06.29 12:31:06.746,1.94228,1.94265,1.00,1.00
2015.06.29 12:31:07.832,1.94226,1.94261,1.00,1.00
2015.06.29 12:31:08.184,1.94226,1.94266,1.00,1.00
2015.06.29 12:31:09.633,1.94223,1.94257,1.00,1.00
2015.06.29 12:31:09.792,1.94218,1.94253,1.00,1.00
2015.06.29 12:31:09.843,1.94218,1.94246,1.00,1.00
2015.06.29 12:31:11.091,1.94218,1.9425,1.00,1.00
2015.06.29 12:31:11.819,1.94218,1.94246,1.00,1.00
2015.06.29 12:31:13.082,1.94213,1.94246,1.00,1.00
2015.06.29 12:31:13.336,1.94219,1.94246,1.00,1.00
2015.06.29 12:31:13.387,1.94219,1.94249,1.00,1.00
2015.06.29 12:31:13.488,1.94219,1.94244,1.00,1.00
2015.06.29 12:31:14.255,1.94218,1.94245,1.00,1.00
2015.06.29 12:31:14.885,1.94214,1.94245,1.00,1.00
2015.06.29 12:31:15.087,1.94218,1.94245,1.00,1.00
2015.06.29 12:31:15.785,1.94213,1.94245,1.00,1.00
2015.06.29 12:31:15.836,1.94213,1.94249,1.00,1.00
2015.06.29 12:31:15.887,1.94213,1.94243,1.00,1.00
2015.06.29 12:31:17.304,1.94214,1.94243,1.00,1.00
2015.06.29 12:31:17.748,1.94214,1.94248,1.00,1.00
2015.06.29 12:31:17.798,1.94214,1.94244,1.00,1.00
2015.06.29 12:31:18.399,1.94213,1.94244,1.00,1.00
2015.06.29 12:31:18.993,1.94219,1.94244,1.00,1.00
2015.06.29 12:31:19.504,1.94214,1.94248,1.00,1.00
2015.06.29 12:31:19.656,1.94214,1.94243,1.00,1.00
2015.06.29 12:31:19.707,1.94209,1.94243,1.00,1.00
2015.06.29 12:31:20.240,1.94209,1.94232,1.00,1.00
2015.06.29 12:31:20.291,1.94189,1.94225,1.00,1.00
2015.06.29 12:31:20.391,1.94186,1.94225,1.00,1.00
2015.06.29 12:31:20.442,1.94181,1.94215,1.00,1.00
2015.06.29 12:31:20.493,1.94178,1.94215,1.50,1.00
2015.06.29 12:31:20.946,1.94178,1.94212,1.00,1.00
2015.06.29 12:31:21.512,1.94176,1.94215,1.00,1.00
2015.06.29 12:31:21.563,1.94177,1.94217,1.00,1.00
2015.06.29 12:31:21.614,1.94173,1.94207,1.00,1.00
2015.06.29 12:31:21.916,1.94168,1.94205,1.50,1.00
2015.06.29 12:31:22.017,1.94165,1.94201,1.00,1.00
2015.06.29 12:31:22.320,1.94168,1.94201,1.00,1.00
2015.06.29 12:31:23.403,1.94167,1.94201,1.00,1.00
2015.06.29 12:31:23.922,1.94168,1.942,1.50,1.00
2015.06.29 12:31:25.094,1.94164,1.942,1.00,1.00
2015.06.29 12:31:25.246,1.94165,1.94205,1.00,1.00
2015.06.29 12:31:25.297,1.94163,1.94199,1.00,1.00
2015.06.29 12:31:25.630,1.94165,1.94199,1.00,1.00
2015.06.29 12:31:25.781,1.94162,1.94201,1.50,1.00
2015.06.29 12:31:25.882,1.94168,1.94201,1.00,1.00
2015.06.29 12:31:26.446,1.94168,1.942,1.00,1.00
2015.06.29 12:31:26.648,1.94155,1.94192,1.00,1.00
2015.06.29 12:31:26.699,1.94156,1.94195,1.00,1.00
2015.06.29 12:31:26.750,1.94148,1.94186,1.00,1.00
2015.06.29 12:31:27.052,1.94143,1.94178,1.00,1.00
2015.06.29 12:31:27.360,1.94143,1.94175,1.00,1.00
2015.06.29 12:31:27.981,1.94139,1.94175,1.00,1.00
2015.06.29 12:31:28.032,1.94144,1.94181,1.00,1.00
2015.06.29 12:31:28.385,1.94153,1.94181,1.00,1.00
2015.06.29 12:31:28.688,1.94153,1.94175,1.00,1.00
2015.06.29 12:31:29.273,1.94158,1.94179,1.00,1.00
2015.06.29 12:31:30.964,1.94162,1.94179,1.00,1.00
2015.06.29 12:31:31.015,1.94174,1.94213,1.00,1.00
2015.06.29 12:31:32.375,1.94185,1.94224,1.00,1.00
2015.06.29 12:31:35.030,1.94185,1.94222,1.00,1.00
2015.06.29 12:31:35.332,1.94175,1.94204,1.00,1.00
2015.06.29 12:31:35.635,1.94175,1.94206,1.00,1.00
2015.06.29 12:31:35.736,1.94175,1.94212,1.00,1.00
2015.06.29 12:31:36.959,1.94175,1.94208,1.00,1.00
2015.06.29 12:31:37.413,1.94175,1.94211,1.00,1.00
2015.06.29 12:31:38.313,1.94175,1.94208,1.00,1.00
2015.06.29 12:31:38.414,1.94175,1.9421,1.00,1.00
2015.06.29 12:31:38.515,1.94175,1.94212,1.00,1.50
2015.06.29 12:31:38.717,1.94175,1.94209,1.00,1.00
2015.06.29 12:31:39.091,1.94175,1.94206,1.00,1.00
2015.06.29 12:31:39.729,1.94175,1.94205,1.00,1.00
2015.06.29 12:31:40.249,1.94175,1.94206,1.00,1.00
2015.06.29 12:31:40.401,1.94175,1.94208,1.00,1.00
2015.06.29 12:31:40.704,1.94175,1.94204,1.00,1.00
2015.06.29 12:31:41.189,1.94175,1.94202,1.00,1.00
2015.06.29 12:31:41.240,1.94175,1.94204,1.00,1.00
2015.06.29 12:31:41.493,1.94175,1.94207,1.00,1.00
2015.06.29 12:31:41.796,1.94175,1.94204,1.00,1.00
2015.06.29 12:31:42.514,1.94169,1.94205,1.00,1.00
2015.06.29 12:31:42.666,1.94169,1.94209,1.00,1.00
2015.06.29 12:31:43.152,1.94169,1.94202,1.00,1.00
2015.06.29 12:31:43.304,1.94166,1.94202,1.00,1.50
2015.06.29 12:31:43.355,1.94164,1.94197,1.00,1.00
2015.06.29 12:31:43.835,1.9417,1.94202,1.00,1.00
2015.06.29 12:31:43.886,1.9417,1.94206,1.00,1.00
2015.06.29 12:31:44.665,1.94171,1.94206,1.00,1.00
2015.06.29 12:31:46.121,1.94168,1.94206,1.00,1.00
2015.06.29 12:31:46.222,1.94166,1.94206,1.00,1.00
2015.06.29 12:31:46.953,1.94166,1.94205,1.00,1.00
2015.06.29 12:31:47.492,1.94166,1.94206,1.00,1.00
2015.06.29 12:31:48.323,1.94167,1.94206,1.00,1.00
2015.06.29 12:31:48.841,1.94166,1.94206,1.00,1.00
2015.06.29 12:31:50.226,1.9417,1.94209,1.00,1.00
2015.06.29 12:31:50.539,1.94172,1.94209,1.50,1.00
2015.06.29 12:31:51.631,1.94174,1.94212,1.00,1.00
2015.06.29 12:31:51.938,1.94178,1.94215,1.00,1.00
2015.06.29 12:31:52.241,1.9418,1.94219,1.00,1.00
2015.06.29 12:31:53.033,1.9419,1.94229,1.00,1.00
2015.06.29 12:31:53.335,1.94204,1.94241,1.00,1.00
2015.06.29 12:31:53.487,1.94206,1.94245,1.50,1.00
2015.06.29 12:31:54.471,1.94208,1.94245,1.00,1.00
2015.06.29 12:31:54.673,1.94209,1.94248,1.00,1.00
2015.06.29 12:31:55.662,1.94209,1.94245,1.00,1.00
2015.06.29 12:31:55.763,1.94209,1.94247,1.00,1.00
2015.06.29 12:31:56.233,1.94209,1.94222,1.00,1.50
2015.06.29 12:31:56.284,1.94185,1.94222,1.00,1.50
2015.06.29 12:31:56.334,1.94185,1.9422,1.00,1.00
2015.06.29 12:31:56.436,1.94185,1.94225,1.00,1.50
2015.06.29 12:32:00.742,1.94186,1.94225,1.00,1.00
2015.06.29 12:32:01.377,1.94187,1.94225,1.00,1.00
2015.06.29 12:32:03.557,1.94188,1.94225,1.00,1.00
2015.06.29 12:32:03.658,1.94192,1.94225,1.00,1.00
2015.06.29 12:32:03.709,1.94192,1.94231,1.50,1.00
2015.06.29 12:32:03.760,1.94199,1.94231,1.00,1.00
2015.06.29 12:32:03.862,1.94199,1.94233,1.00,1.00
2015.06.29 12:32:04.064,1.94207,1.94233,1.00,1.00
2015.06.29 12:32:04.115,1.94207,1.94238,1.00,1.00
2015.06.29 12:32:04.216,1.94209,1.94243,1.00,1.00
2015.06.29 12:32:04.268,1.94209,1.94247,1.00,1.00
2015.06.29 12:32:04.772,1.9421,1.94246,1.00,1.00
2015.06.29 12:32:05.193,1.94212,1.94246,1.00,1.00
2015.06.29 12:32:05.243,1.94212,1.94251,1.00,1.00
2015.06.29 12:32:05.294,1.94216,1.94251,1.00,1.00
2015.06.29 12:32:05.701,1.94216,1.94253,1.00,1.00
2015.06.29 12:32:06.354,1.94215,1.94252,1.00,1.00
2015.06.29 12:32:06.405,1.94211,1.9425,1.00,1.00
2015.06.29 12:32:06.613,1.94213,1.9425,1.00,1.00
2015.06.29 12:32:06.714,1.94215,1.94254,1.00,1.00
2015.06.29 12:32:07.165,1.94217,1.94254,1.00,1.00
2015.06.29 12:32:07.666,1.94215,1.94247,1.00,1.00
2015.06.29 12:32:08.034,1.94217,1.94247,1.00,1.00
2015.06.29 12:32:08.150,1.94208,1.94246,1.00,1.00
2015.06.29 12:32:08.265,1.9421,1.94247,1.00,1.50
2015.06.29 12:32:08.904,1.94212,1.94247,1.00,1.00
2015.06.29 12:32:09.225,1.94215,1.94247,1.00,1.00
2015.06.29 12:32:09.581,1.94212,1.94247,1.00,1.00
2015.06.29 12:32:10.462,1.94215,1.94247,1.00,1.00
2015.06.29 12:32:10.616,1.94217,1.9425,1.00,1.00
2015.06.29 12:32:10.668,1.9422,1.9425,1.00,1.00
2015.06.29 12:32:11.091,1.94221,1.94254,1.00,1.00
2015.06.29 12:32:11.851,1.94222,1.94254,1.00,1.00
2015.06.29 12:32:12.975,1.94223,1.94254,1.00,1.00
2015.06.29 12:32:13.478,1.94225,1.94254,1.00,1.00
2015.06.29 12:32:13.530,1.94224,1.9426,1.00,1.00
2015.06.29 12:32:13.631,1.94224,1.94252,1.00,1.00
2015.06.29 12:32:13.682,1.94218,1.94252,1.00,1.00
2015.06.29 12:32:13.783,1.94213,1.94252,1.00,1.00
2015.06.29 12:32:14.035,1.94209,1.94249,1.00,1.00
2015.06.29 12:32:15.203,1.9421,1.94249,1.00,1.00
2015.06.29 12:32:15.306,1.94213,1.94249,1.00,1.00
2015.06.29 12:32:16.778,1.94222,1.94256,1.00,1.00
2015.06.29 12:32:16.879,1.94222,1.94261,1.00,1.00
2015.06.29 12:32:17.282,1.94222,1.94258,1.00,1.00
2015.06.29 12:32:17.333,1.94216,1.94256,1.00,1.00
2015.06.29 12:32:17.384,1.94213,1.94253,1.00,1.50
2015.06.29 12:32:17.995,1.9421,1.94242,1.00,1.00
2015.06.29 12:32:18.046,1.9421,1.94247,1.00,1.00
2015.06.29 12:32:18.873,1.9421,1.94248,1.00,1.00
2015.06.29 12:32:20.641,1.9421,1.94246,1.00,1.00
2015.06.29 12:32:21.345,1.9421,1.94247,1.00,1.00
2015.06.29 12:32:21.447,1.94203,1.94242,1.00,1.50
2015.06.29 12:32:21.712,1.94203,1.94236,1.00,1.00
2015.06.29 12:32:23.031,1.94203,1.94241,1.00,1.00
2015.06.29 12:32:23.672,1.94203,1.94237,1.00,1.00
2015.06.29 12:32:23.723,1.94203,1.94241,1.00,1.00
2015.06.29 12:32:24.279,1.94203,1.94225,1.00,1.50
2015.06.29 12:32:24.334,1.94181,1.9422,1.00,1.00
2015.06.29 12:32:24.435,1.94192,1.9422,1.00,1.00
2015.06.29 12:32:24.486,1.94192,1.94224,1.00,1.00
2015.06.29 12:32:24.586,1.94192,1.94227,1.00,1.50
2015.06.29 12:32:24.637,1.94189,1.94227,1.00,1.50
2015.06.29 12:32:24.852,1.94191,1.94227,1.00,1.50
2015.06.29 12:32:24.953,1.94191,1.9423,1.00,1.00
2015.06.29 12:32:25.104,1.94192,1.94227,1.00,1.00
2015.06.29 12:32:25.698,1.9419,1.9423,1.00,1.00
2015.06.29 12:32:25.900,1.9419,1.94226,1.50,1.00
2015.06.29 12:32:26.203,1.94186,1.94225,1.00,1.00
2015.06.29 12:32:27.118,1.94186,1.94221,1.00,1.00
2015.06.29 12:32:27.866,1.94186,1.94225,1.00,1.00
2015.06.29 12:32:29.040,1.94195,1.94232,1.00,1.00
2015.06.29 12:32:29.094,1.94195,1.94234,1.00,1.00
2015.06.29 12:32:30.821,1.94195,1.94232,1.00,1.00
2015.06.29 12:32:31.332,1.94195,1.94231,1.00,1.00
2015.06.29 12:32:31.899,1.94189,1.94221,1.00,1.00
2015.06.29 12:32:32.225,1.94189,1.94216,1.00,1.00
2015.06.29 12:32:32.380,1.94189,1.94226,1.00,1.50
2015.06.29 12:32:35.987,1.94189,1.94222,1.00,1.00
2015.06.29 12:32:36.101,1.94189,1.94226,1.00,1.00
2015.06.29 12:32:40.569,1.94191,1.94231,1.00,1.00
2015.06.29 12:32:43.663,1.94191,1.94225,1.00,1.00
2015.06.29 12:32:43.714,1.94185,1.94222,1.00,1.50
2015.06.29 12:32:43.765,1.94187,1.94227,1.00,1.50
2015.06.29 12:32:43.816,1.94187,1.94212,1.00,1.00
2015.06.29 12:32:43.967,1.94174,1.94208,1.00,1.00
2015.06.29 12:32:44.018,1.94168,1.94208,1.00,1.50
2015.06.29 12:32:44.069,1.94168,1.94205,1.00,1.71
2015.06.29 12:32:44.120,1.94168,1.94205,1.00,1.37
2015.06.29 12:32:44.221,1.94172,1.94202,1.00,1.00
2015.06.29 12:32:44.272,1.94172,1.94208,1.00,1.00
2015.06.29 12:32:44.940,1.94176,1.94208,1.00,1.00
2015.06.29 12:32:44.991,1.94176,1.94214,1.00,1.00
2015.06.29 12:32:45.042,1.94178,1.94218,1.00,1.00
2015.06.29 12:32:46.553,1.94182,1.94221,1.00,1.00
2015.06.29 12:32:51.534,1.94179,1.94218,1.00,1.50
2015.06.29 12:32:51.837,1.94176,1.94213,1.00,1.00
2015.06.29 12:32:52.151,1.94176,1.94211,1.00,1.00
2015.06.29 12:32:52.671,1.94172,1.94211,1.00,1.00
2015.06.29 12:32:53.172,1.94172,1.94212,1.00,1.00
2015.06.29 12:32:54.716,1.94171,1.94197,1.00,1.50
2015.06.29 12:32:54.767,1.94158,1.94197,1.00,1.50
2015.06.29 12:32:56.026,1.94165,1.94199,1.00,1.50
2015.06.29 12:32:56.077,1.94167,1.94204,1.00,1.00
2015.06.29 12:32:56.670,1.94168,1.94204,1.00,1.00
2015.06.29 12:32:57.987,1.94166,1.94204,1.00,1.00
2015.06.29 12:33:00.209,1.9417,1.94204,1.00,1.00
2015.06.29 12:33:00.784,1.94172,1.94204,1.00,1.00
2015.06.29 12:33:00.835,1.94169,1.94204,1.00,1.00
2015.06.29 12:33:00.936,1.94172,1.94204,1.00,1.00
2015.06.29 12:33:01.038,1.94172,1.94208,1.00,1.00
2015.06.29 12:33:01.189,1.94174,1.94208,1.00,1.00
2015.06.29 12:33:01.873,1.94169,1.94208,1.00,1.00
2015.06.29 12:33:05.030,1.94169,1.94202,1.00,1.00
2015.06.29 12:33:05.131,1.94167,1.94202,1.00,1.00
2015.06.29 12:33:05.232,1.94161,1.942,1.00,1.50
2015.06.29 12:33:13.461,1.94161,1.94197,1.00,1.00
2015.06.29 12:33:13.713,1.94155,1.94194,1.00,1.00
2015.06.29 12:33:13.864,1.94152,1.94182,1.00,1.00
2015.06.29 12:33:13.966,1.94148,1.94182,1.00,1.00
2015.06.29 12:33:14.067,1.94146,1.94183,1.00,1.50
2015.06.29 12:33:14.168,1.94141,1.9418,1.00,1.00
2015.06.29 12:33:14.904,1.94143,1.9418,1.00,1.00
2015.06.29 12:33:15.193,1.94141,1.9418,1.50,1.00
2015.06.29 12:33:15.901,1.94137,1.94175,1.37,1.00
2015.06.29 12:33:16.002,1.9413,1.94176,1.00,1.00
2015.06.29 12:33:16.569,1.94128,1.94167,1.00,1.50
2015.06.29 12:33:16.620,1.94118,1.94162,1.00,1.00
2015.06.29 12:33:17.130,1.94118,1.94165,1.00,1.00
2015.06.29 12:33:17.231,1.94119,1.94167,1.00,1.00
2015.06.29 12:33:17.400,1.94124,1.94167,1.00,1.00
2015.06.29 12:33:18.071,1.94123,1.94167,1.00,1.00
2015.06.29 12:33:18.375,1.94123,1.9417,1.00,1.00
2015.06.29 12:33:18.779,1.94123,1.94173,1.50,1.00
2015.06.29 12:33:19.479,1.94124,1.94173,1.00,1.00
2015.06.29 12:33:20.010,1.94123,1.94172,1.00,1.00
2015.06.29 12:33:20.061,1.94127,1.94172,1.00,1.00
2015.06.29 12:33:20.111,1.94127,1.94174,1.00,1.50
2015.06.29 12:33:20.213,1.94127,1.94171,1.00,1.00
2015.06.29 12:33:20.415,1.94128,1.94176,1.00,2.25
2015.06.29 12:33:21.483,1.94124,1.94168,1.00,1.00
2015.06.29 12:33:21.534,1.94119,1.94168,1.00,1.00
2015.06.29 12:33:21.717,1.94121,1.9417,1.00,1.00
2015.06.29 12:33:22.071,1.94118,1.94165,1.00,1.00
2015.06.29 12:33:22.966,1.94118,1.94167,1.00,1.50
2015.06.29 12:33:23.070,1.9412,1.94167,1.00,1.50
2015.06.29 12:33:23.272,1.94123,1.94172,1.00,1.00
2015.06.29 12:33:23.774,1.94122,1.94171,1.00,1.00
2015.06.29 12:33:23.899,1.94124,1.94171,1.00,1.00
2015.06.29 12:33:24.390,1.94121,1.9417,1.00,1.00
2015.06.29 12:33:24.441,1.94121,1.94167,1.00,1.00
2015.06.29 12:33:24.491,1.94119,1.94167,1.00,1.00
2015.06.29 12:33:24.542,1.94119,1.94162,1.00,1.00
2015.06.29 12:33:24.643,1.94118,1.94166,1.00,1.00
2015.06.29 12:33:24.694,1.94116,1.94165,1.00,1.00
2015.06.29 12:33:24.795,1.94121,1.94168,1.00,1.50
2015.06.29 12:33:24.929,1.94118,1.94167,1.00,1.00
2015.06.29 12:33:25.081,1.94129,1.94166,1.00,1.00
2015.06.29 12:33:25.132,1.94129,1.94168,1.00,1.00
2015.06.29 12:33:25.670,1.94128,1.94169,1.00,1.50
2015.06.29 12:33:26.073,1.94124,1.94169,1.50,1.00
2015.06.29 12:33:26.225,1.94126,1.94168,1.00,1.00
2015.06.29 12:33:26.589,1.94128,1.94168,1.00,1.00
2015.06.29 12:33:27.153,1.94129,1.94169,1.00,1.00
2015.06.29 12:33:27.630,1.94126,1.94169,1.00,1.00
2015.06.29 12:33:27.731,1.94126,1.94172,1.00,1.00
2015.06.29 12:33:28.384,1.94126,1.94164,1.00,1.00
2015.06.29 12:33:28.434,1.94115,1.94159,1.37,1.00
2015.06.29 12:33:28.938,1.94113,1.94159,1.00,1.00
2015.06.29 12:33:28.989,1.94108,1.94155,1.00,1.00
2015.06.29 12:33:29.342,1.94113,1.94156,1.00,1.00
2015.06.29 12:33:29.695,1.94118,1.94159,1.00,1.00
2015.06.29 12:33:30.269,1.94118,1.9416,1.00,1.00
2015.06.29 12:33:30.572,1.94119,1.94162,1.00,1.00
2015.06.29 12:33:30.957,1.94122,1.94165,1.00,1.00
2015.06.29 12:33:31.209,1.94124,1.94168,1.00,1.00
2015.06.29 12:33:31.750,1.94125,1.94168,1.00,1.00
2015.06.29 12:33:31.801,1.94125,1.94172,1.00,1.00
2015.06.29 12:33:32.055,1.94123,1.9417,1.00,1.00
2015.06.29 12:33:32.364,1.94122,1.94167,1.00,1.00
2015.06.29 12:33:33.888,1.94124,1.9417,1.00,1.00
2015.06.29 12:33:34.425,1.94124,1.94171,1.00,1.00
2015.06.29 12:33:35.982,1.94123,1.94172,1.50,1.50
2015.06.29 12:33:36.033,1.94123,1.9417,1.00,1.00
2015.06.29 12:33:36.538,1.94123,1.94171,1.00,1.00
2015.06.29 12:33:37.078,1.94128,1.94167,1.00,1.00
2015.06.29 12:33:37.130,1.94125,1.94167,1.00,1.00
2015.06.29 12:33:37.232,1.94118,1.9416,1.00,1.00
2015.06.29 12:33:37.535,1.94123,1.94161,1.00,1.00
2015.06.29 12:33:37.807,1.94123,1.94163,1.00,1.00
2015.06.29 12:33:39.192,1.94123,1.94166,1.00,1.00
2015.06.29 12:33:39.348,1.94123,1.94169,1.00,1.00
2015.06.29 12:33:39.399,1.94129,1.94173,1.00,1.00
2015.06.29 12:33:39.703,1.94132,1.94176,1.37,1.00
2015.06.29 12:33:40.464,1.94126,1.94172,1.37,1.00
2015.06.29 12:33:40.515,1.94128,1.94178,1.00,1.00
2015.06.29 12:33:41.057,1.94128,1.94179,1.00,1.00
2015.06.29 12:33:41.461,1.9413,1.94181,1.00,1.00
2015.06.29 12:33:42.156,1.94133,1.94182,1.00,1.34
2015.06.29 12:33:42.207,1.94113,1.94161,2.25,1.00
2015.06.29 12:33:43.089,1.94118,1.94161,1.00,1.00
2015.06.29 12:33:43.597,1.94124,1.94161,1.00,1.00
2015.06.29 12:33:43.648,1.94128,1.94166,1.00,1.00
2015.06.29 12:33:43.699,1.94125,1.94166,1.00,1.00
2015.06.29 12:33:43.850,1.94123,1.94166,1.00,1.00
2015.06.29 12:33:43.951,1.94119,1.94166,1.00,1.00
2015.06.29 12:33:44.103,1.94117,1.94161,1.00,1.00
2015.06.29 12:33:44.273,1.94115,1.94161,1.00,1.00
2015.06.29 12:33:44.323,1.94115,1.94157,1.00,1.00
2015.06.29 12:33:44.424,1.94115,1.9416,1.00,1.00
2015.06.29 12:33:44.475,1.94115,1.94158,1.00,1.00
2015.06.29 12:33:45.040,1.9412,1.94161,1.00,1.50
2015.06.29 12:33:45.531,1.94123,1.94167,1.00,1.00
2015.06.29 12:33:46.920,1.94123,1.94166,1.00,1.00
2015.06.29 12:33:47.531,1.94121,1.94162,1.00,1.00
2015.06.29 12:33:47.820,1.94123,1.94166,1.00,1.00
2015.06.29 12:33:50.263,1.94121,1.94162,1.00,1.00
2015.06.29 12:33:50.810,1.94121,1.94165,1.00,1.00
2015.06.29 12:33:51.612,1.94121,1.94166,1.00,1.00
2015.06.29 12:33:51.670,1.94119,1.94167,1.00,1.50
2015.06.29 12:33:52.750,1.94118,1.94165,1.00,1.00
2015.06.29 12:33:53.331,1.94118,1.94163,1.00,1.00
2015.06.29 12:33:53.899,1.94118,1.94165,1.00,1.00
2015.06.29 12:33:54.102,1.94117,1.94161,1.00,1.00
2015.06.29 12:33:54.152,1.94114,1.94161,2.25,1.50
2015.06.29 12:33:54.354,1.94111,1.94157,1.50,1.00
2015.06.29 12:33:54.899,1.94114,1.94156,1.00,1.00
2015.06.29 12:33:54.949,1.94114,1.94161,1.00,1.37
2015.06.29 12:33:55.000,1.94114,1.94161,1.50,1.00
2015.06.29 12:33:55.051,1.94117,1.94161,1.00,1.00
2015.06.29 12:33:55.152,1.94115,1.94163,1.00,2.25
2015.06.29 12:33:55.202,1.94115,1.94161,1.00,1.00
2015.06.29 12:33:55.354,1.94115,1.94163,1.00,1.00
2015.06.29 12:33:55.404,1.94121,1.94166,1.00,1.00
2015.06.29 12:33:56.144,1.9412,1.9417,1.00,1.00
2015.06.29 12:33:56.788,1.94121,1.9417,1.00,1.00
2015.06.29 12:33:57.409,1.94121,1.94167,1.00,1.00
2015.06.29 12:33:58.068,1.94121,1.9417,1.00,1.00
2015.06.29 12:33:58.598,1.94122,1.9417,1.00,1.00
2015.06.29 12:33:58.649,1.94122,1.94167,1.50,1.00
2015.06.29 12:33:58.957,1.94125,1.94167,1.00,1.00
2015.06.29 12:34:00.320,1.94128,1.94172,1.00,1.00
2015.06.29 12:34:00.573,1.94132,1.94172,1.00,1.00
2015.06.29 12:34:00.775,1.94133,1.94176,1.00,1.00
2015.06.29 12:34:00.825,1.94133,1.94172,1.00,1.00
2015.06.29 12:34:01.143,1.94135,1.94172,1.00,1.00
2015.06.29 12:34:01.660,1.94137,1.94172,1.00,1.00
2015.06.29 12:34:02.028,1.94137,1.94177,1.00,1.00
2015.06.29 12:34:02.347,1.94138,1.94171,1.00,1.00
2015.06.29 12:34:03.094,1.94137,1.94171,1.00,1.00
2015.06.29 12:34:04.228,1.94137,1.94172,1.00,1.00
2015.06.29 12:34:04.749,1.9413,1.94172,1.00,1.00
2015.06.29 12:34:04.800,1.94128,1.94166,1.00,1.00
2015.06.29 12:34:04.851,1.94126,1.94165,1.50,1.00
2015.06.29 12:34:04.901,1.94123,1.94152,1.00,1.00
2015.06.29 12:34:04.952,1.94114,1.94152,1.00,1.00
2015.06.29 12:34:05.053,1.94111,1.94151,1.00,1.00
2015.06.29 12:34:05.104,1.94111,1.94156,1.00,1.00
2015.06.29 12:34:05.155,1.94114,1.94157,1.00,1.00
2015.06.29 12:34:05.459,1.94111,1.94152,1.00,1.00
2015.06.29 12:34:06.071,1.94112,1.94152,1.00,1.00
2015.06.29 12:34:06.121,1.94113,1.94155,1.00,1.00
2015.06.29 12:34:06.425,1.94114,1.94157,1.00,1.00
2015.06.29 12:34:06.475,1.94121,1.94157,1.00,1.00
2015.06.29 12:34:06.526,1.94121,1.94164,1.00,1.00
2015.06.29 12:34:06.577,1.94121,1.94168,1.50,1.00
2015.06.29 12:34:06.628,1.94128,1.94168,1.00,1.00
2015.06.29 12:34:06.679,1.94129,1.94176,1.00,1.00
2015.06.29 12:34:07.186,1.94133,1.94176,1.00,1.00
2015.06.29 12:34:07.749,1.94131,1.94176,1.00,1.00
2015.06.29 12:34:07.950,1.94132,1.94172,1.00,1.00
2015.06.29 12:34:08.603,1.94126,1.94162,1.00,1.00
2015.06.29 12:34:09.027,1.94123,1.94162,1.00,1.00
2015.06.29 12:34:09.230,1.94126,1.94161,1.00,1.00
2015.06.29 12:34:09.382,1.94126,1.94166,1.00,1.00
2015.06.29 12:34:09.483,1.94129,1.94166,1.00,1.00
2015.06.29 12:34:09.949,1.94119,1.9416,1.00,1.00
2015.06.29 12:34:10.050,1.94116,1.9416,1.00,1.00
2015.06.29 12:34:10.553,1.94117,1.9416,1.00,1.00
2015.06.29 12:34:11.180,1.94119,1.94165,1.00,1.00
2015.06.29 12:34:11.694,1.9412,1.94165,1.00,1.00
2015.06.29 12:34:12.196,1.9412,1.94166,1.00,3.00
2015.06.29 12:34:13.608,1.9412,1.94162,1.00,1.00
2015.06.29 12:34:13.911,1.94119,1.94157,1.00,1.00
2015.06.29 12:34:15.052,1.94119,1.94162,1.00,1.00
2015.06.29 12:34:15.103,1.94119,1.9416,1.00,1.00
2015.06.29 12:34:15.709,1.94116,1.9416,1.00,1.00
2015.06.29 12:34:15.861,1.94116,1.94163,1.00,1.50
2015.06.29 12:34:16.390,1.94116,1.94161,1.00,1.00
2015.06.29 12:34:16.978,1.94116,1.94159,1.00,1.00
2015.06.29 12:34:17.180,1.94113,1.94157,1.00,1.50
2015.06.29 12:34:17.281,1.94113,1.94155,1.00,1.00
2015.06.29 12:34:18.570,1.94113,1.94154,1.00,1.00
2015.06.29 12:34:18.873,1.94113,1.94152,1.00,1.00
2015.06.29 12:34:19.653,1.94108,1.94152,1.00,1.50
2015.06.29 12:34:20.024,1.94108,1.9415,1.00,1.00
2015.06.29 12:34:20.614,1.94108,1.94149,1.00,1.00
2015.06.29 12:34:20.967,1.94106,1.94148,1.00,1.00
2015.06.29 12:34:21.575,1.94106,1.94146,1.00,1.00
2015.06.29 12:34:22.207,1.94106,1.94145,1.00,1.00
2015.06.29 12:34:22.563,1.94106,1.94147,1.00,1.00
2015.06.29 12:34:25.544,1.94102,1.94146,1.00,1.00
2015.06.29 12:34:31.681,1.94102,1.94142,1.12,1.00
2015.06.29 12:34:31.782,1.94102,1.94146,1.00,1.00
2015.06.29 12:34:33.134,1.94102,1.94146,1.37,1.00
2015.06.29 12:34:34.065,1.94102,1.94146,1.12,1.00
2015.06.29 12:34:34.172,1.94107,1.94152,1.00,1.50
2015.06.29 12:34:34.374,1.94104,1.94151,1.50,1.00
2015.06.29 12:34:34.475,1.94109,1.94152,1.00,1.00
2015.06.29 12:34:34.912,1.94111,1.94151,1.00,1.50
2015.06.29 12:34:39.735,1.94116,1.94152,1.00,1.00
2015.06.29 12:34:41.248,1.94116,1.94146,1.00,1.00
2015.06.29 12:34:41.350,1.94116,1.94151,1.00,1.00
2015.06.29 12:34:41.897,1.94116,1.94152,1.00,1.00
2015.06.29 12:34:43.062,1.94116,1.94154,1.00,2.25
2015.06.29 12:34:46.862,1.94116,1.94153,1.00,1.00
2015.06.29 12:34:47.537,1.94116,1.94151,1.00,1.00
2015.06.29 12:34:47.848,1.94116,1.94146,1.00,1.00
2015.06.29 12:34:50.045,1.94116,1.94154,1.00,1.37
2015.06.29 12:34:50.575,1.94116,1.94154,1.00,1.00
2015.06.29 12:34:53.451,1.94119,1.94158,1.00,1.87
2015.06.29 12:34:53.967,1.94119,1.94157,1.00,1.00
2015.06.29 12:34:54.518,1.94119,1.94158,1.00,1.00
2015.06.29 12:34:55.128,1.94122,1.94161,1.00,1.87
2015.06.29 12:34:55.229,1.94122,1.94161,1.00,1.00
2015.06.29 12:34:55.605,1.94127,1.94164,1.00,1.87
2015.06.29 12:34:56.379,1.94127,1.94162,1.00,1.00
2015.06.29 12:34:57.089,1.94127,1.94157,1.00,1.00
2015.06.29 12:34:57.191,1.94127,1.94162,1.00,1.00
2015.06.29 12:34:58.805,1.94127,1.94157,1.00,1.00
2015.06.29 12:35:00.403,1.94127,1.94161,1.00,1.00
2015.06.29 12:35:00.870,1.94127,1.94163,1.00,1.00
2015.06.29 12:35:01.608,1.94127,1.94161,1.00,1.00
2015.06.29 12:35:02.816,1.94127,1.94165,1.00,1.87
2015.06.29 12:35:02.867,1.94127,1.94165,1.00,1.50
2015.06.29 12:35:04.773,1.94127,1.94163,1.00,1.00
2015.06.29 12:35:05.084,1.94127,1.94157,1.00,1.00
2015.06.29 12:35:09.818,1.94127,1.94162,1.00,1.00
2015.06.29 12:35:10.052,1.94127,1.94157,1.00,1.00
2015.06.29 12:35:12.615,1.94127,1.94162,1.00,1.12
2015.06.29 12:35:14.086,1.94127,1.94156,1.00,1.00
2015.06.29 12:35:14.916,1.94127,1.94161,1.00,1.00
2015.06.29 12:35:15.723,1.94127,1.94165,1.00,1.00
2015.06.29 12:35:15.889,1.94134,1.94172,1.00,1.00
2015.06.29 12:35:16.224,1.94138,1.94172,1.00,1.00
2015.06.29 12:35:16.325,1.94138,1.94175,1.00,1.00
2015.06.29 12:35:18.412,1.9414,1.94176,1.00,1.00
2015.06.29 12:35:20.586,1.9414,1.94179,1.00,1.00
2015.06.29 12:35:21.148,1.9414,1.94176,1.00,1.00
2015.06.29 12:35:21.416,1.9414,1.94179,1.00,1.00
2015.06.29 12:35:22.008,1.9414,1.94177,1.00,1.00
2015.06.29 12:35:22.311,1.94132,1.94154,1.00,1.00
2015.06.29 12:35:22.362,1.94126,1.94154,1.00,1.00
2015.06.29 12:35:22.413,1.94117,1.94153,1.00,1.00
2015.06.29 12:35:23.332,1.94116,1.94153,1.00,1.00
2015.06.29 12:35:23.703,1.94119,1.94159,1.00,1.00
2015.06.29 12:35:24.107,1.94123,1.94161,1.00,1.00
2015.06.29 12:35:25.289,1.94126,1.94166,1.00,1.00
2015.06.29 12:35:27.185,1.9413,1.94169,1.00,1.00
2015.06.29 12:35:27.487,1.94136,1.94175,1.00,1.00
2015.06.29 12:35:28.013,1.9414,1.94176,1.00,1.00
2015.06.29 12:35:28.519,1.9414,1.94177,1.00,1.00
2015.06.29 12:35:29.707,1.9414,1.94176,1.00,1.00
2015.06.29 12:35:32.126,1.9414,1.94179,1.00,1.00
2015.06.29 12:35:32.176,1.94144,1.94184,1.00,1.37
2015.06.29 12:35:32.688,1.94144,1.94184,1.00,1.00
2015.06.29 12:35:34.109,1.94144,1.94182,1.00,1.00
2015.06.29 12:35:35.581,1.94144,1.94181,1.00,1.00
2015.06.29 12:35:36.103,1.94144,1.94182,1.50,1.00
2015.06.29 12:35:36.712,1.94151,1.94191,1.00,1.00
2015.06.29 12:35:36.763,1.94151,1.94187,1.00,1.00
2015.06.29 12:35:38.611,1.94151,1.94189,1.00,1.00
2015.06.29 12:35:38.834,1.94151,1.94186,1.00,1.00
2015.06.29 12:35:39.281,1.94151,1.94188,1.00,1.00
2015.06.29 12:35:40.469,1.94151,1.94187,1.00,1.00
2015.06.29 12:35:43.035,1.94151,1.94188,1.00,1.12
2015.06.29 12:35:43.649,1.94151,1.94187,1.00,1.00
2015.06.29 12:35:45.208,1.94151,1.94188,1.00,1.00
2015.06.29 12:35:45.735,1.94151,1.94187,1.00,1.00
2015.06.29 12:35:45.986,1.94151,1.94189,1.00,1.00
2015.06.29 12:35:46.387,1.94151,1.94189,1.00,1.37
2015.06.29 12:35:46.911,1.94151,1.94189,1.00,1.37
2015.06.29 12:35:47.448,1.94151,1.94189,1.00,1.37
2015.06.29 12:35:48.175,1.94151,1.94189,1.00,1.37
2015.06.29 12:35:48.913,1.94151,1.94189,1.00,1.37
2015.06.29 12:35:49.416,1.94151,1.94189,1.00,1.37
2015.06.29 12:35:50.226,1.94151,1.94189,1.00,1.37
2015.06.29 12:35:51.439,1.94151,1.9419,1.00,1.37
2015.06.29 12:35:51.540,1.94151,1.9419,1.00,1.00
2015.06.29 12:35:51.641,1.94151,1.94191,1.00,1.37
2015.06.29 12:35:51.742,1.94151,1.94191,1.00,1.00
2015.06.29 12:35:56.117,1.94151,1.9419,1.00,1.00
2015.06.29 12:35:57.570,1.94151,1.94191,1.00,1.00
2015.06.29 12:35:59.490,1.94155,1.94194,1.00,1.00
2015.06.29 12:36:03.909,1.94158,1.94197,1.00,1.00
2015.06.29 12:36:04.436,1.94162,1.94199,1.00,1.00
2015.06.29 12:36:07.969,1.94165,1.94201,1.00,1.00
2015.06.29 12:36:09.182,1.94165,1.94202,1.00,1.50
2015.06.29 12:36:12.947,1.94167,1.94206,1.00,1.00
2015.06.29 12:36:13.048,1.94171,1.94207,1.00,1.00
2015.06.29 12:36:13.352,1.94171,1.94204,1.00,1.00
2015.06.29 12:36:13.886,1.94171,1.94205,1.00,1.00
2015.06.29 12:36:16.354,1.94171,1.94202,1.00,1.00
2015.06.29 12:36:17.670,1.94171,1.94197,1.00,1.00
2015.06.29 12:36:17.721,1.94167,1.94197,1.00,1.00
2015.06.29 12:36:18.561,1.94167,1.94196,1.00,1.00
2015.06.29 12:36:18.763,1.94167,1.94192,1.00,1.00
2015.06.29 12:36:18.885,1.94167,1.94197,1.00,1.00
2015.06.29 12:36:18.936,1.94164,1.94197,1.00,1.00
2015.06.29 12:36:19.797,1.94164,1.94196,1.00,1.00
2015.06.29 12:36:20.204,1.94164,1.942,1.00,1.50
2015.06.29 12:36:21.526,1.94164,1.94202,1.00,1.00
2015.06.29 12:36:21.728,1.94164,1.94197,1.00,1.00
2015.06.29 12:36:22.030,1.94159,1.94187,1.00,1.00
2015.06.29 12:36:22.181,1.94159,1.94192,1.00,1.50
2015.06.29 12:36:23.479,1.94159,1.94187,1.00,1.00
2015.06.29 12:36:23.581,1.94159,1.94192,1.00,1.50
2015.06.29 12:36:23.810,1.94159,1.94186,1.00,1.00
2015.06.29 12:36:24.942,1.94159,1.94192,1.00,1.50
2015.06.29 12:36:26.482,1.94159,1.9419,1.00,1.00
2015.06.29 12:36:27.038,1.94159,1.94191,1.00,1.00
2015.06.29 12:36:28.454,1.94159,1.94187,1.00,1.00
2015.06.29 12:36:28.605,1.94157,1.94187,1.00,1.00
2015.06.29 12:36:28.656,1.94157,1.94181,1.00,1.00
2015.06.29 12:36:28.707,1.94153,1.94181,1.00,1.00
2015.06.29 12:36:28.758,1.94153,1.94183,1.00,1.00
2015.06.29 12:36:29.453,1.94156,1.94191,1.00,1.00
2015.06.29 12:36:29.605,1.94159,1.94191,1.00,1.00
2015.06.29 12:36:29.656,1.94159,1.94196,1.00,1.50
2015.06.29 12:36:29.956,1.94159,1.94192,1.00,1.00
2015.06.29 12:36:31.278,1.94159,1.94197,1.00,1.00
2015.06.29 12:36:32.161,1.94159,1.94196,1.00,1.00
2015.06.29 12:36:32.770,1.94159,1.94197,1.00,1.00
2015.06.29 12:36:34.406,1.94161,1.94197,1.00,1.00
2015.06.29 12:36:34.709,1.94178,1.94212,1.00,1.00
2015.06.29 12:36:35.036,1.94178,1.94208,1.00,1.00
2015.06.29 12:36:35.188,1.94175,1.94206,1.00,1.00
2015.06.29 12:36:36.414,1.94175,1.94207,1.00,1.00
2015.06.29 12:36:36.668,1.94177,1.94207,1.00,1.00
2015.06.29 12:36:37.122,1.94177,1.94211,1.00,1.00
2015.06.29 12:36:37.223,1.94182,1.94211,1.00,1.00
2015.06.29 12:36:37.375,1.94182,1.94217,1.00,1.00
2015.06.29 12:36:38.043,1.94182,1.94216,1.00,1.00
2015.06.29 12:36:38.346,1.94186,1.94217,1.00,1.00
2015.06.29 12:36:41.094,1.94188,1.94216,1.00,1.00
2015.06.29 12:36:41.546,1.94192,1.94216,1.00,1.00
2015.06.29 12:36:41.651,1.94192,1.94221,1.00,1.00
2015.06.29 12:36:41.853,1.94192,1.94227,1.00,1.50
2015.06.29 12:36:42.913,1.94192,1.94226,1.00,1.00
2015.06.29 12:36:44.170,1.94192,1.94222,1.00,1.00
2015.06.29 12:36:45.929,1.94192,1.94227,1.00,1.00
2015.06.29 12:36:46.579,1.94192,1.94222,1.00,1.00
2015.06.29 12:36:47.586,1.94192,1.94227,1.00,1.00
2015.06.29 12:36:48.326,1.94192,1.94226,1.00,1.00
2015.06.29 12:36:49.522,1.94187,1.94222,1.00,1.50
2015.06.29 12:36:49.573,1.94187,1.94224,1.00,1.00
2015.06.29 12:36:49.674,1.9419,1.94222,1.00,1.00
2015.06.29 12:36:50.132,1.9419,1.94227,1.00,1.12
2015.06.29 12:36:50.862,1.9419,1.9423,1.00,1.50
2015.06.29 12:36:51.216,1.9419,1.94226,1.00,1.00
2015.06.29 12:36:52.465,1.9419,1.94228,1.00,1.00
2015.06.29 12:36:56.717,1.9419,1.9423,1.00,1.50
2015.06.29 12:36:56.767,1.94194,1.9423,1.00,1.00
2015.06.29 12:36:56.818,1.94194,1.94232,1.00,1.50
2015.06.29 12:36:58.901,1.94197,1.94233,1.00,1.00
2015.06.29 12:36:59.052,1.94197,1.94235,1.00,1.00
2015.06.29 12:37:00.412,1.942,1.94232,1.00,1.00
2015.06.29 12:37:00.916,1.942,1.94236,1.00,1.00
2015.06.29 12:37:01.017,1.942,1.94239,1.00,1.00
2015.06.29 12:37:01.068,1.94204,1.94241,1.00,1.00
2015.06.29 12:37:02.404,1.94212,1.94247,1.00,1.50
2015.06.29 12:37:02.963,1.94212,1.94246,1.00,1.00
2015.06.29 12:37:03.890,1.94212,1.94247,1.00,1.00
2015.06.29 12:37:04.092,1.94212,1.94249,1.00,1.00
2015.06.29 12:37:04.193,1.94209,1.94245,1.00,1.00
2015.06.29 12:37:04.517,1.94216,1.94252,1.00,1.00
2015.06.29 12:37:06.059,1.94216,1.94251,1.00,1.00
2015.06.29 12:37:06.702,1.94216,1.94252,1.00,1.00
2015.06.29 12:37:07.024,1.94216,1.94247,1.00,1.00
2015.06.29 12:37:07.486,1.94218,1.94247,1.00,1.00
2015.06.29 12:37:07.588,1.94218,1.94252,1.00,1.00
2015.06.29 12:37:09.723,1.94223,1.94252,1.00,1.00
2015.06.29 12:37:10.242,1.94223,1.94257,1.00,1.00
2015.06.29 12:37:10.555,1.94223,1.9426,1.00,1.00
2015.06.29 12:37:13.813,1.94226,1.94262,1.00,1.00
2015.06.29 12:37:13.864,1.94226,1.94265,1.00,1.00
2015.06.29 12:37:15.872,1.94225,1.94266,1.00,1.50
2015.06.29 12:37:16.597,1.94225,1.94267,1.00,1.00
2015.06.29 12:37:17.744,1.94228,1.94266,1.00,1.00
2015.06.29 12:37:17.845,1.94228,1.94272,1.00,1.00
2015.06.29 12:37:17.946,1.94232,1.94272,1.00,1.00
2015.06.29 12:37:18.047,1.94232,1.94274,1.00,1.00
2015.06.29 12:37:18.149,1.94232,1.94277,1.00,3.00
2015.06.29 12:37:18.775,1.94232,1.94276,1.00,1.00
2015.06.29 12:37:19.028,1.94235,1.94276,1.00,1.00
2015.06.29 12:37:20.356,1.94235,1.94277,1.00,1.00
2015.06.29 12:37:21.155,1.94235,1.94276,1.00,1.00
2015.06.29 12:37:22.566,1.94235,1.94281,1.00,1.50
2015.06.29 12:37:22.875,1.94235,1.94277,1.00,1.00
2015.06.29 12:37:23.305,1.94235,1.94281,1.50,1.50
2015.06.29 12:37:23.767,1.94235,1.94277,1.50,1.00
2015.06.29 12:37:25.735,1.94235,1.94271,1.00,1.00
2015.06.29 12:37:27.109,1.9424,1.94276,1.00,1.00
2015.06.29 12:37:27.412,1.94245,1.94282,1.00,1.00
2015.06.29 12:37:27.563,1.94247,1.94282,1.00,1.00
2015.06.29 12:37:27.614,1.94247,1.94287,1.00,1.00
2015.06.29 12:37:27.716,1.94249,1.94287,1.00,1.00
2015.06.29 12:37:28.034,1.94251,1.94287,1.00,1.00
2015.06.29 12:37:29.343,1.94251,1.94286,1.00,1.00
2015.06.29 12:37:29.394,1.94251,1.94292,1.00,1.00
2015.06.29 12:37:30.175,1.94251,1.94297,1.00,1.50
2015.06.29 12:37:31.115,1.94254,1.94301,1.00,1.87
2015.06.29 12:37:31.468,1.94259,1.94301,1.00,1.00
2015.06.29 12:37:32.483,1.94263,1.94309,1.50,1.00
2015.06.29 12:37:32.540,1.94266,1.94312,1.00,1.50
2015.06.29 12:37:32.844,1.94266,1.94307,1.00,1.00
2015.06.29 12:37:33.327,1.94264,1.94307,1.00,1.00
2015.06.29 12:37:33.831,1.94259,1.94305,1.00,1.00
2015.06.29 12:37:33.882,1.9426,1.94302,1.00,1.00
2015.06.29 12:37:34.445,1.94258,1.94302,1.00,1.00
2015.06.29 12:37:36.298,1.94258,1.94301,1.00,1.00
2015.06.29 12:37:36.899,1.94259,1.94302,1.00,1.00
2015.06.29 12:37:36.954,1.94259,1.94304,1.50,1.00
2015.06.29 12:37:37.005,1.94266,1.94306,1.00,1.00
2015.06.29 12:37:37.408,1.94266,1.94312,1.00,1.00
2015.06.29 12:37:37.509,1.94267,1.94307,1.00,1.00
2015.06.29 12:37:37.610,1.94267,1.94312,1.00,1.00
2015.06.29 12:37:38.476,1.94268,1.94312,1.00,1.00
2015.06.29 12:37:38.595,1.94269,1.94307,1.00,1.00
2015.06.29 12:37:39.068,1.94269,1.94312,1.00,1.00
2015.06.29 12:37:40.927,1.94269,1.94311,1.00,1.00
2015.06.29 12:37:42.530,1.94268,1.94312,1.00,1.00
2015.06.29 12:37:42.681,1.9427,1.94312,1.00,1.00
2015.06.29 12:37:42.984,1.9427,1.94306,1.00,1.00
2015.06.29 12:37:43.136,1.94268,1.94306,1.00,1.00
2015.06.29 12:37:44.036,1.94267,1.94307,1.00,1.00
2015.06.29 12:37:45.231,1.94267,1.94306,1.00,1.00
2015.06.29 12:37:46.236,1.94267,1.94307,1.00,1.00
2015.06.29 12:37:46.337,1.94265,1.94306,1.00,1.00
2015.06.29 12:37:49.712,1.94265,1.94307,1.00,1.00
2015.06.29 12:37:50.498,1.94264,1.94307,1.00,1.00
2015.06.29 12:37:50.599,1.94266,1.94307,1.00,1.00
2015.06.29 12:37:51.555,1.94263,1.94307,1.00,1.00
2015.06.29 12:37:52.115,1.94262,1.94307,1.00,1.00
2015.06.29 12:37:52.170,1.9426,1.94307,1.00,1.00
2015.06.29 12:37:53.035,1.9426,1.94306,1.00,1.00
2015.06.29 12:37:54.006,1.94261,1.94306,1.00,1.00
2015.06.29 12:37:54.157,1.9426,1.94302,1.00,1.00
2015.06.29 12:37:55.561,1.94254,1.94301,1.50,2.25
2015.06.29 12:37:55.662,1.94252,1.94297,1.00,1.00
2015.06.29 12:37:56.171,1.94251,1.94297,1.00,1.00
2015.06.29 12:37:56.335,1.94251,1.94299,1.50,1.00
2015.06.29 12:37:56.436,1.94255,1.94302,1.00,1.50
2015.06.29 12:37:57.090,1.94266,1.94311,1.00,1.00
2015.06.29 12:37:57.545,1.94268,1.94312,1.00,1.00
2015.06.29 12:37:58.011,1.94273,1.94312,1.00,1.00
2015.06.29 12:37:58.112,1.94274,1.94317,1.00,1.00
2015.06.29 12:37:58.668,1.94275,1.94322,1.00,1.00
2015.06.29 12:37:59.236,1.94275,1.94319,1.00,1.00
2015.06.29 12:37:59.637,1.94273,1.94316,1.00,1.00
2015.06.29 12:38:00.339,1.94272,1.94319,1.00,1.00
2015.06.29 12:38:00.390,1.94278,1.94319,1.00,1.00
2015.06.29 12:38:00.441,1.94278,1.94322,1.00,1.00
2015.06.29 12:38:00.542,1.94281,1.94322,1.00,1.00
2015.06.29 12:38:00.644,1.94281,1.94326,1.00,1.00
2015.06.29 12:38:00.846,1.94281,1.94322,1.00,1.00
2015.06.29 12:38:01.745,1.94281,1.94321,1.00,1.00
2015.06.29 12:38:03.854,1.94285,1.94322,1.00,1.00
2015.06.29 12:38:03.905,1.94285,1.94327,1.00,1.00
2015.06.29 12:38:04.157,1.94289,1.94332,1.00,1.00
2015.06.29 12:38:04.259,1.94295,1.94332,1.00,1.00
2015.06.29 12:38:04.359,1.94295,1.94341,1.00,1.00
2015.06.29 12:38:04.410,1.94295,1.94339,1.00,1.00
2015.06.29 12:38:04.712,1.94297,1.94341,1.00,1.00
2015.06.29 12:38:05.231,1.94298,1.94342,1.00,1.00
2015.06.29 12:38:05.572,1.94302,1.94342,1.00,1.00
2015.06.29 12:38:05.875,1.94305,1.94342,1.00,1.00
2015.06.29 12:38:05.926,1.94307,1.94347,1.00,1.00
2015.06.29 12:38:06.108,1.94305,1.94347,1.00,1.00
2015.06.29 12:38:07.653,1.94306,1.94347,1.00,1.00
2015.06.29 12:38:09.226,1.94307,1.94347,1.00,1.00
2015.06.29 12:38:09.278,1.94307,1.94352,1.00,1.12
2015.06.29 12:38:09.633,1.94307,1.94347,1.00,1.00
2015.06.29 12:38:09.735,1.94304,1.94347,1.50,1.00
2015.06.29 12:38:09.890,1.94305,1.94351,1.00,1.00
2015.06.29 12:38:09.991,1.94312,1.94357,1.00,1.00
2015.06.29 12:38:10.560,1.94315,1.94357,1.00,1.00
2015.06.29 12:38:11.070,1.94312,1.94357,1.00,1.00
2015.06.29 12:38:11.580,1.94312,1.94356,1.00,1.00
2015.06.29 12:38:13.145,1.94311,1.94356,1.00,1.00
2015.06.29 12:38:13.809,1.94308,1.94356,1.50,1.00
2015.06.29 12:38:14.146,1.94311,1.94357,1.00,1.00
2015.06.29 12:38:14.449,1.94313,1.94352,1.00,1.00
2015.06.29 12:38:14.499,1.94309,1.94352,1.00,1.00
2015.06.29 12:38:14.600,1.94309,1.94357,1.00,1.50
2015.06.29 12:38:15.455,1.94307,1.94352,1.00,1.00
2015.06.29 12:38:15.506,1.94305,1.94352,1.50,1.00
2015.06.29 12:38:17.376,1.94305,1.94347,1.00,1.00
2015.06.29 12:38:17.433,1.94299,1.94342,1.00,1.00
2015.06.29 12:38:17.585,1.94296,1.94342,1.00,1.00
2015.06.29 12:38:17.686,1.94298,1.94342,1.00,1.00
2015.06.29 12:38:18.139,1.94299,1.94347,1.00,1.00
2015.06.29 12:38:18.679,1.94295,1.94342,1.50,1.00
2015.06.29 12:38:19.014,1.94297,1.94346,1.00,1.50
2015.06.29 12:38:19.115,1.94298,1.94348,1.00,1.00
2015.06.29 12:38:19.216,1.94301,1.94348,1.00,1.00
2015.06.29 12:38:19.462,1.94299,1.94347,1.00,1.00
2015.06.29 12:38:20.116,1.943,1.94349,1.00,1.00
2015.06.29 12:38:22.419,1.94302,1.94347,1.00,1.00
2015.06.29 12:38:22.619,1.94299,1.94349,1.50,1.50
2015.06.29 12:38:22.721,1.94299,1.94346,1.00,1.00
2015.06.29 12:38:22.875,1.94299,1.94349,1.00,1.50
2015.06.29 12:38:23.698,1.94299,1.94347,1.00,1.00
2015.06.29 12:38:24.071,1.943,1.94349,1.00,1.50
2015.06.29 12:38:24.180,1.94297,1.94346,1.00,1.50
2015.06.29 12:38:24.686,1.94296,1.94346,1.00,1.00
2015.06.29 12:38:25.300,1.94293,1.94341,1.00,1.00
2015.06.29 12:38:25.593,1.94294,1.94343,1.00,1.00
2015.06.29 12:38:26.246,1.94296,1.94343,1.00,1.00
2015.06.29 12:38:26.347,1.94299,1.94347,1.00,1.50
2015.06.29 12:38:26.823,1.94297,1.94344,1.00,1.00
2015.06.29 12:38:27.139,1.94292,1.94341,1.00,1.00
2015.06.29 12:38:27.451,1.94296,1.94341,1.00,1.00
2015.06.29 12:38:28.208,1.94288,1.94335,1.00,1.00
2015.06.29 12:38:28.259,1.94291,1.94337,1.00,1.00
2015.06.29 12:38:28.688,1.94295,1.94337,1.00,1.00
2015.06.29 12:38:28.790,1.94296,1.94342,1.00,1.00
2015.06.29 12:38:29.292,1.94297,1.94342,1.00,1.00
2015.06.29 12:38:29.778,1.94294,1.94342,1.00,1.50
2015.06.29 12:38:30.012,1.94294,1.94337,1.00,1.00
2015.06.29 12:38:30.084,1.94294,1.94342,1.00,1.50
2015.06.29 12:38:33.235,1.9429,1.94339,1.00,1.00
2015.06.29 12:38:33.774,1.94291,1.9434,1.00,1.50
2015.06.29 12:38:35.583,1.94293,1.9434,1.00,1.00
2015.06.29 12:38:36.619,1.94291,1.9434,1.00,1.50
2015.06.29 12:38:37.152,1.94285,1.94328,1.00,1.00
2015.06.29 12:38:37.203,1.94279,1.94328,1.00,1.00
2015.06.29 12:38:37.355,1.94279,1.94326,1.00,1.00
2015.06.29 12:38:37.689,1.94278,1.94321,1.00,1.00
2015.06.29 12:38:37.791,1.94279,1.94326,1.00,1.50
2015.06.29 12:38:38.144,1.94277,1.94321,1.00,1.00
2015.06.29 12:38:39.246,1.9428,1.94321,1.00,1.00
2015.06.29 12:38:39.347,1.9428,1.94328,1.00,1.00
2015.06.29 12:38:39.448,1.94282,1.94331,1.00,1.50
2015.06.29 12:38:39.549,1.94284,1.94331,1.00,1.00
2015.06.29 12:38:40.284,1.94282,1.94331,1.00,1.50
2015.06.29 12:38:40.809,1.94281,1.9433,1.00,1.00
2015.06.29 12:38:40.910,1.94279,1.94325,1.00,1.00
2015.06.29 12:38:41.314,1.94277,1.94324,1.00,1.00
2015.06.29 12:38:41.415,1.94276,1.94326,1.00,1.00
2015.06.29 12:38:41.933,1.94275,1.94323,1.00,1.00
2015.06.29 12:38:42.308,1.94275,1.94321,1.00,1.00
2015.06.29 12:38:44.111,1.94277,1.94322,1.00,1.00
2015.06.29 12:38:44.415,1.94279,1.94324,1.00,1.00
2015.06.29 12:38:44.825,1.94277,1.94322,1.00,1.00
2015.06.29 12:38:46.082,1.94276,1.94322,1.00,1.00
2015.06.29 12:38:48.896,1.94275,1.94322,1.00,1.00
2015.06.29 12:38:50.074,1.94276,1.94322,1.00,1.00
2015.06.29 12:38:51.363,1.94276,1.94316,1.00,1.00
2015.06.29 12:38:52.014,1.94276,1.94321,1.00,1.00
2015.06.29 12:38:52.216,1.94272,1.94316,1.12,1.00
2015.06.29 12:38:52.368,1.94264,1.94312,2.62,1.00
2015.06.29 12:38:52.419,1.94264,1.94306,1.00,1.00
2015.06.29 12:38:52.520,1.94258,1.94306,1.50,1.00
2015.06.29 12:38:52.571,1.94255,1.94304,1.50,1.00
2015.06.29 12:38:52.874,1.94257,1.94304,1.00,1.00
2015.06.29 12:38:53.379,1.94255,1.94303,1.50,1.00
2015.06.29 12:38:53.430,1.94257,1.94303,1.00,1.00
2015.06.29 12:38:53.758,1.94251,1.94298,1.00,1.00
2015.06.29 12:38:54.072,1.94251,1.94296,1.00,1.00
2015.06.29 12:38:54.900,1.94251,1.94297,1.00,1.00
2015.06.29 12:38:55.218,1.94253,1.94299,1.00,1.00
2015.06.29 12:38:55.319,1.94254,1.94302,1.00,1.50
2015.06.29 12:38:55.420,1.94257,1.94301,1.00,1.00
2015.06.29 12:38:56.138,1.94258,1.94302,1.00,1.00
2015.06.29 12:38:56.475,1.94261,1.94302,1.00,1.00
2015.06.29 12:38:56.526,1.94261,1.94306,1.00,1.00
2015.06.29 12:38:57.046,1.94263,1.94307,1.00,1.50
2015.06.29 12:38:57.700,1.94271,1.94309,1.00,1.00
2015.06.29 12:38:57.751,1.94271,1.94314,1.00,1.00
2015.06.29 12:38:57.852,1.94273,1.94314,1.00,1.00
2015.06.29 12:38:57.953,1.94278,1.94321,1.00,1.00
2015.06.29 12:38:58.463,1.94277,1.94321,1.00,1.00
2015.06.29 12:38:59.136,1.94272,1.94314,1.00,1.00
2015.06.29 12:38:59.189,1.94269,1.94314,1.00,1.00
2015.06.29 12:39:00.365,1.94268,1.94312,1.00,1.00
2015.06.29 12:39:00.895,1.94268,1.94314,1.50,1.00
2015.06.29 12:39:01.400,1.94269,1.94314,1.00,1.00
2015.06.29 12:39:02.084,1.94269,1.94314,1.87,1.00
2015.06.29 12:39:03.153,1.94271,1.94316,1.00,1.00
2015.06.29 12:39:03.668,1.94271,1.94317,1.00,1.50
2015.06.29 12:39:03.904,1.94271,1.94312,1.00,1.00
2015.06.29 12:39:04.119,1.94271,1.94317,1.00,2.25
2015.06.29 12:39:04.766,1.94271,1.94317,1.37,1.50
2015.06.29 12:39:06.588,1.94271,1.94317,1.00,2.25
2015.06.29 12:39:08.258,1.94271,1.94317,1.37,2.25
2015.06.29 12:39:08.788,1.94271,1.94317,1.00,2.25
2015.06.29 12:39:10.443,1.94271,1.94317,1.37,2.25
2015.06.29 12:39:11.301,1.94271,1.94317,1.37,2.25
2015.06.29 12:39:12.014,1.94271,1.94315,1.00,1.00
2015.06.29 12:39:12.625,1.94271,1.94316,1.00,1.00
2015.06.29 12:39:13.573,1.94273,1.94316,1.00,1.00
2015.06.29 12:39:13.877,1.94274,1.94312,1.00,1.00
2015.06.29 12:39:14.130,1.94274,1.94314,1.00,1.50
2015.06.29 12:39:16.433,1.94268,1.94313,1.50,1.00
2015.06.29 12:39:17.628,1.9427,1.94314,1.00,1.00
2015.06.29 12:39:17.931,1.94273,1.94314,1.00,1.00
2015.06.29 12:39:18.042,1.9427,1.94314,1.00,1.00
2015.06.29 12:39:18.496,1.94271,1.94317,1.50,1.00
2015.06.29 12:39:18.849,1.94274,1.94317,1.00,1.00
2015.06.29 12:39:19.386,1.94274,1.94316,1.00,1.00
2015.06.29 12:39:19.905,1.94274,1.94317,1.00,1.00
2015.06.29 12:39:21.143,1.94274,1.94316,1.00,1.00
2015.06.29 12:39:21.648,1.94272,1.94316,1.50,1.00
2015.06.29 12:39:21.815,1.94272,1.94312,1.00,1.00
2015.06.29 12:39:21.866,1.94268,1.94312,1.00,1.00
2015.06.29 12:39:22.278,1.94263,1.94308,1.00,1.00
2015.06.29 12:39:22.329,1.94265,1.94304,1.00,1.00
2015.06.29 12:39:30.723,1.94265,1.94295,1.00,1.00
2015.06.29 12:39:30.774,1.94256,1.94295,1.00,1.00
2015.06.29 12:39:30.875,1.94254,1.94292,1.00,1.00
2015.06.29 12:39:30.926,1.94249,1.94289,1.00,1.00
2015.06.29 12:39:31.027,1.94249,1.94284,1.00,1.00
2015.06.29 12:39:31.670,1.94249,1.94283,1.00,1.00
2015.06.29 12:39:31.998,1.94246,1.94283,1.00,1.00
2015.06.29 12:39:32.048,1.94246,1.94272,1.00,1.00
2015.06.29 12:39:32.099,1.94242,1.94272,1.00,1.00
2015.06.29 12:39:32.150,1.94235,1.94272,1.00,1.00
2015.06.29 12:39:32.201,1.94233,1.94272,1.50,1.00
2015.06.29 12:39:33.274,1.94234,1.94272,1.00,1.00
2015.06.29 12:39:33.375,1.94238,1.94272,1.00,1.00
2015.06.29 12:39:33.709,1.94233,1.94272,1.50,1.00
2015.06.29 12:39:34.453,1.94234,1.94272,1.00,1.00
2015.06.29 12:39:34.562,1.94237,1.94272,1.00,1.00
2015.06.29 12:39:35.016,1.94234,1.94272,1.00,1.00
2015.06.29 12:39:35.589,1.94233,1.94272,1.50,1.00
2015.06.29 12:39:37.341,1.94233,1.94271,1.00,1.00
2015.06.29 12:39:37.845,1.94233,1.94272,1.00,1.00
2015.06.29 12:39:38.761,1.94233,1.94271,1.00,1.00
2015.06.29 12:39:39.874,1.94233,1.94265,1.00,1.00
2015.06.29 12:39:40.190,1.94233,1.94269,1.00,1.00
2015.06.29 12:39:40.291,1.9423,1.94265,1.00,1.00
2015.06.29 12:39:40.493,1.94226,1.94265,1.00,2.25
2015.06.29 12:39:41.720,1.94226,1.94261,1.00,1.00
2015.06.29 12:39:41.772,1.94216,1.94255,1.00,1.00
2015.06.29 12:39:42.276,1.94216,1.94252,1.00,1.00
2015.06.29 12:39:43.207,1.94211,1.94249,1.00,1.00
2015.06.29 12:39:43.258,1.94209,1.94249,1.00,1.00
2015.06.29 12:39:43.823,1.94209,1.94247,1.00,1.00
2015.06.29 12:39:43.924,1.94204,1.94247,1.00,1.00
2015.06.29 12:39:44.656,1.94204,1.94249,1.00,1.00
2015.06.29 12:39:45.126,1.94204,1.94247,1.00,1.00
2015.06.29 12:39:45.429,1.94201,1.94245,1.00,1.00
2015.06.29 12:39:45.480,1.94201,1.94243,1.00,1.00
2015.06.29 12:39:46.118,1.94201,1.94239,1.00,1.00
2015.06.29 12:39:46.169,1.94196,1.94236,1.00,1.00
2015.06.29 12:39:46.682,1.94196,1.94235,1.00,1.00
2015.06.29 12:39:46.884,1.94196,1.94233,1.00,1.00
2015.06.29 12:39:46.936,1.94192,1.94233,1.00,1.00
2015.06.29 12:39:47.724,1.94188,1.94234,1.00,1.50
2015.06.29 12:39:48.649,1.94188,1.94232,1.00,1.00
2015.06.29 12:39:48.952,1.94184,1.94226,1.00,1.50
2015.06.29 12:39:49.497,1.94176,1.94208,1.00,1.00
2015.06.29 12:39:49.549,1.9416,1.94209,1.00,1.50
2015.06.29 12:39:50.214,1.94161,1.94208,1.00,1.00
2015.06.29 12:39:50.320,1.94163,1.94211,1.00,2.25
2015.06.29 12:39:51.061,1.94163,1.9421,1.00,1.00
2015.06.29 12:39:51.263,1.94163,1.94208,1.00,1.00
2015.06.29 12:39:51.414,1.94163,1.9421,1.00,1.50
2015.06.29 12:39:51.863,1.94169,1.9421,1.00,1.50
2015.06.29 12:39:52.499,1.94169,1.94211,1.00,1.00
2015.06.29 12:39:54.863,1.94173,1.94211,1.00,1.00
2015.06.29 12:39:57.343,1.94173,1.94216,1.00,1.00
2015.06.29 12:39:57.538,1.94168,1.94216,1.00,1.00
2015.06.29 12:39:58.042,1.94168,1.94217,1.00,2.25
2015.06.29 12:39:58.770,1.94168,1.9421,1.00,1.00
2015.06.29 12:39:59.001,1.94168,1.94213,1.00,1.00
2015.06.29 12:39:59.402,1.94168,1.9421,1.00,1.00
2015.06.29 12:39:59.705,1.94173,1.94214,1.00,1.00
2015.06.29 12:39:59.756,1.94173,1.94217,1.00,1.00
2015.06.29 12:39:59.857,1.94173,1.94221,1.00,1.00
2015.06.29 12:40:00.362,1.94174,1.9422,1.00,1.00
2015.06.29 12:40:00.617,1.94169,1.94218,1.50,1.00
2015.06.29 12:40:00.769,1.94177,1.94218,1.00,1.00
2015.06.29 12:40:00.870,1.94182,1.94227,1.00,1.50
2015.06.29 12:40:01.797,1.94183,1.94231,1.00,1.50
2015.06.29 12:40:01.948,1.94185,1.94232,1.00,1.00
2015.06.29 12:40:02.251,1.94188,1.94234,1.00,1.00
2015.06.29 12:40:02.402,1.94188,1.94237,1.50,1.50
2015.06.29 12:40:02.503,1.94188,1.94235,1.50,1.00
2015.06.29 12:40:02.604,1.94189,1.94237,1.00,2.25
2015.06.29 12:40:02.705,1.94193,1.94237,1.00,1.50
2015.06.29 12:40:03.219,1.94194,1.9424,1.00,1.00
2015.06.29 12:40:03.530,1.94194,1.9424,1.34,1.00
2015.06.29 12:40:03.782,1.94203,1.9425,1.00,1.00
2015.06.29 12:40:03.883,1.94213,1.9425,1.00,1.00
2015.06.29 12:40:03.934,1.94213,1.94254,1.00,1.00
2015.06.29 12:40:04.430,1.94213,1.9425,1.00,1.00
2015.06.29 12:40:04.481,1.94205,1.94252,1.50,1.00
2015.06.29 12:40:04.837,1.94205,1.9425,1.00,1.00
2015.06.29 12:40:05.139,1.94209,1.94252,1.00,1.00
2015.06.29 12:40:05.190,1.94213,1.94257,1.00,1.00
2015.06.29 12:40:07.003,1.94215,1.94257,1.00,1.00
2015.06.29 12:40:07.599,1.94214,1.94257,1.00,1.00
2015.06.29 12:40:07.652,1.94221,1.94269,1.00,1.00
2015.06.29 12:40:07.703,1.94221,1.94271,1.00,1.00
2015.06.29 12:40:07.754,1.94219,1.94271,1.00,1.00
2015.06.29 12:40:07.804,1.94219,1.94268,1.00,1.00
2015.06.29 12:40:07.956,1.94213,1.94263,1.00,1.00
2015.06.29 12:40:08.208,1.9421,1.94257,1.00,1.00
2015.06.29 12:40:08.410,1.94204,1.94255,2.25,1.00
2015.06.29 12:40:09.022,1.94201,1.94247,1.00,1.50
2015.06.29 12:40:09.325,1.94203,1.94247,1.00,1.00
2015.06.29 12:40:09.376,1.94201,1.94247,1.00,1.50
2015.06.29 12:40:09.963,1.94204,1.94247,1.00,1.00
2015.06.29 12:40:10.447,1.94198,1.94247,1.50,1.50
2015.06.29 12:40:10.685,1.94203,1.94247,1.00,1.00
2015.06.29 12:40:11.066,1.94199,1.94246,1.00,1.00
2015.06.29 12:40:11.368,1.94204,1.94247,1.00,1.00
2015.06.29 12:40:11.896,1.94203,1.94247,1.00,1.00
2015.06.29 12:40:14.079,1.94203,1.94248,1.00,1.00
2015.06.29 12:40:15.101,1.94204,1.94248,1.00,1.00
2015.06.29 12:40:15.607,1.94204,1.94247,1.00,1.00
2015.06.29 12:40:16.145,1.94203,1.94247,1.00,1.00
2015.06.29 12:40:17.251,1.94203,1.94245,1.00,1.00
2015.06.29 12:40:17.352,1.94203,1.94247,1.00,1.00
2015.06.29 12:40:17.869,1.94204,1.94247,1.00,1.00
2015.06.29 12:40:18.405,1.94209,1.94247,1.00,1.00
2015.06.29 12:40:18.556,1.94209,1.94249,1.00,1.00
2015.06.29 12:40:20.746,1.94204,1.94248,1.00,1.12
2015.06.29 12:40:21.386,1.94204,1.94248,1.00,1.37
2015.06.29 12:40:22.005,1.94204,1.9425,1.00,1.37
2015.06.29 12:40:22.556,1.94213,1.94253,1.50,1.00
2015.06.29 12:40:22.613,1.94214,1.94261,1.00,1.00
2015.06.29 12:40:22.815,1.94214,1.94264,1.00,1.00
2015.06.29 12:40:23.334,1.94214,1.94263,1.00,1.00
2015.06.29 12:40:24.148,1.94213,1.94263,1.50,1.00
2015.06.29 12:40:24.517,1.94215,1.94263,1.00,1.00
2015.06.29 12:40:24.820,1.94223,1.9427,1.00,1.00
2015.06.29 12:40:25.570,1.94223,1.94267,1.00,1.00
2015.06.29 12:40:25.872,1.94224,1.9427,1.00,1.00
2015.06.29 12:40:26.414,1.94223,1.9427,1.00,1.00
2015.06.29 12:40:26.465,1.94223,1.94272,1.50,1.00
2015.06.29 12:40:27.313,1.94223,1.94271,1.00,1.00
2015.06.29 12:40:28.664,1.94223,1.94268,1.00,1.00
2015.06.29 12:40:28.966,1.94223,1.94266,1.00,1.00
2015.06.29 12:40:29.622,1.94223,1.9426,1.00,1.00
2015.06.29 12:40:29.673,1.94207,1.94251,1.00,1.00
2015.06.29 12:40:29.875,1.94204,1.9425,1.00,1.00
2015.06.29 12:40:30.077,1.94208,1.9425,1.00,1.00
2015.06.29 12:40:30.582,1.94208,1.94251,1.00,1.00
2015.06.29 12:40:31.399,1.94203,1.94251,2.25,1.00
2015.06.29 12:40:31.962,1.94204,1.9425,1.00,1.00
2015.06.29 12:40:33.723,1.94203,1.94251,1.50,1.00
2015.06.29 12:40:33.925,1.94209,1.94251,1.00,1.00
2015.06.29 12:40:33.976,1.94209,1.94257,1.00,1.00
2015.06.29 12:40:34.279,1.94211,1.9426,1.00,1.00
2015.06.29 12:40:34.431,1.94209,1.9426,1.50,1.00
2015.06.29 12:40:35.975,1.9421,1.9426,1.00,1.00
2015.06.29 12:40:36.036,1.94212,1.9426,1.00,1.00
2015.06.29 12:40:36.414,1.94212,1.94262,1.50,1.00
2015.06.29 12:40:36.618,1.94214,1.94263,1.00,1.00
2015.06.29 12:40:36.920,1.94216,1.94265,1.00,1.50
2015.06.29 12:40:37.223,1.9422,1.94265,1.00,1.00
2015.06.29 12:40:37.812,1.94225,1.94269,1.00,1.00
2015.06.29 12:40:38.132,1.94225,1.94265,1.00,1.00
2015.06.29 12:40:38.234,1.9422,1.94265,1.00,1.50
2015.06.29 12:40:38.587,1.9422,1.94263,1.00,1.00
2015.06.29 12:40:39.280,1.94216,1.9426,1.00,1.00
2015.06.29 12:40:39.709,1.94216,1.94257,1.00,1.00
2015.06.29 12:40:40.012,1.94218,1.94257,1.00,1.00
2015.06.29 12:40:40.480,1.94218,1.94243,1.00,1.00
2015.06.29 12:40:40.530,1.94202,1.94243,1.00,1.00
2015.06.29 12:40:42.306,1.94202,1.94239,1.00,1.00
2015.06.29 12:40:42.356,1.94195,1.94239,1.00,1.00
2015.06.29 12:40:42.407,1.9419,1.94234,1.50,1.00
2015.06.29 12:40:42.847,1.94188,1.94231,1.00,1.00
2015.06.29 12:40:43.780,1.94196,1.94235,1.00,1.00
2015.06.29 12:40:43.982,1.94194,1.94235,1.00,1.00
2015.06.29 12:40:44.184,1.94197,1.94235,1.00,1.00
2015.06.29 12:40:44.336,1.94197,1.94241,1.00,1.00
2015.06.29 12:40:44.839,1.94198,1.94241,1.00,1.00
2015.06.29 12:40:46.280,1.94197,1.94241,1.00,1.00
2015.06.29 12:40:46.331,1.94203,1.94241,1.00,1.00
2015.06.29 12:40:46.482,1.94198,1.94241,1.00,1.00
2015.06.29 12:40:46.835,1.94196,1.94241,1.00,1.00
2015.06.29 12:40:47.405,1.94194,1.94232,1.00,1.00
2015.06.29 12:40:47.708,1.9419,1.94232,1.00,1.00
2015.06.29 12:40:47.809,1.94193,1.94232,1.00,1.00
2015.06.29 12:40:48.162,1.94198,1.94232,1.00,1.00
2015.06.29 12:40:49.467,1.94194,1.9423,1.00,1.00
2015.06.29 12:40:49.518,1.94187,1.9423,1.00,1.00
2015.06.29 12:40:52.586,1.9419,1.94228,1.00,1.00
2015.06.29 12:41:20.951,1.9419,1.94227,1.00,1.00
2015.06.29 12:41:21.273,1.94185,1.9422,1.00,1.00
2015.06.29 12:41:21.576,1.94178,1.94212,1.50,1.00
2015.06.29 12:41:22.142,1.94178,1.94211,1.00,1.00
2015.06.29 12:41:22.344,1.94147,1.94187,1.00,1.00
2015.06.29 12:41:22.496,1.94147,1.94189,1.00,1.00
2015.06.29 12:41:22.702,1.94147,1.94191,1.00,1.00
2015.06.29 12:41:22.803,1.94149,1.94191,1.00,1.00
2015.06.29 12:41:23.485,1.94148,1.94191,1.00,1.50
2015.06.29 12:41:23.795,1.94143,1.94186,1.50,1.00
2015.06.29 12:41:24.471,1.94143,1.94188,1.50,1.00
2015.06.29 12:41:25.016,1.94147,1.94191,1.00,1.00
2015.06.29 12:41:25.320,1.9415,1.94193,1.00,1.00
2015.06.29 12:41:26.738,1.9415,1.94185,1.00,1.00
2015.06.29 12:41:26.788,1.94145,1.94186,1.00,1.00
2015.06.29 12:41:28.547,1.94145,1.9419,1.00,1.00
2015.06.29 12:41:29.113,1.94148,1.9419,1.00,1.00
2015.06.29 12:41:30.943,1.94145,1.9419,1.00,1.00
2015.06.29 12:41:33.029,1.94159,1.9419,1.00,1.00
2015.06.29 12:41:33.231,1.94163,1.94198,1.00,1.00
2015.06.29 12:41:33.282,1.94163,1.942,1.00,1.00
2015.06.29 12:41:34.186,1.94163,1.942,1.00,1.34
2015.06.29 12:41:34.237,1.94159,1.942,1.00,1.34
2015.06.29 12:41:35.063,1.94159,1.942,1.00,1.00
2015.06.29 12:41:35.645,1.94156,1.942,1.00,1.50
2015.06.29 12:41:35.696,1.94152,1.94198,1.00,1.00
2015.06.29 12:41:35.999,1.94152,1.94196,1.00,1.00
2015.06.29 12:41:36.150,1.94145,1.94191,1.00,1.00
2015.06.29 12:41:36.253,1.94148,1.94191,1.00,1.00
2015.06.29 12:41:36.877,1.94149,1.94191,1.00,1.00
2015.06.29 12:41:37.333,1.94154,1.94191,1.00,1.00
2015.06.29 12:41:37.586,1.94154,1.94199,1.00,1.00
2015.06.29 12:41:38.392,1.94158,1.94199,1.00,1.00
2015.06.29 12:41:38.493,1.94158,1.94201,1.00,1.00
2015.06.29 12:41:38.672,1.94156,1.94201,1.00,1.00
2015.06.29 12:41:39.003,1.94153,1.94199,1.00,1.00
2015.06.29 12:41:41.098,1.94152,1.94199,1.00,1.50
2015.06.29 12:41:41.762,1.94153,1.94199,1.00,1.00
2015.06.29 12:41:42.556,1.94156,1.94202,1.00,1.00
2015.06.29 12:41:43.762,1.94162,1.94206,1.00,1.00
2015.06.29 12:41:46.221,1.94157,1.94204,1.00,1.00
2015.06.29 12:41:52.613,1.94159,1.94204,1.00,1.00
2015.06.29 12:41:53.370,1.94164,1.94209,1.00,1.00
2015.06.29 12:41:55.275,1.94179,1.94222,1.00,1.87
2015.06.29 12:41:55.335,1.94179,1.94222,1.00,1.00
2015.06.29 12:41:55.386,1.94179,1.94225,1.50,1.00
2015.06.29 12:41:55.588,1.94183,1.94225,1.00,1.00
2015.06.29 12:41:59.456,1.94194,1.94225,1.00,1.00
2015.06.29 12:41:59.507,1.94194,1.94229,1.00,1.00
2015.06.29 12:41:59.608,1.94194,1.94234,1.00,1.00
2015.06.29 12:41:59.659,1.94188,1.94234,1.00,1.00
2015.06.29 12:41:59.911,1.94193,1.94234,1.00,1.00
2015.06.29 12:42:00.452,1.94194,1.94234,1.00,1.00
2015.06.29 12:42:01.050,1.94193,1.94234,1.00,1.00
2015.06.29 12:42:01.572,1.94194,1.94234,1.00,1.00
2015.06.29 12:42:02.133,1.94193,1.94234,1.00,1.00
2015.06.29 12:42:04.054,1.94193,1.94237,1.00,1.00
2015.06.29 12:42:04.910,1.94194,1.94237,1.00,1.00
2015.06.29 12:42:05.067,1.94203,1.94237,1.00,1.00
2015.06.29 12:42:05.168,1.94203,1.9424,1.00,1.00
2015.06.29 12:42:05.672,1.94204,1.9424,1.00,1.00
2015.06.29 12:42:06.101,1.94204,1.94243,1.00,1.00
2015.06.29 12:42:06.844,1.94203,1.94243,1.00,1.00
2015.06.29 12:42:07.160,1.94198,1.94243,1.00,1.00
2015.06.29 12:42:07.661,1.94197,1.94243,1.00,1.00
2015.06.29 12:42:08.406,1.94199,1.94243,1.00,1.00
2015.06.29 12:42:09.332,1.94197,1.94243,1.00,1.00
2015.06.29 12:42:15.305,1.94197,1.94242,1.00,1.00
2015.06.29 12:42:15.515,1.94199,1.94243,1.00,1.00
2015.06.29 12:42:16.035,1.94198,1.94243,1.00,1.00
2015.06.29 12:42:16.583,1.94197,1.94243,1.00,1.00
2015.06.29 12:42:17.614,1.94198,1.94243,1.00,1.00
2015.06.29 12:42:19.702,1.94204,1.94249,1.00,1.00
2015.06.29 12:42:20.008,1.94209,1.94249,1.00,1.00
2015.06.29 12:42:20.362,1.94204,1.94249,1.09,1.00
2015.06.29 12:42:22.175,1.94204,1.94249,1.00,1.84
2015.06.29 12:42:22.326,1.94198,1.94243,1.00,1.00
2015.06.29 12:42:22.906,1.94197,1.94241,1.00,1.37
2015.06.29 12:42:22.961,1.94194,1.94238,1.00,1.12
2015.06.29 12:42:23.574,1.94194,1.94238,1.00,1.37
2015.06.29 12:42:24.080,1.94194,1.94238,1.00,1.12
2015.06.29 12:42:25.317,1.94194,1.94232,1.00,1.00
2015.06.29 12:42:25.368,1.94183,1.94226,1.00,1.00
2015.06.29 12:42:25.520,1.94179,1.94221,1.00,1.00
2015.06.29 12:42:25.630,1.94177,1.94221,1.00,1.00
2015.06.29 12:42:25.681,1.94173,1.94213,1.00,1.00
2015.06.29 12:42:25.983,1.9417,1.9421,1.00,1.00
2015.06.29 12:42:27.014,1.94167,1.94207,1.00,1.00
2015.06.29 12:42:27.419,1.94167,1.94204,1.00,1.00
2015.06.29 12:42:27.470,1.94164,1.94202,1.00,1.00
2015.06.29 12:42:27.521,1.9416,1.94199,1.00,1.00
2015.06.29 12:42:29.986,1.94163,1.94199,1.00,1.00
2015.06.29 12:42:30.707,1.94164,1.94199,1.00,1.00
2015.06.29 12:42:30.909,1.94158,1.94195,1.50,1.00
2015.06.29 12:42:31.567,1.94163,1.94195,1.00,1.00
2015.06.29 12:42:32.672,1.94158,1.94195,1.50,1.00
2015.06.29 12:42:37.864,1.94163,1.94195,1.00,1.00
2015.06.29 12:42:39.199,1.94158,1.94195,1.50,1.00
2015.06.29 12:42:41.507,1.94164,1.94195,1.00,1.00
2015.06.29 12:42:41.860,1.94168,1.94195,1.00,1.00
2015.06.29 12:42:42.956,1.94164,1.94195,1.00,1.00
2015.06.29 12:42:43.410,1.94158,1.94195,1.50,1.00
2015.06.29 12:42:44.083,1.94163,1.94195,1.00,1.00
2015.06.29 12:42:45.631,1.94164,1.94195,1.00,1.00
2015.06.29 12:42:46.569,1.94163,1.94195,1.00,1.00
2015.06.29 12:42:48.119,1.94168,1.94195,1.00,1.00
2015.06.29 12:42:48.651,1.94163,1.94195,1.00,1.00
2015.06.29 12:42:49.321,1.94168,1.94195,1.00,1.00
2015.06.29 12:42:49.787,1.94163,1.94195,1.00,1.00
2015.06.29 12:42:58.042,1.94168,1.94195,1.00,1.00
2015.06.29 12:42:58.143,1.94168,1.94202,1.00,1.00
2015.06.29 12:42:58.244,1.94168,1.94204,1.00,1.00
2015.06.29 12:42:58.397,1.94168,1.94202,1.00,1.00
2015.06.29 12:42:58.599,1.94164,1.94202,1.00,1.00
2015.06.29 12:42:59.109,1.94163,1.94202,1.50,1.00
2015.06.29 12:43:02.187,1.94168,1.94202,1.00,1.00
2015.06.29 12:43:04.100,1.94163,1.94202,1.50,1.00
2015.06.29 12:43:05.616,1.94164,1.94202,1.00,1.00
2015.06.29 12:43:08.286,1.94163,1.94202,1.50,1.00
2015.06.29 12:43:12.654,1.94164,1.94202,1.00,1.00
2015.06.29 12:43:12.755,1.94168,1.94202,1.00,1.00
2015.06.29 12:43:12.856,1.94163,1.94202,1.50,1.00
2015.06.29 12:43:13.713,1.9417,1.94209,1.00,1.00
2015.06.29 12:43:14.060,1.94173,1.94212,1.00,1.00
2015.06.29 12:43:22.874,1.94178,1.94212,1.00,1.00
2015.06.29 12:43:22.975,1.94174,1.94212,1.00,1.00
2015.06.29 12:43:23.580,1.94166,1.94205,1.00,1.00
2015.06.29 12:43:23.691,1.94166,1.94202,1.00,1.00
2015.06.29 12:43:25.067,1.94166,1.94205,1.00,1.50
2015.06.29 12:43:26.994,1.94169,1.94207,1.00,1.00
2015.06.29 12:43:27.297,1.94169,1.94207,1.00,1.87
2015.06.29 12:43:28.800,1.94169,1.94206,1.00,1.37
2015.06.29 12:43:29.302,1.94169,1.94206,1.00,1.37
2015.06.29 12:43:30.758,1.94169,1.94206,1.00,1.00
2015.06.29 12:43:30.941,1.94169,1.94204,1.00,1.00
2015.06.29 12:43:31.108,1.94169,1.94207,1.00,1.87
2015.06.29 12:43:31.811,1.94169,1.94202,1.00,1.00
2015.06.29 12:43:32.578,1.94169,1.94205,1.00,1.37
2015.06.29 12:43:35.220,1.94169,1.94205,1.00,1.37
2015.06.29 12:43:35.725,1.94169,1.94205,1.00,1.37
2015.06.29 12:43:36.885,1.94172,1.94212,1.00,1.00
2015.06.29 12:43:39.410,1.94176,1.94214,1.00,1.00
2015.06.29 12:43:40.072,1.94178,1.94218,1.00,1.00
2015.06.29 12:43:40.700,1.94178,1.94217,1.00,1.00
2015.06.29 12:43:40.902,1.94176,1.94214,1.00,1.00
2015.06.29 12:43:42.877,1.94173,1.94211,1.00,1.00
2015.06.29 12:43:49.001,1.94173,1.94209,1.00,1.00
2015.06.29 12:43:49.203,1.94169,1.94206,1.00,1.00
2015.06.29 12:43:49.732,1.94169,1.94207,1.00,1.00
2015.06.29 12:43:51.175,1.94169,1.94205,1.00,1.00
2015.06.29 12:43:51.327,1.94169,1.94207,1.00,1.00
2015.06.29 12:43:51.437,1.94169,1.94203,1.00,1.00
2015.06.29 12:43:51.539,1.94169,1.94206,1.00,1.00
2015.06.29 12:43:52.044,1.94169,1.94207,1.00,1.00
2015.06.29 12:43:52.937,1.94169,1.94208,1.00,1.00
2015.06.29 12:43:57.559,1.94169,1.94203,1.00,1.00
2015.06.29 12:43:57.660,1.94169,1.94207,1.00,1.12
2015.06.29 12:43:58.208,1.94174,1.94211,1.00,1.00
2015.06.29 12:44:07.650,1.9417,1.94209,1.00,1.00
2015.06.29 12:44:07.751,1.94173,1.94212,1.00,1.00
2015.06.29 12:44:08.344,1.9417,1.94207,1.00,1.00
2015.06.29 12:44:08.650,1.9417,1.94204,1.00,1.00
2015.06.29 12:44:08.801,1.94165,1.94203,1.00,1.00
2015.06.29 12:44:08.852,1.94165,1.94201,1.00,1.00
2015.06.29 12:44:09.154,1.94165,1.94196,1.00,1.00
2015.06.29 12:44:09.774,1.94165,1.94195,1.00,1.00
2015.06.29 12:44:09.832,1.94149,1.94189,1.00,1.00
2015.06.29 12:44:10.632,1.94147,1.94185,1.00,1.00
2015.06.29 12:44:11.502,1.94149,1.94185,1.00,1.00
2015.06.29 12:44:12.060,1.94148,1.94185,1.00,1.00
2015.06.29 12:44:12.369,1.9414,1.94179,1.00,1.00
2015.06.29 12:44:12.420,1.9414,1.94177,1.00,1.00
2015.06.29 12:44:12.471,1.94137,1.94176,1.00,1.00
2015.06.29 12:44:12.521,1.94131,1.9417,1.00,1.00
2015.06.29 12:44:13.031,1.9413,1.94168,1.00,1.00
2015.06.29 12:44:13.182,1.94119,1.94158,1.00,1.00
2015.06.29 12:44:13.578,1.94123,1.94158,1.00,1.00
2015.06.29 12:44:14.103,1.94124,1.94158,1.00,1.00
2015.06.29 12:44:14.154,1.94119,1.94158,1.50,1.00
2015.06.29 12:44:14.718,1.94113,1.94142,1.00,1.00
2015.06.29 12:44:18.679,1.94109,1.94142,1.00,1.00
2015.06.29 12:44:19.271,1.94108,1.94142,1.00,1.00
2015.06.29 12:44:22.380,1.94109,1.94142,1.00,1.00
2015.06.29 12:44:25.306,1.94109,1.94146,1.00,1.00
2015.06.29 12:44:25.931,1.94108,1.94146,1.00,1.00
2015.06.29 12:44:26.584,1.94113,1.94146,1.00,1.00
2015.06.29 12:44:27.568,1.94113,1.94149,1.00,1.00
2015.06.29 12:44:27.669,1.94119,1.94149,1.00,1.00
2015.06.29 12:44:28.383,1.94121,1.94159,1.00,1.00
2015.06.29 12:44:28.434,1.94139,1.94166,1.00,1.00
2015.06.29 12:44:28.485,1.94139,1.9417,1.00,1.00
2015.06.29 12:44:28.536,1.94139,1.94174,1.00,1.00
2015.06.29 12:44:28.637,1.9414,1.94178,1.37,1.00
2015.06.29 12:44:29.141,1.9414,1.94178,1.37,1.00
2015.06.29 12:44:29.292,1.9414,1.94178,1.00,1.00
2015.06.29 12:44:34.239,1.94136,1.94176,1.00,1.00
2015.06.29 12:44:34.441,1.94133,1.94173,1.00,1.00
2015.06.29 12:44:35.451,1.9413,1.9417,1.00,1.00
2015.06.29 12:44:35.754,1.94127,1.94166,1.00,1.00
2015.06.29 12:44:40.738,1.94124,1.94163,1.00,1.00
2015.06.29 12:44:43.793,1.94124,1.94155,1.00,1.00
2015.06.29 12:44:44.131,1.94118,1.94149,1.00,1.00
2015.06.29 12:44:44.182,1.94115,1.94149,1.00,1.00
2015.06.29 12:44:44.232,1.94115,1.94145,1.00,1.00
2015.06.29 12:44:45.130,1.94112,1.94141,1.00,1.00
2015.06.29 12:44:45.231,1.94109,1.94141,1.00,1.00
2015.06.29 12:44:45.333,1.94109,1.94134,1.00,1.00
2015.06.29 12:44:45.384,1.94105,1.94134,1.00,1.00
2015.06.29 12:44:45.435,1.94105,1.94136,1.00,1.00
2015.06.29 12:44:45.486,1.94102,1.94136,1.00,1.00
2015.06.29 12:44:45.637,1.94102,1.94131,1.00,1.00
2015.06.29 12:44:46.294,1.94102,1.94133,1.00,1.00
2015.06.29 12:44:48.067,1.94102,1.94134,1.00,1.00
2015.06.29 12:44:48.269,1.94098,1.94141,1.87,1.00
2015.06.29 12:44:49.203,1.94098,1.94134,1.00,1.00
2015.06.29 12:44:49.254,1.94098,1.94138,1.00,1.00
2015.06.29 12:44:49.607,1.94098,1.94134,1.00,1.00
2015.06.29 12:44:49.809,1.94098,1.94139,1.00,1.00
2015.06.29 12:44:49.910,1.94098,1.94142,1.00,1.00
2015.06.29 12:44:50.514,1.94098,1.94139,1.00,1.00
2015.06.29 12:44:50.615,1.94098,1.94142,1.00,1.50
2015.06.29 12:44:50.817,1.94098,1.94137,1.00,1.00
2015.06.29 12:44:50.919,1.94098,1.94139,1.00,1.00
2015.06.29 12:44:53.019,1.94098,1.94137,1.50,1.00
2015.06.29 12:44:53.338,1.94098,1.94135,1.50,1.00
2015.06.29 12:44:54.877,1.94098,1.9414,1.50,1.00
2015.06.29 12:44:55.079,1.94102,1.94141,1.00,1.00
2015.06.29 12:44:56.764,1.94098,1.94138,1.50,1.00
2015.06.29 12:44:56.865,1.94099,1.94132,1.00,1.00
2015.06.29 12:44:57.168,1.94094,1.94132,1.00,1.00
2015.06.29 12:44:58.488,1.94094,1.94131,1.00,1.00
2015.06.29 12:44:59.917,1.94094,1.94129,1.00,1.00
2015.06.29 12:45:00.648,1.94094,1.94133,1.00,1.00
2015.06.29 12:45:01.183,1.94093,1.94132,1.00,1.00
2015.06.29 12:45:02.430,1.9409,1.94132,1.00,1.00
2015.06.29 12:45:02.532,1.94093,1.94133,1.00,1.00
2015.06.29 12:45:02.693,1.94095,1.94139,1.00,1.50
2015.06.29 12:45:02.744,1.94095,1.94139,1.34,1.50
2015.06.29 12:45:03.344,1.94119,1.94151,1.00,1.50
2015.06.29 12:45:03.395,1.94119,1.94156,1.00,1.00
2015.06.29 12:45:03.857,1.94114,1.94157,1.00,1.00
2015.06.29 12:45:04.294,1.94118,1.94158,1.00,1.50
2015.06.29 12:45:04.859,1.94118,1.94156,1.00,1.00
2015.06.29 12:45:05.418,1.94117,1.94156,1.00,1.00
2015.06.29 12:45:05.973,1.94117,1.94157,1.00,1.00
2015.06.29 12:45:06.650,1.94117,1.94156,1.00,1.00
2015.06.29 12:45:06.997,1.94119,1.94156,1.00,1.00
2015.06.29 12:45:07.364,1.94117,1.94156,1.00,1.00
2015.06.29 12:45:07.729,1.94117,1.94154,1.00,1.00
2015.06.29 12:45:09.150,1.94118,1.94154,1.00,1.00
2015.06.29 12:45:09.201,1.94118,1.94156,1.00,1.00
2015.06.29 12:45:10.124,1.94119,1.94156,1.00,1.00
2015.06.29 12:45:10.640,1.94119,1.94155,1.00,1.00
2015.06.29 12:45:11.330,1.94114,1.94155,1.00,1.00
2015.06.29 12:45:11.540,1.94118,1.94155,1.00,1.00
2015.06.29 12:45:12.617,1.94114,1.94155,1.00,1.00
2015.06.29 12:45:12.668,1.94113,1.94152,1.00,1.00
2015.06.29 12:45:12.719,1.94113,1.94154,1.00,1.00
2015.06.29 12:45:12.770,1.94118,1.94154,1.00,1.00
2015.06.29 12:45:13.365,1.94118,1.94155,1.00,1.00
2015.06.29 12:45:15.961,1.94114,1.94155,1.00,1.00
2015.06.29 12:45:16.012,1.94114,1.94158,1.50,1.00
2015.06.29 12:45:16.214,1.94114,1.94154,1.00,1.00
2015.06.29 12:45:16.780,1.94114,1.94155,1.00,1.00
2015.06.29 12:45:17.452,1.94118,1.94156,1.00,1.00
2015.06.29 12:45:17.962,1.94118,1.94155,1.00,1.00
2015.06.29 12:45:18.569,1.94118,1.94156,1.00,1.00
2015.06.29 12:45:19.066,1.94111,1.9415,1.50,1.00
2015.06.29 12:45:19.119,1.94111,1.94142,1.00,1.00
2015.06.29 12:45:19.270,1.94103,1.94138,1.50,1.00
2015.06.29 12:45:19.523,1.94104,1.94142,1.00,1.00
2015.06.29 12:45:20.369,1.94103,1.94143,1.00,1.50
2015.06.29 12:45:20.420,1.94103,1.94141,1.00,1.00
2015.06.29 12:45:21.062,1.94103,1.9414,1.00,1.00
2015.06.29 12:45:21.864,1.94103,1.94143,1.00,1.50
2015.06.29 12:45:22.916,1.94103,1.94139,1.00,1.00
2015.06.29 12:45:23.498,1.94103,1.94137,1.00,1.00
2015.06.29 12:45:23.700,1.94103,1.94141,1.00,1.00
2015.06.29 12:45:23.802,1.94103,1.94137,1.00,1.00
2015.06.29 12:45:23.903,1.94103,1.94143,1.00,1.00
2015.06.29 12:45:24.054,1.94103,1.9414,1.00,1.00
2015.06.29 12:45:24.362,1.94103,1.94138,1.00,1.00
2015.06.29 12:45:25.426,1.94103,1.94139,1.00,1.00
2015.06.29 12:45:25.904,1.94103,1.94136,1.00,1.00
2015.06.29 12:45:25.955,1.94101,1.94136,1.00,1.00
2015.06.29 12:45:26.006,1.94101,1.94134,1.00,1.00
2015.06.29 12:45:26.535,1.94101,1.94135,1.00,1.00
2015.06.29 12:45:26.586,1.94101,1.94137,1.00,1.00
2015.06.29 12:45:27.143,1.94101,1.94139,1.00,1.00
2015.06.29 12:45:27.603,1.94104,1.94139,1.00,1.00
2015.06.29 12:45:27.839,1.94101,1.94139,1.00,1.00
2015.06.29 12:45:30.283,1.94103,1.94139,1.00,1.00
2015.06.29 12:45:30.829,1.94107,1.94139,1.00,1.00
2015.06.29 12:45:30.931,1.94107,1.94144,1.00,1.00
2015.06.29 12:45:31.769,1.94108,1.94144,1.00,1.00
2015.06.29 12:45:32.121,1.94104,1.94142,1.00,1.00
2015.06.29 12:45:32.382,1.94104,1.94144,1.00,1.00
2015.06.29 12:45:32.433,1.94108,1.94144,1.00,1.00
2015.06.29 12:45:32.534,1.94108,1.94147,1.50,1.00
2015.06.29 12:45:32.585,1.94114,1.94147,1.00,1.00
2015.06.29 12:45:33.340,1.94111,1.94147,1.00,1.00
2015.06.29 12:45:33.879,1.94119,1.94147,1.00,1.00
2015.06.29 12:45:34.957,1.94119,1.94151,1.00,1.00
2015.06.29 12:45:35.470,1.94118,1.94151,1.00,1.00
2015.06.29 12:45:35.773,1.94118,1.94154,1.00,1.00
2015.06.29 12:45:36.571,1.94123,1.94158,1.00,1.00
2015.06.29 12:45:38.554,1.94135,1.94165,1.00,1.00
2015.06.29 12:45:38.605,1.94135,1.9417,1.00,1.00
2015.06.29 12:45:39.115,1.94135,1.94169,1.00,1.00
2015.06.29 12:45:39.427,1.94135,1.94172,1.00,1.00
2015.06.29 12:45:40.128,1.94135,1.94175,1.50,1.00
2015.06.29 12:45:41.874,1.94136,1.94175,1.00,1.00
2015.06.29 12:45:43.390,1.94137,1.94175,1.00,1.00
2015.06.29 12:45:43.592,1.94135,1.94175,1.00,1.00
2015.06.29 12:45:43.744,1.94138,1.94175,1.00,1.00
2015.06.29 12:45:44.298,1.94136,1.94175,1.00,1.00
2015.06.29 12:45:45.138,1.94137,1.94175,1.00,1.00
2015.06.29 12:45:45.336,1.94139,1.94175,1.00,1.00
2015.06.29 12:45:45.639,1.94143,1.94177,1.00,1.00
2015.06.29 12:45:46.120,1.94143,1.94181,1.00,1.00
2015.06.29 12:45:46.171,1.94149,1.94181,1.00,1.00
2015.06.29 12:45:46.746,1.94147,1.94181,1.00,1.00
2015.06.29 12:45:47.254,1.94146,1.94181,1.00,1.00
2015.06.29 12:45:49.207,1.94143,1.94181,1.50,1.00
2015.06.29 12:45:49.738,1.94144,1.94181,1.00,1.00
2015.06.29 12:45:50.247,1.94143,1.94181,1.00,1.00
2015.06.29 12:45:52.239,1.94141,1.94181,1.00,1.00
2015.06.29 12:45:52.289,1.94144,1.94181,1.00,1.00
2015.06.29 12:45:52.914,1.94144,1.94178,1.50,1.00
2015.06.29 12:45:53.016,1.9414,1.94178,1.00,1.00
2015.06.29 12:45:53.504,1.94142,1.9418,1.00,1.00
2015.06.29 12:45:53.606,1.94138,1.94177,1.50,1.00
2015.06.29 12:45:53.708,1.94138,1.94173,1.00,1.00
2015.06.29 12:45:54.364,1.94143,1.94173,1.00,1.00
2015.06.29 12:45:54.884,1.94143,1.94177,1.00,1.00
2015.06.29 12:45:55.351,1.94138,1.94177,1.50,1.00
2015.06.29 12:45:55.452,1.94138,1.94174,1.00,1.00
2015.06.29 12:45:55.756,1.94138,1.94174,1.00,1.07
2015.06.29 12:45:55.908,1.94138,1.94174,1.00,1.00
2015.06.29 12:45:58.274,1.94138,1.94169,1.00,1.00
2015.06.29 12:45:58.325,1.94133,1.94169,1.00,1.00
2015.06.29 12:45:59.185,1.94131,1.94169,1.00,1.00
2015.06.29 12:45:59.286,1.94134,1.94169,1.00,1.00
2015.06.29 12:45:59.901,1.94138,1.94169,1.00,1.00
2015.06.29 12:46:00.389,1.94133,1.94169,1.00,1.00
2015.06.29 12:46:03.819,1.94134,1.94169,1.00,1.00
2015.06.29 12:46:04.121,1.94138,1.94169,1.00,1.00
2015.06.29 12:46:05.376,1.94134,1.94173,1.00,1.00
2015.06.29 12:46:05.430,1.94137,1.94173,1.00,1.00
2015.06.29 12:46:05.744,1.94138,1.94175,1.00,1.00
2015.06.29 12:46:08.477,1.94138,1.94174,1.00,1.00
2015.06.29 12:46:09.390,1.94138,1.94175,1.00,1.50
2015.06.29 12:46:11.125,1.94133,1.94173,1.50,1.00
2015.06.29 12:46:11.695,1.94137,1.94175,1.00,1.00
2015.06.29 12:46:11.746,1.94139,1.94179,1.50,1.00
2015.06.29 12:46:11.847,1.94148,1.94179,1.00,1.00
2015.06.29 12:46:11.898,1.94148,1.94182,1.00,1.00
2015.06.29 12:46:11.999,1.94148,1.94186,2.25,1.00
2015.06.29 12:46:12.049,1.94153,1.94188,1.00,1.00
2015.06.29 12:46:12.100,1.94156,1.94192,1.50,1.00
2015.06.29 12:46:12.151,1.94156,1.94196,2.25,1.00
2015.06.29 12:46:12.204,1.9416,1.94196,1.00,1.00
2015.06.29 12:46:12.726,1.94162,1.94197,1.37,1.00
2015.06.29 12:46:12.777,1.94163,1.94201,1.00,1.00
2015.06.29 12:46:14.551,1.94166,1.94201,1.00,1.00
2015.06.29 12:46:16.769,1.94164,1.94201,1.00,1.00
2015.06.29 12:46:16.930,1.94166,1.94204,1.00,1.00
2015.06.29 12:46:17.232,1.94165,1.94207,1.00,1.00
2015.06.29 12:46:17.411,1.94168,1.9421,1.00,1.00
2015.06.29 12:46:20.349,1.94168,1.94209,1.00,1.00
2015.06.29 12:46:21.793,1.94168,1.94206,1.00,1.00
2015.06.29 12:46:23.678,1.94168,1.94207,1.00,1.00
2015.06.29 12:46:28.689,1.94168,1.94208,1.00,1.00
2015.06.29 12:46:30.445,1.94168,1.94207,1.00,1.00
2015.06.29 12:46:30.597,1.94168,1.94211,1.50,1.00
2015.06.29 12:46:30.698,1.94168,1.94207,1.00,1.00
2015.06.29 12:46:30.799,1.94171,1.94214,1.00,1.00
2015.06.29 12:46:30.900,1.94174,1.94218,1.00,1.00
2015.06.29 12:46:31.152,1.94178,1.94217,1.00,1.00
2015.06.29 12:46:31.220,1.94178,1.94219,1.00,1.50
2015.06.29 12:46:32.895,1.9418,1.94219,1.00,1.00
2015.06.29 12:46:33.248,1.9418,1.94224,1.50,1.00
2015.06.29 12:46:33.813,1.94181,1.94224,1.00,1.00
2015.06.29 12:46:34.941,1.94182,1.94226,1.00,1.00
2015.06.29 12:46:34.992,1.94183,1.94228,1.00,1.00
2015.06.29 12:46:35.093,1.94186,1.94228,1.00,1.00
2015.06.29 12:46:35.194,1.94184,1.94227,1.00,1.00
2015.06.29 12:46:36.828,1.94185,1.94229,1.00,1.00
2015.06.29 12:46:38.270,1.94186,1.94229,1.00,1.00
2015.06.29 12:46:38.371,1.94184,1.94229,1.00,1.00
2015.06.29 12:46:39.599,1.94186,1.9423,1.00,1.00
2015.06.29 12:46:39.934,1.94188,1.94231,1.00,1.00
2015.06.29 12:46:40.541,1.94188,1.94232,1.00,1.00
2015.06.29 12:46:41.354,1.94191,1.94234,1.00,1.00
2015.06.29 12:46:41.658,1.94193,1.94235,1.00,1.50
2015.06.29 12:46:41.810,1.94191,1.94235,1.00,1.50
2015.06.29 12:46:42.157,1.94191,1.9423,1.00,1.00
2015.06.29 12:46:42.824,1.94191,1.94233,1.00,1.00
2015.06.29 12:46:43.377,1.9419,1.94233,1.00,1.00
2015.06.29 12:46:45.230,1.9419,1.94235,1.50,1.00
2015.06.29 12:46:46.567,1.94199,1.94236,1.00,1.00
2015.06.29 12:46:46.618,1.942,1.94241,1.00,1.50
2015.06.29 12:46:46.973,1.942,1.94243,1.00,1.00
2015.06.29 12:46:47.125,1.942,1.94241,1.00,1.00
2015.06.29 12:46:47.894,1.942,1.94243,1.00,1.00
2015.06.29 12:46:48.098,1.94203,1.94243,1.00,1.00
2015.06.29 12:46:48.199,1.94204,1.94246,1.00,1.00
2015.06.29 12:46:48.301,1.94209,1.94246,1.00,1.00
2015.06.29 12:46:48.429,1.94204,1.94245,1.00,1.00
2015.06.29 12:46:48.631,1.94204,1.94247,1.50,1.00
2015.06.29 12:46:49.197,1.94204,1.94245,1.00,1.00
2015.06.29 12:46:49.701,1.94203,1.94244,1.00,1.00
2015.06.29 12:46:50.479,1.94206,1.9425,1.00,1.00
2015.06.29 12:46:50.691,1.94209,1.94252,1.00,2.25
2015.06.29 12:46:50.944,1.94207,1.94252,1.50,2.25
2015.06.29 12:46:52.824,1.94208,1.94252,1.00,1.50
2015.06.29 12:46:53.987,1.94208,1.94251,1.00,1.00
2015.06.29 12:46:56.012,1.94207,1.94251,1.00,1.50
2015.06.29 12:46:57.067,1.94207,1.9425,1.00,1.00
2015.06.29 12:46:57.572,1.94207,1.94249,1.00,1.00
2015.06.29 12:46:59.124,1.94207,1.94247,1.00,1.00
2015.06.29 12:46:59.175,1.94204,1.94247,1.00,1.00
2015.06.29 12:46:59.428,1.94204,1.94243,1.00,1.00
2015.06.29 12:46:59.479,1.942,1.94243,1.00,1.00
2015.06.29 12:46:59.530,1.94204,1.9424,1.00,1.00
2015.06.29 12:46:59.631,1.94204,1.94242,1.00,1.00
2015.06.29 12:47:00.301,1.94203,1.94239,1.00,1.00
2015.06.29 12:47:01.074,1.94198,1.94238,1.00,1.00
2015.06.29 12:47:01.176,1.94199,1.94236,1.00,1.00
2015.06.29 12:47:01.821,1.94199,1.94231,1.00,1.00
2015.06.29 12:47:01.872,1.94193,1.94231,1.00,1.00
2015.06.29 12:47:02.717,1.94194,1.94231,1.00,1.00
2015.06.29 12:47:02.869,1.94193,1.9423,1.34,1.00
2015.06.29 12:47:02.920,1.94198,1.94241,1.00,1.00
2015.06.29 12:47:03.475,1.94208,1.94247,1.00,1.00
2015.06.29 12:47:03.527,1.94209,1.94251,1.00,1.00
2015.06.29 12:47:03.578,1.94213,1.94253,1.00,1.00
2015.06.29 12:47:03.931,1.94214,1.94255,1.00,1.00
2015.06.29 12:47:04.133,1.94212,1.94255,1.00,1.00
2015.06.29 12:47:04.336,1.9421,1.94255,1.00,1.00
2015.06.29 12:47:05.113,1.94208,1.94236,1.00,1.00
2015.06.29 12:47:05.165,1.94203,1.94242,1.00,1.12
2015.06.29 12:47:05.266,1.94203,1.94246,1.00,1.00
2015.06.29 12:47:05.367,1.94208,1.94246,1.00,1.00
2015.06.29 12:47:05.468,1.94208,1.94248,1.00,1.00
2015.06.29 12:47:06.757,1.94208,1.94246,1.00,1.00
2015.06.29 12:47:07.084,1.94208,1.94249,1.00,1.00
2015.06.29 12:47:07.639,1.94208,1.94246,1.00,1.00
2015.06.29 12:47:07.689,1.94203,1.94246,1.00,1.00
2015.06.29 12:47:10.950,1.94207,1.94252,1.00,1.50
2015.06.29 12:47:11.051,1.94205,1.94249,1.00,1.00
2015.06.29 12:47:12.344,1.94198,1.94235,1.34,1.00
2015.06.29 12:47:12.395,1.94198,1.94235,1.00,1.00
2015.06.29 12:47:12.908,1.94198,1.94238,1.00,1.00
2015.06.29 12:47:13.407,1.94193,1.94238,1.00,1.00
2015.06.29 12:47:13.458,1.94195,1.94238,1.00,1.00
2015.06.29 12:47:14.027,1.94203,1.94245,1.00,1.00
2015.06.29 12:47:14.561,1.94203,1.94246,1.50,1.00
2015.06.29 12:47:16.647,1.94201,1.94246,1.00,2.25
2015.06.29 12:47:16.918,1.94203,1.94246,1.00,1.50
2015.06.29 12:47:16.999,1.94201,1.94246,1.00,1.50
2015.06.29 12:47:17.111,1.94203,1.94246,1.00,1.50
2015.06.29 12:47:17.270,1.94204,1.94249,1.50,1.00
2015.06.29 12:47:17.321,1.94205,1.94251,1.00,1.50
2015.06.29 12:47:17.841,1.94208,1.9425,1.00,1.34
2015.06.29 12:47:17.891,1.94205,1.94249,1.00,1.34
2015.06.29 12:47:18.123,1.94209,1.94249,1.00,1.00
2015.06.29 12:47:18.224,1.94208,1.94253,1.50,1.00
2015.06.29 12:47:18.326,1.94212,1.94255,1.00,1.00
2015.06.29 12:47:18.427,1.94205,1.94249,1.00,1.00
2015.06.29 12:47:19.037,1.94202,1.94247,1.00,1.00
2015.06.29 12:47:19.314,1.94201,1.94252,1.00,1.00
2015.06.29 12:47:19.680,1.94201,1.94255,1.00,1.50
2015.06.29 12:47:19.832,1.94204,1.94257,1.00,1.09
2015.06.29 12:47:20.677,1.94208,1.94254,1.00,1.00
2015.06.29 12:47:20.985,1.94212,1.94258,1.00,1.00
2015.06.29 12:47:22.491,1.94212,1.94253,1.00,1.00
2015.06.29 12:47:22.743,1.94212,1.94255,1.00,1.00
2015.06.29 12:47:23.532,1.94213,1.94256,1.00,1.00
2015.06.29 12:47:23.688,1.94215,1.94258,1.00,1.50
2015.06.29 12:47:23.998,1.94213,1.94256,1.00,1.00
2015.06.29 12:47:25.709,1.94212,1.94245,1.00,1.00
2015.06.29 12:47:25.768,1.94204,1.94245,1.00,1.50
2015.06.29 12:47:25.822,1.942,1.94245,1.50,1.50
2015.06.29 12:47:26.108,1.942,1.94242,1.00,1.00
2015.06.29 12:47:27.252,1.942,1.94235,1.00,1.00
2015.06.29 12:47:27.303,1.94197,1.94235,1.00,1.00
2015.06.29 12:47:27.353,1.94193,1.94235,1.50,1.00
2015.06.29 12:47:28.592,1.94194,1.94235,1.00,1.00
2015.06.29 12:47:29.140,1.94194,1.94236,1.00,1.00
2015.06.29 12:47:29.342,1.94194,1.94233,1.00,1.00
2015.06.29 12:47:29.645,1.94194,1.9423,1.00,1.00
2015.06.29 12:47:30.127,1.94188,1.94225,1.00,1.00
2015.06.29 12:47:30.294,1.94188,1.94228,1.00,1.00
2015.06.29 12:47:30.747,1.94188,1.94226,1.00,1.00
2015.06.29 12:47:31.251,1.94188,1.94227,1.00,1.00
2015.06.29 12:47:31.820,1.94188,1.94225,1.00,1.00
2015.06.29 12:47:32.050,1.94188,1.94227,1.00,1.00
2015.06.29 12:47:32.590,1.94188,1.94228,1.00,1.00
2015.06.29 12:47:33.105,1.94189,1.94228,1.00,1.50
2015.06.29 12:47:34.054,1.94188,1.94228,1.00,1.00
2015.06.29 12:47:34.527,1.94184,1.94228,1.50,1.00
2015.06.29 12:47:42.245,1.94185,1.94228,1.00,1.50
2015.06.29 12:47:42.794,1.94184,1.94228,2.25,1.00
2015.06.29 12:47:43.195,1.94186,1.94228,1.00,1.00
2015.06.29 12:47:43.719,1.94189,1.94228,1.00,1.00
2015.06.29 12:47:45.434,1.94189,1.94232,1.00,1.00
2015.06.29 12:47:45.981,1.9419,1.94232,1.00,1.00
2015.06.29 12:47:46.032,1.94192,1.94232,1.00,1.00
2015.06.29 12:47:46.183,1.94192,1.94235,1.00,1.50
2015.06.29 12:47:46.918,1.94191,1.94235,1.00,1.50
2015.06.29 12:47:47.926,1.94191,1.94234,1.00,1.00
2015.06.29 12:47:48.603,1.94191,1.94232,1.00,1.00
2015.06.29 12:47:49.152,1.94187,1.9423,1.00,1.00
2015.06.29 12:47:49.699,1.94188,1.94229,1.00,1.00
2015.06.29 12:47:50.776,1.94188,1.9423,1.00,1.00
2015.06.29 12:47:50.827,1.94193,1.9423,1.00,1.00
2015.06.29 12:47:50.877,1.94193,1.94232,1.00,1.00
2015.06.29 12:47:51.079,1.94193,1.94236,1.00,1.50
2015.06.29 12:47:51.381,1.94204,1.94236,1.00,1.00
2015.06.29 12:47:51.432,1.94204,1.94242,1.00,1.00
2015.06.29 12:47:51.533,1.94206,1.94242,1.00,1.00
2015.06.29 12:47:51.583,1.94207,1.94249,1.00,1.00
2015.06.29 12:47:51.634,1.94209,1.94249,1.00,1.50
2015.06.29 12:47:52.756,1.94209,1.94248,1.00,1.00
2015.06.29 12:47:54.764,1.94209,1.94247,1.00,1.00
2015.06.29 12:47:55.397,1.94209,1.94248,1.00,1.00
2015.06.29 12:47:56.362,1.94209,1.94249,1.00,1.50
2015.06.29 12:47:56.665,1.94209,1.94247,1.00,1.00
2015.06.29 12:47:56.987,1.94203,1.94242,1.00,1.34
2015.06.29 12:47:58.963,1.94203,1.94235,1.00,1.00
2015.06.29 12:47:59.985,1.94203,1.9424,1.00,1.34
2015.06.29 12:48:00.039,1.942,1.94239,1.00,1.34
2015.06.29 12:48:02.813,1.94197,1.94234,1.00,1.00
2015.06.29 12:48:03.332,1.94197,1.94235,1.00,1.00
2015.06.29 12:48:05.249,1.94197,1.94234,1.00,1.00
2015.06.29 12:48:05.351,1.94197,1.94232,1.00,1.00
2015.06.29 12:48:05.654,1.94183,1.94222,1.00,1.34
2015.06.29 12:48:06.474,1.94182,1.94222,1.50,1.34
2015.06.29 12:48:06.975,1.94183,1.94222,1.00,1.34
2015.06.29 12:48:07.630,1.94182,1.94222,1.00,1.34
2015.06.29 12:48:08.885,1.94183,1.94222,1.00,1.34
2015.06.29 12:48:10.964,1.94184,1.94222,1.00,1.34
2015.06.29 12:48:11.556,1.94193,1.94224,1.00,1.00
2015.06.29 12:48:11.606,1.94193,1.94229,1.50,1.00
2015.06.29 12:48:12.138,1.94194,1.94229,1.50,1.00
2015.06.29 12:48:13.214,1.94195,1.94229,1.00,1.00
2015.06.29 12:48:13.265,1.94195,1.94233,1.00,1.00
2015.06.29 12:48:17.147,1.94193,1.94233,1.50,1.00
2015.06.29 12:48:19.225,1.94196,1.94233,1.00,1.00
2015.06.29 12:48:19.628,1.94195,1.94231,1.00,1.00
2015.06.29 12:48:19.679,1.94191,1.94229,1.00,1.00
2015.06.29 12:48:19.931,1.94191,1.94218,1.00,1.00
2015.06.29 12:48:19.982,1.94183,1.94218,1.00,1.00
2015.06.29 12:48:20.033,1.9418,1.94217,1.00,1.00
2015.06.29 12:48:20.612,1.94178,1.94216,1.00,1.50
2015.06.29 12:48:20.713,1.94174,1.94214,1.00,1.50
2015.06.29 12:48:23.223,1.94175,1.94214,1.00,1.00
2015.06.29 12:48:23.797,1.94174,1.94214,1.50,1.00
2015.06.29 12:48:24.325,1.94175,1.94214,1.00,1.00
2015.06.29 12:48:25.165,1.94177,1.94214,1.00,1.00
2015.06.29 12:48:25.266,1.94178,1.94217,1.50,1.00
2015.06.29 12:48:25.317,1.94189,1.94221,1.00,1.00
2015.06.29 12:48:25.368,1.94189,1.94225,1.00,1.00
2015.06.29 12:48:25.419,1.94191,1.94225,1.00,1.00
2015.06.29 12:48:25.671,1.94192,1.94227,1.00,1.00
2015.06.29 12:48:26.187,1.94193,1.94227,1.00,1.00
2015.06.29 12:48:27.640,1.94192,1.94227,1.00,1.00
2015.06.29 12:48:27.926,1.94195,1.94227,1.00,1.00
2015.06.29 12:48:30.576,1.94193,1.94227,1.00,1.00
2015.06.29 12:48:31.005,1.94196,1.94227,1.00,1.00
2015.06.29 12:48:31.056,1.94196,1.94232,1.00,1.00
2015.06.29 12:48:31.335,1.94194,1.94232,1.00,1.00
2015.06.29 12:48:32.979,1.94196,1.94232,1.00,1.00
2015.06.29 12:48:33.765,1.94195,1.94232,1.00,1.00
2015.06.29 12:48:35.628,1.94192,1.94232,1.00,1.00
2015.06.29 12:48:37.546,1.94195,1.94232,1.00,1.00
2015.06.29 12:48:38.143,1.94196,1.94232,1.00,1.00
2015.06.29 12:48:39.273,1.94195,1.94232,1.00,1.00
2015.06.29 12:48:39.323,1.94192,1.94232,1.50,1.00
2015.06.29 12:48:41.816,1.94193,1.94232,1.00,1.00
2015.06.29 12:48:46.103,1.94192,1.94232,1.00,1.00
2015.06.29 12:48:48.316,1.94193,1.94232,1.00,1.00
2015.06.29 12:48:48.367,1.94198,1.94235,1.00,1.00
2015.06.29 12:48:48.788,1.94196,1.94235,1.00,1.00
2015.06.29 12:48:50.045,1.94196,1.94235,1.00,1.37
2015.06.29 12:48:50.297,1.94184,1.94222,1.00,1.50
2015.06.29 12:48:50.398,1.94183,1.9422,1.00,1.00
2015.06.29 12:48:50.499,1.94183,1.94222,1.00,2.25
2015.06.29 12:48:51.071,1.94194,1.9423,1.00,1.00
2015.06.29 12:48:51.398,1.94198,1.9423,1.00,1.00
2015.06.29 12:48:51.675,1.94199,1.94233,1.00,1.00
2015.06.29 12:48:52.399,1.94198,1.94233,1.00,1.00
2015.06.29 12:48:52.820,1.94201,1.94233,1.00,1.00
2015.06.29 12:48:53.353,1.94203,1.94233,1.00,1.00
2015.06.29 12:48:53.859,1.94208,1.9424,1.00,1.00
2015.06.29 12:48:59.388,1.9421,1.94243,1.00,1.00
2015.06.29 12:48:59.936,1.94211,1.94243,1.00,1.00
2015.06.29 12:49:00.088,1.94215,1.94246,1.00,1.00
2015.06.29 12:49:01.367,1.94212,1.94246,1.00,1.00
2015.06.29 12:49:01.910,1.94213,1.94252,1.00,1.50
2015.06.29 12:49:02.011,1.94216,1.94252,1.00,1.00
2015.06.29 12:49:02.062,1.94214,1.94251,1.50,1.00
2015.06.29 12:49:05.969,1.9422,1.94256,1.00,1.50
2015.06.29 12:49:06.474,1.94219,1.94256,1.00,1.00
2015.06.29 12:49:06.778,1.94221,1.94256,1.00,1.00
2015.06.29 12:49:07.677,1.94223,1.94259,1.00,1.00
2015.06.29 12:49:07.778,1.94227,1.94262,1.00,1.00
2015.06.29 12:49:07.930,1.94228,1.94265,1.00,1.00
2015.06.29 12:49:07.980,1.9423,1.94265,1.00,1.00
2015.06.29 12:49:08.541,1.94229,1.94265,1.00,1.00
2015.06.29 12:49:09.414,1.94228,1.94265,1.00,1.00
2015.06.29 12:49:09.950,1.94227,1.94265,1.50,1.00
2015.06.29 12:49:10.712,1.94228,1.94265,1.00,1.00
2015.06.29 12:49:11.018,1.94234,1.94271,1.00,1.00
2015.06.29 12:49:11.327,1.94236,1.94271,1.00,1.00
2015.06.29 12:49:12.192,1.94235,1.94271,1.00,1.00
2015.06.29 12:49:13.194,1.94233,1.94271,1.00,1.00
2015.06.29 12:49:14.314,1.94235,1.94271,1.00,1.00
2015.06.29 12:49:16.462,1.94236,1.94271,1.00,1.00
2015.06.29 12:49:16.630,1.94233,1.9427,1.00,1.00
2015.06.29 12:49:16.681,1.94233,1.94273,1.00,1.00
2015.06.29 12:49:16.782,1.94233,1.94267,1.00,1.00
2015.06.29 12:49:16.833,1.9423,1.94267,1.00,1.00
2015.06.29 12:49:16.884,1.94227,1.94267,1.00,1.50
2015.06.29 12:49:16.935,1.94227,1.94265,1.00,1.00
2015.06.29 12:49:17.631,1.94227,1.94264,1.00,1.00
2015.06.29 12:49:17.687,1.94224,1.94262,1.00,1.00
2015.06.29 12:49:18.446,1.94224,1.94264,1.00,1.50
2015.06.29 12:49:19.642,1.94224,1.94263,1.00,1.00
2015.06.29 12:49:20.846,1.94224,1.94262,1.00,1.00
2015.06.29 12:49:20.998,1.94224,1.94258,1.00,1.00
2015.06.29 12:49:21.100,1.9422,1.94257,1.00,1.00
2015.06.29 12:49:23.705,1.9422,1.94256,1.00,1.00
2015.06.29 12:49:28.456,1.9422,1.94257,1.00,1.00
2015.06.29 12:49:29.314,1.9422,1.94258,1.00,1.00
2015.06.29 12:49:29.954,1.94216,1.94251,1.00,1.00
2015.06.29 12:49:30.257,1.94216,1.94249,1.00,1.00
2015.06.29 12:49:30.463,1.94212,1.94249,1.00,1.00
2015.06.29 12:49:31.345,1.94212,1.94251,1.00,1.00
2015.06.29 12:49:31.447,1.94214,1.94251,1.00,1.00
2015.06.29 12:49:32.780,1.94213,1.94251,1.00,1.00
2015.06.29 12:49:34.776,1.94218,1.94251,1.00,1.00
2015.06.29 12:49:34.877,1.94213,1.94251,1.00,1.00
2015.06.29 12:49:35.813,1.94212,1.94251,1.00,1.00
2015.06.29 12:49:35.865,1.94214,1.94251,1.00,1.00
2015.06.29 12:49:35.966,1.94212,1.94251,1.00,1.00
2015.06.29 12:49:36.067,1.94212,1.94245,1.00,1.00
2015.06.29 12:49:36.470,1.94212,1.94243,1.00,1.00
2015.06.29 12:49:37.007,1.94208,1.94243,1.00,1.00
2015.06.29 12:49:37.058,1.94206,1.94241,1.00,1.00
2015.06.29 12:49:37.360,1.94206,1.94239,1.00,1.00
2015.06.29 12:49:37.467,1.94206,1.94241,1.00,1.00
2015.06.29 12:49:37.719,1.94206,1.94244,1.00,1.00
2015.06.29 12:49:37.871,1.94208,1.94244,1.00,1.00
2015.06.29 12:49:38.521,1.94209,1.94244,1.00,1.00
2015.06.29 12:49:39.069,1.94208,1.94244,1.00,1.00
2015.06.29 12:49:40.911,1.94206,1.94244,1.00,1.00
2015.06.29 12:49:41.215,1.94206,1.94241,1.00,1.00
2015.06.29 12:49:41.999,1.94206,1.94242,1.00,1.00
2015.06.29 12:49:42.335,1.94206,1.9424,1.00,1.00
2015.06.29 12:49:43.669,1.94206,1.94241,1.00,1.00
2015.06.29 12:49:43.839,1.94206,1.94243,1.00,1.00
2015.06.29 12:49:44.294,1.94209,1.94249,1.00,1.00
2015.06.29 12:49:44.395,1.94212,1.94249,1.00,1.00
2015.06.29 12:49:45.058,1.94209,1.94249,1.50,1.00
2015.06.29 12:49:46.443,1.94214,1.94249,1.00,1.00
2015.06.29 12:49:48.100,1.94209,1.94249,1.50,1.00
2015.06.29 12:49:55.531,1.94205,1.94245,1.00,1.00
2015.06.29 12:49:57.289,1.94202,1.94242,1.00,1.50
2015.06.29 12:50:00.467,1.94202,1.94241,1.00,1.00
2015.06.29 12:50:00.973,1.94202,1.9424,1.00,1.00
2015.06.29 12:50:01.023,1.94202,1.94242,1.00,1.50
2015.06.29 12:50:01.589,1.94202,1.94241,1.00,1.00
2015.06.29 12:50:03.173,1.94202,1.9424,1.00,1.00
2015.06.29 12:50:04.913,1.94202,1.94241,1.00,1.00
2015.06.29 12:50:05.624,1.94202,1.94242,1.00,1.50
2015.06.29 12:50:06.998,1.94204,1.94242,1.00,1.50
2015.06.29 12:50:07.099,1.94202,1.94242,1.00,1.00
2015.06.29 12:50:07.502,1.94205,1.94242,1.00,1.00
2015.06.29 12:50:08.654,1.94206,1.94242,1.50,1.00
2015.06.29 12:50:09.328,1.94202,1.94242,1.00,1.00
2015.06.29 12:50:09.378,1.94211,1.94242,1.00,1.00
2015.06.29 12:50:09.581,1.94228,1.94262,1.00,1.50
2015.06.29 12:50:09.682,1.94228,1.94266,1.00,1.00
2015.06.29 12:50:10.226,1.94226,1.94262,1.00,1.00
2015.06.29 12:50:11.908,1.94226,1.94257,1.00,1.00
2015.06.29 12:50:12.069,1.94226,1.94261,1.00,1.00
2015.06.29 12:50:12.609,1.94226,1.94262,1.00,1.00
2015.06.29 12:50:13.428,1.94226,1.94263,1.00,1.00
2015.06.29 12:50:13.580,1.94226,1.94261,1.00,1.00
2015.06.29 12:50:13.731,1.94215,1.94254,1.00,1.50
2015.06.29 12:50:13.782,1.94215,1.94251,1.00,1.00
2015.06.29 12:50:14.236,1.94215,1.94249,1.00,1.00
2015.06.29 12:50:14.388,1.94212,1.94249,1.00,1.00
2015.06.29 12:50:14.439,1.94212,1.94246,1.00,1.00
2015.06.29 12:50:18.275,1.94212,1.94245,1.00,1.00
2015.06.29 12:50:18.426,1.94213,1.94251,1.50,1.00
2015.06.29 12:50:18.527,1.94216,1.94251,1.00,1.00
2015.06.29 12:50:19.052,1.94217,1.94251,1.00,1.00
2015.06.29 12:50:20.075,1.94216,1.94251,1.00,1.00
2015.06.29 12:50:20.628,1.94215,1.94251,1.00,1.00
2015.06.29 12:50:22.985,1.94216,1.94251,1.00,1.00
2015.06.29 12:50:23.655,1.94215,1.94251,1.00,1.00
2015.06.29 12:50:24.024,1.94213,1.94251,1.00,1.00
2015.06.29 12:50:24.577,1.94212,1.94251,1.00,1.50
2015.06.29 12:50:29.540,1.94212,1.94249,1.00,1.00
2015.06.29 12:50:29.955,1.94212,1.94243,1.00,1.00
2015.06.29 12:50:30.056,1.94212,1.94246,1.00,1.00
2015.06.29 12:50:30.157,1.94214,1.94251,1.00,1.50
2015.06.29 12:50:30.607,1.9422,1.94251,1.00,1.50
2015.06.29 12:50:30.658,1.9422,1.94258,1.00,1.00
2015.06.29 12:50:30.815,1.94222,1.94258,1.00,1.00
2015.06.29 12:50:32.259,1.94219,1.94258,1.00,1.00
2015.06.29 12:50:33.171,1.9422,1.94258,1.00,1.00
2015.06.29 12:50:34.473,1.94218,1.94258,1.00,1.00
2015.06.29 12:50:34.775,1.94218,1.94253,1.00,1.00
2015.06.29 12:50:35.078,1.94209,1.94244,1.00,1.00
2015.06.29 12:50:36.208,1.9421,1.94248,1.00,1.00
2015.06.29 12:50:39.769,1.94209,1.94248,1.00,1.00
2015.06.29 12:50:44.864,1.94209,1.94246,1.00,1.00
2015.06.29 12:50:45.114,1.94209,1.94248,1.00,1.50
2015.06.29 12:50:45.853,1.94209,1.94248,1.00,1.87
2015.06.29 12:50:46.523,1.94209,1.94248,1.00,1.00
2015.06.29 12:50:48.976,1.94207,1.94244,1.00,1.00
2015.06.29 12:50:49.282,1.94209,1.94244,1.00,1.00
2015.06.29 12:50:49.437,1.94207,1.94244,1.00,1.00
2015.06.29 12:50:50.322,1.94206,1.94244,1.50,1.00
2015.06.29 12:50:50.373,1.94209,1.94244,1.00,1.00
2015.06.29 12:50:50.869,1.94206,1.94244,1.50,1.00
2015.06.29 12:50:51.021,1.94208,1.94244,1.00,1.00
2015.06.29 12:50:51.701,1.94214,1.94249,1.00,1.00
2015.06.29 12:50:51.753,1.94209,1.94249,1.00,1.00
2015.06.29 12:50:53.302,1.94213,1.94249,1.00,1.00
2015.06.29 12:50:53.403,1.94209,1.94249,1.00,1.00
2015.06.29 12:50:53.706,1.94211,1.94249,1.00,1.00
2015.06.29 12:50:54.235,1.94213,1.94249,1.00,1.00
2015.06.29 12:50:55.644,1.94209,1.94249,1.00,1.00
2015.06.29 12:50:57.018,1.9421,1.94249,1.00,1.00
2015.06.29 12:50:57.501,1.94213,1.94249,1.00,1.00
2015.06.29 12:51:00.876,1.94213,1.94246,1.00,1.00
2015.06.29 12:51:01.179,1.94214,1.94244,1.00,1.00
2015.06.29 12:51:01.229,1.94214,1.94249,1.00,1.00
2015.06.29 12:51:01.582,1.94211,1.94249,1.00,1.00
2015.06.29 12:51:02.932,1.94213,1.94249,1.00,1.00
2015.06.29 12:51:03.638,1.94214,1.94249,1.00,1.00
2015.06.29 12:51:04.513,1.94212,1.94249,1.00,1.00
2015.06.29 12:51:04.937,1.94214,1.94249,1.00,1.00
2015.06.29 12:51:05.930,1.94215,1.94251,1.00,1.00
2015.06.29 12:51:05.982,1.94218,1.94251,1.00,1.00
2015.06.29 12:51:06.495,1.94219,1.94251,1.00,1.00
2015.06.29 12:51:07.472,1.94217,1.94251,1.00,1.00
2015.06.29 12:51:08.464,1.94218,1.94257,1.00,1.00
2015.06.29 12:51:08.565,1.94231,1.94257,1.00,1.00
2015.06.29 12:51:08.615,1.94231,1.94267,1.00,1.00
2015.06.29 12:51:08.666,1.94234,1.9427,1.00,1.00
2015.06.29 12:51:08.968,1.9424,1.9428,1.00,1.00
2015.06.29 12:51:09.501,1.94241,1.9428,1.00,1.00
2015.06.29 12:51:09.774,1.9424,1.94278,1.00,1.00
2015.06.29 12:51:10.438,1.9424,1.9428,1.50,1.00
2015.06.29 12:51:10.539,1.94242,1.9428,1.00,1.00
2015.06.29 12:51:11.139,1.94243,1.9428,1.00,1.00
2015.06.29 12:51:11.189,1.94241,1.9428,1.00,1.00
2015.06.29 12:51:11.240,1.94241,1.94277,1.00,1.00
2015.06.29 12:51:11.341,1.9424,1.9428,1.00,1.00
2015.06.29 12:51:14.623,1.94241,1.9428,1.00,1.00
2015.06.29 12:51:14.822,1.94243,1.9428,1.00,1.00
2015.06.29 12:51:15.275,1.94251,1.9428,1.00,1.00
2015.06.29 12:51:15.326,1.94251,1.94284,1.00,1.00
2015.06.29 12:51:16.467,1.94254,1.94291,1.00,1.00
2015.06.29 12:51:16.979,1.94253,1.94291,1.00,1.00
2015.06.29 12:51:18.839,1.94253,1.94292,1.00,1.00
2015.06.29 12:51:19.445,1.9426,1.94297,1.00,1.00
2015.06.29 12:51:19.495,1.94262,1.94301,1.00,1.50
2015.06.29 12:51:19.546,1.94262,1.94297,1.00,1.00
2015.06.29 12:51:19.854,1.94259,1.94291,1.00,1.00
2015.06.29 12:51:20.519,1.94255,1.94295,1.00,1.00
2015.06.29 12:51:20.570,1.94252,1.94292,1.00,1.50
2015.06.29 12:51:21.446,1.94249,1.94287,1.00,1.00
2015.06.29 12:51:21.941,1.94249,1.94289,1.00,1.34
2015.06.29 12:51:21.992,1.94252,1.94289,1.00,1.00
2015.06.29 12:51:23.102,1.94249,1.94289,1.00,1.00
2015.06.29 12:51:24.724,1.94249,1.94288,1.00,1.00
2015.06.29 12:51:25.079,1.94249,1.94286,1.00,1.00
2015.06.29 12:51:25.954,1.94249,1.94287,1.00,1.00
2015.06.29 12:51:27.658,1.94249,1.94284,1.00,1.37
2015.06.29 12:51:27.713,1.94246,1.94285,1.00,1.50
2015.06.29 12:51:27.875,1.94249,1.94285,1.00,1.00
2015.06.29 12:51:28.240,1.94251,1.94285,1.00,1.00
2015.06.29 12:51:29.618,1.94249,1.94285,1.00,1.00
2015.06.29 12:51:29.821,1.94246,1.94285,1.50,1.00
2015.06.29 12:51:32.432,1.94248,1.94285,1.00,1.00
2015.06.29 12:51:32.685,1.94259,1.94299,1.50,1.00
2015.06.29 12:51:32.988,1.94263,1.94299,1.00,1.00
2015.06.29 12:51:33.190,1.9426,1.94299,1.00,1.00
2015.06.29 12:51:33.796,1.94265,1.94302,1.50,1.00
2015.06.29 12:51:34.344,1.94266,1.94302,1.00,1.00
2015.06.29 12:51:40.365,1.94265,1.94302,1.00,1.00
2015.06.29 12:51:41.054,1.94265,1.94301,1.00,1.00
2015.06.29 12:51:41.357,1.94265,1.94296,1.00,1.00
2015.06.29 12:51:41.408,1.94259,1.94296,1.00,1.00
2015.06.29 12:51:41.911,1.94259,1.94295,1.00,1.00
2015.06.29 12:51:43.984,1.94256,1.94295,1.00,1.50
2015.06.29 12:51:44.136,1.94256,1.94291,1.00,1.00
2015.06.29 12:51:45.130,1.94256,1.94292,1.00,1.00
2015.06.29 12:51:45.576,1.94256,1.94287,1.00,1.00
2015.06.29 12:51:45.727,1.94252,1.94287,1.00,1.00
2015.06.29 12:51:45.989,1.94252,1.94289,1.00,1.00
2015.06.29 12:51:46.091,1.94252,1.94286,1.00,1.00
2015.06.29 12:51:46.799,1.94252,1.94287,1.00,1.00
2015.06.29 12:51:47.051,1.94248,1.94284,1.00,1.00
2015.06.29 12:51:47.102,1.94245,1.94284,1.00,1.00
2015.06.29 12:51:47.203,1.94245,1.94282,1.00,1.50
2015.06.29 12:51:47.505,1.94243,1.94277,1.00,1.00
2015.06.29 12:51:48.093,1.94243,1.94276,1.00,1.00
2015.06.29 12:51:48.597,1.94243,1.94275,1.00,1.00
2015.06.29 12:51:49.127,1.94243,1.94274,1.00,1.00
2015.06.29 12:51:49.178,1.94238,1.94273,1.00,1.00
2015.06.29 12:51:49.712,1.94238,1.94274,1.00,1.00
2015.06.29 12:51:51.421,1.94238,1.94272,1.00,1.00
2015.06.29 12:51:55.217,1.94235,1.94272,1.00,1.12
2015.06.29 12:51:57.494,1.94235,1.94274,1.00,1.37
2015.06.29 12:52:00.717,1.94235,1.94274,1.00,1.37
2015.06.29 12:52:01.382,1.94235,1.94271,1.00,1.00
2015.06.29 12:52:01.616,1.94235,1.94269,1.00,1.00
2015.06.29 12:52:01.666,1.94232,1.94269,1.00,1.00
2015.06.29 12:52:01.717,1.94232,1.94266,1.00,1.00
2015.06.29 12:52:02.121,1.94232,1.94269,1.00,1.00
2015.06.29 12:52:02.629,1.94232,1.94266,1.00,1.00
2015.06.29 12:52:03.330,1.94232,1.94265,1.00,1.00
2015.06.29 12:52:04.024,1.94232,1.94268,1.00,1.00
2015.06.29 12:52:04.550,1.94232,1.94267,1.00,1.00
2015.06.29 12:52:05.787,1.94225,1.9426,1.00,1.00
2015.06.29 12:52:06.089,1.94225,1.94257,1.00,1.00
2015.06.29 12:52:06.140,1.94221,1.94257,1.00,1.00
2015.06.29 12:52:06.635,1.94221,1.94255,1.00,1.00
2015.06.29 12:52:08.748,1.94221,1.94257,1.00,1.00
2015.06.29 12:52:09.317,1.94221,1.94254,1.00,1.00
2015.06.29 12:52:10.141,1.94221,1.94257,1.00,1.00
2015.06.29 12:52:11.798,1.94221,1.94258,1.00,1.00
2015.06.29 12:52:11.949,1.94221,1.9426,1.00,1.50
2015.06.29 12:52:18.049,1.94221,1.9426,1.00,1.37
2015.06.29 12:52:18.575,1.94221,1.9426,1.00,1.50
2015.06.29 12:52:23.155,1.9423,1.94263,1.00,1.00
2015.06.29 12:52:23.457,1.94233,1.94263,1.00,1.00
2015.06.29 12:52:23.507,1.94233,1.94267,1.00,1.00
2015.06.29 12:52:23.895,1.94238,1.9427,1.00,1.00
2015.06.29 12:52:25.083,1.94244,1.94281,1.00,1.00
2015.06.29 12:52:25.614,1.94245,1.94281,1.00,1.00
2015.06.29 12:52:27.307,1.94247,1.94281,1.00,1.00
2015.06.29 12:52:27.559,1.94245,1.94281,1.00,1.00
2015.06.29 12:52:28.247,1.94243,1.94281,1.50,1.00
2015.06.29 12:52:28.551,1.94246,1.94285,1.00,1.00
2015.06.29 12:52:28.652,1.94255,1.94288,1.00,1.00
2015.06.29 12:52:28.956,1.94257,1.9429,1.00,1.00
2015.06.29 12:52:29.516,1.94259,1.94294,1.00,1.00
2015.06.29 12:52:30.988,1.94273,1.94307,1.00,1.00
2015.06.29 12:52:31.739,1.94274,1.94307,1.00,1.00
2015.06.29 12:52:32.025,1.94272,1.94307,1.00,1.00
2015.06.29 12:52:32.800,1.94279,1.94307,1.00,1.00
2015.06.29 12:52:32.853,1.94279,1.94311,1.00,1.00
2015.06.29 12:52:32.954,1.94281,1.94318,1.00,1.12
2015.06.29 12:52:33.055,1.94283,1.94318,1.00,1.00
2015.06.29 12:52:33.423,1.94281,1.94318,1.00,1.00
2015.06.29 12:52:33.524,1.94279,1.94318,1.50,1.00
2015.06.29 12:52:34.793,1.9428,1.94318,1.00,1.00
2015.06.29 12:52:34.894,1.94284,1.94322,1.00,1.00
2015.06.29 12:52:35.426,1.94283,1.94317,1.00,1.00
2015.06.29 12:52:37.463,1.94283,1.94322,1.00,2.25
2015.06.29 12:52:37.565,1.94283,1.94317,1.00,1.00
2015.06.29 12:52:38.002,1.94283,1.94321,1.00,1.00
2015.06.29 12:52:38.132,1.94283,1.94317,1.00,1.00
2015.06.29 12:52:38.841,1.94283,1.94318,1.00,1.00
2015.06.29 12:52:39.343,1.94283,1.94319,1.00,1.00
2015.06.29 12:52:42.621,1.94283,1.94318,1.00,1.00
2015.06.29 12:52:43.274,1.94283,1.94317,1.00,1.00
2015.06.29 12:52:44.014,1.94283,1.94322,1.00,1.00
2015.06.29 12:52:45.152,1.94283,1.94321,1.00,1.00
2015.06.29 12:52:46.035,1.94283,1.94322,1.00,1.50
2015.06.29 12:52:48.003,1.94279,1.94312,1.00,1.00
2015.06.29 12:52:48.361,1.94279,1.94314,1.00,1.00
2015.06.29 12:52:49.091,1.94279,1.94319,1.00,1.00
2015.06.29 12:52:49.142,1.94284,1.94319,1.00,1.00
2015.06.29 12:52:51.371,1.94289,1.94322,1.00,1.00
2015.06.29 12:52:51.896,1.94288,1.94322,1.00,1.00
2015.06.29 12:52:52.438,1.94285,1.94322,1.00,1.00
2015.06.29 12:52:53.058,1.94288,1.94325,1.00,1.00
2015.06.29 12:52:53.163,1.94296,1.94334,1.00,1.00
2015.06.29 12:52:53.213,1.94298,1.94334,1.00,1.00
2015.06.29 12:52:53.517,1.943,1.94337,1.00,1.00
2015.06.29 12:52:54.440,1.94291,1.94329,1.00,1.00
2015.06.29 12:52:54.619,1.94291,1.94327,1.00,1.00
2015.06.29 12:52:55.146,1.94291,1.94328,1.00,1.00
2015.06.29 12:52:56.045,1.94291,1.94327,1.00,1.00
2015.06.29 12:52:59.122,1.94291,1.94325,1.00,1.00
2015.06.29 12:52:59.425,1.94291,1.94327,1.00,1.00
2015.06.29 12:52:59.576,1.94291,1.94325,1.00,1.00
2015.06.29 12:53:00.245,1.94284,1.94321,1.00,1.00
2015.06.29 12:53:00.773,1.94283,1.94321,1.00,1.00
2015.06.29 12:53:01.684,1.9428,1.94318,1.00,1.00
2015.06.29 12:53:03.189,1.94265,1.94308,1.00,1.00
2015.06.29 12:53:03.240,1.94262,1.94308,1.00,1.00
2015.06.29 12:53:03.291,1.94264,1.94308,1.00,1.00
2015.06.29 12:53:03.594,1.94268,1.94312,1.00,1.00
2015.06.29 12:53:04.628,1.94268,1.94314,1.00,1.00
2015.06.29 12:53:05.501,1.94268,1.94315,1.00,1.50
2015.06.29 12:53:08.998,1.94269,1.94315,1.00,1.50
2015.06.29 12:53:10.480,1.94268,1.94315,1.50,1.00
2015.06.29 12:53:11.420,1.94274,1.94318,1.00,1.12
2015.06.29 12:53:12.080,1.94273,1.94316,1.00,1.50
2015.06.29 12:53:12.282,1.9427,1.94316,1.00,1.50
2015.06.29 12:53:12.433,1.9427,1.94314,1.00,1.00
2015.06.29 12:53:12.736,1.94266,1.94311,1.00,1.00
2015.06.29 12:53:12.786,1.94263,1.94304,1.00,1.00
2015.06.29 12:53:12.988,1.94264,1.94308,1.00,1.50
2015.06.29 12:53:13.544,1.94264,1.94307,1.00,1.50
2015.06.29 12:53:14.820,1.94261,1.94302,1.00,1.00
2015.06.29 12:53:15.886,1.94257,1.94297,1.00,1.00
2015.06.29 12:53:15.937,1.94254,1.94297,1.50,1.00
2015.06.29 12:53:16.273,1.94256,1.94297,1.00,1.00
2015.06.29 12:53:16.476,1.94253,1.94297,1.00,1.00
2015.06.29 12:53:17.484,1.94257,1.94297,1.00,1.00
2015.06.29 12:53:17.814,1.94253,1.94297,1.00,1.00
2015.06.29 12:53:17.865,1.94253,1.94297,1.34,1.00
2015.06.29 12:53:18.571,1.94268,1.94308,1.00,1.00
2015.06.29 12:53:18.622,1.94261,1.94303,1.00,1.00
2015.06.29 12:53:18.673,1.94261,1.94305,1.00,1.00
2015.06.29 12:53:18.931,1.94263,1.94302,1.00,1.00
2015.06.29 12:53:19.183,1.94276,1.94316,1.50,1.00
2015.06.29 12:53:19.704,1.94294,1.94333,1.00,1.00
2015.06.29 12:53:20.111,1.9429,1.94334,1.00,1.00
2015.06.29 12:53:20.213,1.94287,1.94326,1.00,1.00
2015.06.29 12:53:20.315,1.94283,1.94326,1.00,1.00
2015.06.29 12:53:20.820,1.94278,1.94315,1.00,1.00
2015.06.29 12:53:21.073,1.94268,1.94309,1.00,1.00
2015.06.29 12:53:21.123,1.94268,1.94302,1.00,1.00
2015.06.29 12:53:21.426,1.94268,1.94304,1.00,1.00
2015.06.29 12:53:21.527,1.94274,1.94304,1.00,1.00
2015.06.29 12:53:22.018,1.94269,1.94304,1.00,1.00
2015.06.29 12:53:22.069,1.94269,1.94309,1.00,1.00
2015.06.29 12:53:22.220,1.94273,1.9431,1.00,1.00
2015.06.29 12:53:22.614,1.94273,1.94313,1.00,1.12
2015.06.29 12:53:23.637,1.94274,1.94313,1.00,1.00
2015.06.29 12:53:24.171,1.94273,1.94313,1.00,1.00
2015.06.29 12:53:24.840,1.94278,1.94317,1.00,1.00
2015.06.29 12:53:25.595,1.94274,1.94316,1.00,1.00
2015.06.29 12:53:25.746,1.94274,1.94314,1.00,1.00
2015.06.29 12:53:26.252,1.94274,1.94314,1.00,1.37
2015.06.29 12:53:26.303,1.94271,1.94312,1.00,1.00
2015.06.29 12:53:26.404,1.94269,1.94304,1.00,1.00
2015.06.29 12:53:26.606,1.94263,1.94304,1.00,1.71
2015.06.29 12:53:27.099,1.94263,1.94305,1.00,1.00
2015.06.29 12:53:27.664,1.94263,1.94306,1.00,1.50
2015.06.29 12:53:27.715,1.94265,1.94306,1.00,1.00
2015.06.29 12:53:28.018,1.94268,1.94309,1.00,1.00
2015.06.29 12:53:29.559,1.94257,1.94294,1.37,1.00
2015.06.29 12:53:29.610,1.94254,1.94294,1.00,1.00
2015.06.29 12:53:29.661,1.94259,1.94294,1.00,1.00
2015.06.29 12:53:29.712,1.94259,1.94296,1.00,1.00
2015.06.29 12:53:29.814,1.94253,1.94296,1.50,1.00
2015.06.29 12:53:30.018,1.94253,1.94294,1.50,1.00
2015.06.29 12:53:30.684,1.94263,1.94303,1.00,1.00
2015.06.29 12:53:32.104,1.94259,1.94303,1.00,1.00
2015.06.29 12:53:32.626,1.94258,1.94303,1.00,1.00
2015.06.29 12:53:33.704,1.94263,1.94302,1.00,1.00
2015.06.29 12:53:34.231,1.94263,1.94303,1.00,1.00
2015.06.29 12:53:34.535,1.94263,1.94299,1.00,1.00
2015.06.29 12:53:35.101,1.94261,1.94299,1.00,1.00
2015.06.29 12:53:35.303,1.94263,1.94299,1.00,1.00
2015.06.29 12:53:35.606,1.94261,1.94299,1.00,1.00
2015.06.29 12:53:36.527,1.94263,1.94299,1.00,1.00
2015.06.29 12:53:37.012,1.94261,1.94299,1.00,1.00
2015.06.29 12:53:38.220,1.94261,1.94297,1.00,1.00
2015.06.29 12:53:38.271,1.94258,1.94295,1.00,1.00
2015.06.29 12:53:38.724,1.9426,1.94295,1.00,1.00
2015.06.29 12:53:39.452,1.94268,1.94295,1.00,1.00
2015.06.29 12:53:39.503,1.94269,1.94305,1.09,1.00
2015.06.29 12:53:39.553,1.94273,1.94305,1.00,1.00
2015.06.29 12:53:40.120,1.94269,1.94305,1.50,1.00
2015.06.29 12:53:40.430,1.94273,1.94305,1.00,1.00
2015.06.29 12:53:40.997,1.9427,1.94305,1.00,1.00
2015.06.29 12:53:41.311,1.94273,1.94305,1.00,1.00
2015.06.29 12:53:41.861,1.94268,1.94305,1.00,1.00
2015.06.29 12:53:43.059,1.94266,1.94303,1.00,1.00
2015.06.29 12:53:44.305,1.94268,1.94303,1.00,1.00
2015.06.29 12:53:44.653,1.94274,1.94305,1.00,1.00
2015.06.29 12:53:45.583,1.94273,1.94305,1.00,1.00
2015.06.29 12:53:47.396,1.94269,1.94305,1.00,1.50
2015.06.29 12:53:47.497,1.94267,1.94304,1.00,1.00
2015.06.29 12:53:48.383,1.94267,1.94303,1.00,1.00
2015.06.29 12:53:48.437,1.94264,1.94299,1.00,1.00
2015.06.29 12:53:48.740,1.94268,1.94303,1.00,1.00
2015.06.29 12:53:49.144,1.94273,1.94303,1.00,1.00
2015.06.29 12:53:49.943,1.9427,1.94309,1.00,1.50
2015.06.29 12:53:50.597,1.9427,1.94303,1.00,1.00
2015.06.29 12:53:50.698,1.9427,1.94305,1.00,1.00
2015.06.29 12:53:50.749,1.94267,1.94305,1.00,1.00
2015.06.29 12:53:50.800,1.94267,1.94295,1.00,1.00
2015.06.29 12:53:50.851,1.94264,1.94295,1.00,1.00
2015.06.29 12:53:51.418,1.94266,1.94292,1.00,1.00
2015.06.29 12:53:51.519,1.94261,1.94292,1.00,1.00
2015.06.29 12:53:52.022,1.94261,1.94291,1.00,1.00
2015.06.29 12:53:52.687,1.94258,1.94296,1.50,1.00
2015.06.29 12:53:53.648,1.94259,1.94296,1.00,1.00
2015.06.29 12:53:54.134,1.94264,1.94298,1.00,1.50
2015.06.29 12:53:54.785,1.94263,1.94298,1.00,1.50
2015.06.29 12:53:55.088,1.94263,1.94296,1.00,1.00
2015.06.29 12:53:56.513,1.94263,1.94298,1.00,1.00
2015.06.29 12:53:56.615,1.94259,1.94298,1.00,1.00
2015.06.29 12:53:56.716,1.94263,1.94298,1.00,1.00
2015.06.29 12:53:57.785,1.94259,1.94298,1.00,1.00
2015.06.29 12:53:58.380,1.94258,1.94298,1.50,1.00
2015.06.29 12:54:01.487,1.94258,1.94296,1.50,1.00
2015.06.29 12:54:01.689,1.94258,1.94298,1.50,1.00
2015.06.29 12:54:02.420,1.94258,1.94297,1.50,1.00
2015.06.29 12:54:02.999,1.94258,1.94298,1.50,1.00
2015.06.29 12:54:06.864,1.94255,1.94295,1.00,1.00
2015.06.29 12:54:12.242,1.94253,1.94291,1.50,1.00
2015.06.29 12:54:12.879,1.94254,1.94291,1.00,1.00
2015.06.29 12:54:14.889,1.94253,1.94291,1.50,1.00
2015.06.29 12:54:15.755,1.94253,1.9429,1.00,1.00
2015.06.29 12:54:16.293,1.94253,1.94289,1.00,1.00
2015.06.29 12:54:16.829,1.94253,1.9429,1.00,1.00
2015.06.29 12:54:17.545,1.94253,1.94291,1.00,1.50
2015.06.29 12:54:22.999,1.94253,1.94287,1.00,1.00
2015.06.29 12:54:23.317,1.94253,1.94285,1.00,1.00
2015.06.29 12:54:23.819,1.94249,1.94282,1.00,1.00
2015.06.29 12:54:24.021,1.94249,1.94277,1.00,1.00
2015.06.29 12:54:24.593,1.94249,1.94279,1.00,1.00
2015.06.29 12:54:25.477,1.94249,1.94277,1.00,1.00
2015.06.29 12:54:26.525,1.94249,1.94283,1.00,1.00
2015.06.29 12:54:26.784,1.94249,1.94285,1.00,1.00
2015.06.29 12:54:26.986,1.94249,1.94288,1.00,1.00
2015.06.29 12:54:27.087,1.94253,1.94286,1.00,1.00
2015.06.29 12:54:27.455,1.94253,1.94288,1.00,1.00
2015.06.29 12:54:28.108,1.94253,1.94287,1.00,1.00
2015.06.29 12:54:28.209,1.94249,1.94287,1.00,1.00
2015.06.29 12:54:28.411,1.94249,1.94283,1.00,1.00
2015.06.29 12:54:28.713,1.94249,1.94281,1.00,1.00
2015.06.29 12:54:29.288,1.94249,1.94282,1.00,1.00
2015.06.29 12:54:31.717,1.94249,1.94285,1.00,1.00
2015.06.29 12:54:31.850,1.94249,1.94287,1.00,1.00
2015.06.29 12:54:32.437,1.94254,1.94289,1.00,1.00
2015.06.29 12:54:32.794,1.94263,1.94289,1.00,1.00
2015.06.29 12:54:33.096,1.94263,1.94292,1.00,1.00
2015.06.29 12:54:34.225,1.94264,1.94292,1.00,1.00
2015.06.29 12:54:34.377,1.94268,1.94292,1.00,1.00
2015.06.29 12:54:34.579,1.94263,1.94292,1.00,1.00
2015.06.29 12:54:34.780,1.94268,1.94292,1.00,1.00
2015.06.29 12:54:35.886,1.94263,1.94292,1.00,1.00
2015.06.29 12:54:36.352,1.94268,1.94292,1.00,1.00
2015.06.29 12:54:36.670,1.94283,1.94296,1.00,1.00
2015.06.29 12:54:37.178,1.94283,1.94305,1.00,1.00
2015.06.29 12:54:37.229,1.94278,1.94308,1.00,1.00
2015.06.29 12:54:37.431,1.94283,1.94308,1.00,1.00
2015.06.29 12:54:39.080,1.94278,1.94308,1.00,1.00
2015.06.29 12:54:39.282,1.94278,1.94311,1.00,1.00
2015.06.29 12:54:39.333,1.94274,1.94311,2.25,1.00
2015.06.29 12:54:40.098,1.94274,1.94308,1.00,1.00
2015.06.29 12:54:40.399,1.94274,1.9431,1.00,1.00
2015.06.29 12:54:40.855,1.94274,1.94306,1.00,1.00
2015.06.29 12:54:41.411,1.94269,1.94305,1.00,1.00
2015.06.29 12:54:42.069,1.94268,1.94305,1.00,1.00
2015.06.29 12:54:43.710,1.94268,1.94303,1.00,1.00
2015.06.29 12:54:43.811,1.94265,1.94303,1.00,1.00
2015.06.29 12:54:44.163,1.94268,1.94303,1.00,1.00
2015.06.29 12:54:44.682,1.94265,1.94303,1.00,1.00
2015.06.29 12:54:45.116,1.94269,1.94303,1.00,1.00
2015.06.29 12:54:45.661,1.94268,1.94303,1.00,1.00
2015.06.29 12:54:46.639,1.94269,1.94303,1.00,1.00
2015.06.29 12:54:46.693,1.94273,1.94309,1.00,1.00
2015.06.29 12:54:47.223,1.94274,1.94309,1.00,1.00
2015.06.29 12:54:47.420,1.94269,1.94309,1.50,1.00
2015.06.29 12:54:47.773,1.94273,1.94309,1.00,1.00
2015.06.29 12:54:48.244,1.94278,1.94309,1.00,1.00
2015.06.29 12:54:51.079,1.94273,1.94309,1.00,1.00
2015.06.29 12:54:52.754,1.94273,1.94307,1.00,1.00
2015.06.29 12:54:52.956,1.94273,1.94309,1.00,1.50
2015.06.29 12:54:53.581,1.94274,1.94309,1.00,1.50
2015.06.29 12:54:53.733,1.94269,1.94309,1.00,1.00
2015.06.29 12:54:54.371,1.94278,1.94309,1.00,1.00
2015.06.29 12:54:54.703,1.94283,1.94309,1.00,1.50
2015.06.29 12:54:55.985,1.94278,1.94309,1.00,1.50
2015.06.29 12:54:57.881,1.94278,1.94307,1.00,1.00
2015.06.29 12:54:58.559,1.94278,1.94305,1.00,1.00
2015.06.29 12:54:58.660,1.94274,1.94305,1.00,1.00
2015.06.29 12:54:58.872,1.94279,1.94305,1.00,1.00
2015.06.29 12:54:59.540,1.94278,1.94305,1.00,1.00
2015.06.29 12:54:59.591,1.94278,1.94307,1.00,1.00
2015.06.29 12:54:59.642,1.94278,1.94305,1.00,1.00
2015.06.29 12:54:59.793,1.94278,1.94308,1.00,1.00
2015.06.29 12:55:00.329,1.94279,1.94309,1.00,1.00
2015.06.29 12:55:00.430,1.94283,1.94309,1.00,1.00
2015.06.29 12:55:01.028,1.94274,1.94306,1.00,1.00
2015.06.29 12:55:01.079,1.94269,1.94306,1.00,1.00
2015.06.29 12:55:01.183,1.94269,1.94302,1.00,1.00
2015.06.29 12:55:01.284,1.94266,1.94302,1.00,1.00
2015.06.29 12:55:01.335,1.94266,1.94299,1.00,1.00
2015.06.29 12:55:01.661,1.94268,1.94299,1.00,1.00
2015.06.29 12:55:03.053,1.94273,1.94302,1.00,1.00
2015.06.29 12:55:03.596,1.94279,1.94303,1.00,1.00
2015.06.29 12:55:03.814,1.94273,1.94303,1.00,1.00
2015.06.29 12:55:04.520,1.94273,1.94301,1.00,1.00
2015.06.29 12:55:05.024,1.94273,1.943,1.00,1.00
2015.06.29 12:55:05.177,1.94268,1.943,1.00,1.00
2015.06.29 12:55:06.180,1.94268,1.94296,1.00,1.00
2015.06.29 12:55:06.281,1.94268,1.94298,1.00,1.00
2015.06.29 12:55:06.583,1.94268,1.94296,1.00,1.00
2015.06.29 12:55:06.634,1.94263,1.94296,1.00,1.00
2015.06.29 12:55:06.908,1.94263,1.94298,1.00,1.00
2015.06.29 12:55:07.060,1.94261,1.94298,1.00,1.00
2015.06.29 12:55:07.701,1.94268,1.943,1.00,1.00
2015.06.29 12:55:08.055,1.94273,1.94301,1.00,1.00
2015.06.29 12:55:08.610,1.94274,1.94301,1.00,1.00
2015.06.29 12:55:09.595,1.94273,1.94301,1.00,1.00
2015.06.29 12:55:10.844,1.94268,1.94301,1.00,1.00
2015.06.29 12:55:11.233,1.94263,1.943,1.00,1.00
2015.06.29 12:55:11.347,1.94269,1.94301,1.00,1.00
2015.06.29 12:55:11.648,1.94269,1.94299,1.00,1.00
2015.06.29 12:55:12.287,1.94263,1.94299,1.00,1.00
2015.06.29 12:55:13.141,1.94264,1.94299,1.00,1.00
2015.06.29 12:55:13.955,1.94264,1.94301,1.00,1.50
2015.06.29 12:55:14.208,1.94264,1.94299,1.00,1.00
2015.06.29 12:55:14.532,1.94264,1.94297,1.00,1.00
2015.06.29 12:55:14.733,1.94263,1.94299,1.00,1.00
2015.06.29 12:55:15.902,1.94268,1.94299,1.00,1.00
2015.06.29 12:55:16.434,1.94268,1.94298,1.00,1.00
2015.06.29 12:55:16.926,1.94269,1.94295,1.00,1.00
2015.06.29 12:55:17.438,1.94263,1.94295,1.00,1.00
2015.06.29 12:55:17.570,1.94263,1.94293,1.00,1.00
2015.06.29 12:55:17.741,1.9426,1.94293,1.00,1.00
2015.06.29 12:55:17.792,1.94258,1.94293,1.50,1.00
2015.06.29 12:55:18.343,1.94258,1.94294,1.50,1.00
2015.06.29 12:55:18.968,1.94264,1.94295,1.00,1.50
2015.06.29 12:55:19.397,1.94258,1.94295,1.50,1.00
2015.06.29 12:55:19.811,1.94264,1.94295,1.00,1.50
2015.06.29 12:55:20.478,1.94263,1.94295,1.00,1.00
2015.06.29 12:55:21.798,1.94258,1.94293,1.00,1.00
2015.06.29 12:55:21.899,1.94258,1.94287,1.00,1.00
2015.06.29 12:55:23.432,1.94259,1.94287,1.00,1.00
2015.06.29 12:55:23.483,1.94254,1.94287,1.00,1.00
2015.06.29 12:55:24.042,1.94254,1.94286,1.00,1.00
2015.06.29 12:55:24.210,1.94254,1.94289,1.00,1.00
2015.06.29 12:55:24.260,1.94259,1.94289,1.00,1.00
2015.06.29 12:55:24.418,1.94259,1.94292,1.00,1.00
2015.06.29 12:55:24.569,1.94254,1.94292,1.00,1.00
2015.06.29 12:55:25.411,1.94254,1.94291,1.00,1.00
2015.06.29 12:55:25.723,1.94254,1.94293,1.00,1.00
2015.06.29 12:55:26.681,1.94258,1.94293,1.00,1.00
2015.06.29 12:55:27.186,1.94259,1.94293,1.00,1.00
2015.06.29 12:55:27.589,1.94259,1.94297,1.00,1.00
2015.06.29 12:55:28.705,1.94273,1.94297,1.00,1.00
2015.06.29 12:55:29.241,1.94274,1.94297,1.00,1.00
2015.06.29 12:55:29.568,1.94273,1.943,1.00,1.00
2015.06.29 12:55:30.152,1.94273,1.94303,1.00,1.00
2015.06.29 12:55:30.210,1.94278,1.94303,1.00,1.00
2015.06.29 12:55:30.704,1.94283,1.94303,1.00,1.00
2015.06.29 12:55:30.805,1.94283,1.94307,1.00,1.00
2015.06.29 12:55:31.641,1.94287,1.94317,1.00,1.00
2015.06.29 12:55:31.793,1.94287,1.94319,1.00,1.00
2015.06.29 12:55:31.894,1.94284,1.94319,1.00,1.00
2015.06.29 12:55:32.201,1.94286,1.94319,1.00,1.00
2015.06.29 12:55:33.261,1.94293,1.94319,1.00,1.00
2015.06.29 12:55:33.597,1.94289,1.94319,1.00,1.00
2015.06.29 12:55:35.022,1.94288,1.94319,1.00,1.00
2015.06.29 12:55:36.850,1.94294,1.94328,1.00,1.00
2015.06.29 12:55:37.368,1.94293,1.94328,1.00,1.00
2015.06.29 12:55:42.598,1.94294,1.94328,1.00,1.00
2015.06.29 12:55:44.590,1.94299,1.94328,1.00,1.00
2015.06.29 12:55:46.773,1.94294,1.94328,1.00,1.00
2015.06.29 12:55:46.874,1.94298,1.94328,1.00,1.00
2015.06.29 12:55:48.644,1.94294,1.94328,1.00,1.00
2015.06.29 12:55:49.402,1.94288,1.94328,1.00,1.00
2015.06.29 12:55:50.270,1.94289,1.94328,1.00,1.00
2015.06.29 12:55:50.776,1.9429,1.94328,1.00,1.00
2015.06.29 12:55:50.928,1.94288,1.94328,2.25,1.00
2015.06.29 12:55:51.384,1.94294,1.94327,1.00,1.00
2015.06.29 12:55:52.588,1.94294,1.94328,1.00,1.50
2015.06.29 12:55:56.629,1.94288,1.94328,1.50,1.50
2015.06.29 12:55:59.064,1.94288,1.94326,1.50,1.00
2015.06.29 12:56:01.545,1.94293,1.94326,1.00,1.00
2015.06.29 12:56:02.465,1.94293,1.94327,1.00,1.00
2015.06.29 12:56:02.515,1.94289,1.94327,1.00,1.00
2015.06.29 12:56:03.053,1.94288,1.94327,1.50,1.00
2015.06.29 12:56:03.104,1.94288,1.94325,1.50,1.00
2015.06.29 12:56:04.760,1.94288,1.94328,1.00,1.50
2015.06.29 12:56:05.969,1.94288,1.94326,1.50,1.00
2015.06.29 12:56:07.261,1.94294,1.94326,1.00,1.00
2015.06.29 12:56:07.540,1.94293,1.94328,1.00,1.00
2015.06.29 12:56:07.842,1.94293,1.94323,1.00,1.00
2015.06.29 12:56:07.893,1.94286,1.94323,1.00,1.12
2015.06.29 12:56:07.994,1.94286,1.94314,1.00,1.00
2015.06.29 12:56:08.480,1.94284,1.94317,1.00,1.00
2015.06.29 12:56:08.531,1.94288,1.94319,1.00,1.00
2015.06.29 12:56:08.583,1.94283,1.94319,1.00,1.00
2015.06.29 12:56:08.633,1.94283,1.94312,1.00,1.00
2015.06.29 12:56:08.735,1.94283,1.94315,1.00,1.00
2015.06.29 12:56:08.836,1.94278,1.94315,1.00,1.00
2015.06.29 12:56:08.987,1.94279,1.94311,1.00,1.00
2015.06.29 12:56:09.089,1.94279,1.94315,1.00,1.00
2015.06.29 12:56:09.240,1.94284,1.94316,1.00,1.00
2015.06.29 12:56:09.341,1.94284,1.9432,1.00,1.00
2015.06.29 12:56:10.512,1.94294,1.9432,1.00,1.00
2015.06.29 12:56:10.564,1.94294,1.94328,1.00,1.00
2015.06.29 12:56:11.259,1.94296,1.94328,1.00,1.00
2015.06.29 12:56:11.360,1.94296,1.94332,1.00,1.00
2015.06.29 12:56:11.411,1.94298,1.94332,1.00,1.00
2015.06.29 12:56:11.562,1.94298,1.94334,1.00,1.00
2015.06.29 12:56:12.023,1.94304,1.94342,1.00,1.00
2015.06.29 12:56:12.531,1.94304,1.94343,1.00,1.00
2015.06.29 12:56:12.914,1.94304,1.94341,1.00,1.00
2015.06.29 12:56:13.637,1.94304,1.94343,1.00,1.50
2015.06.29 12:56:15.386,1.94304,1.94342,1.00,1.00
2015.06.29 12:56:16.682,1.94304,1.9434,1.00,1.00
2015.06.29 12:56:17.238,1.94304,1.94342,1.00,1.00
2015.06.29 12:56:17.960,1.94304,1.9434,1.00,1.00
2015.06.29 12:56:18.061,1.94301,1.94339,1.00,1.00
2015.06.29 12:56:18.112,1.94297,1.94334,1.00,1.00
2015.06.29 12:56:18.313,1.94297,1.94337,1.00,1.50
2015.06.29 12:56:18.414,1.94297,1.94334,1.00,1.00
2015.06.29 12:56:18.964,1.94298,1.94333,1.00,1.00
2015.06.29 12:56:19.367,1.94294,1.94333,1.00,1.00
2015.06.29 12:56:20.313,1.94298,1.94333,1.00,1.00
2015.06.29 12:56:20.633,1.94302,1.94337,1.00,1.00
2015.06.29 12:56:20.870,1.94303,1.94342,1.50,1.00
2015.06.29 12:56:24.398,1.94308,1.94342,1.00,1.00
2015.06.29 12:56:24.816,1.94303,1.94342,1.50,1.00
2015.06.29 12:56:24.917,1.94301,1.94338,1.00,1.50
2015.06.29 12:56:25.544,1.94313,1.94347,1.00,1.00
2015.06.29 12:56:25.595,1.94313,1.94351,1.00,1.00
2015.06.29 12:56:26.876,1.94312,1.94351,1.00,1.00
2015.06.29 12:56:27.399,1.94313,1.94351,1.00,1.00
2015.06.29 12:56:29.107,1.94318,1.94351,1.00,1.00
2015.06.29 12:56:29.683,1.94314,1.94351,1.00,1.00
2015.06.29 12:56:29.860,1.94317,1.94351,1.00,1.00
2015.06.29 12:56:30.313,1.94321,1.94351,1.00,1.00
2015.06.29 12:56:30.364,1.94321,1.94354,1.00,1.00
2015.06.29 12:56:30.415,1.94318,1.94354,1.50,1.00
2015.06.29 12:56:30.999,1.94316,1.94354,1.00,1.00
2015.06.29 12:56:31.536,1.94319,1.94354,1.00,1.00
2015.06.29 12:56:31.975,1.94316,1.94354,1.00,1.00
2015.06.29 12:56:32.871,1.94319,1.94354,1.00,1.00
2015.06.29 12:56:34.559,1.94318,1.94354,1.00,1.00
2015.06.29 12:56:36.360,1.94319,1.94354,1.00,1.00
2015.06.29 12:56:36.861,1.94318,1.94354,1.00,1.00
2015.06.29 12:56:38.727,1.94319,1.94354,1.00,1.00
2015.06.29 12:56:39.338,1.94318,1.94354,1.50,1.00
2015.06.29 12:56:40.426,1.94319,1.94354,1.00,1.00
2015.06.29 12:56:42.089,1.94318,1.94354,1.12,1.00
2015.06.29 12:56:44.789,1.94319,1.94354,1.00,1.00
2015.06.29 12:56:45.105,1.94319,1.94357,1.00,1.00
2015.06.29 12:56:46.017,1.94318,1.94357,1.50,1.00
2015.06.29 12:56:48.976,1.94319,1.94357,1.00,1.00
2015.06.29 12:56:49.741,1.94318,1.94357,1.50,1.00
2015.06.29 12:56:52.008,1.94318,1.94356,1.00,1.00
2015.06.29 12:56:52.657,1.94318,1.94355,1.00,1.00
2015.06.29 12:56:53.747,1.94318,1.94356,1.00,1.00
2015.06.29 12:56:54.625,1.94318,1.94354,1.00,1.00
2015.06.29 12:56:55.292,1.94318,1.94351,1.00,1.00
2015.06.29 12:56:55.393,1.94318,1.94354,1.00,1.00
2015.06.29 12:56:55.688,1.94318,1.94357,1.09,1.00
2015.06.29 12:56:55.789,1.94323,1.94357,1.00,1.00
2015.06.29 12:56:55.991,1.94323,1.9436,1.50,1.00
2015.06.29 12:56:56.890,1.94324,1.9436,1.00,1.00
2015.06.29 12:56:56.991,1.94327,1.94364,1.00,1.00
2015.06.29 12:56:57.411,1.9433,1.94367,1.00,1.00
2015.06.29 12:56:58.147,1.9433,1.94366,1.00,1.00
2015.06.29 12:56:58.450,1.94326,1.94362,1.00,1.00
2015.06.29 12:56:58.551,1.94326,1.94365,1.00,1.00
2015.06.29 12:56:59.009,1.94328,1.94365,1.00,1.00
2015.06.29 12:56:59.579,1.94329,1.94365,1.00,1.00
2015.06.29 12:57:00.092,1.9433,1.94365,1.00,1.00
2015.06.29 12:57:00.243,1.94328,1.94365,1.50,1.00
2015.06.29 12:57:00.989,1.94333,1.94368,1.00,1.00
2015.06.29 12:57:01.338,1.94336,1.94374,1.00,1.00
2015.06.29 12:57:01.389,1.94342,1.94378,1.00,1.00
2015.06.29 12:57:01.439,1.94345,1.94385,1.50,1.00
2015.06.29 12:57:01.540,1.94348,1.94388,1.50,1.00
2015.06.29 12:57:01.843,1.94352,1.9439,1.00,1.00
2015.06.29 12:57:02.372,1.94353,1.9439,1.00,1.00
2015.06.29 12:57:02.432,1.94364,1.94407,1.00,1.50
2015.06.29 12:57:02.881,1.94366,1.94407,1.00,1.00
2015.06.29 12:57:03.093,1.94365,1.94409,1.00,1.00
2015.06.29 12:57:04.521,1.94366,1.94409,1.00,1.00
2015.06.29 12:57:05.409,1.94366,1.9441,1.50,1.00
2015.06.29 12:57:06.162,1.94388,1.94429,1.50,1.00
2015.06.29 12:57:06.215,1.94388,1.94432,1.50,1.00
2015.06.29 12:57:06.265,1.94388,1.9443,1.12,1.00
2015.06.29 12:57:06.568,1.94385,1.94426,1.00,1.00
2015.06.29 12:57:06.770,1.94382,1.94426,1.00,1.00
2015.06.29 12:57:07.452,1.94382,1.94427,1.00,1.00
2015.06.29 12:57:07.503,1.94384,1.94427,1.00,1.00
2015.06.29 12:57:07.717,1.94384,1.94429,1.00,1.00
2015.06.29 12:57:07.819,1.94384,1.94427,1.00,1.00
2015.06.29 12:57:07.920,1.94384,1.94432,1.00,1.50
2015.06.29 12:57:08.122,1.94385,1.9443,1.00,1.00
2015.06.29 12:57:08.274,1.94382,1.9443,1.50,1.00
2015.06.29 12:57:08.728,1.94384,1.94432,1.00,1.50
2015.06.29 12:57:09.131,1.94388,1.94432,1.00,1.00
2015.06.29 12:57:09.333,1.94385,1.94431,1.50,1.00
2015.06.29 12:57:10.232,1.94383,1.94431,1.00,1.00
2015.06.29 12:57:10.283,1.94385,1.94431,1.00,1.00
2015.06.29 12:57:11.168,1.94385,1.94431,1.34,1.00
2015.06.29 12:57:11.447,1.94394,1.94439,1.00,1.00
2015.06.29 12:57:11.549,1.94397,1.94442,1.84,1.00
2015.06.29 12:57:12.097,1.94402,1.94442,1.00,1.00
2015.06.29 12:57:12.299,1.94402,1.9445,1.00,1.00
2015.06.29 12:57:12.652,1.94406,1.94452,1.00,1.00
2015.06.29 12:57:12.988,1.94405,1.94452,1.37,1.50
2015.06.29 12:57:13.733,1.94404,1.94452,1.00,1.00
2015.06.29 12:57:13.985,1.94407,1.94452,1.00,1.00
2015.06.29 12:57:14.303,1.94409,1.94451,1.00,1.00
2015.06.29 12:57:15.255,1.9441,1.94452,1.00,1.00
2015.06.29 12:57:15.709,1.94407,1.94451,1.12,1.00
2015.06.29 12:57:17.509,1.94408,1.94447,1.12,1.00
2015.06.29 12:57:18.167,1.94408,1.94452,1.00,1.00
2015.06.29 12:57:18.469,1.94406,1.94452,1.50,1.50
2015.06.29 12:57:20.143,1.94409,1.94447,1.00,1.00
2015.06.29 12:57:20.244,1.9441,1.94451,1.00,1.00
2015.06.29 12:57:20.846,1.9441,1.94446,1.00,1.00
2015.06.29 12:57:21.138,1.94407,1.94447,1.12,1.00
2015.06.29 12:57:21.290,1.94407,1.94447,1.46,1.00
2015.06.29 12:57:22.492,1.94393,1.94437,1.50,1.00
2015.06.29 12:57:22.643,1.94404,1.94444,1.00,1.00
2015.06.29 12:57:22.795,1.94404,1.94446,1.09,1.00
2015.06.29 12:57:23.003,1.94402,1.94442,1.00,1.00
2015.06.29 12:57:23.306,1.94397,1.94434,1.00,1.00
2015.06.29 12:57:23.356,1.94388,1.94434,1.84,1.00
2015.06.29 12:57:24.448,1.94391,1.94438,1.00,1.00
2015.06.29 12:57:24.754,1.94392,1.94436,1.00,1.00
2015.06.29 12:57:25.158,1.94394,1.94435,1.00,1.00
2015.06.29 12:57:25.209,1.94396,1.94438,1.00,1.00
2015.06.29 12:57:25.867,1.94395,1.9444,1.00,1.00
2015.06.29 12:57:26.027,1.94395,1.9444,1.34,1.00
2015.06.29 12:57:26.344,1.94408,1.9445,1.34,1.00
2015.06.29 12:57:26.647,1.94408,1.94447,1.46,1.00
2015.06.29 12:57:29.052,1.94409,1.94443,1.00,1.00
2015.06.29 12:57:29.153,1.94404,1.94441,1.09,1.00
2015.06.29 12:57:29.689,1.94403,1.94441,1.00,1.00
2015.06.29 12:57:31.917,1.94393,1.94428,1.00,1.00
2015.06.29 12:57:32.018,1.94389,1.94428,1.00,1.00
2015.06.29 12:57:32.220,1.94388,1.94432,1.84,1.00
2015.06.29 12:57:32.322,1.94393,1.94435,1.00,1.00
2015.06.29 12:57:33.371,1.94394,1.94436,1.00,1.00
2015.06.29 12:57:33.708,1.94395,1.94436,1.34,1.00
2015.06.29 12:57:34.112,1.94392,1.94431,1.34,1.00
2015.06.29 12:57:34.981,1.9439,1.94432,1.34,1.50
2015.06.29 12:57:36.029,1.9439,1.94432,1.34,1.50
2015.06.29 12:57:36.181,1.9439,1.9443,1.34,1.00
2015.06.29 12:57:38.811,1.94387,1.94427,1.00,1.00
2015.06.29 12:57:38.939,1.94384,1.94425,1.34,1.00
2015.06.29 12:57:39.040,1.94384,1.94427,1.34,1.00
2015.06.29 12:57:39.141,1.94384,1.94424,1.34,1.00
2015.06.29 12:57:39.292,1.94384,1.94427,1.34,1.50
2015.06.29 12:57:39.393,1.94383,1.94424,1.34,1.00
2015.06.29 12:57:39.971,1.94384,1.94422,1.34,1.00
2015.06.29 12:57:40.273,1.94378,1.94418,1.37,1.00
2015.06.29 12:57:40.374,1.9438,1.94421,1.37,1.09
2015.06.29 12:57:40.576,1.94382,1.94417,1.12,1.00
2015.06.29 12:57:40.728,1.94374,1.94417,1.37,1.50
2015.06.29 12:57:40.829,1.94373,1.94414,1.00,1.00
2015.06.29 12:57:41.293,1.94383,1.94417,1.00,1.00
2015.06.29 12:57:41.495,1.94379,1.94423,1.37,1.00
2015.06.29 12:57:41.596,1.94384,1.94428,1.37,1.00
2015.06.29 12:57:41.899,1.94383,1.94429,1.50,1.00
2015.06.29 12:57:42.055,1.94387,1.94429,1.00,1.00
2015.06.29 12:57:42.792,1.94383,1.94429,1.87,1.00
2015.06.29 12:57:42.843,1.94388,1.94429,1.00,1.00
2015.06.29 12:57:43.558,1.94383,1.94429,1.50,1.00
2015.06.29 12:57:43.608,1.94388,1.94429,1.00,1.00
2015.06.29 12:57:44.809,1.94387,1.94429,1.00,1.00
2015.06.29 12:57:44.860,1.94391,1.94434,1.00,1.00
2015.06.29 12:57:45.214,1.94389,1.94433,1.50,1.00
2015.06.29 12:57:45.828,1.94391,1.94433,1.00,1.00
2015.06.29 12:57:46.383,1.94391,1.94434,1.37,1.00
2015.06.29 12:57:46.534,1.94392,1.94437,1.12,1.00
2015.06.29 12:57:46.749,1.94393,1.94434,1.00,1.00
2015.06.29 12:57:46.851,1.94398,1.94441,1.00,1.00
2015.06.29 12:57:46.953,1.94393,1.94436,1.09,1.00
2015.06.29 12:57:47.255,1.94398,1.94436,1.00,1.00
2015.06.29 12:57:47.825,1.94397,1.94436,1.50,1.00
2015.06.29 12:57:48.187,1.94398,1.9443,1.00,1.00
2015.06.29 12:57:48.238,1.94393,1.9443,1.00,1.00
2015.06.29 12:57:48.390,1.94388,1.94431,1.50,1.00
2015.06.29 12:57:48.491,1.94392,1.94437,1.00,1.50
2015.06.29 12:57:48.743,1.94394,1.94439,1.00,1.00
2015.06.29 12:57:49.586,1.94394,1.94437,1.00,1.00
2015.06.29 12:57:50.130,1.94394,1.94438,1.00,1.00
2015.06.29 12:57:50.281,1.94397,1.94442,1.00,1.50
2015.06.29 12:57:50.383,1.94394,1.94436,1.00,1.00
2015.06.29 12:57:50.735,1.94393,1.94434,1.00,1.00
2015.06.29 12:57:51.318,1.94394,1.9443,1.00,1.00
2015.06.29 12:57:51.485,1.94393,1.94432,1.00,1.00
2015.06.29 12:57:51.993,1.94394,1.94432,1.00,1.00
2015.06.29 12:57:52.915,1.94393,1.94432,1.00,1.00
2015.06.29 12:57:53.117,1.94388,1.94426,1.84,1.00
2015.06.29 12:57:53.218,1.94388,1.94428,1.84,1.00
2015.06.29 12:57:53.438,1.94389,1.94426,1.34,1.00
2015.06.29 12:57:53.589,1.94389,1.94426,1.00,1.00
2015.06.29 12:57:53.793,1.94393,1.94429,1.00,1.00
2015.06.29 12:57:53.894,1.94389,1.94429,1.00,1.00
2015.06.29 12:57:54.412,1.94388,1.94429,1.12,1.00
2015.06.29 12:57:55.048,1.94389,1.9443,1.00,1.00
2015.06.29 12:57:55.199,1.94389,1.94428,1.00,1.00
2015.06.29 12:57:56.869,1.94393,1.94433,1.00,1.00
2015.06.29 12:57:56.970,1.94393,1.94436,1.00,1.00
2015.06.29 12:57:58.197,1.94393,1.94434,1.00,1.00
2015.06.29 12:57:58.747,1.94394,1.94433,1.00,1.00
2015.06.29 12:57:59.654,1.94394,1.94431,1.00,1.00
2015.06.29 12:57:59.958,1.94394,1.94433,1.00,1.00
2015.06.29 12:58:00.408,1.94389,1.94434,1.84,1.00
2015.06.29 12:58:01.211,1.94388,1.94429,1.00,1.00
2015.06.29 12:58:01.514,1.94389,1.94426,1.00,1.00
2015.06.29 12:58:01.818,1.94394,1.94426,1.00,1.00
2015.06.29 12:58:01.919,1.94394,1.94428,1.00,1.00
2015.06.29 12:58:02.707,1.94388,1.94429,1.09,1.00
2015.06.29 12:58:03.368,1.94389,1.94428,1.00,1.00
2015.06.29 12:58:03.570,1.94389,1.94426,1.00,1.00
2015.06.29 12:58:04.791,1.94389,1.94426,1.34,1.00
2015.06.29 12:58:05.112,1.94383,1.94425,1.00,1.00
2015.06.29 12:58:05.230,1.94383,1.94421,1.00,1.00
2015.06.29 12:58:06.044,1.94379,1.9442,1.34,1.00
2015.06.29 12:58:06.095,1.94389,1.9442,1.00,1.00
2015.06.29 12:58:06.247,1.94388,1.94431,1.00,1.00
2015.06.29 12:58:06.298,1.94393,1.94431,1.00,1.00
2015.06.29 12:58:07.873,1.94385,1.94427,1.00,1.00
2015.06.29 12:58:07.974,1.94384,1.94424,1.00,1.00
2015.06.29 12:58:08.388,1.94389,1.94424,1.00,1.00
2015.06.29 12:58:08.438,1.94389,1.94427,1.00,1.00
2015.06.29 12:58:09.128,1.94389,1.94428,1.00,1.00
2015.06.29 12:58:09.518,1.94389,1.94426,1.00,1.00
2015.06.29 12:58:11.377,1.94393,1.94428,1.00,1.00
2015.06.29 12:58:11.427,1.94393,1.9443,1.00,1.00
2015.06.29 12:58:11.478,1.94393,1.94434,1.00,1.00
2015.06.29 12:58:11.731,1.94398,1.94439,1.00,1.00
2015.06.29 12:58:12.184,1.94398,1.94437,1.00,1.00
2015.06.29 12:58:12.731,1.94398,1.94438,1.00,1.00
2015.06.29 12:58:13.248,1.94399,1.9444,1.34,1.00
2015.06.29 12:58:13.784,1.94398,1.94441,1.34,1.50
2015.06.29 12:58:13.835,1.94398,1.94441,1.00,1.50
2015.06.29 12:58:14.841,1.94398,1.9444,1.00,1.00
2015.06.29 12:58:15.054,1.94398,1.9444,1.84,1.00
2015.06.29 12:58:15.357,1.94404,1.94441,1.00,1.00
2015.06.29 12:58:15.903,1.94403,1.94441,1.00,1.00
2015.06.29 12:58:16.606,1.94407,1.94448,1.34,1.00
2015.06.29 12:58:16.665,1.94413,1.94456,1.00,1.00
2015.06.29 12:58:16.766,1.94413,1.94458,1.50,1.00
2015.06.29 12:58:17.018,1.94415,1.94459,1.00,1.50
2015.06.29 12:58:17.321,1.94416,1.94461,1.50,1.00
2015.06.29 12:58:17.573,1.94418,1.94462,1.00,1.50
2015.06.29 12:58:18.457,1.9442,1.94463,1.00,1.00
2015.06.29 12:58:18.777,1.94424,1.94463,1.00,1.00
2015.06.29 12:58:19.539,1.94424,1.94464,1.00,1.50
2015.06.29 12:58:20.105,1.94424,1.94463,1.00,1.00
2015.06.29 12:58:20.859,1.94424,1.94462,1.00,1.00
2015.06.29 12:58:21.165,1.94423,1.9446,1.00,1.00
2015.06.29 12:58:21.779,1.94423,1.94456,1.00,1.00
2015.06.29 12:58:21.931,1.94424,1.9446,1.00,1.00
2015.06.29 12:58:21.982,1.94424,1.94458,1.00,1.00
2015.06.29 12:58:22.529,1.94423,1.94458,1.00,1.00
2015.06.29 12:58:23.996,1.94428,1.94465,1.00,1.00
2015.06.29 12:58:24.046,1.94428,1.94458,1.00,1.00
2015.06.29 12:58:24.148,1.94428,1.94462,1.00,1.00
2015.06.29 12:58:24.199,1.94423,1.94462,1.50,1.50
2015.06.29 12:58:24.502,1.94425,1.94462,1.00,1.00
2015.06.29 12:58:25.408,1.94428,1.94462,1.00,1.00
2015.06.29 12:58:26.115,1.94423,1.94462,1.50,1.00
2015.06.29 12:58:26.859,1.94426,1.94462,1.00,1.00
2015.06.29 12:58:27.537,1.94424,1.94462,1.00,1.00
2015.06.29 12:58:28.475,1.9442,1.94457,1.00,1.00
2015.06.29 12:58:28.980,1.94422,1.94458,1.00,1.00
2015.06.29 12:58:29.132,1.94423,1.94461,1.50,1.00
2015.06.29 12:58:29.183,1.94423,1.94461,1.84,1.00
2015.06.29 12:58:29.435,1.94428,1.94463,1.84,1.00
2015.06.29 12:58:29.932,1.94431,1.94471,1.34,1.00
2015.06.29 12:58:30.033,1.94431,1.94471,1.00,1.00
2015.06.29 12:58:31.845,1.94434,1.94471,1.00,1.00
2015.06.29 12:58:32.149,1.94431,1.94471,1.00,1.00
2015.06.29 12:58:32.837,1.94433,1.94471,1.00,1.00
2015.06.29 12:58:33.576,1.94434,1.94471,1.00,1.00
2015.06.29 12:58:34.260,1.94433,1.94471,1.00,1.00
2015.06.29 12:58:34.779,1.94433,1.94471,1.34,1.00
2015.06.29 12:58:35.376,1.94438,1.94473,1.00,1.00
2015.06.29 12:58:37.500,1.94438,1.94474,1.00,1.00
2015.06.29 12:58:38.074,1.94435,1.94474,1.00,1.00
2015.06.29 12:58:39.364,1.94438,1.94474,1.00,1.00
2015.06.29 12:58:41.907,1.94439,1.94474,1.00,1.00
2015.06.29 12:58:42.513,1.94438,1.94474,1.00,1.00
2015.06.29 12:58:43.017,1.94439,1.94474,1.00,1.00
2015.06.29 12:58:43.119,1.94435,1.94474,1.50,1.00
2015.06.29 12:58:44.066,1.94438,1.94478,1.00,1.00
2015.06.29 12:58:45.882,1.94439,1.94478,1.00,1.00
2015.06.29 12:58:46.590,1.94441,1.94478,1.00,1.00
2015.06.29 12:58:47.153,1.94443,1.9448,1.50,1.00
2015.06.29 12:58:48.668,1.94443,1.94477,1.00,1.00
2015.06.29 12:58:49.268,1.94443,1.9448,1.00,1.50
2015.06.29 12:58:50.964,1.94442,1.94482,1.34,1.00
2015.06.29 12:58:51.065,1.94446,1.94482,1.00,1.00
2015.06.29 12:58:51.166,1.94446,1.94485,1.00,1.00
2015.06.29 12:58:51.317,1.94449,1.94489,1.50,1.00
2015.06.29 12:58:51.418,1.94452,1.94489,1.00,1.00
2015.06.29 12:58:51.528,1.94449,1.94489,1.50,1.00
2015.06.29 12:58:52.209,1.94449,1.94487,1.50,1.00
2015.06.29 12:58:52.632,1.94449,1.94489,1.00,1.00
2015.06.29 12:58:53.700,1.9446,1.94497,1.00,1.00
2015.06.29 12:58:53.854,1.94453,1.94491,1.00,1.00
2015.06.29 12:58:53.955,1.94453,1.94495,1.00,1.50
2015.06.29 12:58:54.006,1.94458,1.94495,1.00,1.50
2015.06.29 12:58:54.107,1.94452,1.94492,1.00,1.00
2015.06.29 12:58:54.158,1.9445,1.94484,1.00,1.00
2015.06.29 12:58:54.209,1.94446,1.94484,1.00,1.00
2015.06.29 12:58:54.260,1.94443,1.94484,1.00,1.00
2015.06.29 12:58:54.310,1.94443,1.94482,1.00,1.00
2015.06.29 12:58:55.037,1.94443,1.94481,1.00,1.00
2015.06.29 12:58:55.347,1.94444,1.94479,1.00,1.00
2015.06.29 12:58:55.499,1.94444,1.94481,1.00,1.00
2015.06.29 12:58:56.466,1.94443,1.94482,1.00,1.00
2015.06.29 12:58:56.906,1.94444,1.94478,1.00,1.00
2015.06.29 12:58:57.311,1.94439,1.94478,1.50,1.00
2015.06.29 12:58:57.362,1.94439,1.9448,1.50,1.00
2015.06.29 12:58:57.968,1.94439,1.94479,1.00,1.00
2015.06.29 12:58:58.336,1.94438,1.94476,1.00,1.00
2015.06.29 12:58:58.858,1.94435,1.94476,1.00,1.00
2015.06.29 12:58:59.889,1.94435,1.94471,1.00,1.00
2015.06.29 12:58:59.940,1.94431,1.94471,1.00,1.50
2015.06.29 12:58:59.990,1.94431,1.94469,1.00,1.00
2015.06.29 12:59:00.316,1.94427,1.94467,1.34,1.00
2015.06.29 12:59:00.367,1.94428,1.94469,1.00,1.00
2015.06.29 12:59:00.468,1.94428,1.94467,1.00,1.00
2015.06.29 12:59:01.243,1.94427,1.94461,1.00,1.00
2015.06.29 12:59:01.294,1.9442,1.94461,1.00,1.00
2015.06.29 12:59:01.575,1.94421,1.94459,1.00,1.84
2015.06.29 12:59:01.676,1.94416,1.94455,1.00,1.34
2015.06.29 12:59:01.828,1.94417,1.94455,1.00,1.00
2015.06.29 12:59:01.929,1.94418,1.94462,1.84,1.00
2015.06.29 12:59:02.602,1.94428,1.94467,1.00,1.00
2015.06.29 12:59:02.753,1.94428,1.9447,1.50,1.09
2015.06.29 12:59:03.281,1.94429,1.9447,1.00,1.00
2015.06.29 12:59:03.436,1.94428,1.94463,1.00,1.00
2015.06.29 12:59:03.487,1.94423,1.94463,1.00,1.00
2015.06.29 12:59:03.537,1.94423,1.94461,1.00,1.00
2015.06.29 12:59:04.637,1.94414,1.94457,1.50,1.00
2015.06.29 12:59:04.907,1.94419,1.94457,1.00,1.00
2015.06.29 12:59:04.958,1.94419,1.94461,1.50,1.00
2015.06.29 12:59:05.491,1.9442,1.94462,1.00,1.09
2015.06.29 12:59:06.319,1.94424,1.94464,1.00,1.34
2015.06.29 12:59:06.845,1.94423,1.94464,1.00,1.84
2015.06.29 12:59:07.451,1.94424,1.94464,1.00,1.84
2015.06.29 12:59:08.209,1.94423,1.94464,1.00,1.34
2015.06.29 12:59:09.046,1.94423,1.94464,1.00,1.00
2015.06.29 12:59:11.198,1.94423,1.94466,1.00,1.00
2015.06.29 12:59:11.740,1.94423,1.94467,1.00,2.25
2015.06.29 12:59:12.115,1.94425,1.94467,1.00,1.50
2015.06.29 12:59:13.508,1.94425,1.94461,1.00,1.00
2015.06.29 12:59:13.615,1.94425,1.94467,1.00,1.50
2015.06.29 12:59:14.351,1.94425,1.94464,1.00,1.00
2015.06.29 12:59:15.178,1.94426,1.94464,1.00,1.00
2015.06.29 12:59:17.411,1.94425,1.94464,1.00,1.00
2015.06.29 12:59:18.006,1.94425,1.94464,1.00,1.34
2015.06.29 12:59:18.460,1.94422,1.9446,1.00,1.00
2015.06.29 12:59:18.511,1.94422,1.94453,1.00,1.00
2015.06.29 12:59:19.121,1.94428,1.94453,1.00,1.00
2015.06.29 12:59:19.172,1.94428,1.94464,1.34,1.00
2015.06.29 12:59:20.199,1.94428,1.94468,1.84,1.00
2015.06.29 12:59:20.250,1.94433,1.94471,1.50,1.00
2015.06.29 12:59:20.301,1.94436,1.94471,1.84,1.50
2015.06.29 12:59:20.855,1.94443,1.94482,1.00,1.00
2015.06.29 12:59:21.385,1.94442,1.94481,1.00,1.00
2015.06.29 12:59:22.205,1.94442,1.94482,1.00,1.00
2015.06.29 12:59:23.258,1.94443,1.94482,1.00,1.00
2015.06.29 12:59:23.888,1.94442,1.94481,1.00,1.50
2015.06.29 12:59:24.040,1.94442,1.94477,1.00,1.00
2015.06.29 12:59:25.677,1.94436,1.94476,1.00,1.50
2015.06.29 12:59:25.727,1.94436,1.94476,1.84,1.50
2015.06.29 12:59:26.019,1.94436,1.94476,1.50,1.84
2015.06.29 12:59:26.835,1.94437,1.94476,1.00,1.84
2015.06.29 12:59:27.352,1.94436,1.94472,1.00,1.00
2015.06.29 12:59:27.887,1.94436,1.94476,1.00,1.09
2015.06.29 12:59:29.102,1.94433,1.94466,1.00,1.00
2015.06.29 12:59:29.203,1.9443,1.94466,1.00,1.00
2015.06.29 12:59:29.760,1.9443,1.94467,1.00,1.00
2015.06.29 12:59:31.284,1.9443,1.94466,1.00,1.00
2015.06.29 12:59:31.832,1.9443,1.94467,1.00,1.00
2015.06.29 12:59:32.135,1.9443,1.9447,1.00,1.50
2015.06.29 12:59:34.762,1.94429,1.94467,1.00,1.00
2015.06.29 12:59:35.102,1.94429,1.94467,1.00,1.34
2015.06.29 12:59:35.153,1.94427,1.94466,1.00,1.34
2015.06.29 12:59:35.204,1.94425,1.94462,1.00,1.34
2015.06.29 12:59:35.527,1.94425,1.94459,1.00,1.00
2015.06.29 12:59:35.628,1.94423,1.94459,1.00,1.50
2015.06.29 12:59:35.679,1.94423,1.94459,1.34,1.00
2015.06.29 12:59:36.230,1.94428,1.94463,1.09,1.00
2015.06.29 12:59:36.433,1.94426,1.94463,1.00,1.00
2015.06.29 12:59:36.978,1.94423,1.94463,1.00,1.00
2015.06.29 12:59:37.602,1.94432,1.94468,1.00,1.00
2015.06.29 12:59:37.754,1.94428,1.94468,1.00,1.00
2015.06.29 12:59:38.323,1.94429,1.94468,1.00,1.00
2015.06.29 12:59:39.089,1.94428,1.94468,1.50,1.00
2015.06.29 12:59:39.366,1.9443,1.94468,1.00,1.00
2015.06.29 12:59:40.174,1.94432,1.94468,1.00,1.00
2015.06.29 12:59:40.476,1.94429,1.94468,1.50,1.00
2015.06.29 12:59:40.984,1.9443,1.94468,1.00,1.00
2015.06.29 12:59:41.559,1.94429,1.94468,1.50,1.00
2015.06.29 12:59:42.095,1.9443,1.94468,1.00,1.00
2015.06.29 12:59:42.335,1.94432,1.94468,1.00,1.00
2015.06.29 12:59:43.452,1.94434,1.94468,1.00,1.00
2015.06.29 12:59:44.892,1.94433,1.94468,1.00,1.00
2015.06.29 12:59:44.993,1.94428,1.94468,1.50,1.00
2015.06.29 12:59:45.095,1.94425,1.94465,1.50,1.00
2015.06.29 12:59:45.398,1.94429,1.94465,1.00,1.00
2015.06.29 12:59:46.042,1.94431,1.94465,1.00,1.00
2015.06.29 12:59:46.093,1.94429,1.94465,1.00,1.00
2015.06.29 12:59:46.324,1.94427,1.94465,1.00,1.00
2015.06.29 12:59:46.374,1.94429,1.94465,1.00,1.00
2015.06.29 12:59:47.401,1.94428,1.94465,1.50,1.00
2015.06.29 12:59:47.933,1.94429,1.94465,1.00,1.00
2015.06.29 12:59:48.325,1.94427,1.94465,1.00,1.00
2015.06.29 12:59:48.899,1.94428,1.94468,1.50,1.00
2015.06.29 12:59:49.202,1.94432,1.94468,1.00,1.00
2015.06.29 12:59:49.606,1.9443,1.94468,1.00,1.00
2015.06.29 12:59:49.959,1.94428,1.94468,2.25,1.00
2015.06.29 12:59:50.445,1.9443,1.94468,1.00,1.00
2015.06.29 12:59:50.939,1.94445,1.94478,1.00,1.00
2015.06.29 12:59:50.992,1.94445,1.94481,1.09,1.00
2015.06.29 12:59:51.043,1.94447,1.94481,1.00,1.00
2015.06.29 12:59:51.346,1.94449,1.94481,1.00,1.00
2015.06.29 12:59:53.100,1.94447,1.94481,1.00,1.00
2015.06.29 12:59:53.201,1.94444,1.94481,1.00,1.00
2015.06.29 12:59:53.720,1.94442,1.94481,1.50,1.00
2015.06.29 12:59:54.466,1.94443,1.94481,1.00,1.00
2015.06.29 12:59:55.572,1.94442,1.94481,1.50,1.00
2015.06.29 12:59:57.883,1.94443,1.94481,1.00,1.00
2015.06.29 12:59:58.584,1.94442,1.94481,1.00,1.00
2015.06.29 12:59:59.244,1.94444,1.94481,1.00,1.00
2015.06.29 12:59:59.325,1.94442,1.94481,1.00,1.00
