2012.10.14 22:00:00.245,1.57336,1.57461,0.75,0.75
2012.10.14 22:00:00.731,1.57322,1.57418,0.75,0.75
2012.10.14 22:00:01.961,1.57327,1.57423,0.75,0.75
2012.10.14 22:00:04.915,1.57342,1.57451,0.75,0.23
2012.10.14 22:00:05.031,1.57342,1.57463,0.75,0.75
2012.10.14 22:00:11.982,1.57386,1.57484,0.75,0.75
2012.10.14 22:00:13.677,1.57376,1.57469,0.75,0.75
2012.10.14 22:00:14.523,1.57382,1.57473,0.75,0.75
2012.10.14 22:00:16.071,1.57377,1.57468,0.75,0.75
2012.10.14 22:00:18.106,1.57382,1.57473,0.75,0.75
2012.10.14 22:00:18.545,1.57376,1.57469,0.75,0.75
2012.10.14 22:00:19.143,1.57381,1.57474,0.75,0.75
2012.10.14 22:00:19.472,1.57376,1.57469,0.75,0.75
2012.10.14 22:00:21.702,1.57387,1.57478,0.75,0.75
2012.10.14 22:00:35.202,1.57373,1.57453,0.23,0.75
2012.10.14 22:00:35.322,1.57362,1.57453,0.75,0.75
2012.10.14 22:00:35.413,1.57351,1.57444,0.75,0.75
2012.10.14 22:00:38.273,1.57347,1.57438,0.75,0.75
2012.10.14 22:00:40.954,1.57362,1.57453,0.75,0.98
2012.10.14 22:00:41.312,1.57372,1.57463,0.75,0.75
2012.10.14 22:00:42.843,1.57371,1.57464,0.75,0.75
2012.10.14 22:00:43.461,1.57372,1.57463,0.75,0.75
2012.10.14 22:00:53.113,1.57345,1.57449,0.23,0.75
2012.10.14 22:00:53.292,1.57331,1.57449,1.50,0.75
2012.10.14 22:00:53.352,1.57351,1.57444,0.75,0.75
2012.10.14 22:00:53.682,1.57347,1.57438,0.75,0.75
2012.10.14 22:00:56.096,1.57351,1.57444,0.75,0.75
2012.10.14 22:00:57.453,1.57347,1.57438,0.75,0.75
2012.10.14 22:00:57.882,1.57352,1.57443,0.75,0.75
2012.10.14 22:00:58.212,1.57371,1.57461,0.75,0.23
2012.10.14 22:00:58.333,1.57371,1.57464,0.75,0.75
2012.10.14 22:01:03.372,1.57376,1.57469,0.75,0.75
2012.10.14 22:01:05.432,1.57387,1.57478,0.75,0.75
2012.10.14 22:01:09.935,1.57381,1.57474,0.75,0.75
2012.10.14 22:01:10.287,1.57386,1.57479,0.75,0.75
2012.10.14 22:01:12.732,1.57391,1.57484,0.75,0.75
2012.10.14 22:01:13.082,1.57386,1.57479,0.75,0.75
2012.10.14 22:01:13.442,1.57372,1.57463,0.75,0.75
2012.10.14 22:01:13.502,1.57366,1.57459,0.75,0.75
2012.10.14 22:01:13.593,1.57372,1.57463,0.75,0.75
2012.10.14 22:01:15.833,1.57366,1.57459,0.75,0.75
2012.10.14 22:01:17.412,1.57362,1.57453,0.75,0.75
2012.10.14 22:01:17.932,1.57376,1.57469,0.75,0.98
2012.10.14 22:01:18.172,1.57387,1.57478,0.75,0.75
2012.10.14 22:01:41.443,1.57373,1.57463,0.23,0.75
2012.10.14 22:01:42.014,1.57372,1.57463,0.75,0.75
2012.10.14 22:01:44.871,1.57372,1.57438,0.75,0.75
2012.10.14 22:01:45.195,1.57379,1.57435,0.75,0.75
2012.10.14 22:01:46.443,1.5738,1.57435,0.75,0.75
2012.10.14 22:01:46.953,1.57392,1.57435,0.75,0.75
2012.10.14 22:01:47.073,1.57392,1.57437,0.75,0.75
2012.10.14 22:01:47.193,1.57392,1.5745,0.75,0.75
2012.10.14 22:01:51.884,1.57382,1.5745,0.23,0.75
2012.10.14 22:01:52.003,1.57382,1.57435,0.23,0.75
2012.10.14 22:01:52.994,1.5738,1.57435,0.75,0.75
2012.10.14 22:01:55.635,1.57384,1.57435,0.38,0.75
2012.10.14 22:01:56.175,1.57385,1.57435,0.75,0.75
2012.10.14 22:01:59.193,1.57383,1.57434,1.50,0.75
2012.10.14 22:01:59.738,1.57382,1.57435,2.25,0.75
2012.10.14 22:02:04.494,1.57382,1.57432,2.25,0.38
2012.10.14 22:02:04.962,1.57383,1.5744,1.50,0.75
2012.10.14 22:02:05.203,1.5738,1.57441,0.75,0.75
2012.10.14 22:02:05.265,1.5738,1.57446,1.50,0.75
2012.10.14 22:02:05.504,1.57379,1.57435,1.88,0.75
2012.10.14 22:02:05.743,1.5738,1.57447,0.75,0.75
2012.10.14 22:02:05.815,1.5738,1.57452,1.50,0.75
2012.10.14 22:02:05.993,1.5738,1.57457,0.75,0.38
2012.10.14 22:02:06.053,1.57393,1.57461,0.38,0.75
2012.10.14 22:02:06.113,1.57394,1.57465,0.75,1.13
2012.10.14 22:02:06.413,1.57395,1.57467,0.75,0.75
2012.10.14 22:02:06.533,1.57394,1.57465,1.13,0.75
2012.10.14 22:02:07.072,1.57395,1.57464,0.75,0.75
2012.10.14 22:02:08.711,1.57395,1.57455,0.75,0.75
2012.10.14 22:02:12.032,1.57394,1.57456,1.13,1.13
2012.10.14 22:02:12.450,1.57394,1.57453,1.13,0.75
2012.10.14 22:02:13.334,1.57394,1.57456,1.13,1.13
2012.10.14 22:02:13.582,1.57394,1.57453,1.13,0.75
2012.10.14 22:02:14.593,1.57394,1.57449,0.38,0.75
2012.10.14 22:02:14.652,1.5738,1.57449,0.75,0.75
2012.10.14 22:02:15.113,1.57391,1.5745,0.75,0.75
2012.10.14 22:02:15.444,1.57391,1.57446,0.75,1.13
2012.10.14 22:02:16.242,1.5738,1.57446,1.50,1.13
2012.10.14 22:02:31.982,1.57379,1.57446,1.13,0.38
2012.10.14 22:02:32.486,1.57379,1.57447,0.75,1.13
2012.10.14 22:02:34.163,1.57384,1.57447,0.38,0.75
2012.10.14 22:02:34.223,1.57388,1.57459,0.75,0.75
2012.10.14 22:02:34.804,1.57389,1.57459,0.38,0.75
2012.10.14 22:02:35.703,1.57404,1.57458,0.75,0.75
2012.10.14 22:02:36.405,1.57404,1.57459,0.38,0.75
2012.10.14 22:02:39.974,1.57403,1.57446,0.75,0.38
2012.10.14 22:02:40.034,1.57397,1.57446,0.75,0.38
2012.10.14 22:02:42.641,1.57394,1.57437,0.38,0.75
2012.10.14 22:02:42.703,1.57389,1.57437,0.75,0.75
2012.10.14 22:02:43.354,1.57391,1.57437,0.75,0.75
2012.10.14 22:02:43.418,1.57391,1.5744,0.75,0.75
2012.10.14 22:02:43.484,1.57407,1.57442,1.50,0.38
2012.10.14 22:02:43.544,1.57407,1.57458,1.50,0.75
2012.10.14 22:02:47.443,1.57411,1.57458,0.75,0.75
2012.10.14 22:02:47.643,1.57407,1.57458,1.50,0.75
2012.10.14 22:02:47.823,1.57402,1.57459,0.75,0.75
2012.10.14 22:02:48.253,1.57397,1.57459,0.98,0.75
2012.10.14 22:02:48.634,1.57394,1.57459,0.75,0.75
2012.10.14 22:02:49.283,1.57395,1.57458,0.75,0.75
2012.10.14 22:02:56.964,1.57394,1.57459,1.13,0.75
2012.10.14 22:02:57.535,1.57395,1.57458,0.75,0.75
2012.10.14 22:02:57.714,1.57394,1.57465,1.13,0.75
2012.10.14 22:02:58.283,1.57395,1.57464,0.75,0.75
2012.10.14 22:03:03.243,1.57395,1.57461,0.75,1.13
2012.10.14 22:03:04.033,1.57394,1.57461,0.38,1.13
2012.10.14 22:03:04.093,1.57389,1.57461,1.13,1.13
2012.10.14 22:03:07.840,1.57389,1.57459,1.13,0.75
2012.10.14 22:03:08.224,1.57389,1.57453,0.38,0.75
2012.10.14 22:03:10.903,1.57389,1.57438,0.38,0.75
2012.10.14 22:03:10.964,1.57385,1.57438,0.38,0.75
2012.10.14 22:03:11.023,1.57385,1.57446,0.38,0.38
2012.10.14 22:03:11.584,1.57385,1.57447,0.38,1.13
2012.10.14 22:03:14.823,1.57385,1.57444,0.38,0.75
2012.10.14 22:03:21.363,1.57385,1.57446,0.38,0.75
2012.10.14 22:03:21.483,1.57385,1.57438,0.38,0.75
2012.10.14 22:03:21.674,1.57387,1.57442,0.75,0.38
2012.10.14 22:03:21.793,1.57394,1.57451,0.75,0.38
2012.10.14 22:03:21.853,1.57394,1.57453,0.75,0.75
2012.10.14 22:03:21.973,1.57394,1.57442,0.75,0.38
2012.10.14 22:03:22.313,1.57395,1.5744,0.75,0.75
2012.10.14 22:03:22.723,1.57394,1.57438,1.13,0.75
2012.10.14 22:03:24.333,1.57393,1.57438,0.38,0.75
2012.10.14 22:03:24.614,1.57388,1.57438,1.13,0.75
2012.10.14 22:03:24.793,1.57392,1.57437,0.75,0.75
2012.10.14 22:03:25.993,1.57395,1.57437,0.75,0.75
2012.10.14 22:03:26.253,1.57385,1.57438,0.38,0.75
2012.10.14 22:03:26.943,1.57388,1.57438,0.38,0.75
2012.10.14 22:03:27.467,1.57389,1.57437,0.75,0.75
2012.10.14 22:03:28.283,1.57391,1.57438,0.75,0.75
2012.10.14 22:03:28.525,1.57413,1.57461,0.75,0.38
2012.10.14 22:03:28.584,1.57418,1.57461,0.38,0.38
2012.10.14 22:03:28.763,1.5741,1.57461,0.75,0.38
2012.10.14 22:03:28.883,1.57404,1.57461,0.38,0.38
2012.10.14 22:03:29.003,1.57392,1.57461,0.75,0.38
2012.10.14 22:03:29.124,1.57413,1.57461,0.38,0.75
2012.10.14 22:03:29.244,1.57397,1.57461,0.75,0.75
2012.10.14 22:03:29.483,1.57397,1.57459,0.75,0.38
2012.10.14 22:03:29.723,1.57392,1.57458,2.25,0.75
2012.10.14 22:03:30.462,1.57392,1.57459,0.75,0.75
2012.10.14 22:03:30.583,1.57387,1.57459,0.75,0.75
2012.10.14 22:03:31.116,1.57383,1.57458,1.50,0.75
2012.10.14 22:03:31.232,1.57382,1.57453,3.00,0.75
2012.10.14 22:03:31.533,1.57376,1.57453,0.75,0.75
2012.10.14 22:03:31.893,1.57374,1.57449,1.50,0.38
2012.10.14 22:03:31.953,1.57373,1.57458,1.13,0.75
2012.10.14 22:03:32.013,1.57366,1.57451,0.75,0.38
2012.10.14 22:03:32.664,1.57366,1.5745,0.75,0.38
2012.10.14 22:03:33.194,1.57366,1.57449,0.75,0.75
2012.10.14 22:03:35.565,1.5738,1.57449,0.75,0.75
2012.10.14 22:03:37.783,1.57373,1.5745,1.13,0.75
2012.10.14 22:03:38.493,1.57368,1.57447,0.75,1.13
2012.10.14 22:03:39.042,1.57368,1.57446,0.75,1.13
2012.10.14 22:03:39.103,1.5737,1.57456,0.75,0.75
2012.10.14 22:03:39.162,1.57368,1.57458,0.75,0.75
2012.10.14 22:03:39.403,1.57374,1.57456,0.38,0.75
2012.10.14 22:03:39.523,1.57371,1.57455,0.38,0.38
2012.10.14 22:03:39.825,1.5737,1.57451,0.38,0.38
2012.10.14 22:03:40.333,1.57374,1.5745,0.38,0.38
2012.10.14 22:03:40.933,1.57374,1.57451,0.38,0.38
2012.10.14 22:03:41.053,1.57368,1.57452,0.75,0.75
2012.10.14 22:03:41.113,1.57377,1.57449,0.75,0.75
2012.10.14 22:03:41.233,1.57377,1.57452,0.75,0.75
2012.10.14 22:03:41.918,1.5738,1.57449,0.75,0.75
2012.10.14 22:03:43.273,1.57382,1.5745,0.75,0.75
2012.10.14 22:03:45.572,1.57382,1.57446,0.75,0.38
2012.10.14 22:03:45.693,1.57377,1.57446,0.75,1.13
2012.10.14 22:03:45.813,1.57374,1.57443,1.13,0.75
2012.10.14 22:03:46.623,1.57371,1.57443,0.75,0.75
2012.10.14 22:03:46.743,1.5737,1.57441,0.75,0.75
2012.10.14 22:03:47.292,1.57398,1.57442,0.75,0.38
2012.10.14 22:03:47.413,1.57394,1.57458,1.50,0.75
2012.10.14 22:03:47.473,1.57385,1.57458,0.75,0.75
2012.10.14 22:03:47.653,1.57384,1.57454,0.38,0.75
2012.10.14 22:03:47.953,1.57382,1.57454,0.75,0.75
2012.10.14 22:03:48.432,1.57383,1.57458,0.75,0.75
2012.10.14 22:03:48.493,1.57383,1.5747,0.75,1.73
2012.10.14 22:03:48.733,1.57382,1.57465,0.75,0.75
2012.10.14 22:03:49.823,1.57389,1.57464,0.75,0.75
2012.10.14 22:03:50.355,1.57389,1.57465,0.38,0.75
2012.10.14 22:03:53.992,1.57389,1.57464,1.13,0.75
2012.10.14 22:03:58.053,1.57388,1.57462,1.13,1.13
2012.10.14 22:04:02.891,1.57389,1.57461,0.38,0.38
2012.10.14 22:04:06.393,1.57388,1.57462,1.13,1.13
2012.10.14 22:04:06.953,1.57389,1.57461,1.13,1.13
2012.10.14 22:04:09.412,1.57388,1.57462,1.13,1.13
2012.10.14 22:04:10.094,1.57388,1.57462,1.13,1.13
2012.10.14 22:04:15.433,1.57388,1.57462,1.13,1.13
2012.10.14 22:04:18.433,1.57388,1.57462,1.13,1.13
2012.10.14 22:04:18.732,1.57379,1.57461,1.13,1.13
2012.10.14 22:04:19.242,1.57379,1.57462,1.13,1.13
2012.10.14 22:04:19.533,1.57377,1.57462,1.13,1.13
2012.10.14 22:04:19.593,1.57376,1.57462,1.50,1.13
2012.10.14 22:04:24.232,1.57377,1.57462,1.50,1.13
2012.10.14 22:04:25.083,1.57378,1.57462,1.13,1.13
2012.10.14 22:04:25.612,1.57389,1.57461,1.13,1.13
2012.10.14 22:04:29.132,1.57388,1.57462,1.13,1.13
2012.10.14 22:04:37.413,1.57388,1.57467,1.13,1.13
2012.10.14 22:04:37.773,1.57378,1.57464,1.13,1.13
2012.10.14 22:04:37.893,1.57376,1.57468,1.50,1.50
2012.10.14 22:04:38.013,1.57376,1.57468,1.50,1.50
2012.10.14 22:04:38.462,1.57376,1.57468,1.50,1.50
2012.10.14 22:04:38.763,1.57388,1.57462,1.13,1.13
2012.10.14 22:04:39.033,1.57388,1.57462,1.13,1.13
2012.10.14 22:04:39.355,1.57386,1.57462,1.13,1.13
2012.10.14 22:04:39.492,1.57383,1.57457,1.13,1.13
2012.10.14 22:04:39.793,1.57383,1.57457,1.50,1.13
2012.10.14 22:04:41.904,1.57383,1.57456,1.88,1.13
2012.10.14 22:04:41.963,1.57384,1.57456,1.13,1.13
2012.10.14 22:04:42.677,1.57383,1.57457,1.13,1.13
2012.10.14 22:04:43.603,1.57384,1.57456,1.13,1.13
2012.10.14 22:04:51.363,1.57389,1.57462,1.13,1.13
2012.10.14 22:04:55.013,1.57389,1.57461,1.13,1.13
2012.10.14 22:04:56.542,1.57389,1.57461,1.13,1.13
2012.10.14 22:05:03.903,1.57388,1.57462,1.13,1.13
2012.10.14 22:05:08.029,1.57388,1.57467,1.13,1.13
2012.10.14 22:05:08.093,1.57388,1.57467,1.13,1.13
2012.10.14 22:05:08.643,1.57389,1.57461,1.13,1.13
2012.10.14 22:05:17.686,1.57383,1.57462,1.88,1.13
2012.10.14 22:05:17.743,1.57383,1.57462,1.88,1.13
2012.10.14 22:05:18.253,1.57384,1.57461,1.13,1.13
2012.10.14 22:05:20.483,1.57384,1.57462,1.13,1.13
2012.10.14 22:05:21.185,1.57383,1.57462,1.13,1.13
2012.10.14 22:05:22.863,1.57384,1.57462,1.13,1.13
2012.10.14 22:05:23.636,1.57383,1.57462,1.88,1.13
2012.10.14 22:05:24.513,1.57388,1.57472,1.13,1.13
2012.10.14 22:05:25.614,1.57391,1.57471,1.13,1.13
2012.10.14 22:05:26.123,1.57389,1.57471,1.13,1.13
2012.10.14 22:05:26.257,1.57391,1.57471,1.13,1.13
2012.10.14 22:05:26.615,1.57394,1.57471,1.13,1.13
2012.10.14 22:05:29.293,1.57394,1.57471,1.13,2.63
2012.10.14 22:05:29.832,1.57403,1.57471,1.13,2.63
2012.10.14 22:05:30.990,1.57403,1.57471,1.13,1.88
2012.10.14 22:05:31.524,1.57403,1.57472,1.13,1.13
2012.10.14 22:05:31.853,1.57395,1.57467,1.50,1.13
2012.10.14 22:05:31.913,1.57393,1.57477,1.13,1.13
2012.10.14 22:05:31.973,1.57387,1.57483,2.78,1.50
2012.10.14 22:05:32.033,1.57409,1.57471,1.13,1.13
2012.10.14 22:05:32.153,1.57408,1.57472,1.13,1.13
2012.10.14 22:05:32.643,1.57409,1.57471,1.13,1.13
2012.10.14 22:05:35.073,1.57406,1.57471,1.13,1.13
2012.10.14 22:05:35.203,1.57403,1.57472,1.13,1.13
2012.10.14 22:05:35.935,1.57403,1.5747,1.13,1.50
2012.10.14 22:05:37.093,1.57394,1.57461,1.13,1.88
2012.10.14 22:05:42.153,1.57393,1.57459,1.13,1.50
2012.10.14 22:05:42.759,1.57393,1.57458,1.13,1.50
2012.10.14 22:05:43.183,1.57394,1.57458,1.13,1.50
2012.10.14 22:05:43.543,1.57393,1.57444,1.13,1.13
2012.10.14 22:05:43.903,1.57393,1.57442,1.13,1.13
2012.10.14 22:05:44.408,1.57394,1.57444,1.13,1.13
2012.10.14 22:05:45.093,1.57393,1.57444,1.13,1.13
2012.10.14 22:05:48.943,1.57388,1.57438,1.88,1.50
2012.10.14 22:05:49.003,1.57388,1.57438,1.13,1.50
2012.10.14 22:05:49.908,1.57388,1.57438,1.13,1.50
2012.10.14 22:05:50.154,1.57388,1.57446,1.13,1.13
2012.10.14 22:05:50.213,1.57388,1.57448,1.13,1.13
2012.10.14 22:05:50.744,1.57388,1.57448,1.13,1.13
2012.10.14 22:05:51.528,1.57388,1.57448,1.13,1.13
2012.10.14 22:05:52.274,1.57388,1.57446,1.13,1.13
2012.10.14 22:05:52.554,1.57388,1.57448,1.13,1.13
2012.10.14 22:05:53.111,1.57388,1.57448,1.13,1.50
2012.10.14 22:05:53.809,1.57389,1.5744,1.13,1.88
2012.10.14 22:05:54.134,1.57389,1.5744,1.13,2.63
2012.10.14 22:05:54.433,1.57388,1.57441,1.13,1.13
2012.10.14 22:05:54.954,1.57388,1.57441,1.13,1.13
2012.10.14 22:05:57.873,1.57388,1.57441,1.13,1.13
2012.10.14 22:05:58.424,1.57388,1.57441,1.13,1.50
2012.10.14 22:06:00.283,1.57382,1.57441,1.50,1.13
2012.10.14 22:06:00.411,1.57378,1.57438,1.13,1.13
2012.10.14 22:06:00.785,1.57376,1.57435,1.13,1.13
2012.10.14 22:06:00.843,1.57373,1.57435,1.13,1.13
2012.10.14 22:06:01.143,1.57374,1.57429,1.13,1.13
2012.10.14 22:06:01.654,1.57374,1.57429,1.13,1.13
2012.10.14 22:06:04.153,1.57374,1.57438,1.13,1.50
2012.10.14 22:06:04.213,1.57374,1.57438,1.13,1.50
2012.10.14 22:06:04.453,1.57389,1.57447,1.50,1.13
2012.10.14 22:06:05.293,1.5738,1.57452,1.50,1.50
2012.10.14 22:06:05.533,1.57373,1.57446,1.13,1.50
2012.10.14 22:06:05.983,1.57373,1.57444,1.13,1.13
2012.10.14 22:06:06.185,1.57373,1.5744,1.13,1.13
2012.10.14 22:06:06.698,1.57373,1.57438,1.13,1.50
2012.10.14 22:06:08.448,1.57373,1.57447,1.13,1.50
2012.10.14 22:06:10.883,1.57374,1.57447,1.13,1.13
2012.10.14 22:06:11.004,1.57371,1.57461,1.50,1.13
2012.10.14 22:06:11.123,1.57371,1.57464,1.50,1.13
2012.10.14 22:06:11.183,1.57372,1.57464,1.50,1.13
2012.10.14 22:06:11.492,1.5738,1.57464,1.50,1.13
2012.10.14 22:06:11.802,1.57393,1.57464,1.13,1.13
2012.10.14 22:06:14.900,1.57393,1.57464,1.13,1.13
2012.10.14 22:06:15.943,1.57398,1.57464,1.13,1.13
2012.10.14 22:06:16.194,1.57398,1.57469,1.13,1.13
2012.10.14 22:06:16.253,1.57403,1.57474,1.13,1.50
2012.10.14 22:06:20.105,1.57403,1.57476,1.13,1.13
2012.10.14 22:06:20.163,1.57403,1.57477,1.13,1.13
2012.10.14 22:06:20.283,1.57404,1.57476,1.13,1.13
2012.10.14 22:06:21.054,1.57401,1.57476,1.88,1.13
2012.10.14 22:06:21.114,1.57401,1.57477,1.50,1.13
2012.10.14 22:06:25.291,1.57398,1.57477,1.88,1.13
2012.10.14 22:06:25.803,1.57399,1.57477,1.13,1.13
2012.10.14 22:06:26.204,1.57399,1.57477,1.13,1.50
2012.10.14 22:06:26.563,1.57394,1.57474,1.13,1.13
2012.10.14 22:06:26.923,1.57399,1.57474,1.13,1.13
2012.10.14 22:06:27.474,1.57393,1.57474,1.13,1.13
2012.10.14 22:06:34.213,1.57393,1.57477,1.13,1.13
2012.10.14 22:06:34.704,1.57397,1.57477,2.63,1.13
2012.10.14 22:06:35.169,1.57399,1.57476,1.13,1.13
2012.10.14 22:06:37.933,1.57399,1.57479,1.13,2.25
2012.10.14 22:06:40.973,1.57399,1.57477,1.13,1.13
2012.10.14 22:06:42.133,1.57403,1.57477,1.13,1.13
2012.10.14 22:06:44.140,1.57403,1.57477,1.13,1.88
2012.10.14 22:06:44.267,1.57399,1.5747,1.13,1.50
2012.10.14 22:06:44.384,1.57397,1.57471,3.00,3.00
2012.10.14 22:06:44.653,1.57397,1.57471,3.00,3.75
2012.10.14 22:06:46.154,1.57397,1.57471,3.00,3.00
2012.10.14 22:06:46.273,1.57398,1.57476,2.25,1.13
2012.10.14 22:06:46.513,1.57395,1.57475,1.50,1.13
2012.10.14 22:06:47.033,1.57395,1.57478,1.50,1.13
2012.10.14 22:06:48.043,1.57395,1.57472,2.25,1.13
2012.10.14 22:06:48.744,1.57395,1.57471,2.25,1.13
2012.10.14 22:06:53.203,1.57394,1.57471,3.38,1.13
2012.10.14 22:06:54.634,1.57397,1.57476,1.50,1.13
2012.10.14 22:07:16.803,1.57397,1.57477,3.00,1.50
2012.10.14 22:07:17.173,1.57398,1.57475,2.25,1.13
2012.10.14 22:07:17.597,1.57401,1.57475,3.00,1.13
2012.10.14 22:07:19.503,1.57401,1.57473,2.25,1.13
2012.10.14 22:07:19.623,1.57394,1.57472,3.00,1.13
2012.10.14 22:07:20.383,1.57395,1.57472,1.50,1.13
2012.10.14 22:07:21.983,1.57395,1.57475,3.00,1.13
2012.10.14 22:07:22.044,1.57398,1.57475,2.25,1.13
2012.10.14 22:07:22.604,1.574,1.57475,2.25,1.13
2012.10.14 22:07:24.232,1.57401,1.57476,2.25,1.13
2012.10.14 22:07:24.533,1.57408,1.57477,1.13,1.13
2012.10.14 22:07:24.754,1.57407,1.57477,1.13,1.13
2012.10.14 22:07:25.503,1.57404,1.57476,2.63,1.13
2012.10.14 22:07:26.344,1.57407,1.57477,2.63,1.13
2012.10.14 22:07:26.851,1.57408,1.57477,1.13,1.13
2012.10.14 22:07:49.948,1.57407,1.57477,1.13,1.13
2012.10.14 22:07:50.004,1.57404,1.57476,2.63,1.13
2012.10.14 22:07:50.243,1.57401,1.57477,3.00,1.13
2012.10.14 22:08:01.234,1.57398,1.57476,2.63,1.13
2012.10.14 22:08:01.836,1.57398,1.57477,2.25,1.13
2012.10.14 22:08:03.243,1.57398,1.57477,3.00,1.13
2012.10.14 22:08:03.737,1.57397,1.57477,3.00,1.13
2012.10.14 22:08:08.683,1.57397,1.57477,3.00,1.13
2012.10.14 22:08:09.313,1.57397,1.57472,3.00,1.13
2012.10.14 22:08:12.215,1.57398,1.57472,1.50,1.13
2012.10.14 22:08:18.135,1.574,1.57472,3.00,1.13
2012.10.14 22:08:18.254,1.57403,1.57477,3.38,1.13
2012.10.14 22:08:18.966,1.57404,1.57477,2.25,1.13
2012.10.14 22:08:22.933,1.57404,1.57477,3.00,1.13
2012.10.14 22:08:23.243,1.57413,1.57477,2.63,1.13
2012.10.14 22:08:26.121,1.57413,1.57477,3.38,1.13
2012.10.14 22:08:28.645,1.5741,1.57477,2.25,1.13
2012.10.14 22:08:29.283,1.57409,1.57477,3.00,1.13
2012.10.14 22:08:31.823,1.57409,1.57477,1.50,1.13
2012.10.14 22:08:31.919,1.57407,1.57476,2.25,1.13
2012.10.14 22:08:34.453,1.57407,1.57482,2.25,1.13
2012.10.14 22:08:34.514,1.57412,1.57482,3.00,1.13
2012.10.14 22:08:35.317,1.57413,1.57481,2.25,1.13
2012.10.14 22:08:36.932,1.57413,1.57486,2.25,1.13
2012.10.14 22:08:37.063,1.57413,1.57488,3.00,3.00
2012.10.14 22:08:37.305,1.57415,1.57488,2.25,1.13
2012.10.14 22:08:37.624,1.57415,1.57486,3.00,1.13
2012.10.14 22:08:37.983,1.57427,1.57489,1.81,2.25
2012.10.14 22:08:38.652,1.57427,1.57489,1.06,3.00
2012.10.14 22:08:39.014,1.57419,1.57489,1.50,1.50
2012.10.14 22:08:39.716,1.57427,1.57489,1.06,2.25
2012.10.14 22:08:40.446,1.57427,1.57491,1.06,1.50
2012.10.14 22:08:41.094,1.57425,1.57491,1.50,1.13
2012.10.14 22:08:41.333,1.57413,1.57487,1.13,1.13
2012.10.14 22:08:41.703,1.57412,1.57487,1.13,1.13
2012.10.14 22:08:41.823,1.57406,1.57486,1.50,1.13
2012.10.14 22:08:43.514,1.57406,1.57487,1.50,1.13
2012.10.14 22:08:43.834,1.57406,1.57487,2.25,1.13
2012.10.14 22:08:46.163,1.57403,1.57486,1.88,1.13
2012.10.14 22:08:46.223,1.57403,1.57487,1.88,1.13
2012.10.14 22:08:46.344,1.57397,1.57481,1.50,1.13
2012.10.14 22:08:46.864,1.57397,1.57482,3.00,1.13
2012.10.14 22:08:49.394,1.57398,1.57482,1.50,1.13
2012.10.14 22:08:49.964,1.57401,1.57481,1.50,1.13
2012.10.14 22:08:55.180,1.57406,1.57483,1.50,1.13
2012.10.14 22:08:55.244,1.57408,1.57485,1.13,1.50
2012.10.14 22:08:57.491,1.57408,1.57487,1.13,1.13
2012.10.14 22:09:00.011,1.57407,1.57487,1.13,1.13
2012.10.14 22:09:00.525,1.57406,1.57486,3.00,1.13
2012.10.14 22:09:00.643,1.57409,1.57486,1.13,1.13
2012.10.14 22:09:01.094,1.57407,1.57486,2.25,1.13
2012.10.14 22:09:02.188,1.57407,1.57486,1.50,1.13
2012.10.14 22:09:03.613,1.57408,1.57492,1.13,1.13
2012.10.14 22:09:03.691,1.57409,1.57492,1.13,1.13
2012.10.14 22:09:04.456,1.57415,1.57492,1.13,1.13
2012.10.14 22:09:04.753,1.57416,1.57492,2.25,1.13
2012.10.14 22:09:06.947,1.57416,1.57492,1.50,1.13
2012.10.14 22:09:08.814,1.57419,1.57492,2.25,1.13
2012.10.14 22:09:11.883,1.57421,1.57492,1.50,1.13
2012.10.14 22:09:17.635,1.57421,1.57492,2.25,1.13
2012.10.14 22:09:17.994,1.57424,1.57491,1.50,1.29
2012.10.14 22:09:18.803,1.57422,1.57491,1.13,1.13
2012.10.14 22:09:18.863,1.57423,1.57482,1.13,1.13
2012.10.14 22:09:19.164,1.57418,1.57486,1.50,1.13
2012.10.14 22:09:19.223,1.57416,1.57486,1.50,1.13
2012.10.14 22:09:19.403,1.57418,1.57487,4.28,1.13
2012.10.14 22:09:19.704,1.57425,1.57479,1.50,1.09
2012.10.14 22:09:19.884,1.57413,1.5748,1.50,1.09
2012.10.14 22:09:20.413,1.57416,1.57497,2.63,1.84
2012.10.14 22:09:20.473,1.57418,1.57497,1.13,1.84
2012.10.14 22:09:20.533,1.57418,1.57498,1.13,1.13
2012.10.14 22:09:20.594,1.57423,1.57492,1.13,1.50
2012.10.14 22:09:21.095,1.57424,1.57487,1.50,1.13
2012.10.14 22:09:21.574,1.57421,1.57492,1.50,1.13
2012.10.14 22:09:24.533,1.57419,1.57491,2.63,1.13
2012.10.14 22:09:24.773,1.5741,1.57491,1.88,1.88
2012.10.14 22:09:24.954,1.57409,1.57486,1.13,1.13
2012.10.14 22:09:25.134,1.57401,1.57486,1.50,1.13
2012.10.14 22:09:25.193,1.574,1.57486,1.50,1.13
2012.10.14 22:09:26.543,1.574,1.57486,1.50,1.13
2012.10.14 22:09:28.134,1.574,1.57483,1.50,1.13
2012.10.14 22:09:28.193,1.574,1.57482,1.50,1.13
2012.10.14 22:09:39.845,1.57399,1.57482,1.13,1.13
2012.10.14 22:09:40.641,1.57397,1.57482,4.13,1.13
2012.10.14 22:09:50.164,1.57399,1.57482,1.13,1.13
2012.10.14 22:09:50.686,1.57401,1.57482,1.50,1.13
2012.10.14 22:10:03.230,1.57401,1.57481,2.25,1.13
2012.10.14 22:10:03.566,1.57404,1.57481,2.63,1.13
2012.10.14 22:10:06.284,1.57403,1.57482,3.38,1.13
2012.10.14 22:10:06.403,1.57404,1.57482,1.50,1.13
2012.10.14 22:10:06.856,1.57403,1.57482,3.38,1.13
2012.10.14 22:10:07.654,1.57406,1.57481,1.50,1.13
2012.10.14 22:10:07.974,1.57409,1.57481,1.13,1.13
2012.10.14 22:10:09.862,1.57409,1.57481,1.13,1.13
2012.10.14 22:10:10.174,1.57437,1.57486,1.13,1.13
2012.10.14 22:10:10.294,1.57433,1.57498,1.50,1.13
2012.10.14 22:10:10.419,1.57423,1.575,1.13,1.50
2012.10.14 22:10:10.724,1.57437,1.57485,0.75,1.09
2012.10.14 22:10:10.843,1.57386,1.57487,1.50,1.50
2012.10.14 22:10:10.903,1.57386,1.57487,1.50,1.50
2012.10.14 22:10:11.053,1.57373,1.57447,1.50,1.50
2012.10.14 22:10:11.353,1.57385,1.57444,1.88,1.47
2012.10.14 22:10:11.539,1.57379,1.57444,1.88,1.47
2012.10.14 22:10:11.653,1.57379,1.57447,1.88,2.59
2012.10.14 22:10:11.833,1.57379,1.57443,1.50,1.13
2012.10.14 22:10:11.893,1.57379,1.57443,1.50,1.13
2012.10.14 22:10:12.183,1.57379,1.57444,1.50,2.63
2012.10.14 22:10:12.304,1.5738,1.57443,1.13,1.13
2012.10.14 22:10:12.663,1.57386,1.57452,1.50,1.13
2012.10.14 22:10:12.903,1.57383,1.57455,1.88,1.50
2012.10.14 22:10:13.083,1.57385,1.57457,1.50,1.13
2012.10.14 22:10:13.144,1.57391,1.57456,1.13,1.13
2012.10.14 22:10:13.503,1.574,1.57465,1.13,1.50
2012.10.14 22:10:14.194,1.57401,1.57456,1.50,1.13
2012.10.14 22:10:14.313,1.57401,1.57462,1.50,1.13
2012.10.14 22:10:14.857,1.57398,1.57462,1.88,1.13
2012.10.14 22:10:15.093,1.57398,1.57462,1.13,1.13
2012.10.14 22:10:15.155,1.57398,1.57465,1.13,1.13
2012.10.14 22:10:15.214,1.57404,1.57466,1.13,1.13
2012.10.14 22:10:15.513,1.57404,1.57471,1.13,1.13
2012.10.14 22:10:15.693,1.57404,1.57468,1.13,1.13
2012.10.14 22:10:16.196,1.57404,1.57466,1.13,1.13
2012.10.14 22:10:16.483,1.574,1.57466,2.25,1.13
2012.10.14 22:10:16.703,1.57398,1.57461,3.00,1.13
2012.10.14 22:10:17.004,1.57404,1.57464,1.13,1.13
2012.10.14 22:10:17.143,1.57404,1.57466,1.13,1.13
2012.10.14 22:10:17.743,1.57408,1.57472,1.13,1.13
2012.10.14 22:10:17.803,1.57408,1.57472,1.13,1.13
2012.10.14 22:10:17.926,1.57408,1.57472,1.13,1.13
2012.10.14 22:10:18.505,1.57409,1.57471,1.13,1.13
2012.10.14 22:10:19.344,1.57407,1.57471,2.25,1.13
2012.10.14 22:10:19.621,1.57407,1.57472,2.25,1.13
2012.10.14 22:10:19.744,1.57412,1.57471,1.13,1.13
2012.10.14 22:10:19.803,1.57408,1.57472,1.13,1.13
2012.10.14 22:10:20.244,1.57408,1.57472,1.13,1.13
2012.10.14 22:10:20.885,1.57408,1.57472,1.13,1.13
2012.10.14 22:10:21.304,1.57409,1.57471,1.13,1.13
2012.10.14 22:10:24.565,1.57406,1.57471,3.38,1.13
2012.10.14 22:10:24.624,1.57406,1.57472,3.00,1.13
2012.10.14 22:10:33.104,1.57406,1.57471,3.00,1.13
2012.10.14 22:10:33.227,1.57416,1.57471,2.25,1.13
2012.10.14 22:10:33.344,1.57416,1.57476,2.25,1.13
2012.10.14 22:10:35.944,1.57421,1.57476,1.50,1.13
2012.10.14 22:10:39.313,1.57422,1.57476,1.50,1.13
2012.10.14 22:10:42.184,1.57421,1.57481,2.25,1.13
2012.10.14 22:10:42.765,1.57425,1.57481,3.00,1.13
2012.10.14 22:10:43.324,1.57427,1.57491,1.50,1.13
2012.10.14 22:10:43.445,1.57428,1.57491,1.50,1.13
2012.10.14 22:10:43.993,1.57424,1.57492,1.50,1.13
2012.10.14 22:10:44.798,1.57428,1.57491,1.50,1.13
2012.10.14 22:10:45.343,1.57427,1.57492,1.50,1.13
2012.10.14 22:10:45.723,1.57427,1.57491,1.50,1.13
2012.10.14 22:10:46.720,1.57425,1.57487,1.50,1.13
2012.10.14 22:10:46.855,1.57424,1.57492,2.25,1.13
2012.10.14 22:10:46.914,1.57434,1.57492,1.13,1.13
2012.10.14 22:10:47.274,1.57437,1.57502,2.25,1.13
2012.10.14 22:10:47.778,1.57437,1.57501,3.00,1.13
2012.10.14 22:10:48.485,1.57436,1.57501,3.98,1.13
2012.10.14 22:10:48.803,1.57434,1.57501,3.98,1.13
2012.10.14 22:10:49.415,1.57434,1.57501,2.10,1.13
2012.10.14 22:10:50.254,1.57434,1.57502,3.23,1.13
2012.10.14 22:10:50.435,1.57434,1.57502,1.73,1.13
2012.10.14 22:10:50.614,1.57434,1.57502,1.73,1.13
2012.10.14 22:10:56.483,1.57434,1.57501,1.13,1.13
2012.10.14 22:10:58.356,1.57434,1.57501,1.13,1.13
2012.10.14 22:11:00.025,1.57434,1.57501,1.88,1.13
2012.10.14 22:11:00.375,1.57444,1.57506,1.13,1.13
2012.10.14 22:11:00.494,1.57463,1.57517,1.13,1.13
2012.10.14 22:11:01.035,1.57464,1.57516,1.13,1.13
2012.10.14 22:11:01.384,1.57464,1.57516,1.13,1.13
2012.10.14 22:11:01.743,1.57464,1.57511,1.88,1.13
2012.10.14 22:11:02.884,1.57453,1.57512,1.13,1.13
2012.10.14 22:11:02.944,1.57454,1.5751,1.13,1.13
2012.10.14 22:11:03.284,1.57446,1.57502,1.50,1.13
2012.10.14 22:11:03.524,1.57442,1.57501,1.13,1.13
2012.10.14 22:11:03.703,1.57434,1.57502,2.25,1.13
2012.10.14 22:11:04.264,1.57436,1.57501,1.50,1.13
2012.10.14 22:11:04.937,1.57434,1.57501,2.63,1.13
2012.10.14 22:11:05.424,1.57434,1.57501,1.88,1.13
2012.10.14 22:11:05.663,1.57433,1.57497,1.88,1.13
2012.10.14 22:11:05.964,1.57427,1.57501,1.88,1.13
2012.10.14 22:11:06.084,1.57424,1.57492,1.13,1.13
2012.10.14 22:11:06.474,1.57429,1.57496,1.13,1.13
2012.10.14 22:11:06.974,1.57429,1.57491,1.13,1.13
2012.10.14 22:11:07.093,1.57423,1.57492,1.13,1.13
2012.10.14 22:11:07.794,1.57424,1.57492,1.13,1.13
2012.10.14 22:11:09.865,1.57424,1.57491,1.13,1.13
2012.10.14 22:11:10.490,1.57424,1.57491,1.13,1.13
2012.10.14 22:11:10.793,1.57424,1.57492,1.13,1.13
2012.10.14 22:11:11.213,1.57424,1.57495,1.88,1.13
2012.10.14 22:11:12.763,1.57424,1.57497,3.00,1.13
2012.10.14 22:11:12.944,1.57425,1.57497,2.25,1.13
2012.10.14 22:11:14.183,1.57433,1.57497,1.13,1.13
2012.10.14 22:11:14.363,1.5743,1.57497,1.50,1.13
2012.10.14 22:11:14.483,1.57431,1.57498,1.50,1.13
2012.10.14 22:11:15.043,1.57433,1.57502,1.13,1.13
2012.10.14 22:11:15.534,1.57434,1.57501,1.13,1.13
2012.10.14 22:11:16.034,1.57433,1.57501,1.13,1.13
2012.10.14 22:11:16.153,1.57428,1.57501,1.50,1.13
2012.10.14 22:11:18.663,1.57427,1.57501,1.73,1.13
2012.10.14 22:11:19.201,1.57427,1.57498,1.73,1.13
2012.10.14 22:11:19.784,1.57425,1.57492,1.73,1.13
2012.10.14 22:11:20.394,1.57424,1.57492,1.73,1.13
2012.10.14 22:11:20.903,1.57425,1.57492,1.73,1.13
2012.10.14 22:11:25.484,1.57423,1.57492,1.35,1.13
2012.10.14 22:11:26.124,1.57428,1.57491,1.50,1.13
2012.10.14 22:11:31.733,1.57433,1.57492,1.13,1.13
2012.10.14 22:11:32.093,1.57434,1.57492,1.13,1.13
2012.10.14 22:11:32.947,1.57433,1.57492,1.13,1.13
2012.10.14 22:11:38.524,1.57433,1.57492,1.13,1.13
2012.10.14 22:11:41.603,1.57431,1.57491,1.50,1.13
2012.10.14 22:11:42.275,1.5743,1.57491,1.50,1.13
2012.10.14 22:11:42.813,1.57431,1.57492,1.50,1.13
2012.10.14 22:11:44.254,1.57427,1.57492,1.73,1.13
2012.10.14 22:11:44.944,1.57424,1.57491,1.73,1.50
2012.10.14 22:11:45.304,1.57419,1.57489,1.35,2.25
2012.10.14 22:11:45.364,1.57418,1.57485,1.35,1.50
2012.10.14 22:11:45.723,1.57416,1.57488,1.50,1.13
2012.10.14 22:11:45.783,1.57409,1.57486,1.13,2.63
2012.10.14 22:11:46.087,1.57409,1.57486,1.50,2.25
2012.10.14 22:11:46.523,1.57412,1.57482,1.50,1.13
2012.10.14 22:11:50.753,1.57408,1.57476,1.13,1.50
2012.10.14 22:11:50.813,1.57406,1.57471,1.50,1.13
2012.10.14 22:11:51.361,1.57403,1.57472,1.88,1.13
2012.10.14 22:11:52.720,1.57404,1.57471,1.13,1.13
2012.10.14 22:11:52.834,1.57404,1.57471,1.50,1.13
2012.10.14 22:11:52.954,1.57403,1.57471,1.88,1.13
2012.10.14 22:11:53.074,1.574,1.57471,3.00,1.50
2012.10.14 22:11:53.454,1.57401,1.57474,2.25,1.50
2012.10.14 22:11:53.514,1.574,1.57474,3.98,1.50
2012.10.14 22:11:53.696,1.57406,1.5748,2.25,1.50
2012.10.14 22:11:54.084,1.57408,1.57472,1.13,1.13
2012.10.14 22:11:54.494,1.57408,1.57472,1.13,1.13
2012.10.14 22:11:54.580,1.57407,1.57472,1.88,1.13
2012.10.14 22:11:54.823,1.574,1.57471,3.00,1.13
2012.10.14 22:11:55.286,1.57401,1.57471,1.50,1.13
2012.10.14 22:11:55.994,1.57401,1.57472,2.25,1.13
2012.10.14 22:11:56.053,1.57401,1.57472,2.25,1.13
2012.10.14 22:11:56.578,1.57401,1.57472,3.00,1.13
2012.10.14 22:11:57.134,1.57404,1.57471,1.88,1.13
2012.10.14 22:12:00.294,1.57404,1.57472,1.50,1.13
2012.10.14 22:12:01.293,1.57404,1.57471,3.75,1.13
2012.10.14 22:12:01.610,1.57407,1.57472,1.50,1.13
2012.10.14 22:12:01.914,1.57414,1.57479,1.13,1.13
2012.10.14 22:12:02.102,1.57418,1.57492,2.25,1.13
2012.10.14 22:12:02.165,1.57421,1.57486,1.50,1.13
2012.10.14 22:12:02.408,1.57425,1.57491,1.50,1.13
2012.10.14 22:12:02.463,1.57424,1.57491,1.13,1.13
2012.10.14 22:12:03.003,1.57422,1.57492,2.25,1.13
2012.10.14 22:12:03.766,1.57422,1.57491,3.75,1.13
2012.10.14 22:12:05.033,1.57422,1.57496,3.75,1.13
2012.10.14 22:12:05.553,1.57422,1.57496,2.25,1.13
2012.10.14 22:12:05.674,1.57422,1.57496,1.50,1.13
2012.10.14 22:12:05.734,1.57422,1.57496,1.50,1.13
2012.10.14 22:12:06.325,1.57422,1.57492,3.75,1.13
2012.10.14 22:12:08.174,1.57421,1.57492,1.50,1.13
2012.10.14 22:12:08.625,1.57419,1.57492,1.50,1.13
2012.10.14 22:12:16.634,1.57421,1.57492,1.13,1.13
2012.10.14 22:12:16.874,1.57424,1.57501,2.63,1.13
2012.10.14 22:12:16.934,1.57424,1.57501,4.13,1.13
2012.10.14 22:12:17.293,1.57424,1.57501,3.38,1.13
2012.10.14 22:12:17.354,1.57422,1.57501,2.25,1.13
2012.10.14 22:12:17.473,1.57422,1.57501,3.00,1.13
2012.10.14 22:12:18.033,1.57421,1.57501,3.75,1.13
2012.10.14 22:12:18.163,1.57422,1.57501,2.25,1.13
2012.10.14 22:12:18.370,1.57422,1.57502,2.25,1.13
2012.10.14 22:12:18.644,1.57422,1.57501,2.25,1.13
2012.10.14 22:12:20.024,1.57422,1.57497,3.00,1.13
2012.10.14 22:12:22.393,1.57422,1.57502,3.00,1.13
2012.10.14 22:12:22.492,1.57422,1.57502,3.00,1.13
2012.10.14 22:12:22.814,1.57422,1.57501,3.00,1.13
2012.10.14 22:12:25.844,1.57422,1.57501,2.25,1.13
2012.10.14 22:12:26.429,1.57421,1.57501,3.75,1.13
2012.10.14 22:12:27.954,1.57424,1.57501,1.13,1.13
2012.10.14 22:12:28.513,1.57422,1.57502,1.50,1.13
2012.10.14 22:12:31.174,1.57424,1.57502,3.75,1.13
2012.10.14 22:12:33.843,1.57425,1.57502,2.25,1.13
2012.10.14 22:12:35.284,1.57426,1.57502,1.50,1.13
2012.10.14 22:12:36.064,1.57425,1.57502,3.75,1.13
2012.10.14 22:12:37.009,1.57426,1.57502,1.50,1.13
2012.10.14 22:12:37.534,1.57427,1.57501,3.00,1.13
2012.10.14 22:12:40.374,1.57425,1.57502,1.50,1.13
2012.10.14 22:12:41.207,1.57427,1.57502,3.00,1.13
2012.10.14 22:12:43.103,1.57426,1.57501,1.50,1.13
2012.10.14 22:12:43.896,1.57425,1.57502,1.50,1.13
2012.10.14 22:12:45.218,1.57431,1.57502,1.50,1.13
2012.10.14 22:12:45.334,1.57433,1.57501,1.13,1.13
2012.10.14 22:12:45.983,1.57431,1.57501,1.88,1.13
2012.10.14 22:12:46.043,1.57431,1.57502,1.50,1.13
2012.10.14 22:12:47.714,1.57427,1.57501,1.88,1.13
2012.10.14 22:12:48.114,1.57428,1.57502,1.50,1.13
2012.10.14 22:12:48.647,1.57427,1.57502,1.88,1.13
2012.10.14 22:12:49.164,1.57431,1.57502,1.50,1.13
2012.10.14 22:12:49.284,1.57434,1.5751,1.13,1.50
2012.10.14 22:12:49.405,1.57433,1.5751,1.88,1.50
2012.10.14 22:12:49.525,1.57433,1.57537,1.88,1.50
2012.10.14 22:12:49.645,1.57434,1.57512,1.88,1.13
2012.10.14 22:12:49.883,1.57432,1.57507,1.13,1.50
2012.10.14 22:12:49.946,1.57427,1.57501,1.13,2.25
2012.10.14 22:12:50.838,1.57427,1.57501,1.13,3.00
2012.10.14 22:12:53.194,1.57427,1.57501,1.13,4.50
2012.10.14 22:12:54.513,1.57427,1.575,1.13,1.50
2012.10.14 22:12:54.574,1.57427,1.575,1.13,2.25
2012.10.14 22:12:55.024,1.57427,1.57501,1.13,3.00
2012.10.14 22:12:55.084,1.57427,1.575,1.13,2.25
2012.10.14 22:12:55.474,1.57427,1.575,1.13,1.50
2012.10.14 22:12:55.674,1.57422,1.57501,1.73,1.50
2012.10.14 22:12:56.334,1.57425,1.57502,1.50,1.13
2012.10.14 22:12:56.455,1.57425,1.57506,1.50,2.25
2012.10.14 22:12:56.635,1.57425,1.57501,1.27,1.13
2012.10.14 22:12:57.955,1.57425,1.57503,1.27,2.63
2012.10.14 22:12:58.014,1.57425,1.57503,1.27,2.25
2012.10.14 22:12:59.164,1.57425,1.57506,2.25,1.88
2012.10.14 22:12:59.800,1.57425,1.57506,3.75,2.63
2012.10.14 22:13:00.315,1.57425,1.57506,2.25,1.88
2012.10.14 22:13:06.353,1.57425,1.57506,3.75,1.13
2012.10.14 22:13:08.133,1.57428,1.57507,3.23,1.13
2012.10.14 22:13:10.700,1.57427,1.57507,2.48,1.13
2012.10.14 22:13:10.944,1.57434,1.57506,2.10,1.13
2012.10.14 22:13:11.063,1.57434,1.57507,2.71,1.13
2012.10.14 22:13:11.363,1.57434,1.57515,3.09,2.25
2012.10.14 22:13:11.424,1.57434,1.57515,2.34,1.50
2012.10.14 22:13:11.484,1.57437,1.57515,1.13,1.50
2012.10.14 22:13:12.034,1.57437,1.57509,1.13,1.88
2012.10.14 22:13:12.404,1.57436,1.57509,1.13,1.50
2012.10.14 22:13:13.064,1.57436,1.57507,1.13,1.13
2012.10.14 22:13:13.440,1.57436,1.57501,1.13,1.13
2012.10.14 22:13:13.554,1.57436,1.57506,1.13,1.13
2012.10.14 22:13:19.564,1.57436,1.57506,1.13,1.13
2012.10.14 22:13:19.684,1.57436,1.57512,1.13,1.13
2012.10.14 22:13:19.804,1.57437,1.57512,1.13,1.13
2012.10.14 22:13:20.249,1.57437,1.57513,1.13,1.50
2012.10.14 22:13:20.975,1.57437,1.57507,1.13,1.13
2012.10.14 22:13:22.925,1.57437,1.57512,1.13,1.13
2012.10.14 22:13:23.484,1.57437,1.57507,1.13,1.13
2012.10.14 22:13:23.874,1.57437,1.57516,1.13,1.50
2012.10.14 22:13:24.524,1.57437,1.57516,1.13,1.50
2012.10.14 22:13:25.124,1.57437,1.57516,1.13,1.50
2012.10.14 22:13:26.018,1.57437,1.57516,1.13,1.50
2012.10.14 22:13:26.074,1.57436,1.57507,1.13,1.13
2012.10.14 22:13:26.505,1.57436,1.57512,1.13,1.13
2012.10.14 22:13:27.045,1.57436,1.57511,2.25,1.13
2012.10.14 22:13:27.391,1.57436,1.57511,2.25,1.13
2012.10.14 22:13:27.924,1.57437,1.57506,2.63,1.13
2012.10.14 22:13:34.424,1.57436,1.57512,1.13,1.50
2012.10.14 22:13:34.544,1.57437,1.57511,1.13,1.13
2012.10.14 22:13:35.159,1.57437,1.57511,1.13,1.13
2012.10.14 22:13:37.961,1.57437,1.57511,1.13,1.13
2012.10.14 22:13:38.532,1.57437,1.57507,1.13,1.13
2012.10.14 22:13:42.643,1.57437,1.57512,1.13,1.88
2012.10.14 22:14:01.520,1.57437,1.5751,1.13,1.13
2012.10.14 22:14:03.875,1.57437,1.57512,1.13,1.88
2012.10.14 22:14:11.494,1.57437,1.57507,1.13,1.13
2012.10.14 22:14:11.697,1.57433,1.57507,1.35,1.13
2012.10.14 22:14:11.754,1.57433,1.57507,1.35,1.13
2012.10.14 22:14:12.244,1.57433,1.57501,1.13,1.13
2012.10.14 22:14:15.216,1.57433,1.57504,1.13,1.13
2012.10.14 22:14:16.174,1.57441,1.57501,1.13,1.13
2012.10.14 22:14:16.234,1.57441,1.57507,1.13,1.13
2012.10.14 22:14:18.154,1.57431,1.57504,1.73,1.50
2012.10.14 22:14:18.214,1.57427,1.57496,1.20,1.13
2012.10.14 22:14:18.395,1.57424,1.57496,2.25,1.13
2012.10.14 22:14:19.028,1.57425,1.57497,3.75,1.13
2012.10.14 22:14:27.914,1.57425,1.57497,2.25,1.13
2012.10.14 22:14:28.783,1.57425,1.57496,3.75,1.13
2012.10.14 22:14:34.745,1.57427,1.57501,1.50,1.13
2012.10.14 22:14:34.809,1.57427,1.57506,1.73,1.13
2012.10.14 22:14:34.934,1.57427,1.57506,1.73,1.13
2012.10.14 22:14:35.505,1.5744,1.57506,1.13,1.13
2012.10.14 22:14:41.434,1.5744,1.57506,1.13,1.13
2012.10.14 22:14:42.574,1.5744,1.57502,1.13,1.13
2012.10.14 22:14:43.087,1.5744,1.57502,1.13,1.13
2012.10.14 22:14:49.614,1.5744,1.57511,1.13,1.13
2012.10.14 22:14:49.734,1.5744,1.5751,1.13,1.13
2012.10.14 22:14:50.044,1.5744,1.57507,1.88,1.13
2012.10.14 22:14:54.075,1.5744,1.57507,1.13,1.13
2012.10.14 22:14:56.634,1.5744,1.57507,1.13,1.13
2012.10.14 22:14:57.112,1.5744,1.57506,1.13,1.13
2012.10.14 22:14:57.634,1.5744,1.57506,1.13,1.13
2012.10.14 22:15:00.305,1.5744,1.57506,1.13,1.13
2012.10.14 22:15:00.914,1.57443,1.57506,1.50,1.13
2012.10.14 22:15:01.754,1.57441,1.57506,1.50,1.88
2012.10.14 22:15:01.994,1.57443,1.57506,1.50,1.88
2012.10.14 22:15:05.114,1.57441,1.57506,1.50,1.88
2012.10.14 22:15:05.881,1.57441,1.57506,1.50,1.88
2012.10.14 22:15:06.124,1.57441,1.57506,1.50,1.13
2012.10.14 22:15:09.995,1.57441,1.57506,1.50,1.13
2012.10.14 22:15:10.544,1.57441,1.57507,1.50,1.13
2012.10.14 22:15:13.655,1.57441,1.57507,1.50,1.13
2012.10.14 22:15:14.164,1.57441,1.57509,1.50,1.13
2012.10.14 22:15:14.224,1.57443,1.57512,1.13,1.13
2012.10.14 22:15:14.544,1.57448,1.57511,1.13,1.13
2012.10.14 22:15:14.746,1.57441,1.57512,1.50,1.88
2012.10.14 22:15:15.294,1.5744,1.57512,1.88,1.88
2012.10.14 22:15:25.134,1.5744,1.57511,1.13,1.13
2012.10.14 22:15:25.514,1.5744,1.57507,1.13,1.13
2012.10.14 22:15:26.684,1.5744,1.57511,1.88,1.13
2012.10.14 22:15:30.929,1.5744,1.57509,1.88,1.50
2012.10.14 22:15:31.263,1.5744,1.57523,1.13,2.40
2012.10.14 22:15:31.444,1.5744,1.57513,1.13,1.50
2012.10.14 22:15:31.747,1.5744,1.57513,1.13,1.13
2012.10.14 22:15:31.804,1.5744,1.57523,1.13,2.40
2012.10.14 22:15:35.145,1.5744,1.5752,1.13,2.33
2012.10.14 22:15:35.483,1.5744,1.5751,1.13,2.25
2012.10.14 22:15:36.025,1.5744,1.57506,1.88,1.13
2012.10.14 22:15:39.444,1.5744,1.57507,1.13,1.13
2012.10.14 22:15:39.745,1.57433,1.57503,1.88,1.13
2012.10.14 22:15:39.946,1.57433,1.57504,2.63,1.50
2012.10.14 22:15:40.367,1.57436,1.57504,1.13,1.13
2012.10.14 22:15:40.425,1.57436,1.57506,1.50,1.88
2012.10.14 22:15:40.546,1.57436,1.57504,1.50,1.13
2012.10.14 22:15:41.174,1.57436,1.57501,1.50,1.13
2012.10.14 22:15:41.745,1.57438,1.57501,1.13,1.50
2012.10.14 22:15:42.875,1.57438,1.57507,1.13,1.13
2012.10.14 22:15:43.174,1.5744,1.57507,1.13,1.13
2012.10.14 22:15:43.234,1.5744,1.57507,1.88,1.13
2012.10.14 22:15:43.654,1.5744,1.57507,1.13,1.13
2012.10.14 22:15:46.514,1.57438,1.57507,1.13,1.13
2012.10.14 22:15:47.734,1.57442,1.57512,1.50,1.13
2012.10.14 22:15:50.214,1.57441,1.57511,1.50,1.13
2012.10.14 22:15:50.728,1.5744,1.57511,1.13,1.13
2012.10.14 22:16:05.434,1.5744,1.57512,1.88,1.13
2012.10.14 22:16:05.774,1.5744,1.57512,1.13,1.88
2012.10.14 22:16:16.293,1.5744,1.57512,1.88,1.13
2012.10.14 22:16:16.655,1.57441,1.57516,1.50,1.50
2012.10.14 22:16:25.214,1.57439,1.57511,1.13,1.13
2012.10.14 22:16:26.487,1.57439,1.57511,1.13,1.13
2012.10.14 22:16:26.824,1.57437,1.57515,1.50,1.50
2012.10.14 22:16:30.654,1.57439,1.57511,1.13,1.13
2012.10.14 22:16:31.224,1.57437,1.57525,1.50,1.65
2012.10.14 22:16:31.464,1.57441,1.57525,1.13,1.65
2012.10.14 22:16:31.774,1.57444,1.57506,1.13,1.13
2012.10.14 22:16:36.094,1.57442,1.57507,1.50,1.13
2012.10.14 22:16:36.334,1.57442,1.57506,1.50,1.13
2012.10.14 22:16:38.176,1.57442,1.57507,1.50,1.13
2012.10.14 22:16:38.294,1.57441,1.57512,1.13,1.13
2012.10.14 22:16:38.354,1.57441,1.57522,1.13,3.15
2012.10.14 22:16:38.414,1.57441,1.57532,1.13,1.58
2012.10.14 22:16:38.534,1.57448,1.57511,1.13,1.13
2012.10.14 22:16:42.055,1.57449,1.57511,1.13,1.13
2012.10.14 22:16:44.423,1.57439,1.57509,1.13,1.13
2012.10.14 22:16:44.574,1.57439,1.57507,1.13,1.13
2012.10.14 22:16:45.314,1.57439,1.57506,1.13,1.13
2012.10.14 22:16:45.434,1.57438,1.57506,1.13,2.25
2012.10.14 22:16:45.994,1.57438,1.57506,1.13,1.50
2012.10.14 22:16:46.234,1.57438,1.57507,1.13,1.88
2012.10.14 22:16:46.415,1.57438,1.57506,1.13,1.50
2012.10.14 22:16:49.665,1.57438,1.57507,1.13,1.13
2012.10.14 22:16:49.784,1.57438,1.57506,1.13,1.50
2012.10.14 22:16:52.284,1.57437,1.57506,1.88,1.50
2012.10.14 22:16:52.601,1.57437,1.57506,1.50,1.13
2012.10.14 22:16:53.114,1.57438,1.57507,1.13,1.88
2012.10.14 22:16:53.474,1.57436,1.57504,1.50,1.50
2012.10.14 22:16:54.509,1.57437,1.57504,1.50,1.50
2012.10.14 22:16:55.045,1.57436,1.57504,1.50,1.50
2012.10.14 22:16:56.224,1.57437,1.57506,1.50,1.88
2012.10.14 22:16:57.134,1.57437,1.57503,1.50,1.13
2012.10.14 22:16:57.255,1.57436,1.57501,1.50,1.13
2012.10.14 22:16:57.765,1.57437,1.57501,1.50,1.13
2012.10.14 22:16:58.394,1.57436,1.57501,1.50,1.13
2012.10.14 22:16:58.975,1.57437,1.57502,1.50,1.13
2012.10.14 22:17:00.206,1.57436,1.57502,1.50,1.13
2012.10.14 22:17:04.234,1.57437,1.57502,1.50,1.13
2012.10.14 22:17:06.929,1.57436,1.57502,1.50,1.13
2012.10.14 22:17:11.494,1.57437,1.57503,1.50,1.50
2012.10.14 22:17:13.595,1.57437,1.57506,1.50,1.13
2012.10.14 22:17:14.294,1.57437,1.57506,1.50,1.13
2012.10.14 22:17:17.294,1.57437,1.57506,1.88,1.13
2012.10.14 22:17:17.655,1.57439,1.57501,1.13,1.13
2012.10.14 22:17:17.774,1.57437,1.57503,1.50,1.50
2012.10.14 22:17:21.554,1.57437,1.575,1.50,1.50
2012.10.14 22:17:23.934,1.57436,1.575,1.50,1.50
2012.10.14 22:17:24.715,1.57437,1.575,1.50,1.50
2012.10.14 22:17:25.228,1.57436,1.57504,1.50,3.00
2012.10.14 22:17:25.310,1.57436,1.57504,1.50,3.00
2012.10.14 22:17:28.236,1.57436,1.57501,1.50,1.13
2012.10.14 22:17:28.564,1.57437,1.57503,1.50,2.25
2012.10.14 22:17:29.284,1.57436,1.57504,1.50,3.00
2012.10.14 22:17:30.014,1.57436,1.57504,1.50,3.00
2012.10.14 22:17:31.085,1.57434,1.57503,1.50,1.50
2012.10.14 22:17:31.865,1.57436,1.57503,1.50,1.50
2012.10.14 22:17:32.465,1.57436,1.575,1.50,2.25
2012.10.14 22:17:34.004,1.57436,1.575,1.50,1.50
2012.10.14 22:17:38.645,1.57436,1.575,1.50,1.50
2012.10.14 22:17:46.375,1.57436,1.57501,1.50,1.88
2012.10.14 22:18:02.558,1.57436,1.57501,1.73,1.88
2012.10.14 22:18:02.674,1.57434,1.57502,1.73,1.13
2012.10.14 22:18:02.734,1.57434,1.57502,1.50,1.13
2012.10.14 22:18:03.094,1.57437,1.57504,1.50,1.50
2012.10.14 22:18:14.414,1.57436,1.57504,1.73,3.00
2012.10.14 22:18:14.914,1.57436,1.57504,1.73,3.00
2012.10.14 22:18:15.472,1.57437,1.57503,1.50,1.50
2012.10.14 22:18:20.598,1.57437,1.57503,1.50,2.25
2012.10.14 22:18:21.104,1.57436,1.575,1.50,1.50
2012.10.14 22:18:21.555,1.57436,1.575,1.50,1.50
2012.10.14 22:18:23.765,1.57436,1.57501,1.50,1.88
2012.10.14 22:18:23.944,1.57436,1.57501,1.50,3.00
2012.10.14 22:18:24.795,1.57436,1.57494,1.50,1.50
2012.10.14 22:18:25.095,1.57436,1.575,1.50,1.50
2012.10.14 22:18:25.394,1.57436,1.57502,1.50,1.13
2012.10.14 22:18:25.515,1.57436,1.57503,1.50,1.88
2012.10.14 22:18:25.645,1.57436,1.57501,1.50,1.13
2012.10.14 22:18:25.976,1.57444,1.57501,1.13,1.13
2012.10.14 22:18:26.095,1.57444,1.57506,1.13,1.13
2012.10.14 22:18:27.776,1.57444,1.57503,1.13,1.50
2012.10.14 22:18:27.895,1.57443,1.57502,1.13,1.13
2012.10.14 22:18:28.875,1.5744,1.57501,1.50,1.13
2012.10.14 22:18:29.115,1.57436,1.57497,1.50,1.13
2012.10.14 22:18:29.645,1.57436,1.57497,1.50,1.13
2012.10.14 22:18:32.585,1.57434,1.57497,1.50,1.13
2012.10.14 22:18:45.754,1.57436,1.57496,1.50,1.13
2012.10.14 22:18:50.915,1.57436,1.57497,1.50,1.13
2012.10.14 22:18:51.525,1.57436,1.57497,1.50,1.13
2012.10.14 22:18:54.359,1.57436,1.57497,1.50,1.13
2012.10.14 22:19:10.305,1.57436,1.57496,1.50,1.13
2012.10.14 22:19:10.955,1.57436,1.57497,1.50,1.13
2012.10.14 22:19:14.499,1.57436,1.57498,1.50,1.13
2012.10.14 22:19:14.614,1.57436,1.57496,1.50,1.13
2012.10.14 22:19:38.976,1.57434,1.57498,1.88,1.13
2012.10.14 22:19:39.214,1.57434,1.575,1.50,1.50
2012.10.14 22:19:43.324,1.57433,1.57501,1.13,1.50
2012.10.14 22:19:50.854,1.57438,1.57502,1.13,1.13
2012.10.14 22:19:54.744,1.57433,1.57501,1.13,3.00
2012.10.14 22:19:55.345,1.57434,1.575,1.13,1.50
2012.10.14 22:19:55.764,1.57434,1.57501,1.13,3.38
2012.10.14 22:19:57.504,1.57434,1.57496,1.13,1.13
2012.10.14 22:20:00.676,1.57434,1.57491,1.13,1.50
2012.10.14 22:20:01.215,1.57433,1.57491,1.13,1.50
2012.10.14 22:20:01.705,1.57433,1.57492,1.13,1.13
2012.10.14 22:20:02.316,1.57433,1.57492,1.13,1.13
2012.10.14 22:20:03.395,1.57433,1.57491,1.13,2.25
2012.10.14 22:20:05.935,1.57433,1.57491,1.13,1.50
2012.10.14 22:20:26.227,1.57433,1.57491,1.13,1.50
2012.10.14 22:20:28.042,1.57433,1.57492,1.13,3.00
2012.10.14 22:20:32.335,1.57433,1.57491,1.13,1.50
2012.10.14 22:20:40.346,1.57434,1.57491,1.13,2.25
2012.10.14 22:20:41.038,1.57433,1.57491,1.13,1.50
2012.10.14 22:20:42.960,1.57434,1.57491,1.88,2.25
2012.10.14 22:20:46.033,1.57434,1.57491,1.13,1.50
2012.10.14 22:20:46.714,1.57434,1.57491,3.00,2.25
2012.10.14 22:20:56.762,1.57439,1.57491,1.13,2.25
2012.10.14 22:20:57.396,1.57439,1.57491,1.13,1.13
2012.10.14 22:21:11.801,1.57439,1.57491,1.13,1.13
2012.10.14 22:21:23.036,1.57438,1.57492,1.13,1.13
2012.10.14 22:21:25.667,1.57439,1.57491,1.13,1.13
2012.10.14 22:21:31.804,1.5744,1.57491,1.50,1.13
2012.10.14 22:21:41.675,1.57439,1.57491,1.88,1.13
2012.10.14 22:21:47.936,1.57439,1.57492,1.50,1.13
2012.10.14 22:21:48.055,1.57449,1.575,1.13,2.25
2012.10.14 22:21:48.175,1.57449,1.57501,1.13,1.88
2012.10.14 22:21:48.295,1.57458,1.57507,1.13,1.88
2012.10.14 22:21:48.735,1.57459,1.57509,1.13,1.50
2012.10.14 22:21:50.745,1.57452,1.57509,1.13,3.75
2012.10.14 22:21:50.804,1.57449,1.57506,4.50,1.13
2012.10.14 22:21:51.366,1.57449,1.57507,2.25,1.13
2012.10.14 22:21:51.945,1.57449,1.57507,3.00,1.13
2012.10.14 22:21:52.535,1.57449,1.57506,2.63,1.13
2012.10.14 22:21:52.715,1.57448,1.57515,3.38,1.50
2012.10.14 22:21:52.775,1.57448,1.57515,3.38,1.50
2012.10.14 22:21:53.975,1.57448,1.57515,1.13,1.50
2012.10.14 22:21:54.035,1.57444,1.57506,1.13,1.13
2012.10.14 22:21:54.985,1.57443,1.57506,3.00,1.13
2012.10.14 22:21:57.104,1.57443,1.57506,1.50,1.13
2012.10.14 22:22:49.940,1.57443,1.57507,3.00,1.13
2012.10.14 22:22:53.075,1.57443,1.57506,1.50,1.50
2012.10.14 22:22:53.639,1.57439,1.57492,1.13,1.13
2012.10.14 22:22:53.935,1.57437,1.57492,1.13,1.13
2012.10.14 22:22:53.996,1.57436,1.57492,1.50,1.13
2012.10.14 22:22:54.115,1.57434,1.57492,1.13,1.13
2012.10.14 22:22:56.125,1.57434,1.57501,1.50,1.50
2012.10.14 22:22:56.185,1.57433,1.57502,3.00,1.13
2012.10.14 22:22:59.595,1.57437,1.57501,1.50,1.13
2012.10.14 22:23:14.764,1.57433,1.57502,2.63,1.13
2012.10.14 22:23:14.945,1.57434,1.57502,1.50,1.13
2012.10.14 22:23:33.468,1.57436,1.57498,2.25,1.50
2012.10.14 22:23:33.854,1.57434,1.575,1.13,1.50
2012.10.14 22:23:34.716,1.57434,1.57497,2.25,1.13
2012.10.14 22:23:37.726,1.57434,1.575,3.00,1.88
2012.10.14 22:23:37.845,1.57436,1.57501,2.25,1.13
2012.10.14 22:23:43.091,1.57437,1.57501,3.00,1.13
2012.10.14 22:23:44.929,1.57437,1.57501,3.75,1.13
2012.10.14 22:23:54.805,1.57434,1.57501,1.13,1.13
2012.10.14 22:23:54.926,1.57434,1.57504,1.13,1.13
2012.10.14 22:23:54.985,1.57433,1.57513,1.50,1.13
2012.10.14 22:23:55.163,1.57434,1.57504,1.13,1.13
2012.10.14 22:23:55.908,1.57434,1.57501,1.13,1.13
2012.10.14 22:24:00.776,1.57434,1.57501,1.13,1.13
2012.10.14 22:24:01.295,1.57434,1.57504,1.13,1.50
2012.10.14 22:24:01.415,1.57434,1.57504,1.13,1.13
2012.10.14 22:24:01.475,1.57433,1.57512,1.50,1.13
2012.10.14 22:24:01.659,1.57433,1.57504,1.88,1.13
2012.10.14 22:24:02.228,1.57433,1.57504,1.88,1.50
2012.10.14 22:24:02.769,1.57433,1.57502,1.88,1.13
2012.10.14 22:24:04.825,1.57434,1.57501,1.13,1.13
2012.10.14 22:24:05.155,1.57433,1.57502,1.88,1.13
2012.10.14 22:24:14.805,1.57437,1.57501,2.25,1.13
2012.10.14 22:24:15.155,1.57438,1.57502,1.13,1.13
2012.10.14 22:24:18.536,1.57439,1.57501,1.13,1.13
2012.10.14 22:24:39.625,1.57439,1.57501,1.13,1.13
2012.10.14 22:24:41.946,1.57439,1.57501,1.13,1.13
2012.10.14 22:24:45.868,1.57439,1.57501,1.13,1.13
2012.10.14 22:25:01.246,1.57439,1.57501,1.13,1.13
2012.10.14 22:25:01.844,1.57439,1.57501,1.13,1.13
2012.10.14 22:25:11.016,1.57439,1.57501,1.13,1.13
2012.10.14 22:25:11.845,1.57431,1.57506,1.50,1.50
2012.10.14 22:25:12.036,1.57437,1.57506,1.50,1.50
2012.10.14 22:25:13.606,1.57439,1.57501,1.88,1.13
2012.10.14 22:25:13.785,1.57443,1.57512,2.63,3.00
2012.10.14 22:25:13.847,1.57443,1.57512,1.88,1.50
2012.10.14 22:25:16.465,1.57444,1.57512,1.13,2.63
2012.10.14 22:25:27.153,1.57437,1.57512,1.13,1.88
2012.10.14 22:25:27.335,1.57431,1.57512,1.50,1.88
2012.10.14 22:25:27.425,1.57431,1.57512,1.50,1.88
2012.10.14 22:25:27.775,1.57431,1.57512,1.50,1.88
2012.10.14 22:25:37.447,1.57431,1.57507,1.50,1.73
2012.10.14 22:25:37.805,1.57431,1.57498,1.13,3.00
2012.10.14 22:25:37.865,1.5743,1.57498,1.50,3.00
2012.10.14 22:25:38.026,1.57433,1.57498,1.13,3.00
2012.10.14 22:25:40.715,1.57436,1.57498,2.25,1.50
2012.10.14 22:25:41.016,1.57439,1.575,1.13,1.50
2012.10.14 22:25:43.376,1.57439,1.57498,1.13,2.25
2012.10.14 22:25:54.865,1.57439,1.575,1.13,1.50
2012.10.14 22:25:54.985,1.57439,1.57501,1.13,1.13
2012.10.14 22:25:55.305,1.5744,1.57502,1.50,1.13
2012.10.14 22:26:12.276,1.57439,1.57502,2.25,1.13
2012.10.14 22:26:12.515,1.5744,1.57512,1.50,1.88
2012.10.14 22:26:12.577,1.5744,1.57512,2.25,1.88
2012.10.14 22:26:12.637,1.5744,1.5751,1.50,1.13
2012.10.14 22:26:12.935,1.57443,1.57513,1.13,3.00
2012.10.14 22:26:13.517,1.57445,1.57513,1.50,3.00
2012.10.14 22:26:13.646,1.57445,1.5751,1.50,2.25
2012.10.14 22:26:14.160,1.57445,1.57511,1.50,1.13
2012.10.14 22:26:14.495,1.57446,1.57511,2.25,1.13
2012.10.14 22:26:14.555,1.57445,1.57511,1.50,1.13
2012.10.14 22:26:15.122,1.57445,1.5751,1.50,1.50
2012.10.14 22:26:15.864,1.57445,1.57511,1.50,1.13
2012.10.14 22:26:16.485,1.57448,1.57509,1.13,1.50
2012.10.14 22:26:18.366,1.57449,1.57509,3.75,2.25
2012.10.14 22:26:18.717,1.57449,1.5751,2.25,2.25
2012.10.14 22:26:22.346,1.57449,1.57509,1.13,1.50
2012.10.14 22:26:22.466,1.57448,1.57509,3.38,1.50
2012.10.14 22:26:22.526,1.57449,1.57507,3.00,1.88
2012.10.14 22:26:22.896,1.57449,1.57507,3.00,1.13
2012.10.14 22:26:23.237,1.57448,1.57504,4.50,1.88
2012.10.14 22:26:23.538,1.57449,1.57507,2.25,1.50
2012.10.14 22:26:23.927,1.57449,1.57501,3.00,1.13
2012.10.14 22:26:24.326,1.57449,1.57506,3.75,1.50
2012.10.14 22:26:24.566,1.57446,1.57506,1.50,1.13
2012.10.14 22:26:24.686,1.57443,1.57506,2.63,1.13
2012.10.14 22:26:24.866,1.57442,1.57506,2.63,1.50
2012.10.14 22:26:25.367,1.57442,1.57504,1.88,1.50
2012.10.14 22:26:25.925,1.57438,1.57502,1.13,1.13
2012.10.14 22:26:26.500,1.57438,1.57502,1.13,1.13
2012.10.14 22:26:26.575,1.57438,1.57502,1.13,1.13
2012.10.14 22:26:27.122,1.57439,1.57501,1.13,1.13
2012.10.14 22:26:27.456,1.57439,1.57506,1.13,1.88
2012.10.14 22:26:28.159,1.57442,1.57506,1.13,1.13
2012.10.14 22:26:28.727,1.57444,1.57506,1.13,1.13
2012.10.14 22:26:29.336,1.57444,1.57506,1.13,1.88
2012.10.14 22:26:29.656,1.57448,1.57506,1.13,2.25
2012.10.14 22:26:32.186,1.57446,1.57506,1.13,2.25
2012.10.14 22:26:32.245,1.57444,1.57506,1.13,2.63
2012.10.14 22:26:33.283,1.57444,1.57504,1.13,1.50
2012.10.14 22:26:38.266,1.57446,1.57506,1.13,1.50
2012.10.14 22:26:38.325,1.57444,1.57506,1.13,1.88
2012.10.14 22:26:39.955,1.57446,1.57506,1.50,1.13
2012.10.14 22:26:40.137,1.57454,1.57516,1.13,1.13
2012.10.14 22:26:40.667,1.57453,1.57517,1.13,1.13
2012.10.14 22:26:40.726,1.57449,1.57515,2.63,1.50
2012.10.14 22:26:40.846,1.57453,1.57516,1.13,3.00
2012.10.14 22:26:43.261,1.57453,1.57512,1.13,1.13
2012.10.14 22:26:43.786,1.57446,1.57512,1.13,1.88
2012.10.14 22:26:43.906,1.57443,1.57512,1.13,1.88
2012.10.14 22:26:43.966,1.57446,1.57511,1.88,1.13
2012.10.14 22:26:44.276,1.57449,1.57511,1.13,1.13
2012.10.14 22:26:44.784,1.57448,1.57512,1.13,1.13
2012.10.14 22:26:52.711,1.57448,1.57512,1.13,1.13
2012.10.14 22:26:56.986,1.57446,1.57512,3.00,1.13
2012.10.14 22:26:57.506,1.57449,1.57511,1.13,1.13
2012.10.14 22:27:01.065,1.57449,1.57511,1.13,1.13
2012.10.14 22:27:03.679,1.57451,1.57511,1.13,1.13
2012.10.14 22:27:03.737,1.57449,1.57511,1.13,1.13
2012.10.14 22:27:03.796,1.57431,1.57512,2.25,2.25
2012.10.14 22:27:03.916,1.57448,1.57513,1.13,1.50
2012.10.14 22:27:04.545,1.57449,1.57516,1.13,1.13
2012.10.14 22:27:06.956,1.57444,1.57516,1.13,1.13
2012.10.14 22:27:14.346,1.57443,1.57509,1.13,1.13
2012.10.14 22:27:14.817,1.57443,1.57507,1.13,1.13
2012.10.14 22:27:17.827,1.57443,1.57507,1.13,1.13
2012.10.14 22:27:18.414,1.57444,1.57507,1.13,1.13
2012.10.14 22:27:19.216,1.57443,1.57507,1.13,1.13
2012.10.14 22:27:19.985,1.57431,1.57506,2.25,1.50
2012.10.14 22:27:20.105,1.57431,1.57507,2.25,1.50
2012.10.14 22:27:20.165,1.57431,1.57507,3.00,1.50
2012.10.14 22:27:20.799,1.57443,1.57502,1.13,1.13
2012.10.14 22:27:20.857,1.57433,1.57502,1.13,1.13
2012.10.14 22:27:20.916,1.57432,1.57502,1.13,1.13
2012.10.14 22:27:20.976,1.57438,1.57502,1.13,1.13
2012.10.14 22:27:22.266,1.57438,1.57503,1.13,1.13
2012.10.14 22:27:22.868,1.57444,1.57506,1.13,1.13
2012.10.14 22:27:23.925,1.57444,1.57506,1.13,1.13
2012.10.14 22:27:27.775,1.57443,1.57507,1.13,1.13
2012.10.14 22:27:28.785,1.57444,1.57516,1.13,1.13
2012.10.14 22:27:36.075,1.57444,1.57506,1.13,1.13
2012.10.14 22:27:36.445,1.57443,1.57512,1.13,1.13
2012.10.14 22:27:44.356,1.57431,1.57504,2.25,1.50
2012.10.14 22:27:44.596,1.5743,1.57503,2.25,1.50
2012.10.14 22:27:45.026,1.57431,1.57504,1.50,2.25
2012.10.14 22:27:45.359,1.57434,1.57501,2.63,1.13
2012.10.14 22:27:48.146,1.57434,1.57497,1.50,1.13
2012.10.14 22:27:48.956,1.57434,1.57497,2.25,1.13
2012.10.14 22:27:53.325,1.57433,1.57501,1.88,1.50
2012.10.14 22:27:53.576,1.57436,1.57501,1.13,1.88
2012.10.14 22:27:54.585,1.57438,1.575,1.13,2.25
2012.10.14 22:27:55.638,1.57438,1.575,1.13,1.50
2012.10.14 22:28:00.398,1.57434,1.575,1.88,3.00
2012.10.14 22:28:08.893,1.57434,1.57498,1.50,1.50
2012.10.14 22:28:09.679,1.57433,1.57497,1.13,1.50
2012.10.14 22:28:43.457,1.57434,1.57497,1.13,1.88
2012.10.14 22:28:43.756,1.57434,1.57497,1.13,2.25
2012.10.14 22:28:43.876,1.57433,1.57497,1.13,1.50
2012.10.14 22:29:00.707,1.57434,1.57498,1.13,2.25
2012.10.14 22:29:30.677,1.57434,1.57498,1.13,3.00
2012.10.14 22:29:30.736,1.57433,1.57498,1.13,3.75
2012.10.14 22:29:31.451,1.57433,1.57497,1.13,2.63
2012.10.14 22:29:38.141,1.57433,1.57496,1.13,1.13
2012.10.14 22:29:38.479,1.57434,1.57498,3.00,2.25
2012.10.14 22:29:41.413,1.57434,1.57497,3.75,3.00
2012.10.14 22:29:43.506,1.57434,1.57494,2.25,1.13
2012.10.14 22:29:43.625,1.5743,1.57492,3.00,1.13
2012.10.14 22:30:00.399,1.5743,1.57492,1.50,1.13
2012.10.14 22:30:01.026,1.5743,1.57492,2.25,1.13
2012.10.14 22:30:01.601,1.57428,1.57492,1.13,1.13
2012.10.14 22:30:09.586,1.57429,1.57492,1.13,1.13
2012.10.14 22:30:10.956,1.57428,1.57492,1.13,1.13
2012.10.14 22:30:15.177,1.57428,1.57492,1.13,1.13
2012.10.14 22:30:17.307,1.57429,1.57492,1.13,1.13
2012.10.14 22:30:18.866,1.57429,1.57491,1.13,1.13
2012.10.14 22:30:19.836,1.57428,1.57492,1.13,1.13
2012.10.14 22:30:20.832,1.57429,1.57492,1.13,1.13
2012.10.14 22:30:21.522,1.57429,1.57491,1.13,1.13
2012.10.14 22:30:22.815,1.57429,1.57492,1.13,1.13
2012.10.14 22:30:24.189,1.57424,1.57492,1.50,1.13
2012.10.14 22:30:24.246,1.57424,1.57492,1.50,1.13
2012.10.14 22:30:26.456,1.57424,1.57492,1.88,1.13
2012.10.14 22:30:27.337,1.57424,1.57492,1.13,1.13
2012.10.14 22:30:27.400,1.57424,1.57486,1.13,1.13
2012.10.14 22:30:27.516,1.57424,1.57486,1.13,1.88
2012.10.14 22:30:27.636,1.57422,1.57486,1.88,1.13
2012.10.14 22:30:27.697,1.57421,1.57494,2.63,1.13
2012.10.14 22:30:27.937,1.57422,1.57498,1.88,1.13
2012.10.14 22:30:28.236,1.57422,1.57497,2.63,1.50
2012.10.14 22:30:28.575,1.57422,1.57494,2.63,1.50
2012.10.14 22:30:29.206,1.57422,1.57492,1.50,1.13
2012.10.14 22:30:29.736,1.57422,1.57487,1.50,1.13
2012.10.14 22:30:30.646,1.57419,1.57486,2.25,1.13
2012.10.14 22:30:30.856,1.57419,1.57486,1.88,1.13
2012.10.14 22:30:31.654,1.57419,1.57486,1.13,1.13
2012.10.14 22:30:32.293,1.57419,1.57487,1.50,1.13
2012.10.14 22:30:33.017,1.57419,1.57486,1.50,1.13
2012.10.14 22:30:33.659,1.57419,1.57487,2.25,1.13
2012.10.14 22:30:42.968,1.57419,1.57485,2.25,1.50
2012.10.14 22:30:45.237,1.57418,1.57483,3.00,2.25
2012.10.14 22:30:45.785,1.57419,1.57482,1.50,2.25
2012.10.14 22:30:51.582,1.57419,1.57483,1.50,2.25
2012.10.14 22:30:52.646,1.57419,1.57482,1.50,3.00
2012.10.14 22:30:54.646,1.57418,1.57482,3.00,1.88
2012.10.14 22:30:55.536,1.57418,1.57482,2.25,1.13
2012.10.14 22:30:55.657,1.57423,1.57486,1.13,1.50
2012.10.14 22:30:57.156,1.57423,1.57486,1.13,3.00
2012.10.14 22:30:59.083,1.57424,1.57486,1.13,3.38
2012.10.14 22:31:02.027,1.57424,1.57485,1.13,1.50
2012.10.14 22:31:02.797,1.57424,1.57486,1.13,3.38
2012.10.14 22:31:04.257,1.57425,1.57486,1.50,3.38
2012.10.14 22:31:04.776,1.57425,1.57487,1.50,1.13
2012.10.14 22:31:06.688,1.57425,1.57487,1.50,1.13
2012.10.14 22:31:07.193,1.57425,1.57487,1.50,1.13
2012.10.14 22:31:10.616,1.57425,1.57487,1.50,1.13
2012.10.14 22:31:11.265,1.57425,1.57486,1.50,1.13
2012.10.14 22:31:14.762,1.57428,1.57487,1.13,1.13
2012.10.14 22:31:15.006,1.57427,1.57487,1.13,1.13
2012.10.14 22:31:15.667,1.57425,1.57487,1.50,1.13
2012.10.14 22:31:19.210,1.57425,1.57486,1.50,1.13
2012.10.14 22:31:21.287,1.57425,1.57486,1.50,1.13
2012.10.14 22:31:21.836,1.57425,1.57486,1.50,1.13
2012.10.14 22:31:23.388,1.57425,1.57486,1.50,1.13
2012.10.14 22:31:26.400,1.57425,1.57487,1.50,1.13
2012.10.14 22:31:30.856,1.57425,1.57487,1.50,1.13
2012.10.14 22:31:31.867,1.57425,1.57487,1.50,1.13
2012.10.14 22:31:33.147,1.57425,1.57487,1.50,1.13
2012.10.14 22:31:37.166,1.57425,1.57486,1.50,1.50
2012.10.14 22:31:39.433,1.57425,1.57485,1.50,2.25
2012.10.14 22:31:39.877,1.57425,1.57488,1.50,2.25
2012.10.14 22:31:39.945,1.57425,1.57488,1.50,2.63
2012.10.14 22:31:40.387,1.57428,1.57489,1.88,1.50
2012.10.14 22:31:40.767,1.57428,1.57489,1.13,2.25
2012.10.14 22:31:41.316,1.57428,1.57487,2.63,1.13
2012.10.14 22:31:41.616,1.57428,1.57489,1.88,1.50
2012.10.14 22:31:42.349,1.57429,1.57489,1.13,1.50
2012.10.14 22:31:44.327,1.57429,1.57489,1.13,1.50
2012.10.14 22:31:45.246,1.57428,1.57492,2.63,1.13
2012.10.14 22:31:47.396,1.57428,1.57492,1.88,1.13
2012.10.14 22:31:48.497,1.5743,1.57491,1.50,1.13
2012.10.14 22:31:49.119,1.57431,1.57491,2.25,1.13
2012.10.14 22:31:50.753,1.5743,1.57492,2.25,1.13
2012.10.14 22:31:51.604,1.57431,1.57492,1.13,1.13
2012.10.14 22:31:52.154,1.57433,1.57491,1.13,1.88
2012.10.14 22:31:53.286,1.57434,1.57491,1.13,1.88
2012.10.14 22:31:53.406,1.57433,1.57491,1.13,1.50
2012.10.14 22:31:54.177,1.57433,1.57492,1.13,1.88
2012.10.14 22:31:54.726,1.57433,1.57492,1.13,1.88
2012.10.14 22:31:55.529,1.57433,1.57492,1.13,1.88
2012.10.14 22:31:56.206,1.57433,1.57492,1.13,1.88
2012.10.14 22:31:57.462,1.57434,1.57492,1.13,1.88
2012.10.14 22:31:57.777,1.57434,1.57494,2.25,2.25
2012.10.14 22:32:01.346,1.57433,1.57495,1.50,3.00
2012.10.14 22:32:01.965,1.57434,1.57495,1.13,3.00
2012.10.14 22:32:04.132,1.57434,1.57494,1.13,2.25
2012.10.14 22:32:05.241,1.57434,1.57495,1.13,3.00
2012.10.14 22:32:07.677,1.57434,1.57494,1.50,3.00
2012.10.14 22:32:08.216,1.57434,1.57497,2.25,1.13
2012.10.14 22:32:08.508,1.57439,1.57503,1.13,1.88
2012.10.14 22:32:08.566,1.57439,1.57501,1.13,1.13
2012.10.14 22:32:09.596,1.57439,1.57501,1.13,1.13
2012.10.14 22:32:10.366,1.57433,1.57492,1.13,1.13
2012.10.14 22:32:10.666,1.57416,1.57485,2.25,1.50
2012.10.14 22:32:10.786,1.57413,1.57489,1.13,1.50
2012.10.14 22:32:10.906,1.57419,1.57485,1.50,1.50
2012.10.14 22:32:12.027,1.57419,1.57485,1.50,1.50
2012.10.14 22:32:12.828,1.57419,1.57485,1.88,1.50
2012.10.14 22:32:15.248,1.57419,1.57485,1.50,1.50
2012.10.14 22:32:20.446,1.57419,1.57485,1.88,1.50
2012.10.14 22:32:23.976,1.57419,1.57485,1.88,1.50
2012.10.14 22:32:26.036,1.57419,1.57485,1.50,1.50
2012.10.14 22:32:27.057,1.57419,1.57485,1.50,1.50
2012.10.14 22:32:27.787,1.57419,1.57485,1.88,1.50
2012.10.14 22:32:29.025,1.57419,1.57485,1.50,1.50
2012.10.14 22:32:29.666,1.57419,1.57477,1.88,1.13
2012.10.14 22:32:30.328,1.57419,1.57476,1.88,1.13
2012.10.14 22:32:31.206,1.57419,1.5748,1.88,1.13
2012.10.14 22:32:31.266,1.57419,1.57485,1.50,1.50
2012.10.14 22:32:31.796,1.57419,1.57485,1.50,1.50
2012.10.14 22:32:36.876,1.57419,1.57485,1.88,1.50
2012.10.14 22:32:37.386,1.57419,1.57485,1.88,1.50
2012.10.14 22:32:38.897,1.57419,1.57485,1.50,1.50
2012.10.14 22:32:39.416,1.57419,1.57485,1.88,1.50
2012.10.14 22:32:40.896,1.57419,1.57488,1.50,2.25
2012.10.14 22:32:40.956,1.57418,1.57488,1.50,1.50
2012.10.14 22:32:42.006,1.57418,1.57489,1.50,1.50
2012.10.14 22:32:48.766,1.57421,1.57488,1.50,1.50
2012.10.14 22:32:48.966,1.57423,1.57489,1.13,2.25
2012.10.14 22:32:49.306,1.57428,1.57488,1.13,1.50
2012.10.14 22:32:52.126,1.57428,1.57488,1.13,3.00
2012.10.14 22:32:54.174,1.57428,1.57489,1.13,3.00
2012.10.14 22:32:55.037,1.57429,1.57486,1.13,1.13
2012.10.14 22:32:55.736,1.57428,1.57487,1.13,1.13
2012.10.14 22:32:59.776,1.57429,1.57486,1.13,1.13
2012.10.14 22:33:00.186,1.57429,1.57488,1.13,1.13
2012.10.14 22:33:00.317,1.57433,1.57489,1.13,3.00
2012.10.14 22:33:04.286,1.57433,1.57489,1.13,3.00
2012.10.14 22:33:05.838,1.57433,1.57489,1.13,3.00
2012.10.14 22:33:06.735,1.57433,1.57489,1.13,3.00
2012.10.14 22:33:07.295,1.57433,1.57488,1.13,2.25
2012.10.14 22:33:07.516,1.57431,1.57488,1.13,3.00
2012.10.14 22:33:07.576,1.57429,1.57486,1.13,1.13
2012.10.14 22:33:14.147,1.57428,1.57487,1.13,1.13
2012.10.14 22:33:17.366,1.57428,1.57487,1.13,1.13
2012.10.14 22:33:22.796,1.57429,1.57486,1.13,1.13
2012.10.14 22:33:23.514,1.57428,1.57487,1.13,1.13
2012.10.14 22:33:27.176,1.57428,1.57487,1.13,1.13
2012.10.14 22:33:29.176,1.57429,1.57486,1.13,1.13
2012.10.14 22:33:32.778,1.57427,1.57487,1.13,1.13
2012.10.14 22:33:32.838,1.57422,1.57487,1.50,1.13
2012.10.14 22:33:33.216,1.57422,1.57486,1.13,1.13
2012.10.14 22:33:33.278,1.57424,1.57486,1.13,1.13
2012.10.14 22:33:33.456,1.57424,1.57486,1.13,1.13
2012.10.14 22:33:33.842,1.57424,1.57486,1.13,1.13
2012.10.14 22:33:33.956,1.57429,1.57486,1.13,1.13
2012.10.14 22:33:35.096,1.57429,1.57489,1.13,3.00
2012.10.14 22:33:35.216,1.57423,1.57489,1.13,3.00
2012.10.14 22:33:35.379,1.57423,1.57488,1.13,2.25
2012.10.14 22:33:36.157,1.57425,1.57487,1.13,1.13
2012.10.14 22:33:36.488,1.57428,1.57487,1.13,1.13
2012.10.14 22:33:37.049,1.57429,1.57486,1.13,1.13
2012.10.14 22:33:40.812,1.57428,1.57487,1.13,1.13
2012.10.14 22:33:41.917,1.57428,1.57487,1.13,1.13
2012.10.14 22:33:43.457,1.57429,1.57486,1.13,1.13
2012.10.14 22:33:44.468,1.57429,1.57486,1.13,1.13
2012.10.14 22:33:45.140,1.57429,1.57486,1.13,1.13
2012.10.14 22:33:45.486,1.57433,1.57488,1.13,2.25
2012.10.14 22:33:45.992,1.57433,1.57488,1.13,1.50
2012.10.14 22:33:46.406,1.57433,1.57501,1.13,1.13
2012.10.14 22:33:46.466,1.5743,1.57503,1.50,2.25
2012.10.14 22:33:46.586,1.57434,1.57503,1.13,2.63
2012.10.14 22:33:47.174,1.57433,1.57492,1.13,1.13
2012.10.14 22:33:47.757,1.57433,1.57492,1.13,1.13
2012.10.14 22:33:48.169,1.57433,1.57489,1.13,3.00
2012.10.14 22:33:48.687,1.57433,1.57488,1.13,1.50
2012.10.14 22:33:51.657,1.57434,1.57488,1.50,1.50
2012.10.14 22:33:51.957,1.5744,1.57492,1.50,1.13
2012.10.14 22:33:52.466,1.57438,1.57492,1.13,1.13
2012.10.14 22:33:53.126,1.57439,1.57492,1.13,1.13
2012.10.14 22:33:53.246,1.57428,1.57491,1.13,1.50
2012.10.14 22:33:53.306,1.57433,1.57491,1.13,3.00
2012.10.14 22:33:53.687,1.57427,1.57483,1.13,1.50
2012.10.14 22:33:53.881,1.57424,1.57483,1.13,2.25
2012.10.14 22:33:54.546,1.57423,1.57485,1.13,2.25
2012.10.14 22:33:54.707,1.57423,1.57482,1.13,1.50
2012.10.14 22:33:55.817,1.57424,1.57485,1.13,1.50
2012.10.14 22:33:55.937,1.57424,1.57479,1.13,1.13
2012.10.14 22:33:56.237,1.57419,1.57479,1.88,1.13
2012.10.14 22:33:56.297,1.57419,1.57482,1.88,1.50
2012.10.14 22:33:56.787,1.57423,1.57482,1.13,1.50
2012.10.14 22:33:58.228,1.57423,1.57483,1.13,2.25
2012.10.14 22:34:00.217,1.57424,1.57482,1.13,1.50
2012.10.14 22:34:01.856,1.57424,1.57483,1.13,2.25
2012.10.14 22:34:04.316,1.57424,1.57482,1.13,1.50
2012.10.14 22:34:04.866,1.57424,1.57488,1.13,2.25
2012.10.14 22:34:04.986,1.57424,1.57488,1.13,3.00
2012.10.14 22:34:15.587,1.57423,1.57485,1.13,1.50
2012.10.14 22:34:17.686,1.57423,1.57482,1.13,1.50
2012.10.14 22:34:18.227,1.57423,1.57483,1.13,2.25
2012.10.14 22:34:18.808,1.57423,1.57482,1.13,2.25
2012.10.14 22:34:20.208,1.57423,1.57483,1.13,2.25
2012.10.14 22:34:20.508,1.57421,1.57482,1.50,2.25
2012.10.14 22:34:20.627,1.57423,1.57482,1.13,2.25
2012.10.14 22:34:21.757,1.57423,1.57487,1.13,1.50
2012.10.14 22:34:21.997,1.57428,1.57487,1.13,1.13
2012.10.14 22:34:22.517,1.57424,1.57486,1.13,1.13
2012.10.14 22:34:24.637,1.57423,1.57487,1.13,1.13
2012.10.14 22:34:31.887,1.57424,1.57486,1.13,1.13
2012.10.14 22:34:32.097,1.57424,1.57485,1.13,1.50
2012.10.14 22:34:32.158,1.57421,1.57482,1.50,2.25
2012.10.14 22:34:34.513,1.57419,1.57482,2.25,1.50
2012.10.14 22:34:35.034,1.57419,1.57482,3.00,3.00
2012.10.14 22:34:36.466,1.57419,1.57482,3.00,3.00
2012.10.14 22:34:38.776,1.57419,1.57479,2.25,1.50
2012.10.14 22:34:39.078,1.57419,1.5747,1.50,2.25
2012.10.14 22:34:40.997,1.57419,1.57471,1.88,3.38
2012.10.14 22:34:42.122,1.57419,1.5747,1.88,2.25
2012.10.14 22:34:42.427,1.57424,1.57471,1.13,3.38
2012.10.14 22:34:43.667,1.57424,1.57471,1.13,3.38
2012.10.14 22:34:44.198,1.57423,1.57471,1.13,3.00
2012.10.14 22:34:44.706,1.57423,1.57476,1.13,1.50
2012.10.14 22:34:44.826,1.57423,1.57479,1.13,2.25
2012.10.14 22:34:46.698,1.57423,1.5748,1.13,3.00
2012.10.14 22:34:49.538,1.57422,1.5748,1.13,3.00
2012.10.14 22:34:50.048,1.57422,1.57479,2.25,2.25
2012.10.14 22:34:54.447,1.57422,1.57482,2.25,1.88
2012.10.14 22:34:54.986,1.57424,1.57486,1.13,2.63
2012.10.14 22:34:55.386,1.57424,1.57485,1.13,1.50
2012.10.14 22:34:55.687,1.57442,1.5748,1.50,1.50
2012.10.14 22:34:55.746,1.57444,1.57491,1.13,1.88
2012.10.14 22:34:55.807,1.57442,1.57491,1.13,1.88
2012.10.14 22:34:55.867,1.5744,1.57491,1.50,1.50
2012.10.14 22:34:56.047,1.57442,1.57502,1.13,1.50
2012.10.14 22:34:56.107,1.57443,1.57497,1.13,2.25
2012.10.14 22:34:58.237,1.57443,1.57498,1.13,3.00
2012.10.14 22:34:59.861,1.57442,1.57504,3.38,1.88
2012.10.14 22:34:59.918,1.57443,1.57504,1.13,1.88
2012.10.14 22:35:00.097,1.57454,1.57512,1.13,1.50
2012.10.14 22:35:00.157,1.57454,1.57512,1.13,3.75
2012.10.14 22:35:00.807,1.57453,1.57506,1.13,1.50
2012.10.14 22:35:01.247,1.57453,1.57507,1.13,1.13
2012.10.14 22:35:01.307,1.57453,1.57509,1.13,2.25
2012.10.14 22:35:01.547,1.57453,1.57512,1.13,2.25
2012.10.14 22:35:01.607,1.57453,1.5751,1.13,2.25
2012.10.14 22:35:01.907,1.57453,1.57512,1.13,2.25
2012.10.14 22:35:02.463,1.57454,1.57509,1.13,1.50
2012.10.14 22:35:03.238,1.57453,1.57512,1.13,1.13
2012.10.14 22:35:03.404,1.57454,1.57513,1.13,3.00
2012.10.14 22:35:07.947,1.57454,1.57512,1.13,1.50
2012.10.14 22:35:11.937,1.57454,1.57513,1.13,3.00
2012.10.14 22:35:12.480,1.57453,1.57512,1.13,1.50
2012.10.14 22:35:14.158,1.57453,1.57513,1.13,3.00
2012.10.14 22:35:14.830,1.57453,1.57512,1.13,1.50
2012.10.14 22:35:16.937,1.57454,1.57513,1.13,3.00
2012.10.14 22:35:17.207,1.57453,1.57503,1.13,2.25
2012.10.14 22:35:23.738,1.57453,1.57503,1.13,1.50
2012.10.14 22:35:29.418,1.57453,1.57503,1.13,3.00
2012.10.14 22:35:31.977,1.57453,1.57503,1.13,1.50
2012.10.14 22:35:35.197,1.57454,1.57503,1.13,3.00
2012.10.14 22:35:38.266,1.57454,1.57503,1.13,1.50
2012.10.14 22:35:42.048,1.57453,1.57503,1.13,3.00
2012.10.14 22:35:42.788,1.57453,1.57503,1.13,1.50
2012.10.14 22:35:49.146,1.57454,1.57503,1.13,1.50
2012.10.14 22:35:49.282,1.57449,1.575,1.13,2.25
2012.10.14 22:35:52.028,1.57449,1.57501,1.13,3.38
2012.10.14 22:35:54.226,1.57449,1.575,1.13,2.25
2012.10.14 22:35:55.817,1.57448,1.57501,1.13,3.00
2012.10.14 22:35:56.248,1.57445,1.57501,1.13,3.00
2012.10.14 22:35:56.307,1.57444,1.57501,1.13,3.38
2012.10.14 22:35:56.427,1.57443,1.575,1.13,1.50
2012.10.14 22:35:56.487,1.57425,1.57491,1.50,1.50
2012.10.14 22:35:56.547,1.57425,1.57491,1.50,1.50
2012.10.14 22:35:56.967,1.57426,1.57491,1.50,3.00
2012.10.14 22:36:00.988,1.57434,1.57491,1.88,1.88
2012.10.14 22:36:03.297,1.57434,1.57491,4.50,1.88
2012.10.14 22:36:03.896,1.57434,1.57491,3.00,1.13
2012.10.14 22:36:05.201,1.57434,1.57491,4.50,1.88
2012.10.14 22:36:06.427,1.57434,1.57491,3.00,1.13
2012.10.14 22:36:06.787,1.57439,1.57491,1.13,1.13
2012.10.14 22:36:07.087,1.57444,1.57496,1.13,1.13
2012.10.14 22:36:07.397,1.57443,1.57501,1.13,1.50
2012.10.14 22:36:10.148,1.57444,1.57501,1.13,1.88
2012.10.14 22:36:11.507,1.57439,1.57501,1.88,1.88
2012.10.14 22:36:12.029,1.57439,1.57501,1.88,1.88
2012.10.14 22:36:12.590,1.57439,1.57501,1.88,1.88
2012.10.14 22:36:15.237,1.57439,1.57501,1.50,1.50
2012.10.14 22:36:20.177,1.57439,1.57501,1.13,1.88
2012.10.14 22:36:26.808,1.57438,1.575,1.13,1.50
2012.10.14 22:36:30.118,1.57438,1.57501,1.13,3.00
2012.10.14 22:36:31.317,1.57438,1.575,1.13,1.50
2012.10.14 22:36:33.737,1.57439,1.57501,1.13,3.38
2012.10.14 22:36:36.296,1.57439,1.575,1.13,1.50
2012.10.14 22:36:38.655,1.57439,1.575,1.13,2.25
2012.10.14 22:36:39.186,1.57439,1.57501,1.13,4.50
2012.10.14 22:36:41.974,1.57439,1.575,1.13,2.25
2012.10.14 22:36:42.525,1.57438,1.57501,1.13,3.75
2012.10.14 22:36:43.027,1.57438,1.57497,1.13,1.50
2012.10.14 22:36:44.047,1.57438,1.57498,1.13,2.25
2012.10.14 22:36:49.157,1.57439,1.57497,1.13,1.50
2012.10.14 22:36:50.017,1.57443,1.57497,1.13,1.50
2012.10.14 22:36:50.633,1.57444,1.57498,1.13,2.25
2012.10.14 22:36:52.098,1.57443,1.57497,1.13,1.50
2012.10.14 22:37:00.587,1.57444,1.57498,1.13,3.00
2012.10.14 22:37:02.151,1.57444,1.57497,1.13,2.25
2012.10.14 22:37:05.763,1.57443,1.57498,1.13,3.00
2012.10.14 22:37:11.738,1.57444,1.57497,1.13,2.25
2012.10.14 22:37:12.283,1.57444,1.57498,1.13,3.00
2012.10.14 22:37:15.843,1.57443,1.57497,1.13,2.25
2012.10.14 22:37:17.427,1.57446,1.575,1.13,2.25
2012.10.14 22:37:18.010,1.57449,1.57501,1.13,1.13
2012.10.14 22:37:18.437,1.57443,1.57501,1.13,1.50
2012.10.14 22:37:18.557,1.57449,1.57501,1.13,1.88
2012.10.14 22:37:19.897,1.57448,1.57501,1.13,1.50
2012.10.14 22:37:21.933,1.57448,1.57501,1.13,1.50
2012.10.14 22:37:25.598,1.57448,1.57501,1.13,1.50
2012.10.14 22:37:26.148,1.57448,1.57501,1.13,1.88
2012.10.14 22:37:30.508,1.57449,1.57501,1.13,1.88
2012.10.14 22:37:35.489,1.57448,1.57501,1.13,1.88
2012.10.14 22:37:38.817,1.57448,1.57501,1.13,1.50
2012.10.14 22:37:39.019,1.57444,1.575,1.13,1.50
2012.10.14 22:37:39.710,1.57443,1.57501,1.13,3.00
2012.10.14 22:37:40.707,1.57443,1.575,1.13,1.50
2012.10.14 22:37:42.817,1.57444,1.57501,1.13,3.38
2012.10.14 22:37:44.007,1.57449,1.57501,1.13,1.88
2012.10.14 22:37:48.325,1.57448,1.57501,1.13,1.50
2012.10.14 22:37:48.879,1.57448,1.57501,1.13,1.88
2012.10.14 22:37:49.455,1.57449,1.57501,1.13,1.88
2012.10.14 22:37:50.033,1.57449,1.57501,1.88,1.13
2012.10.14 22:37:50.217,1.57453,1.57507,1.13,1.13
2012.10.14 22:37:50.277,1.57452,1.57507,1.50,1.50
2012.10.14 22:37:50.517,1.57448,1.57501,1.13,1.88
2012.10.14 22:37:51.237,1.57449,1.57501,1.13,1.88
2012.10.14 22:37:51.977,1.57449,1.57501,1.13,1.13
2012.10.14 22:37:52.097,1.57448,1.57504,1.13,3.00
2012.10.14 22:37:52.277,1.57448,1.57507,1.13,1.88
2012.10.14 22:37:52.488,1.57451,1.57507,1.13,1.88
2012.10.14 22:37:52.817,1.57453,1.57506,1.13,1.50
2012.10.14 22:37:54.277,1.57451,1.57507,1.13,1.88
2012.10.14 22:37:54.338,1.57449,1.57506,1.88,1.13
2012.10.14 22:37:54.910,1.57449,1.57506,1.50,1.50
2012.10.14 22:37:57.237,1.57449,1.57506,1.88,1.13
2012.10.14 22:37:57.297,1.57449,1.57506,1.88,1.13
2012.10.14 22:38:00.908,1.57454,1.57506,1.13,1.88
2012.10.14 22:38:01.418,1.57454,1.57506,1.13,1.13
2012.10.14 22:38:08.817,1.57454,1.57506,1.13,1.88
2012.10.14 22:38:11.318,1.57449,1.57506,1.88,1.88
2012.10.14 22:38:18.847,1.57452,1.57506,1.13,1.50
2012.10.14 22:38:18.908,1.57453,1.57506,1.13,1.50
2012.10.14 22:38:19.118,1.57449,1.57506,1.50,1.50
2012.10.14 22:38:20.604,1.57449,1.57507,1.50,1.88
2012.10.14 22:38:23.067,1.57449,1.57506,1.88,1.88
2012.10.14 22:38:30.378,1.57449,1.57507,1.50,1.88
2012.10.14 22:38:35.807,1.57449,1.57506,1.88,1.88
2012.10.14 22:38:38.937,1.57449,1.57506,1.88,1.13
2012.10.14 22:38:41.997,1.57449,1.57506,1.50,1.50
2012.10.14 22:38:47.467,1.57449,1.575,1.50,1.50
2012.10.14 22:38:47.767,1.57448,1.57501,1.13,3.00
2012.10.14 22:38:50.197,1.57448,1.57501,1.13,3.38
2012.10.14 22:38:52.237,1.57449,1.575,1.13,1.50
2012.10.14 22:38:53.754,1.57449,1.575,1.13,1.50
2012.10.14 22:38:54.158,1.57454,1.57501,1.13,3.38
2012.10.14 22:38:55.868,1.57453,1.575,1.13,1.50
2012.10.14 22:38:59.206,1.57454,1.57501,1.13,3.38
2012.10.14 22:39:02.118,1.57453,1.575,1.13,1.50
2012.10.14 22:39:06.467,1.57454,1.57501,1.13,1.88
2012.10.14 22:39:06.528,1.57454,1.57509,1.13,1.50
2012.10.14 22:39:06.587,1.57454,1.57509,1.13,1.50
2012.10.14 22:39:06.647,1.57454,1.57509,1.13,3.75
2012.10.14 22:39:07.195,1.57453,1.57507,1.13,1.13
2012.10.14 22:39:08.243,1.57453,1.575,1.13,1.50
2012.10.14 22:39:08.727,1.57454,1.57507,1.13,1.13
2012.10.14 22:39:09.257,1.57453,1.57507,1.13,1.13
2012.10.14 22:39:14.299,1.57453,1.57507,1.13,1.13
2012.10.14 22:39:16.332,1.57454,1.57507,1.13,1.13
2012.10.14 22:39:17.109,1.57453,1.57507,1.13,1.13
2012.10.14 22:39:19.238,1.57453,1.57507,1.13,1.13
2012.10.14 22:39:21.237,1.57454,1.57507,1.13,1.13
2012.10.14 22:39:23.858,1.57454,1.57506,1.13,1.13
2012.10.14 22:39:28.976,1.57454,1.57507,1.13,1.13
2012.10.14 22:39:30.848,1.57454,1.57506,1.13,1.13
2012.10.14 22:39:35.162,1.57453,1.57507,1.13,1.13
2012.10.14 22:39:36.427,1.57454,1.57507,1.13,1.13
2012.10.14 22:39:38.837,1.57453,1.57507,1.13,1.13
2012.10.14 22:39:42.957,1.57448,1.57507,1.88,1.13
2012.10.14 22:39:43.138,1.57448,1.57507,1.13,1.88
2012.10.14 22:39:43.258,1.57439,1.57503,1.13,1.50
2012.10.14 22:39:43.379,1.57448,1.57503,1.13,2.25
2012.10.14 22:39:44.287,1.57449,1.57504,1.13,3.00
2012.10.14 22:39:46.155,1.57448,1.57503,1.13,2.25
2012.10.14 22:39:49.173,1.57448,1.57504,1.13,3.00
2012.10.14 22:39:52.089,1.57448,1.57503,1.13,2.25
2012.10.14 22:39:54.587,1.57448,1.57504,1.13,3.00
2012.10.14 22:40:06.817,1.57454,1.57503,1.13,2.25
2012.10.14 22:40:11.186,1.57453,1.57504,1.13,3.00
2012.10.14 22:40:22.771,1.57454,1.57503,1.13,2.25
2012.10.14 22:40:24.923,1.57453,1.57504,1.13,3.00
2012.10.14 22:40:26.758,1.57453,1.57503,1.13,2.25
2012.10.14 22:40:33.788,1.57453,1.57504,1.13,3.00
2012.10.14 22:40:37.157,1.57448,1.57504,1.88,3.00
2012.10.14 22:40:37.278,1.57443,1.57504,1.13,1.50
2012.10.14 22:40:37.397,1.57448,1.57503,1.13,1.50
2012.10.14 22:40:37.807,1.57439,1.57504,1.13,3.00
2012.10.14 22:40:37.927,1.57433,1.57486,1.13,1.50
2012.10.14 22:40:38.047,1.57425,1.57496,1.50,1.65
2012.10.14 22:40:38.107,1.57424,1.57501,1.13,1.47
2012.10.14 22:40:38.179,1.57424,1.57498,1.88,1.47
2012.10.14 22:40:38.537,1.57436,1.57501,1.50,1.84
2012.10.14 22:40:38.848,1.5744,1.57502,1.50,1.09
2012.10.14 22:40:38.968,1.57448,1.57502,1.13,1.13
2012.10.14 22:40:39.087,1.57448,1.57507,1.13,1.13
2012.10.14 22:40:39.147,1.57449,1.57507,1.13,1.13
2012.10.14 22:40:39.449,1.57448,1.57507,1.13,1.13
2012.10.14 22:40:40.048,1.57454,1.57506,1.13,1.13
2012.10.14 22:40:40.357,1.57454,1.57512,1.13,1.50
2012.10.14 22:40:41.647,1.57453,1.57513,1.13,3.00
2012.10.14 22:40:42.264,1.57454,1.57512,1.13,1.50
2012.10.14 22:40:42.613,1.57454,1.57513,1.13,3.00
2012.10.14 22:40:42.937,1.57454,1.5751,1.13,1.50
2012.10.14 22:40:43.057,1.57454,1.57512,1.13,2.25
2012.10.14 22:40:44.171,1.57454,1.57512,1.13,2.63
2012.10.14 22:40:44.230,1.57454,1.5751,1.13,1.50
2012.10.14 22:40:44.837,1.57454,1.57513,1.13,3.00
2012.10.14 22:40:45.018,1.57454,1.5751,1.13,1.50
2012.10.14 22:40:45.827,1.57453,1.5751,1.13,1.50
2012.10.14 22:40:49.028,1.57454,1.57513,1.13,3.00
2012.10.14 22:40:49.287,1.57453,1.57512,1.13,3.38
2012.10.14 22:40:51.837,1.57453,1.57512,1.13,1.88
2012.10.14 22:40:54.151,1.57453,1.57512,1.13,3.38
2012.10.14 22:40:59.428,1.57454,1.57512,1.13,2.25
2012.10.14 22:41:00.538,1.57454,1.5751,1.13,1.50
2012.10.14 22:41:00.867,1.57454,1.57512,1.13,2.25
2012.10.14 22:41:02.907,1.57454,1.57513,1.13,3.00
2012.10.14 22:41:04.756,1.57454,1.57512,1.13,2.25
2012.10.14 22:41:05.408,1.57453,1.57513,1.13,3.00
2012.10.14 22:41:08.787,1.57453,1.57512,1.13,2.25
2012.10.14 22:41:14.258,1.57453,1.57513,1.13,3.00
2012.10.14 22:41:19.067,1.57453,1.57512,1.13,2.25
2012.10.14 22:41:22.168,1.57453,1.57513,1.13,3.00
2012.10.14 22:41:24.797,1.57453,1.57512,1.13,2.25
2012.10.14 22:41:27.649,1.57453,1.57513,1.13,3.00
2012.10.14 22:41:29.787,1.57454,1.57512,1.13,2.25
2012.10.14 22:41:35.027,1.57453,1.57513,1.13,3.00
2012.10.14 22:41:35.991,1.57453,1.57512,1.13,3.00
2012.10.14 22:41:36.620,1.57453,1.57512,1.13,1.88
2012.10.14 22:41:37.159,1.57453,1.57512,1.13,2.63
2012.10.14 22:41:37.729,1.57453,1.57512,1.13,1.88
2012.10.14 22:41:38.848,1.57454,1.57511,1.13,1.13
2012.10.14 22:41:40.187,1.57453,1.57512,1.13,1.88
2012.10.14 22:41:40.507,1.57454,1.57515,1.13,3.00
2012.10.14 22:41:44.331,1.57453,1.57515,1.13,1.50
2012.10.14 22:41:44.735,1.57454,1.57516,1.13,1.13
2012.10.14 22:41:44.858,1.57459,1.57516,1.13,1.13
2012.10.14 22:41:45.158,1.57464,1.57524,1.50,3.38
2012.10.14 22:41:45.278,1.57445,1.57522,1.50,1.50
2012.10.14 22:41:45.337,1.57446,1.57522,1.50,1.50
2012.10.14 22:41:45.578,1.5746,1.57521,1.50,2.25
2012.10.14 22:41:45.637,1.57464,1.57518,1.13,1.13
2012.10.14 22:41:45.699,1.57464,1.57521,1.13,2.63
2012.10.14 22:41:49.401,1.57464,1.57521,1.13,1.13
2012.10.14 22:41:58.328,1.57464,1.57522,1.13,1.13
2012.10.14 22:41:59.988,1.57464,1.57521,2.25,1.13
2012.10.14 22:42:03.782,1.57464,1.57522,1.50,1.13
2012.10.14 22:42:04.407,1.57463,1.57522,3.00,1.13
2012.10.14 22:42:07.218,1.57464,1.57522,1.50,1.13
2012.10.14 22:42:08.788,1.57463,1.57522,3.00,1.13
2012.10.14 22:42:10.793,1.57464,1.57522,1.50,1.13
2012.10.14 22:42:11.310,1.57464,1.57521,2.25,1.13
2012.10.14 22:42:12.037,1.57463,1.57522,3.00,1.13
2012.10.14 22:42:14.528,1.57464,1.57522,1.50,1.13
2012.10.14 22:42:18.547,1.57464,1.57522,1.50,1.13
2012.10.14 22:42:21.938,1.57463,1.57522,3.00,1.13
2012.10.14 22:42:22.468,1.57464,1.57522,1.50,1.13
2012.10.14 22:42:24.198,1.57466,1.57525,1.50,1.13
2012.10.14 22:42:24.258,1.57475,1.5753,1.50,1.50
2012.10.14 22:42:24.380,1.57469,1.57528,1.88,1.50
2012.10.14 22:42:24.683,1.57461,1.57527,1.50,1.50
2012.10.14 22:42:24.811,1.57458,1.57528,1.50,1.50
2012.10.14 22:42:24.928,1.57458,1.57522,1.88,1.04
2012.10.14 22:42:25.168,1.57457,1.57532,1.13,1.41
2012.10.14 22:42:25.588,1.57457,1.57526,1.50,1.41
2012.10.14 22:42:25.888,1.57464,1.57536,1.13,1.13
2012.10.14 22:42:26.447,1.57463,1.57537,1.13,1.13
2012.10.14 22:42:27.028,1.57464,1.57536,1.13,1.13
2012.10.14 22:42:28.319,1.57463,1.57537,1.13,1.13
2012.10.14 22:42:30.658,1.57464,1.57536,1.13,1.13
2012.10.14 22:42:31.312,1.57463,1.57537,1.13,1.88
2012.10.14 22:42:34.199,1.57464,1.57536,1.13,1.13
2012.10.14 22:42:34.858,1.57463,1.57537,1.13,1.13
2012.10.14 22:42:35.948,1.57463,1.57534,1.13,1.50
2012.10.14 22:42:36.489,1.57464,1.57526,1.13,1.13
2012.10.14 22:42:36.547,1.57464,1.57526,1.13,1.13
2012.10.14 22:42:39.578,1.57463,1.57527,1.13,1.13
2012.10.14 22:42:40.282,1.57464,1.57526,1.13,1.13
2012.10.14 22:42:41.887,1.57464,1.57526,1.13,1.13
2012.10.14 22:42:44.388,1.57464,1.57526,1.13,1.13
2012.10.14 22:42:45.033,1.57463,1.57527,1.13,1.13
2012.10.14 22:42:47.808,1.57463,1.57527,1.13,1.13
2012.10.14 22:42:49.737,1.57463,1.57527,1.13,1.13
2012.10.14 22:42:50.349,1.57463,1.57527,1.13,1.13
2012.10.14 22:42:51.826,1.57463,1.57527,1.13,1.13
2012.10.14 22:42:54.478,1.57463,1.57527,1.13,1.13
2012.10.14 22:42:57.357,1.57464,1.57526,1.13,1.13
2012.10.14 22:42:57.537,1.57464,1.57542,1.13,1.50
2012.10.14 22:42:57.698,1.5746,1.57542,1.50,1.50
2012.10.14 22:42:57.757,1.5746,1.57542,1.50,1.50
2012.10.14 22:42:58.892,1.57464,1.57534,1.13,1.13
2012.10.14 22:42:58.952,1.57463,1.57532,1.13,1.13
2012.10.14 22:42:59.749,1.57463,1.57532,1.13,1.13
2012.10.14 22:43:00.332,1.57463,1.57531,1.13,1.13
2012.10.14 22:43:01.448,1.57464,1.57531,1.13,1.13
2012.10.14 22:43:06.150,1.57463,1.57531,1.13,1.13
2012.10.14 22:43:06.676,1.57463,1.57532,1.13,1.13
2012.10.14 22:43:07.022,1.57463,1.57532,1.13,1.13
2012.10.14 22:43:07.689,1.57463,1.57526,1.13,1.13
2012.10.14 22:43:08.418,1.57463,1.57527,1.13,1.13
2012.10.14 22:43:09.024,1.57463,1.57526,1.13,1.13
2012.10.14 22:43:10.597,1.57463,1.57527,1.13,1.13
2012.10.14 22:43:17.797,1.57463,1.57526,1.13,1.13
2012.10.14 22:43:19.558,1.57463,1.57527,1.13,1.13
2012.10.14 22:43:21.149,1.57463,1.57525,1.13,1.50
2012.10.14 22:43:21.268,1.57454,1.57522,1.13,1.13
2012.10.14 22:43:21.392,1.57453,1.57525,1.13,1.13
2012.10.14 22:43:21.507,1.57459,1.57525,1.13,2.25
2012.10.14 22:43:21.688,1.57454,1.57525,1.88,1.13
2012.10.14 22:43:21.747,1.57454,1.57522,1.88,1.13
2012.10.14 22:43:21.995,1.57454,1.57525,1.88,1.13
2012.10.14 22:43:22.117,1.57458,1.57527,1.13,1.88
2012.10.14 22:43:22.639,1.57457,1.57527,1.13,1.88
2012.10.14 22:43:23.317,1.57454,1.57522,1.50,1.13
2012.10.14 22:43:23.999,1.57454,1.57522,1.88,1.13
2012.10.14 22:43:25.628,1.57454,1.57524,1.88,1.13
2012.10.14 22:43:25.687,1.57459,1.57526,1.13,1.13
2012.10.14 22:43:26.270,1.57458,1.57527,1.13,1.13
2012.10.14 22:43:27.577,1.57458,1.57527,1.13,1.13
2012.10.14 22:43:28.148,1.57458,1.57527,1.13,1.88
2012.10.14 22:43:29.788,1.57459,1.57526,1.13,1.13
2012.10.14 22:43:32.387,1.57459,1.57526,1.13,1.13
2012.10.14 22:43:36.217,1.57459,1.57526,1.13,1.13
2012.10.14 22:43:38.917,1.57458,1.57527,1.13,1.88
2012.10.14 22:43:43.004,1.57458,1.57527,1.13,1.88
2012.10.14 22:43:44.457,1.57458,1.57522,1.13,1.13
2012.10.14 22:43:45.402,1.57458,1.57522,1.13,1.13
2012.10.14 22:43:45.637,1.57459,1.57526,1.13,1.13
2012.10.14 22:43:46.227,1.57458,1.57527,1.13,1.88
2012.10.14 22:43:48.847,1.57459,1.57526,1.13,1.13
2012.10.14 22:43:49.720,1.57464,1.57526,1.50,1.13
2012.10.14 22:43:49.838,1.57464,1.57527,3.00,1.88
2012.10.14 22:43:50.867,1.57464,1.57532,1.50,1.13
2012.10.14 22:44:07.882,1.57464,1.57531,3.75,1.13
2012.10.14 22:44:12.018,1.57464,1.57531,2.25,1.13
2012.10.14 22:44:15.268,1.57464,1.57531,3.75,1.13
2012.10.14 22:44:18.767,1.57464,1.57532,1.50,1.13
2012.10.14 22:44:21.340,1.57464,1.57532,3.00,1.13
2012.10.14 22:44:23.395,1.57463,1.57532,4.50,1.13
2012.10.14 22:44:26.057,1.57464,1.57532,2.25,1.13
2012.10.14 22:44:28.377,1.57464,1.57531,1.50,1.13
2012.10.14 22:44:34.687,1.57463,1.57544,3.75,1.50
2012.10.14 22:44:35.007,1.57464,1.57531,1.50,1.13
2012.10.14 22:44:37.477,1.57464,1.57531,1.50,1.13
2012.10.14 22:44:38.255,1.57464,1.57532,2.25,1.13
2012.10.14 22:44:49.309,1.57464,1.5753,2.25,1.50
2012.10.14 22:44:50.297,1.57464,1.57528,2.25,1.13
2012.10.14 22:44:50.607,1.57464,1.57526,3.75,1.13
2012.10.14 22:44:51.258,1.57464,1.57527,1.50,1.13
2012.10.14 22:44:52.057,1.57464,1.57526,3.75,1.13
2012.10.14 22:44:53.037,1.57464,1.57526,2.25,1.13
2012.10.14 22:44:53.788,1.57464,1.5753,2.25,1.50
2012.10.14 22:44:58.438,1.57464,1.57531,3.00,1.13
2012.10.14 22:45:00.887,1.57464,1.57531,1.50,1.13
2012.10.14 22:45:10.478,1.57464,1.57531,3.00,1.13
2012.10.14 22:45:15.670,1.57464,1.57531,1.50,1.13
2012.10.14 22:45:18.076,1.57464,1.57531,3.00,1.13
2012.10.14 22:45:21.358,1.57464,1.5753,1.50,1.50
2012.10.14 22:45:21.976,1.57464,1.5753,3.75,1.50
2012.10.14 22:45:23.869,1.57464,1.5753,2.25,1.50
2012.10.14 22:45:25.828,1.57464,1.5753,3.00,1.50
2012.10.14 22:45:29.498,1.57464,1.5753,2.25,1.50
2012.10.14 22:45:31.959,1.57464,1.5753,3.75,1.50
2012.10.14 22:45:33.040,1.57464,1.5753,2.25,1.50
2012.10.14 22:45:33.574,1.57464,1.5753,3.00,1.50
2012.10.14 22:45:35.240,1.57464,1.5753,1.50,1.50
2012.10.14 22:45:35.848,1.57464,1.5753,3.75,1.50
2012.10.14 22:45:37.909,1.57464,1.5753,1.50,1.50
2012.10.14 22:45:41.288,1.57464,1.5753,3.00,1.50
2012.10.14 22:45:41.841,1.57464,1.5753,2.25,1.50
2012.10.14 22:45:43.642,1.57464,1.5753,3.38,1.50
2012.10.14 22:45:43.768,1.57464,1.5753,2.25,1.50
2012.10.14 22:45:44.148,1.57464,1.5753,2.25,1.13
2012.10.14 22:45:44.808,1.57464,1.57531,1.13,1.13
2012.10.14 22:45:45.310,1.57464,1.57532,3.00,1.13
2012.10.14 22:45:45.837,1.57464,1.57532,1.50,1.13
2012.10.14 22:45:46.409,1.57463,1.5753,1.50,1.13
2012.10.14 22:45:46.469,1.57461,1.57525,1.88,1.50
2012.10.14 22:45:46.735,1.57457,1.57528,1.50,1.50
2012.10.14 22:45:47.278,1.57457,1.57528,1.50,1.50
2012.10.14 22:45:47.859,1.57458,1.57522,1.13,1.13
2012.10.14 22:45:52.069,1.57459,1.57522,1.13,1.13
2012.10.14 22:45:52.578,1.57459,1.57521,1.13,1.13
2012.10.14 22:46:00.158,1.57459,1.57522,1.13,1.13
2012.10.14 22:46:01.759,1.57459,1.57521,1.13,1.13
2012.10.14 22:46:02.489,1.57458,1.57522,1.13,1.13
2012.10.14 22:46:03.588,1.57458,1.57522,1.13,1.13
2012.10.14 22:46:04.639,1.57459,1.57516,1.13,1.13
2012.10.14 22:46:07.847,1.57458,1.57518,1.13,1.13
2012.10.14 22:46:07.968,1.5746,1.57521,1.50,1.13
2012.10.14 22:46:08.088,1.57467,1.57541,2.25,1.65
2012.10.14 22:46:08.148,1.57467,1.57542,2.25,1.50
2012.10.14 22:46:08.208,1.57463,1.57536,2.25,1.13
2012.10.14 22:46:08.268,1.57463,1.57546,1.50,2.78
2012.10.14 22:46:08.459,1.57467,1.57548,1.50,1.73
2012.10.14 22:46:08.578,1.57466,1.57549,1.50,1.13
2012.10.14 22:46:08.642,1.57466,1.57536,3.00,1.13
2012.10.14 22:46:08.998,1.57467,1.57531,1.50,1.13
2012.10.14 22:46:10.794,1.57467,1.57532,3.00,1.13
2012.10.14 22:46:11.318,1.57467,1.57531,1.50,1.13
2012.10.14 22:46:14.118,1.57467,1.57531,3.00,1.13
2012.10.14 22:46:14.669,1.57467,1.57531,1.50,1.13
2012.10.14 22:46:15.309,1.57467,1.57531,3.00,1.13
2012.10.14 22:46:19.289,1.57467,1.57531,3.00,1.13
2012.10.14 22:46:19.908,1.57467,1.57532,1.50,1.13
2012.10.14 22:46:20.698,1.57467,1.57532,1.50,1.13
2012.10.14 22:46:21.419,1.57466,1.57531,2.25,1.13
2012.10.14 22:46:22.958,1.57469,1.57531,1.95,1.13
2012.10.14 22:46:23.019,1.57481,1.57531,2.25,1.13
2012.10.14 22:46:23.258,1.57482,1.57542,1.50,1.50
2012.10.14 22:46:23.318,1.57481,1.57549,2.25,2.25
2012.10.14 22:46:23.568,1.57482,1.57547,1.50,1.13
2012.10.14 22:46:24.191,1.57481,1.57547,2.25,1.13
2012.10.14 22:46:26.135,1.57479,1.57546,3.75,1.13
2012.10.14 22:46:28.389,1.57481,1.57546,2.25,1.13
2012.10.14 22:46:32.838,1.57482,1.57546,2.25,1.13
2012.10.14 22:46:34.194,1.57479,1.57546,1.50,1.13
2012.10.14 22:46:34.248,1.57478,1.57546,1.50,1.13
2012.10.14 22:46:34.308,1.57475,1.57541,3.00,1.13
2012.10.14 22:46:34.828,1.57475,1.57541,1.50,1.13
2012.10.14 22:46:35.258,1.57475,1.57541,1.50,1.13
2012.10.14 22:46:35.558,1.57478,1.57548,1.50,2.25
2012.10.14 22:46:35.858,1.57481,1.57548,2.25,1.50
2012.10.14 22:46:36.038,1.57481,1.57547,2.25,1.13
2012.10.14 22:46:37.478,1.57482,1.57546,2.25,1.13
2012.10.14 22:46:40.388,1.57479,1.57542,2.25,1.50
2012.10.14 22:46:40.568,1.57476,1.57531,2.25,1.13
2012.10.14 22:46:40.688,1.57476,1.57534,1.50,1.50
2012.10.14 22:46:40.928,1.57481,1.57548,2.25,1.50
2012.10.14 22:46:40.988,1.57482,1.57548,2.25,3.00
2012.10.14 22:46:41.108,1.57482,1.57546,3.00,1.13
2012.10.14 22:46:41.971,1.57475,1.57541,2.25,1.13
2012.10.14 22:46:42.148,1.57473,1.57537,1.13,1.13
2012.10.14 22:46:42.448,1.57469,1.57555,1.50,2.49
2012.10.14 22:46:42.648,1.57472,1.57545,1.13,1.13
2012.10.14 22:46:43.258,1.57474,1.57541,1.13,1.13
2012.10.14 22:46:44.798,1.57473,1.57542,1.13,1.13
2012.10.14 22:46:46.786,1.57473,1.57542,1.13,1.13
2012.10.14 22:46:47.288,1.57474,1.57541,1.13,1.13
2012.10.14 22:46:50.488,1.57473,1.57542,1.13,1.13
2012.10.14 22:46:52.399,1.57474,1.57541,1.13,1.13
2012.10.14 22:46:55.268,1.57474,1.57541,1.13,1.13
2012.10.14 22:47:02.168,1.57474,1.57541,1.13,1.13
2012.10.14 22:47:04.168,1.57473,1.57542,1.13,1.13
2012.10.14 22:47:07.149,1.57474,1.57541,1.13,1.13
2012.10.14 22:47:08.690,1.57474,1.57541,1.13,1.13
2012.10.14 22:47:11.213,1.57474,1.57541,1.13,1.13
2012.10.14 22:47:15.565,1.57473,1.57542,2.63,1.13
2012.10.14 22:47:16.779,1.57473,1.57542,1.88,1.13
2012.10.14 22:47:22.039,1.57474,1.57541,1.13,1.13
2012.10.14 22:47:28.388,1.57474,1.57541,1.13,1.13
2012.10.14 22:47:30.934,1.57475,1.57541,1.50,1.13
2012.10.14 22:47:31.358,1.57475,1.57547,3.00,1.13
2012.10.14 22:47:31.588,1.57476,1.57541,2.25,1.13
2012.10.14 22:47:32.010,1.57482,1.57546,1.50,1.13
2012.10.14 22:47:33.191,1.57482,1.57542,1.50,2.25
2012.10.14 22:47:33.558,1.57478,1.57542,3.38,1.13
2012.10.14 22:47:34.178,1.57479,1.57541,1.50,1.13
2012.10.14 22:47:34.702,1.57481,1.57542,2.25,1.13
2012.10.14 22:47:36.298,1.57479,1.57541,2.63,1.13
2012.10.14 22:47:36.478,1.57479,1.57541,2.63,1.13
2012.10.14 22:47:37.178,1.57479,1.57542,2.25,1.88
2012.10.14 22:47:37.689,1.57482,1.57542,1.50,1.88
2012.10.14 22:47:38.131,1.57479,1.57542,2.25,1.88
2012.10.14 22:47:39.978,1.57478,1.57542,3.38,1.13
2012.10.14 22:47:40.544,1.57478,1.5754,3.38,1.50
2012.10.14 22:47:41.069,1.57478,1.5754,3.38,2.25
2012.10.14 22:47:41.727,1.57478,1.5754,3.38,2.25
2012.10.14 22:47:42.971,1.57479,1.57539,1.50,1.50
2012.10.14 22:47:43.238,1.57479,1.57539,2.25,1.50
2012.10.14 22:47:43.298,1.57479,1.57541,2.63,1.13
2012.10.14 22:47:43.799,1.57478,1.57542,3.38,1.13
2012.10.14 22:47:48.288,1.57478,1.57542,1.88,1.13
2012.10.14 22:47:48.412,1.57478,1.57547,1.13,1.13
2012.10.14 22:47:48.467,1.57476,1.57557,1.50,1.95
2012.10.14 22:47:49.006,1.57476,1.57558,1.50,2.10
2012.10.14 22:48:14.039,1.57478,1.57548,1.88,1.13
2012.10.14 22:48:14.098,1.57478,1.57547,3.38,1.13
2012.10.14 22:48:14.399,1.57478,1.5754,3.38,1.13
2012.10.14 22:48:14.999,1.57479,1.57532,1.50,1.13
2012.10.14 22:48:15.208,1.57479,1.57542,1.88,1.50
2012.10.14 22:48:15.328,1.57479,1.57543,2.63,1.50
2012.10.14 22:48:16.279,1.57479,1.57546,1.13,1.13
2012.10.14 22:48:17.751,1.57479,1.57546,2.63,1.13
2012.10.14 22:48:19.257,1.57479,1.57546,1.13,1.13
2012.10.14 22:48:20.248,1.57479,1.57547,2.25,1.13
2012.10.14 22:48:21.909,1.57478,1.57547,3.38,1.13
2012.10.14 22:48:23.092,1.57479,1.57547,1.50,1.13
2012.10.14 22:48:23.405,1.57484,1.57546,2.25,1.13
2012.10.14 22:48:23.471,1.57479,1.57547,1.50,1.13
2012.10.14 22:48:23.528,1.57478,1.57547,3.38,1.13
2012.10.14 22:48:29.458,1.57479,1.57546,3.38,1.13
2012.10.14 22:48:31.998,1.57479,1.57546,1.88,1.13
2012.10.14 22:48:32.568,1.57479,1.57547,3.00,1.13
2012.10.14 22:48:33.280,1.57479,1.57547,3.75,1.13
2012.10.14 22:48:37.788,1.57479,1.57547,2.25,1.13
2012.10.14 22:48:38.308,1.57479,1.57547,1.50,1.13
2012.10.14 22:48:41.248,1.57479,1.57547,3.75,1.13
2012.10.14 22:48:41.849,1.57479,1.57547,2.25,1.13
2012.10.14 22:48:43.848,1.57479,1.57547,3.00,1.13
2012.10.14 22:48:44.208,1.57475,1.5754,1.50,1.13
2012.10.14 22:48:44.268,1.57474,1.5754,1.13,1.13
2012.10.14 22:48:44.328,1.57474,1.57541,1.13,1.13
2012.10.14 22:48:45.049,1.57475,1.57541,1.50,1.13
2012.10.14 22:48:45.808,1.57473,1.57542,1.13,1.13
2012.10.14 22:48:46.378,1.57474,1.57541,1.13,1.13
2012.10.14 22:48:46.904,1.57473,1.57542,1.13,1.13
2012.10.14 22:48:49.308,1.57474,1.57541,1.13,1.13
2012.10.14 22:48:50.540,1.57476,1.57541,1.50,1.13
2012.10.14 22:48:50.658,1.57471,1.57557,1.50,4.02
2012.10.14 22:48:50.838,1.57478,1.57547,3.75,1.50
2012.10.14 22:48:51.351,1.57479,1.57546,3.00,1.13
2012.10.14 22:48:53.359,1.57478,1.57547,4.50,1.13
2012.10.14 22:48:55.369,1.57481,1.57546,1.50,1.13
2012.10.14 22:48:59.341,1.57478,1.57547,4.50,1.13
2012.10.14 22:49:05.498,1.57479,1.57547,2.25,1.13
2012.10.14 22:49:06.233,1.57478,1.57547,4.50,1.13
2012.10.14 22:49:07.850,1.57478,1.57542,4.50,1.13
2012.10.14 22:49:09.307,1.57479,1.57542,2.25,1.13
2012.10.14 22:49:09.919,1.57478,1.57547,4.50,1.13
2012.10.14 22:49:11.760,1.57479,1.57547,2.25,1.13
2012.10.14 22:49:12.489,1.57479,1.57546,1.50,1.13
2012.10.14 22:49:15.648,1.57479,1.57546,3.00,1.13
2012.10.14 22:49:19.758,1.57478,1.57547,4.50,1.13
2012.10.14 22:49:19.878,1.57481,1.57547,1.09,1.13
2012.10.14 22:49:21.843,1.57482,1.57547,1.09,1.13
2012.10.14 22:49:22.490,1.57481,1.57547,1.09,1.13
2012.10.14 22:49:23.788,1.57482,1.57547,1.09,1.13
2012.10.14 22:49:26.118,1.57481,1.57542,1.09,1.13
2012.10.14 22:49:26.308,1.57482,1.57542,1.09,1.13
2012.10.14 22:49:29.309,1.57481,1.57547,1.09,1.13
2012.10.14 22:49:35.432,1.57481,1.57546,1.09,1.13
2012.10.14 22:49:36.152,1.57482,1.57541,1.09,1.13
2012.10.14 22:49:37.354,1.57481,1.57542,1.09,1.13
2012.10.14 22:49:44.598,1.57482,1.57547,1.09,1.13
2012.10.14 22:49:46.758,1.57481,1.57547,1.09,1.13
2012.10.14 22:49:49.268,1.57482,1.57547,1.09,1.13
2012.10.14 22:49:58.948,1.57481,1.57546,1.09,1.13
2012.10.14 22:50:01.438,1.57482,1.57546,1.09,1.13
2012.10.14 22:50:01.980,1.57481,1.57546,1.09,1.13
2012.10.14 22:50:03.979,1.57482,1.57546,1.09,1.13
2012.10.14 22:50:06.238,1.57481,1.57546,1.09,1.13
2012.10.14 22:50:08.478,1.57482,1.57546,1.09,1.13
2012.10.14 22:50:09.022,1.57481,1.57546,1.09,1.13
2012.10.14 22:50:11.349,1.57482,1.57546,1.09,1.13
2012.10.14 22:50:15.989,1.57482,1.57542,1.09,1.13
2012.10.14 22:50:16.228,1.57479,1.57542,1.09,1.13
2012.10.14 22:50:18.059,1.57481,1.57542,1.09,1.13
2012.10.14 22:50:18.760,1.57482,1.57541,1.09,1.13
2012.10.14 22:50:20.082,1.57479,1.57541,2.63,1.13
2012.10.14 22:50:23.818,1.57479,1.57546,1.88,1.13
2012.10.14 22:50:31.919,1.57478,1.57547,3.38,1.13
2012.10.14 22:50:33.421,1.57479,1.57547,1.50,1.13
2012.10.14 22:50:34.960,1.57478,1.57547,3.38,1.13
2012.10.14 22:50:38.178,1.57479,1.57547,1.50,1.13
2012.10.14 22:50:40.798,1.57478,1.57547,3.38,1.13
2012.10.14 22:50:51.359,1.57479,1.57547,1.50,1.13
2012.10.14 22:50:52.058,1.57478,1.57547,3.38,1.13
2012.10.14 22:50:54.168,1.57479,1.57546,1.13,1.13
2012.10.14 22:50:54.488,1.57478,1.57547,1.88,1.13
2012.10.14 22:50:55.191,1.57478,1.57547,1.88,1.13
2012.10.14 22:50:56.614,1.57478,1.57542,1.13,1.50
2012.10.14 22:50:57.089,1.57476,1.57542,1.50,1.13
2012.10.14 22:50:57.858,1.57476,1.57541,3.00,1.13
2012.10.14 22:50:59.839,1.57476,1.57541,1.50,1.13
2012.10.14 22:51:00.368,1.57476,1.57541,3.00,1.13
2012.10.14 22:51:00.779,1.57476,1.57541,3.00,1.13
2012.10.14 22:51:04.389,1.57476,1.57537,1.50,1.13
2012.10.14 22:51:05.120,1.57475,1.57537,3.00,1.13
2012.10.14 22:51:16.849,1.57475,1.57537,3.00,1.13
2012.10.14 22:51:17.898,1.57475,1.57537,3.00,1.13
2012.10.14 22:51:21.191,1.57475,1.57537,3.00,1.13
2012.10.14 22:51:22.058,1.57476,1.57537,2.25,1.13
2012.10.14 22:51:23.898,1.57475,1.57537,3.00,1.13
2012.10.14 22:51:24.405,1.57476,1.57536,2.25,1.13
2012.10.14 22:51:26.248,1.57475,1.57537,3.00,1.13
2012.10.14 22:51:26.653,1.57476,1.57536,2.25,1.50
2012.10.14 22:51:27.198,1.57476,1.57548,1.50,1.50
2012.10.14 22:51:27.258,1.57476,1.57548,1.50,1.50
2012.10.14 22:51:28.081,1.57475,1.57537,3.00,1.13
2012.10.14 22:51:28.619,1.57475,1.57534,3.00,1.13
2012.10.14 22:51:28.979,1.57476,1.57531,1.50,1.13
2012.10.14 22:51:29.747,1.57475,1.57531,3.00,1.13
2012.10.14 22:51:30.710,1.57475,1.57531,3.00,1.13
2012.10.14 22:51:31.228,1.57476,1.57531,2.25,1.13
2012.10.14 22:51:33.239,1.57475,1.57531,3.00,1.13
2012.10.14 22:51:35.279,1.57476,1.57531,1.50,1.13
2012.10.14 22:51:37.628,1.57475,1.57532,3.00,1.13
2012.10.14 22:51:38.380,1.57476,1.57532,1.50,1.13
2012.10.14 22:51:39.938,1.57475,1.57531,3.00,1.13
2012.10.14 22:51:40.320,1.57479,1.57532,3.00,1.13
2012.10.14 22:51:40.839,1.57479,1.57532,1.50,1.13
2012.10.14 22:51:44.804,1.57479,1.57532,2.25,1.13
2012.10.14 22:51:48.530,1.57476,1.57532,3.00,1.13
2012.10.14 22:51:48.588,1.57476,1.57532,2.25,1.13
2012.10.14 22:51:49.199,1.57475,1.57531,3.00,1.13
2012.10.14 22:51:50.858,1.57476,1.57531,2.25,1.13
2012.10.14 22:51:51.408,1.57473,1.57532,1.88,1.13
2012.10.14 22:51:52.186,1.57475,1.57532,2.25,1.13
2012.10.14 22:51:52.928,1.57476,1.57532,2.25,1.13
2012.10.14 22:51:55.218,1.57475,1.57532,2.25,1.13
2012.10.14 22:51:55.784,1.57475,1.57531,1.50,1.13
2012.10.14 22:51:58.820,1.57475,1.57531,2.25,1.13
2012.10.14 22:51:59.368,1.57473,1.57532,3.38,1.13
2012.10.14 22:51:59.922,1.57474,1.57531,1.13,1.13
2012.10.14 22:52:01.519,1.57474,1.57531,1.13,1.13
2012.10.14 22:52:02.276,1.57474,1.57531,1.13,1.13
2012.10.14 22:52:03.168,1.57473,1.57531,1.13,1.13
2012.10.14 22:52:03.729,1.57473,1.57532,1.50,1.13
2012.10.14 22:52:05.165,1.57472,1.57532,3.00,1.13
2012.10.14 22:52:07.398,1.5747,1.57531,1.84,1.13
2012.10.14 22:52:09.808,1.57472,1.57532,2.25,1.13
2012.10.14 22:52:14.218,1.57473,1.57532,1.50,1.13
2012.10.14 22:52:14.769,1.57472,1.57531,2.25,1.13
2012.10.14 22:52:15.348,1.57473,1.57531,1.50,1.13
2012.10.14 22:52:16.338,1.57472,1.57531,2.25,1.13
2012.10.14 22:52:19.858,1.57472,1.57525,1.50,1.13
2012.10.14 22:52:19.919,1.57467,1.57516,1.84,1.13
2012.10.14 22:52:19.980,1.57464,1.57516,1.88,1.13
2012.10.14 22:52:22.279,1.57463,1.57517,1.88,1.13
2012.10.14 22:52:23.818,1.57463,1.57516,1.88,1.13
2012.10.14 22:52:23.999,1.57463,1.57521,1.88,1.13
2012.10.14 22:52:24.569,1.57463,1.57522,1.88,1.13
2012.10.14 22:52:27.082,1.5747,1.57522,1.50,1.13
2012.10.14 22:52:27.379,1.5747,1.5754,1.50,1.50
2012.10.14 22:52:27.579,1.57473,1.57544,1.50,1.50
2012.10.14 22:52:27.902,1.57473,1.57531,3.00,1.13
2012.10.14 22:52:34.439,1.57473,1.57532,1.50,1.13
2012.10.14 22:52:36.448,1.57473,1.57532,3.00,1.13
2012.10.14 22:52:38.888,1.57473,1.57531,1.50,1.13
2012.10.14 22:52:42.148,1.57473,1.57532,3.00,1.13
2012.10.14 22:52:44.949,1.5747,1.57532,3.00,1.13
2012.10.14 22:52:47.548,1.5747,1.57531,1.50,1.13
2012.10.14 22:52:49.888,1.5747,1.57532,3.00,1.13
2012.10.14 22:52:51.929,1.5747,1.57531,1.50,1.13
2012.10.14 22:52:53.868,1.5747,1.57531,3.00,1.13
2012.10.14 22:52:55.929,1.5747,1.57532,1.50,1.13
2012.10.14 22:53:08.839,1.5747,1.57532,3.00,1.13
2012.10.14 22:53:09.570,1.5747,1.57532,1.50,1.13
2012.10.14 22:53:19.039,1.5747,1.57532,3.00,1.13
2012.10.14 22:53:20.158,1.5747,1.57531,3.00,1.13
2012.10.14 22:53:20.459,1.57479,1.57531,1.13,1.13
2012.10.14 22:53:20.819,1.57479,1.57537,1.50,1.13
2012.10.14 22:53:22.975,1.57479,1.57536,1.13,1.13
2012.10.14 22:53:23.829,1.57479,1.57536,1.13,1.13
2012.10.14 22:53:25.690,1.57479,1.57536,1.13,1.13
2012.10.14 22:53:27.795,1.57479,1.57536,1.13,1.13
2012.10.14 22:53:28.359,1.57478,1.57542,1.88,1.13
2012.10.14 22:53:28.889,1.57484,1.57541,1.50,1.13
2012.10.14 22:53:29.069,1.57485,1.57544,1.50,1.50
2012.10.14 22:53:29.189,1.57484,1.57541,3.38,1.13
2012.10.14 22:53:29.538,1.57485,1.57544,1.50,1.50
2012.10.14 22:53:33.000,1.57484,1.57547,3.00,1.13
2012.10.14 22:53:33.596,1.57484,1.57543,2.25,1.50
2012.10.14 22:53:33.929,1.57478,1.57532,1.13,1.13
2012.10.14 22:53:33.989,1.57473,1.57532,2.25,1.13
2012.10.14 22:53:34.229,1.57469,1.57531,3.38,1.13
2012.10.14 22:53:34.288,1.57469,1.57531,3.38,1.13
2012.10.14 22:53:34.468,1.5747,1.57532,2.25,1.13
2012.10.14 22:53:34.528,1.57473,1.57532,2.25,1.13
2012.10.14 22:53:35.759,1.57472,1.57537,3.00,1.13
2012.10.14 22:53:36.542,1.57472,1.57536,3.00,1.13
2012.10.14 22:53:39.886,1.57473,1.57539,1.50,1.13
2012.10.14 22:53:39.949,1.57473,1.57541,1.88,1.13
2012.10.14 22:53:40.010,1.57474,1.57541,1.13,1.13
2012.10.14 22:53:40.620,1.57474,1.57541,1.13,1.13
2012.10.14 22:53:44.988,1.57472,1.57542,3.00,1.13
2012.10.14 22:53:45.656,1.57472,1.57542,3.00,1.13
2012.10.14 22:53:50.496,1.57473,1.57541,1.50,1.13
2012.10.14 22:53:51.738,1.57472,1.57548,1.50,1.50
2012.10.14 22:53:51.806,1.57472,1.5755,1.50,1.50
2012.10.14 22:53:52.108,1.57479,1.57546,1.88,1.13
2012.10.14 22:53:54.490,1.57479,1.57547,1.50,1.13
2012.10.14 22:53:55.039,1.57479,1.57547,1.50,1.13
2012.10.14 22:53:55.828,1.57479,1.57546,1.88,1.13
2012.10.14 22:53:57.718,1.57479,1.57546,2.63,1.13
2012.10.14 22:53:58.219,1.57479,1.57547,1.50,1.13
2012.10.14 22:54:00.709,1.57479,1.57543,1.88,1.13
2012.10.14 22:54:00.969,1.57479,1.57546,1.88,1.13
2012.10.14 22:54:04.379,1.57479,1.57547,1.50,1.13
2012.10.14 22:54:05.199,1.57478,1.57543,1.13,1.50
2012.10.14 22:54:05.381,1.57469,1.57541,2.25,1.13
2012.10.14 22:54:05.918,1.5747,1.57542,3.75,1.13
2012.10.14 22:54:06.601,1.57472,1.57541,2.25,1.13
2012.10.14 22:54:15.519,1.57473,1.57541,2.25,1.13
2012.10.14 22:54:17.740,1.57472,1.57541,2.25,1.13
2012.10.14 22:54:18.739,1.57472,1.57541,1.50,1.13
2012.10.14 22:54:19.278,1.5747,1.57541,3.00,1.13
2012.10.14 22:54:19.899,1.57472,1.57541,2.25,1.13
2012.10.14 22:54:21.559,1.5747,1.57541,3.00,1.13
2012.10.14 22:54:23.750,1.5747,1.57542,1.50,1.13
2012.10.14 22:54:25.798,1.5747,1.57541,3.00,1.13
2012.10.14 22:54:26.898,1.5747,1.57541,1.50,1.13
2012.10.14 22:54:30.878,1.5747,1.57542,3.00,1.13
2012.10.14 22:54:31.690,1.5747,1.57542,1.50,1.13
2012.10.14 22:54:39.584,1.5747,1.57542,2.25,1.13
2012.10.14 22:54:44.408,1.5747,1.57536,3.00,1.88
2012.10.14 22:54:44.531,1.5747,1.57536,3.00,1.50
2012.10.14 22:54:45.209,1.57472,1.57537,1.50,1.88
2012.10.14 22:54:48.369,1.57472,1.57536,1.50,1.13
2012.10.14 22:54:50.789,1.57469,1.57549,1.50,1.50
2012.10.14 22:55:00.529,1.57469,1.57549,1.50,1.50
2012.10.14 22:55:00.708,1.57469,1.57549,1.50,1.50
2012.10.14 22:55:07.525,1.57472,1.57548,1.13,1.13
2012.10.14 22:55:07.917,1.57464,1.57521,1.13,1.13
2012.10.14 22:55:10.576,1.57464,1.57522,1.13,1.13
2012.10.14 22:55:10.819,1.57464,1.57521,1.50,1.13
2012.10.14 22:55:12.191,1.57463,1.57522,1.88,1.13
2012.10.14 22:55:12.810,1.57463,1.57522,1.88,1.13
2012.10.14 22:55:18.185,1.57463,1.57522,1.88,1.13
2012.10.14 22:55:18.699,1.57463,1.57522,1.88,1.13
2012.10.14 22:55:21.509,1.57464,1.57522,1.13,1.13
2012.10.14 22:55:21.809,1.57463,1.57522,1.88,1.13
2012.10.14 22:55:22.529,1.57463,1.57522,1.88,1.13
2012.10.14 22:55:23.929,1.57463,1.57522,1.88,1.13
2012.10.14 22:55:24.810,1.57463,1.57522,1.88,1.13
2012.10.14 22:55:25.779,1.57463,1.57532,1.88,1.09
2012.10.14 22:55:25.900,1.57463,1.57532,2.63,1.09
2012.10.14 22:55:26.901,1.57464,1.57526,2.25,1.13
2012.10.14 22:55:27.989,1.57463,1.57527,3.00,1.13
2012.10.14 22:55:37.989,1.57464,1.57526,2.25,1.13
2012.10.14 22:55:41.791,1.57464,1.57526,1.50,1.13
2012.10.14 22:55:44.879,1.57464,1.57526,2.25,1.13
2012.10.14 22:55:45.400,1.57464,1.57526,1.50,1.13
2012.10.14 22:55:46.799,1.57464,1.57527,1.50,1.13
2012.10.14 22:55:48.070,1.57463,1.57527,3.00,1.13
2012.10.14 22:55:48.567,1.57463,1.57527,2.25,1.13
2012.10.14 22:55:48.810,1.57464,1.57526,1.13,1.13
2012.10.14 22:55:48.929,1.57464,1.57526,1.50,1.13
2012.10.14 22:55:49.049,1.57457,1.57544,1.50,1.50
2012.10.14 22:55:49.170,1.57464,1.57537,1.13,1.13
2012.10.14 22:55:49.511,1.57464,1.5754,1.88,1.50
2012.10.14 22:55:50.639,1.57468,1.57532,1.13,1.13
2012.10.14 22:55:51.236,1.57469,1.57531,1.13,1.13
2012.10.14 22:55:55.590,1.57466,1.57531,1.13,1.13
2012.10.14 22:55:55.652,1.57464,1.57526,1.88,1.13
2012.10.14 22:55:58.181,1.57464,1.57526,1.13,1.13
2012.10.14 22:56:07.770,1.57463,1.57527,1.88,1.13
2012.10.14 22:56:08.309,1.57463,1.57527,1.88,1.13
2012.10.14 22:56:11.236,1.57463,1.57527,1.88,1.13
2012.10.14 22:56:12.450,1.57464,1.57526,1.13,1.13
2012.10.14 22:56:17.429,1.57464,1.57526,1.13,1.13
2012.10.14 22:56:22.829,1.57468,1.57527,1.13,1.13
2012.10.14 22:56:23.129,1.57469,1.57531,1.13,1.13
2012.10.14 22:56:23.429,1.5747,1.57531,1.50,1.13
2012.10.14 22:56:23.939,1.5747,1.57531,1.50,1.13
2012.10.14 22:56:24.631,1.5747,1.57532,1.50,1.13
2012.10.14 22:56:26.769,1.5747,1.57531,1.50,1.13
2012.10.14 22:56:28.830,1.5747,1.57531,1.50,1.13
2012.10.14 22:56:30.933,1.5747,1.57532,1.50,1.13
2012.10.14 22:56:32.859,1.5747,1.57532,1.50,1.13
2012.10.14 22:56:33.405,1.5747,1.57532,1.50,1.13
2012.10.14 22:56:37.909,1.5747,1.57531,1.50,1.13
2012.10.14 22:56:42.199,1.5747,1.57532,1.50,1.13
2012.10.14 22:56:51.849,1.5747,1.57532,1.50,1.13
2012.10.14 22:56:53.401,1.5747,1.57531,1.50,1.13
2012.10.14 22:56:55.860,1.5747,1.57531,1.50,1.13
2012.10.14 22:57:01.999,1.5747,1.57532,1.50,1.13
2012.10.14 22:57:06.419,1.5747,1.57531,1.50,1.13
2012.10.14 22:57:07.369,1.57469,1.57531,1.88,1.13
2012.10.14 22:57:08.796,1.5747,1.57531,1.50,1.13
2012.10.14 22:57:15.929,1.5747,1.57532,1.50,1.13
2012.10.14 22:57:18.743,1.5747,1.57532,1.50,1.13
2012.10.14 22:57:20.819,1.5747,1.57531,1.50,1.13
2012.10.14 22:57:23.809,1.5747,1.57531,1.50,1.13
2012.10.14 22:57:24.509,1.5747,1.57531,1.50,1.13
2012.10.14 22:57:27.119,1.5747,1.57532,1.50,1.13
2012.10.14 22:57:27.529,1.57468,1.57532,1.13,1.13
2012.10.14 22:57:27.709,1.57464,1.57521,1.13,1.13
2012.10.14 22:57:27.769,1.57463,1.57521,1.13,1.13
2012.10.14 22:57:27.829,1.57463,1.57517,1.13,1.13
2012.10.14 22:57:28.129,1.57458,1.57517,1.13,1.13
2012.10.14 22:57:28.862,1.57458,1.57517,1.13,1.13
2012.10.14 22:57:36.220,1.57459,1.57521,1.13,1.13
2012.10.14 22:57:36.975,1.57459,1.57521,1.13,1.13
2012.10.14 22:57:37.185,1.57459,1.57519,1.13,1.13
2012.10.14 22:57:38.719,1.57459,1.57518,1.13,1.13
2012.10.14 22:57:38.810,1.57458,1.57522,1.13,1.13
2012.10.14 22:57:42.089,1.57458,1.57522,1.13,1.13
2012.10.14 22:57:45.580,1.57458,1.57517,1.13,1.13
2012.10.14 22:57:46.330,1.57458,1.57517,1.13,1.13
2012.10.14 22:57:48.490,1.57459,1.57516,1.13,1.13
2012.10.14 22:57:50.609,1.57458,1.57517,1.88,1.13
2012.10.14 22:57:52.159,1.57458,1.57517,1.88,1.13
2012.10.14 22:57:54.849,1.57459,1.57516,1.13,1.13
2012.10.14 22:57:58.881,1.57458,1.57517,1.88,1.13
2012.10.14 22:58:00.259,1.57458,1.57529,1.13,1.13
2012.10.14 22:58:00.319,1.57454,1.57531,1.50,1.09
2012.10.14 22:58:00.439,1.57458,1.57522,1.88,1.13
2012.10.14 22:58:00.992,1.57459,1.57522,1.13,1.13
2012.10.14 22:58:01.461,1.57459,1.57522,1.13,1.13
2012.10.14 22:58:04.491,1.57459,1.57516,1.13,1.13
2012.10.14 22:58:08.179,1.57458,1.57517,1.88,1.13
2012.10.14 22:58:14.107,1.57459,1.57516,1.13,1.13
2012.10.14 22:58:15.726,1.57459,1.57516,1.13,1.13
2012.10.14 22:58:24.319,1.57458,1.57517,1.88,1.13
2012.10.14 22:58:26.071,1.57459,1.57521,1.13,1.13
2012.10.14 22:58:26.129,1.57459,1.57521,1.13,1.13
2012.10.14 22:58:28.502,1.57458,1.57522,1.88,1.13
2012.10.14 22:58:31.970,1.57459,1.57522,1.13,1.13
2012.10.14 22:58:32.767,1.57458,1.57522,1.88,1.13
2012.10.14 22:58:33.084,1.57458,1.57517,1.88,1.13
2012.10.14 22:58:33.309,1.57454,1.57516,1.88,1.13
2012.10.14 22:58:36.170,1.57457,1.57522,1.13,1.13
2012.10.14 22:58:36.409,1.57469,1.57521,1.13,1.13
2012.10.14 22:58:36.530,1.57468,1.57522,1.13,1.13
2012.10.14 22:58:38.690,1.57469,1.57521,1.13,1.88
2012.10.14 22:58:38.990,1.57458,1.57517,1.13,1.13
2012.10.14 22:58:39.540,1.57454,1.57516,1.88,1.13
2012.10.14 22:58:45.270,1.57458,1.57516,1.13,1.13
2012.10.14 22:58:45.329,1.57459,1.57516,1.13,1.13
2012.10.14 22:58:45.869,1.57458,1.57517,1.13,1.13
2012.10.14 22:58:46.969,1.57459,1.57516,1.13,1.13
2012.10.14 22:58:47.270,1.57459,1.57521,1.13,1.13
2012.10.14 22:58:47.881,1.57459,1.57521,1.13,1.13
2012.10.14 22:58:48.620,1.57459,1.57521,1.13,1.13
2012.10.14 22:58:49.740,1.57458,1.57522,1.13,1.88
2012.10.14 22:58:50.752,1.57458,1.57522,1.88,1.13
2012.10.14 22:58:53.429,1.57459,1.57521,1.13,1.13
2012.10.14 22:58:53.930,1.57459,1.57521,1.13,1.13
2012.10.14 22:58:59.179,1.57458,1.57522,1.88,1.13
2012.10.14 22:58:59.700,1.57458,1.57522,1.88,1.13
2012.10.14 22:59:00.469,1.57458,1.57522,1.88,1.13
2012.10.14 22:59:03.550,1.57455,1.57521,1.50,1.50
2012.10.14 22:59:03.730,1.57455,1.57519,1.50,1.13
2012.10.14 22:59:04.270,1.57455,1.57516,1.50,1.13
2012.10.14 22:59:06.731,1.57455,1.57516,1.50,1.13
2012.10.14 22:59:07.851,1.57455,1.57517,1.50,1.13
2012.10.14 22:59:08.851,1.57455,1.57517,1.50,1.13
2012.10.14 22:59:10.751,1.57455,1.57516,1.50,1.13
2012.10.14 22:59:12.151,1.57455,1.57516,1.50,1.13
2012.10.14 22:59:14.980,1.57458,1.57516,1.50,1.13
2012.10.14 22:59:15.781,1.57458,1.57517,1.88,1.13
2012.10.14 22:59:16.309,1.57458,1.57517,1.88,1.13
2012.10.14 22:59:17.950,1.57458,1.57521,3.38,1.50
2012.10.14 22:59:18.507,1.57458,1.57521,2.63,1.50
2012.10.14 22:59:22.070,1.57459,1.57516,1.13,1.13
2012.10.14 22:59:25.533,1.57458,1.57521,1.88,1.50
2012.10.14 22:59:27.173,1.57458,1.57521,1.88,1.50
2012.10.14 22:59:27.409,1.57459,1.57521,1.13,1.88
2012.10.14 22:59:29.249,1.57458,1.57521,1.88,1.50
2012.10.14 22:59:32.780,1.57457,1.57521,1.50,1.50
2012.10.14 22:59:32.990,1.57457,1.57517,1.50,1.13
2012.10.14 22:59:33.363,1.57457,1.57515,1.50,1.50
2012.10.14 22:59:35.078,1.57457,1.57516,1.50,1.50
2012.10.14 22:59:35.647,1.57457,1.57517,1.50,1.13
2012.10.14 22:59:44.009,1.57455,1.57516,1.50,1.13
2012.10.14 22:59:45.369,1.57455,1.57517,1.50,1.13
2012.10.14 22:59:45.910,1.57455,1.57517,1.50,1.13
2012.10.14 22:59:46.450,1.57455,1.57517,1.50,1.13
2012.10.14 22:59:52.099,1.57455,1.57516,1.50,1.13
2012.10.14 22:59:53.880,1.57455,1.57517,1.50,1.13
2012.10.14 22:59:55.985,1.57454,1.57513,1.50,1.50
2012.10.14 22:59:56.280,1.57446,1.57506,1.50,1.13
2012.10.14 22:59:56.340,1.57444,1.57506,1.13,1.13
2012.10.14 22:59:57.800,1.57443,1.57507,1.88,1.13
2012.10.14 22:59:58.620,1.57443,1.57507,2.63,1.13
2012.10.14 22:59:59.349,1.57442,1.57507,3.00,1.13
