2012.11.08 14:00:00.462,1.59302,1.59334,1.50,1.59
2012.11.08 14:00:00.703,1.59304,1.59334,1.50,1.23
2012.11.08 14:00:01.484,1.59307,1.59334,1.50,1.36
2012.11.08 14:00:01.794,1.59311,1.59343,1.50,1.36
2012.11.08 14:00:02.094,1.59302,1.59331,1.50,1.32
2012.11.08 14:00:02.616,1.59302,1.59331,1.50,1.32
2012.11.08 14:00:03.164,1.59296,1.59331,1.73,1.32
2012.11.08 14:00:03.283,1.59296,1.59326,1.50,1.27
2012.11.08 14:00:03.643,1.59299,1.59333,1.50,1.27
2012.11.08 14:00:04.103,1.59305,1.59333,1.50,1.43
2012.11.08 14:00:04.222,1.59305,1.59334,1.50,1.25
2012.11.08 14:00:06.700,1.59305,1.59333,1.50,1.73
2012.11.08 14:00:06.823,1.59307,1.59333,1.50,1.73
2012.11.08 14:00:10.994,1.59317,1.59343,1.50,1.73
2012.11.08 14:00:12.172,1.59308,1.5934,3.15,1.73
2012.11.08 14:00:12.233,1.59307,1.5934,1.73,1.73
2012.11.08 14:00:12.413,1.59307,1.59335,1.50,1.25
2012.11.08 14:00:13.434,1.5931,1.59338,1.50,1.25
2012.11.08 14:00:13.793,1.5931,1.59339,1.50,1.45
2012.11.08 14:00:13.857,1.59312,1.59339,1.50,1.45
2012.11.08 14:00:14.393,1.59318,1.59348,1.50,1.45
2012.11.08 14:00:14.601,1.59325,1.59356,1.50,1.59
2012.11.08 14:00:14.664,1.59325,1.59354,1.50,1.73
2012.11.08 14:00:14.729,1.59325,1.59354,1.50,1.63
2012.11.08 14:00:15.253,1.59322,1.59351,1.50,1.63
2012.11.08 14:00:15.615,1.59317,1.59344,1.13,1.54
2012.11.08 14:00:16.170,1.59314,1.59344,1.13,1.54
2012.11.08 14:00:16.414,1.59312,1.59344,1.50,2.29
2012.11.08 14:00:16.714,1.59307,1.59343,1.73,2.48
2012.11.08 14:00:17.034,1.59302,1.5933,1.50,1.52
2012.11.08 14:00:29.703,1.59307,1.59333,1.50,1.52
2012.11.08 14:00:29.825,1.59306,1.59339,1.50,1.73
2012.11.08 14:00:29.883,1.59306,1.5934,1.50,1.73
2012.11.08 14:00:29.943,1.59306,1.59333,1.50,1.61
2012.11.08 14:00:30.305,1.59302,1.5933,1.50,1.20
2012.11.08 14:00:33.203,1.59296,1.59329,1.88,1.73
2012.11.08 14:00:33.263,1.59292,1.59323,1.50,1.32
2012.11.08 14:00:35.123,1.59297,1.59324,1.50,1.32
2012.11.08 14:00:35.625,1.59292,1.59323,1.50,1.23
2012.11.08 14:00:38.723,1.59296,1.59327,1.73,1.54
2012.11.08 14:00:38.963,1.59294,1.59327,1.35,1.54
2012.11.08 14:00:39.082,1.59292,1.5932,1.50,1.47
2012.11.08 14:00:39.324,1.59302,1.59328,1.50,1.73
2012.11.08 14:00:39.654,1.59304,1.59331,1.50,2.00
2012.11.08 14:00:40.044,1.59304,1.59331,1.50,1.73
2012.11.08 14:00:40.344,1.59297,1.59325,1.50,2.36
2012.11.08 14:00:41.132,1.59297,1.59328,1.73,1.25
2012.11.08 14:00:41.674,1.593,1.59329,1.50,1.25
2012.11.08 14:00:41.794,1.59302,1.59328,1.73,1.73
2012.11.08 14:00:41.972,1.59302,1.59332,1.73,1.73
2012.11.08 14:00:42.674,1.59306,1.59334,1.50,2.09
2012.11.08 14:00:43.363,1.59301,1.59329,1.50,1.73
2012.11.08 14:00:43.879,1.59301,1.59329,1.73,1.73
2012.11.08 14:00:44.105,1.59301,1.59329,1.50,1.73
2012.11.08 14:00:44.655,1.59301,1.59329,1.73,1.73
2012.11.08 14:00:48.893,1.59301,1.59329,1.50,1.73
2012.11.08 14:00:49.505,1.59302,1.59328,1.50,1.73
2012.11.08 14:00:52.493,1.59304,1.59332,1.50,1.41
2012.11.08 14:00:52.553,1.59302,1.59332,1.50,1.73
2012.11.08 14:00:52.735,1.59302,1.59331,1.50,1.43
2012.11.08 14:00:54.483,1.59302,1.59332,1.50,1.73
2012.11.08 14:00:54.603,1.59302,1.59331,1.50,1.27
2012.11.08 14:00:57.405,1.59305,1.59332,1.50,1.27
2012.11.08 14:00:57.763,1.59312,1.59338,1.50,1.27
2012.11.08 14:00:58.094,1.59317,1.59338,1.50,1.27
2012.11.08 14:00:59.216,1.59314,1.59339,1.50,1.20
2012.11.08 14:00:59.352,1.59317,1.59343,1.50,1.73
2012.11.08 14:01:00.473,1.59309,1.59343,1.73,2.07
2012.11.08 14:01:00.535,1.59309,1.59336,1.50,1.29
2012.11.08 14:01:00.653,1.59306,1.59333,1.50,1.29
2012.11.08 14:01:01.410,1.59302,1.59336,2.48,1.73
2012.11.08 14:01:01.483,1.59311,1.59339,1.50,1.73
2012.11.08 14:01:12.213,1.59306,1.59339,1.73,1.73
2012.11.08 14:01:12.273,1.59302,1.59331,1.32,1.73
2012.11.08 14:01:12.394,1.59302,1.5933,1.09,1.23
2012.11.08 14:01:12.943,1.59303,1.5933,1.13,1.23
2012.11.08 14:01:14.812,1.59296,1.5933,2.93,1.98
2012.11.08 14:01:14.992,1.59291,1.59328,1.73,1.32
2012.11.08 14:01:15.960,1.59297,1.59328,1.73,1.32
2012.11.08 14:01:16.030,1.59292,1.59321,1.50,1.43
2012.11.08 14:01:16.374,1.59297,1.59325,1.50,2.27
2012.11.08 14:01:18.434,1.59296,1.59323,1.50,1.73
2012.11.08 14:01:18.554,1.59291,1.59321,1.50,2.18
2012.11.08 14:01:18.974,1.59296,1.59321,1.50,1.43
2012.11.08 14:01:19.393,1.59307,1.59331,1.50,1.11
2012.11.08 14:01:19.633,1.59307,1.59338,1.73,1.73
2012.11.08 14:01:19.693,1.59312,1.59338,1.50,1.73
2012.11.08 14:01:22.153,1.59312,1.59339,1.50,1.73
2012.11.08 14:01:22.483,1.59315,1.59348,1.73,1.27
2012.11.08 14:01:23.110,1.59321,1.59348,1.50,1.27
2012.11.08 14:01:23.464,1.59308,1.59348,2.10,1.27
2012.11.08 14:01:23.523,1.59309,1.59346,1.35,1.59
2012.11.08 14:01:24.509,1.59309,1.59352,2.53,1.73
2012.11.08 14:01:24.863,1.59321,1.59352,1.50,1.73
2012.11.08 14:01:25.413,1.59317,1.59349,2.87,1.73
2012.11.08 14:01:25.533,1.59312,1.59348,1.61,3.23
2012.11.08 14:01:25.631,1.59309,1.59341,2.10,1.63
2012.11.08 14:01:25.873,1.59307,1.59345,1.73,1.63
2012.11.08 14:01:26.474,1.59303,1.59347,1.73,1.63
2012.11.08 14:01:27.108,1.59321,1.5935,1.50,1.73
2012.11.08 14:01:27.599,1.5931,1.5935,1.47,1.73
2012.11.08 14:01:27.664,1.59309,1.59346,1.73,1.59
2012.11.08 14:01:27.783,1.59311,1.59346,1.35,1.47
2012.11.08 14:01:28.334,1.59312,1.59347,1.13,1.47
2012.11.08 14:01:28.394,1.59312,1.59348,1.35,2.10
2012.11.08 14:01:28.454,1.59322,1.59348,1.50,2.10
2012.11.08 14:01:30.494,1.59322,1.59348,1.50,1.73
2012.11.08 14:01:30.845,1.59322,1.59348,1.50,1.73
2012.11.08 14:01:31.024,1.59309,1.59344,1.35,1.73
2012.11.08 14:01:33.424,1.59303,1.59334,1.73,1.50
2012.11.08 14:01:33.972,1.59306,1.59334,1.50,1.73
2012.11.08 14:01:34.433,1.59311,1.59338,1.50,1.36
2012.11.08 14:01:34.494,1.59311,1.59342,1.73,1.73
2012.11.08 14:01:34.613,1.59303,1.59342,2.48,1.73
2012.11.08 14:01:35.033,1.59303,1.59342,2.48,1.73
2012.11.08 14:01:35.183,1.59311,1.59339,1.73,1.73
2012.11.08 14:01:35.303,1.59311,1.59338,1.73,2.40
2012.11.08 14:01:35.844,1.59311,1.59338,1.73,2.40
2012.11.08 14:01:36.084,1.59311,1.59342,1.73,3.00
2012.11.08 14:01:36.616,1.59316,1.59344,1.50,1.73
2012.11.08 14:01:36.734,1.59312,1.59338,1.50,1.73
2012.11.08 14:01:39.523,1.59312,1.59338,1.50,1.73
2012.11.08 14:01:40.204,1.59312,1.59338,1.50,1.73
2012.11.08 14:01:41.094,1.59312,1.59338,1.50,1.73
2012.11.08 14:01:41.878,1.59312,1.59338,1.50,1.73
2012.11.08 14:01:46.952,1.59312,1.59338,1.73,1.73
2012.11.08 14:01:52.373,1.59312,1.59344,1.73,3.23
2012.11.08 14:01:52.805,1.59311,1.59339,1.73,1.73
2012.11.08 14:01:55.125,1.59311,1.59339,1.73,1.73
2012.11.08 14:01:55.483,1.59306,1.59334,1.73,1.50
2012.11.08 14:01:55.544,1.59306,1.59334,1.73,1.73
2012.11.08 14:01:55.997,1.59306,1.59334,1.50,1.73
2012.11.08 14:01:56.749,1.59301,1.59335,1.73,2.18
2012.11.08 14:01:56.993,1.59307,1.59339,1.73,1.73
2012.11.08 14:01:57.173,1.59309,1.59343,1.27,2.48
2012.11.08 14:01:57.477,1.59316,1.59345,1.73,1.73
2012.11.08 14:01:58.423,1.59316,1.59345,1.73,1.73
2012.11.08 14:01:59.484,1.59317,1.59345,1.73,1.73
2012.11.08 14:02:00.424,1.59311,1.59339,1.73,1.73
2012.11.08 14:02:01.894,1.59309,1.59345,1.73,1.52
2012.11.08 14:02:01.953,1.59308,1.59342,1.32,1.73
2012.11.08 14:02:02.253,1.59306,1.59344,2.63,2.48
2012.11.08 14:02:02.415,1.59306,1.59344,1.73,2.48
2012.11.08 14:02:02.473,1.59307,1.59338,1.50,1.29
2012.11.08 14:02:08.744,1.59307,1.59339,1.50,1.29
2012.11.08 14:02:09.104,1.59307,1.59343,1.73,1.73
2012.11.08 14:02:09.223,1.593,1.59338,2.48,1.73
2012.11.08 14:02:11.444,1.59297,1.59335,1.73,1.73
2012.11.08 14:02:11.643,1.59296,1.59334,1.73,1.73
2012.11.08 14:02:12.173,1.59294,1.59335,1.35,1.73
2012.11.08 14:02:12.294,1.59292,1.59334,1.73,1.73
2012.11.08 14:02:12.534,1.59296,1.59333,1.50,1.41
2012.11.08 14:02:12.835,1.5929,1.59324,1.50,1.50
2012.11.08 14:02:13.081,1.59288,1.59323,1.13,1.73
2012.11.08 14:02:13.664,1.59294,1.59324,1.50,1.50
2012.11.08 14:02:13.905,1.59297,1.59324,1.50,2.25
2012.11.08 14:02:14.206,1.59297,1.59324,1.73,1.50
2012.11.08 14:02:14.281,1.59297,1.59324,1.73,1.73
2012.11.08 14:02:15.543,1.59291,1.59322,1.73,1.41
2012.11.08 14:02:15.663,1.59291,1.59321,1.73,1.73
2012.11.08 14:02:15.962,1.59283,1.59314,1.73,1.63
2012.11.08 14:02:16.841,1.59281,1.59319,1.50,1.45
2012.11.08 14:02:17.043,1.59282,1.59321,1.73,1.63
2012.11.08 14:02:17.103,1.59282,1.59322,1.73,1.73
2012.11.08 14:02:17.163,1.59281,1.5932,2.48,1.73
2012.11.08 14:02:17.703,1.59282,1.59315,1.73,1.63
2012.11.08 14:02:18.014,1.5929,1.59323,1.73,1.73
2012.11.08 14:02:18.553,1.59297,1.59325,1.73,1.73
2012.11.08 14:02:19.464,1.59299,1.59329,1.50,1.73
2012.11.08 14:02:19.643,1.59296,1.59325,1.73,1.73
2012.11.08 14:02:19.913,1.59299,1.59329,1.50,1.73
2012.11.08 14:02:19.973,1.59297,1.59325,1.73,1.73
2012.11.08 14:02:20.394,1.59299,1.59325,1.50,1.32
2012.11.08 14:02:20.755,1.59284,1.59315,1.50,1.29
2012.11.08 14:02:20.993,1.59283,1.59315,1.50,1.29
2012.11.08 14:02:21.446,1.59287,1.59318,1.73,1.73
2012.11.08 14:02:21.923,1.59287,1.59321,1.73,1.54
2012.11.08 14:02:23.306,1.59287,1.59321,1.73,1.54
2012.11.08 14:02:23.363,1.59287,1.59317,1.50,1.43
2012.11.08 14:02:24.744,1.59288,1.59325,1.50,1.43
2012.11.08 14:02:24.925,1.59302,1.5933,1.50,1.32
2012.11.08 14:02:24.985,1.59302,1.5933,1.73,1.32
2012.11.08 14:02:25.223,1.59301,1.59331,1.73,1.50
2012.11.08 14:02:25.343,1.59301,1.59331,1.73,1.73
2012.11.08 14:02:25.456,1.59301,1.59333,1.73,1.73
2012.11.08 14:02:25.573,1.59301,1.59336,1.73,1.73
2012.11.08 14:02:25.974,1.59307,1.59337,1.73,1.73
2012.11.08 14:02:26.033,1.59307,1.59337,1.73,1.73
2012.11.08 14:02:26.764,1.59306,1.59336,1.73,1.73
2012.11.08 14:02:28.183,1.59302,1.59335,1.73,1.73
2012.11.08 14:02:28.544,1.59302,1.59338,1.73,1.09
2012.11.08 14:02:28.603,1.59302,1.59338,1.73,1.09
2012.11.08 14:02:28.664,1.59306,1.59338,1.73,1.73
2012.11.08 14:02:29.003,1.59302,1.59336,1.73,1.59
2012.11.08 14:02:31.723,1.59296,1.59329,1.73,1.32
2012.11.08 14:02:31.844,1.59296,1.59329,1.73,1.32
2012.11.08 14:02:34.030,1.59296,1.59329,1.73,1.32
2012.11.08 14:02:39.304,1.59296,1.59331,1.73,1.59
2012.11.08 14:02:39.409,1.59296,1.59331,2.48,1.59
2012.11.08 14:02:39.984,1.59297,1.59329,1.50,1.34
2012.11.08 14:02:40.524,1.59296,1.5933,1.73,1.63
2012.11.08 14:02:40.884,1.59297,1.59332,1.73,1.32
2012.11.08 14:02:41.005,1.59297,1.59331,1.73,1.38
2012.11.08 14:02:41.528,1.59301,1.59331,1.50,1.38
2012.11.08 14:02:42.065,1.59297,1.59331,1.73,1.38
2012.11.08 14:02:42.513,1.59301,1.59334,1.73,1.59
2012.11.08 14:02:43.479,1.59302,1.59336,1.73,1.43
2012.11.08 14:02:44.293,1.59306,1.59337,1.73,1.34
2012.11.08 14:02:44.605,1.59306,1.59341,1.73,1.32
2012.11.08 14:02:45.035,1.59316,1.59343,1.50,1.32
2012.11.08 14:02:45.333,1.59316,1.59346,1.50,1.73
2012.11.08 14:02:45.854,1.59311,1.59344,1.73,1.73
2012.11.08 14:02:47.603,1.59311,1.59344,1.73,1.98
2012.11.08 14:02:47.723,1.59311,1.59339,1.50,1.73
2012.11.08 14:02:48.353,1.59312,1.5934,1.50,1.59
2012.11.08 14:02:48.673,1.59316,1.59344,1.50,1.59
2012.11.08 14:02:49.564,1.59312,1.59345,2.48,1.73
2012.11.08 14:02:49.803,1.59312,1.59345,2.48,1.73
2012.11.08 14:02:50.042,1.59309,1.59346,1.73,2.02
2012.11.08 14:02:50.892,1.59306,1.59346,1.73,1.73
2012.11.08 14:02:51.745,1.59307,1.59344,1.73,1.73
2012.11.08 14:02:52.309,1.59308,1.5934,1.73,1.73
2012.11.08 14:02:52.814,1.59309,1.59344,1.35,1.73
2012.11.08 14:02:52.993,1.5931,1.5934,1.73,1.73
2012.11.08 14:02:53.124,1.5931,1.5934,1.73,1.73
2012.11.08 14:02:53.524,1.59301,1.59336,1.47,1.73
2012.11.08 14:02:53.583,1.593,1.59336,1.73,1.73
2012.11.08 14:02:53.774,1.59299,1.59336,1.35,1.73
2012.11.08 14:02:55.636,1.59297,1.59337,1.73,1.56
2012.11.08 14:02:56.203,1.59304,1.59343,1.73,1.73
2012.11.08 14:02:58.838,1.59304,1.59344,1.73,1.73
2012.11.08 14:02:59.644,1.59302,1.59344,1.73,1.73
2012.11.08 14:02:59.954,1.59305,1.59345,1.73,2.18
2012.11.08 14:03:00.076,1.59305,1.59348,1.73,1.73
2012.11.08 14:03:00.624,1.59308,1.59349,1.73,1.35
2012.11.08 14:03:00.803,1.59308,1.59353,1.73,1.73
2012.11.08 14:03:05.433,1.59311,1.59354,1.73,1.73
2012.11.08 14:03:05.793,1.59317,1.59355,1.50,1.73
2012.11.08 14:03:07.374,1.59321,1.59354,1.73,1.73
2012.11.08 14:03:08.623,1.59325,1.59357,1.50,1.61
2012.11.08 14:03:08.824,1.59316,1.59354,1.73,1.73
2012.11.08 14:03:09.073,1.59316,1.59354,2.38,1.73
2012.11.08 14:03:09.963,1.59316,1.59354,3.13,2.48
2012.11.08 14:03:10.085,1.59316,1.59354,2.48,2.48
2012.11.08 14:03:11.776,1.59321,1.59353,1.50,1.73
2012.11.08 14:03:12.302,1.59321,1.59354,1.73,2.48
2012.11.08 14:03:12.914,1.59321,1.59352,1.50,1.73
2012.11.08 14:03:19.053,1.59322,1.59349,1.50,1.32
2012.11.08 14:03:23.183,1.59317,1.59346,1.73,1.73
2012.11.08 14:03:23.303,1.59317,1.59346,1.50,1.73
2012.11.08 14:03:28.654,1.59317,1.59346,1.50,1.73
2012.11.08 14:03:28.833,1.59317,1.59346,1.50,1.73
2012.11.08 14:03:33.287,1.59311,1.59346,1.73,1.73
2012.11.08 14:03:33.895,1.59317,1.59346,1.73,1.73
2012.11.08 14:03:34.740,1.59317,1.59346,1.50,1.73
2012.11.08 14:03:37.634,1.59318,1.59348,1.50,1.59
2012.11.08 14:03:37.794,1.59318,1.59349,1.73,1.09
2012.11.08 14:03:38.153,1.59323,1.59347,1.73,1.09
2012.11.08 14:03:38.454,1.59325,1.59354,1.50,1.73
2012.11.08 14:03:38.693,1.59325,1.59354,1.73,1.73
2012.11.08 14:03:39.343,1.59325,1.59354,1.73,2.48
2012.11.08 14:03:39.955,1.59325,1.59358,1.73,2.07
2012.11.08 14:03:41.344,1.59321,1.59358,1.73,2.56
2012.11.08 14:03:41.725,1.59321,1.59358,1.73,1.73
2012.11.08 14:03:42.074,1.59321,1.59356,1.73,1.56
2012.11.08 14:03:45.814,1.59325,1.59356,1.50,1.56
2012.11.08 14:03:46.433,1.59321,1.59356,1.73,1.56
2012.11.08 14:03:46.954,1.59325,1.59356,1.50,1.56
2012.11.08 14:03:47.477,1.59321,1.59356,1.73,1.56
2012.11.08 14:03:47.744,1.59325,1.59359,1.73,2.07
2012.11.08 14:03:50.874,1.59325,1.59354,1.73,1.73
2012.11.08 14:03:51.073,1.59325,1.59354,1.50,1.73
2012.11.08 14:03:51.681,1.59321,1.59353,1.73,1.73
2012.11.08 14:03:52.034,1.59325,1.59353,1.50,1.73
2012.11.08 14:03:52.271,1.59321,1.59353,1.73,1.73
2012.11.08 14:03:54.694,1.59325,1.59354,1.50,1.73
2012.11.08 14:03:55.244,1.59325,1.59354,1.73,1.73
2012.11.08 14:03:56.174,1.59325,1.59358,1.73,1.32
2012.11.08 14:03:56.293,1.59325,1.59359,1.73,1.09
2012.11.08 14:03:56.354,1.59325,1.59358,1.73,1.50
2012.11.08 14:03:57.163,1.59326,1.59358,1.73,1.73
2012.11.08 14:03:58.024,1.59326,1.59354,1.73,2.70
2012.11.08 14:03:58.101,1.59326,1.59354,1.73,3.45
2012.11.08 14:03:59.193,1.59317,1.59344,1.73,1.50
2012.11.08 14:03:59.694,1.59313,1.59348,1.73,1.32
2012.11.08 14:03:59.873,1.59311,1.59348,3.23,1.32
2012.11.08 14:04:01.786,1.59312,1.59348,2.48,1.32
2012.11.08 14:04:01.965,1.59312,1.59348,2.75,1.32
2012.11.08 14:04:02.151,1.59317,1.59348,1.73,1.32
2012.11.08 14:04:02.749,1.59312,1.59353,2.48,1.95
2012.11.08 14:04:03.081,1.59316,1.59351,3.23,1.73
2012.11.08 14:04:03.383,1.59316,1.59351,2.48,1.73
2012.11.08 14:04:03.623,1.59315,1.59347,1.13,1.56
2012.11.08 14:04:03.729,1.59315,1.59347,1.13,1.56
2012.11.08 14:04:04.176,1.59315,1.59347,1.50,1.56
2012.11.08 14:04:04.294,1.59312,1.59351,3.23,1.73
2012.11.08 14:04:04.644,1.59315,1.59351,1.73,1.73
2012.11.08 14:04:04.763,1.59315,1.59351,1.73,1.73
2012.11.08 14:04:04.837,1.59315,1.59351,1.73,1.73
2012.11.08 14:04:05.783,1.59312,1.59351,1.73,1.73
2012.11.08 14:04:06.323,1.59311,1.59353,2.48,1.36
2012.11.08 14:04:08.664,1.59315,1.59353,1.73,1.36
2012.11.08 14:04:08.783,1.59317,1.59354,1.23,3.23
2012.11.08 14:04:10.964,1.59317,1.59354,2.48,1.27
2012.11.08 14:04:11.504,1.59315,1.59351,1.73,1.73
2012.11.08 14:04:11.809,1.59321,1.59354,1.50,1.27
2012.11.08 14:04:12.055,1.59326,1.59359,1.73,1.73
2012.11.08 14:04:13.164,1.59321,1.59359,1.73,1.73
2012.11.08 14:04:13.466,1.59323,1.59348,1.50,1.32
2012.11.08 14:04:13.526,1.59328,1.59348,1.50,1.32
2012.11.08 14:04:13.764,1.59321,1.59353,1.20,1.32
2012.11.08 14:04:14.063,1.59321,1.59352,1.20,1.35
2012.11.08 14:04:14.184,1.59321,1.59351,1.20,1.35
2012.11.08 14:04:14.367,1.59311,1.59352,2.27,2.48
2012.11.08 14:04:14.426,1.59308,1.5935,2.48,1.29
2012.11.08 14:04:14.864,1.59311,1.59351,1.73,2.48
2012.11.08 14:04:15.223,1.59312,1.59352,1.35,1.98
2012.11.08 14:04:15.345,1.59312,1.59348,1.35,1.73
2012.11.08 14:04:15.463,1.59312,1.59352,1.35,1.98
2012.11.08 14:04:15.770,1.59312,1.59348,1.35,1.73
2012.11.08 14:04:16.313,1.59311,1.59345,1.29,1.73
2012.11.08 14:04:16.495,1.59311,1.59351,1.29,1.35
2012.11.08 14:04:16.554,1.59322,1.59351,1.73,2.10
2012.11.08 14:04:16.764,1.59327,1.59358,1.73,1.50
2012.11.08 14:04:17.123,1.59323,1.59353,1.34,1.09
2012.11.08 14:04:17.700,1.59316,1.59353,1.73,1.32
2012.11.08 14:04:17.784,1.59322,1.59353,1.73,1.32
2012.11.08 14:04:18.854,1.59319,1.59357,2.05,1.73
2012.11.08 14:04:18.973,1.59317,1.59353,1.73,1.52
2012.11.08 14:04:19.494,1.59317,1.59353,1.73,1.52
2012.11.08 14:04:20.434,1.59315,1.59348,3.21,1.73
2012.11.08 14:04:20.494,1.59311,1.59348,2.48,1.73
2012.11.08 14:04:20.673,1.59311,1.59346,1.73,1.32
2012.11.08 14:04:21.143,1.59311,1.59346,1.73,1.32
2012.11.08 14:04:21.434,1.59311,1.59345,1.73,1.73
2012.11.08 14:04:22.043,1.59318,1.59347,2.25,1.27
2012.11.08 14:04:22.414,1.59326,1.59353,1.73,1.47
2012.11.08 14:04:22.537,1.59322,1.59352,1.63,1.09
2012.11.08 14:04:22.595,1.59316,1.59349,1.65,1.36
2012.11.08 14:04:23.214,1.59326,1.59351,1.50,1.45
2012.11.08 14:04:23.423,1.59317,1.5935,1.73,1.73
2012.11.08 14:04:23.873,1.59321,1.5935,1.50,1.73
2012.11.08 14:04:24.174,1.59321,1.59351,1.50,1.45
2012.11.08 14:04:24.367,1.59321,1.59353,1.50,1.56
2012.11.08 14:04:24.546,1.59319,1.59355,3.08,1.32
2012.11.08 14:04:24.681,1.59317,1.59352,1.35,1.73
2012.11.08 14:04:24.743,1.59317,1.59352,1.13,1.95
2012.11.08 14:04:25.323,1.59317,1.59352,1.50,1.20
2012.11.08 14:04:25.994,1.59312,1.59352,1.73,1.20
2012.11.08 14:04:26.503,1.59314,1.59352,2.10,1.20
2012.11.08 14:04:26.684,1.59318,1.59355,2.48,1.32
2012.11.08 14:04:27.234,1.59319,1.59357,1.73,1.73
2012.11.08 14:04:27.984,1.59327,1.59361,1.73,1.73
2012.11.08 14:04:28.533,1.59326,1.59361,1.73,1.73
2012.11.08 14:04:28.664,1.59322,1.59361,1.73,1.73
2012.11.08 14:04:28.737,1.59322,1.5936,1.73,1.56
2012.11.08 14:04:29.213,1.59321,1.59352,1.50,1.34
2012.11.08 14:04:29.275,1.59319,1.59352,1.88,1.34
2012.11.08 14:04:29.783,1.59319,1.5935,1.73,1.32
2012.11.08 14:04:30.558,1.59311,1.59339,1.73,1.50
2012.11.08 14:04:32.053,1.59311,1.59343,1.73,1.50
2012.11.08 14:04:32.175,1.59322,1.59349,1.50,1.73
2012.11.08 14:04:32.295,1.59322,1.59351,1.73,1.35
2012.11.08 14:04:32.834,1.59314,1.59355,1.45,1.35
2012.11.08 14:04:32.954,1.59314,1.59357,1.45,2.25
2012.11.08 14:04:33.074,1.59314,1.59354,1.45,1.35
2012.11.08 14:04:33.283,1.59319,1.59357,1.41,1.73
2012.11.08 14:04:33.827,1.59316,1.59357,1.25,2.48
2012.11.08 14:04:34.389,1.59316,1.59357,1.25,2.48
2012.11.08 14:04:34.943,1.59316,1.59357,1.25,2.48
2012.11.08 14:04:35.475,1.59316,1.59357,1.25,2.97
2012.11.08 14:04:36.504,1.59315,1.59357,1.41,2.48
2012.11.08 14:04:37.975,1.59315,1.59355,1.43,1.73
2012.11.08 14:04:38.574,1.59315,1.59354,1.73,2.91
2012.11.08 14:04:38.934,1.59307,1.59333,1.73,1.50
2012.11.08 14:04:38.994,1.59307,1.59333,1.73,1.73
2012.11.08 14:04:39.174,1.59299,1.5933,1.35,1.73
2012.11.08 14:04:39.788,1.59296,1.59327,1.88,1.25
2012.11.08 14:04:39.866,1.59294,1.59327,2.48,1.73
2012.11.08 14:04:39.939,1.59294,1.59327,1.73,1.73
2012.11.08 14:04:40.063,1.59287,1.59327,1.41,2.10
2012.11.08 14:04:40.363,1.5929,1.59329,1.41,1.73
2012.11.08 14:04:40.867,1.59296,1.59331,1.73,1.20
2012.11.08 14:04:41.171,1.593,1.59334,1.73,1.95
2012.11.08 14:04:41.366,1.593,1.59334,1.73,1.73
2012.11.08 14:04:42.033,1.59306,1.59338,1.50,1.29
2012.11.08 14:04:42.229,1.59299,1.59329,1.50,1.45
2012.11.08 14:04:42.612,1.59296,1.59329,1.73,1.45
2012.11.08 14:04:42.966,1.59307,1.59336,1.50,1.73
2012.11.08 14:04:43.556,1.59308,1.59337,1.50,1.38
2012.11.08 14:04:43.733,1.59306,1.59336,1.73,1.73
2012.11.08 14:04:44.274,1.59302,1.59338,1.73,1.54
2012.11.08 14:04:44.964,1.59306,1.59336,1.50,1.45
2012.11.08 14:04:46.095,1.59306,1.59338,1.50,1.56
2012.11.08 14:04:46.155,1.59306,1.59336,1.50,1.52
2012.11.08 14:04:47.254,1.59307,1.59334,1.50,1.43
2012.11.08 14:04:47.374,1.59307,1.59336,1.50,1.20
2012.11.08 14:04:49.044,1.59307,1.59335,1.50,1.43
2012.11.08 14:04:49.224,1.59307,1.59337,1.50,1.43
2012.11.08 14:04:51.571,1.59307,1.59336,1.50,1.29
2012.11.08 14:04:51.694,1.59308,1.59339,1.50,1.29
2012.11.08 14:04:51.787,1.59308,1.59343,1.73,2.48
2012.11.08 14:04:51.968,1.59308,1.59343,1.73,1.73
2012.11.08 14:04:52.274,1.59318,1.59344,1.50,1.27
2012.11.08 14:04:52.395,1.59317,1.59343,1.50,1.73
2012.11.08 14:04:52.575,1.59317,1.59347,1.73,2.82
2012.11.08 14:04:52.635,1.59308,1.59347,2.79,2.82
2012.11.08 14:04:52.875,1.59301,1.59333,1.73,1.63
2012.11.08 14:04:53.395,1.59302,1.59333,1.73,1.63
2012.11.08 14:04:53.803,1.59302,1.59336,1.73,1.22
2012.11.08 14:04:54.205,1.5931,1.59338,1.50,1.32
2012.11.08 14:04:54.334,1.59307,1.59338,1.50,1.32
2012.11.08 14:04:54.874,1.59309,1.59339,1.73,1.32
2012.11.08 14:04:55.198,1.59307,1.59338,1.73,1.32
2012.11.08 14:04:57.267,1.59307,1.59338,1.73,1.92
2012.11.08 14:05:02.674,1.59309,1.59339,1.50,1.59
2012.11.08 14:05:02.914,1.59311,1.59343,1.73,1.36
2012.11.08 14:05:03.153,1.59314,1.59344,1.50,1.36
2012.11.08 14:05:03.344,1.59312,1.59343,1.73,1.36
2012.11.08 14:05:03.804,1.59314,1.59343,1.50,1.36
2012.11.08 14:05:04.032,1.59311,1.59343,1.73,1.36
2012.11.08 14:05:06.873,1.59311,1.59343,1.73,1.36
2012.11.08 14:05:10.344,1.59315,1.59343,1.50,1.36
2012.11.08 14:05:11.376,1.59311,1.59343,1.73,2.11
2012.11.08 14:05:16.274,1.59311,1.59343,1.73,2.86
2012.11.08 14:05:16.657,1.59314,1.59343,1.50,2.11
2012.11.08 14:05:16.774,1.59312,1.5934,1.73,1.73
2012.11.08 14:05:17.316,1.59312,1.5934,1.73,1.73
2012.11.08 14:05:17.890,1.59314,1.59343,1.50,2.11
2012.11.08 14:05:17.955,1.59314,1.59343,1.73,1.73
2012.11.08 14:05:18.194,1.59314,1.59345,1.73,1.69
2012.11.08 14:05:18.354,1.59314,1.59345,1.73,1.35
2012.11.08 14:05:19.119,1.59321,1.59348,1.73,1.73
2012.11.08 14:05:19.463,1.59324,1.59348,1.50,1.73
2012.11.08 14:05:19.703,1.59322,1.59349,1.73,1.73
2012.11.08 14:05:20.253,1.59312,1.59346,1.73,1.73
2012.11.08 14:05:20.605,1.59322,1.59348,1.50,1.73
2012.11.08 14:05:22.366,1.59316,1.59349,1.73,1.73
2012.11.08 14:05:22.483,1.59312,1.59349,2.48,1.73
2012.11.08 14:05:22.604,1.59315,1.59349,3.23,1.73
2012.11.08 14:05:23.423,1.59315,1.59353,3.23,1.73
2012.11.08 14:05:23.603,1.59321,1.59353,1.73,1.73
2012.11.08 14:05:23.733,1.59327,1.59353,1.73,1.73
2012.11.08 14:05:24.033,1.59327,1.59355,1.73,1.73
2012.11.08 14:05:24.586,1.59331,1.59359,1.50,1.73
2012.11.08 14:05:26.154,1.59326,1.59356,1.73,1.73
2012.11.08 14:05:26.434,1.59337,1.59361,1.50,1.61
2012.11.08 14:05:26.614,1.59337,1.59363,1.50,1.73
2012.11.08 14:05:27.396,1.59337,1.59363,1.50,1.73
2012.11.08 14:05:27.513,1.59331,1.59359,1.73,1.73
2012.11.08 14:05:27.635,1.59331,1.59359,1.73,1.73
2012.11.08 14:05:27.753,1.59329,1.59359,1.50,2.20
2012.11.08 14:05:27.813,1.59329,1.59359,1.73,1.73
2012.11.08 14:05:27.945,1.59329,1.59359,1.73,1.73
2012.11.08 14:05:29.504,1.59322,1.59353,1.47,1.50
2012.11.08 14:05:29.564,1.59321,1.59353,1.73,1.73
2012.11.08 14:05:33.040,1.59321,1.59348,1.73,1.73
2012.11.08 14:05:33.645,1.59318,1.59356,1.73,1.61
2012.11.08 14:05:33.856,1.5932,1.59358,2.04,1.73
2012.11.08 14:05:34.115,1.5932,1.5935,2.04,1.50
2012.11.08 14:05:34.353,1.59318,1.59348,1.73,1.73
2012.11.08 14:05:34.974,1.59319,1.59347,1.73,1.32
2012.11.08 14:05:35.984,1.59322,1.59348,1.50,1.73
2012.11.08 14:05:36.494,1.59322,1.59348,1.50,1.73
2012.11.08 14:05:41.140,1.59322,1.59348,1.50,1.73
2012.11.08 14:05:41.374,1.59322,1.59345,1.50,1.73
2012.11.08 14:05:41.744,1.59311,1.59339,1.95,1.50
2012.11.08 14:05:41.803,1.59311,1.59339,1.73,1.73
2012.11.08 14:05:42.046,1.59306,1.59335,1.73,1.32
2012.11.08 14:05:43.904,1.59305,1.59335,1.73,1.32
2012.11.08 14:05:44.025,1.59311,1.59338,1.50,1.73
2012.11.08 14:05:44.384,1.59312,1.59343,1.50,1.73
2012.11.08 14:05:44.898,1.59312,1.59343,1.50,1.73
2012.11.08 14:05:47.203,1.59303,1.59334,2.93,1.32
2012.11.08 14:05:47.323,1.59307,1.59334,1.73,1.32
2012.11.08 14:05:47.383,1.59307,1.59334,1.50,1.32
2012.11.08 14:05:47.896,1.59302,1.59333,1.73,1.73
2012.11.08 14:05:50.744,1.59305,1.59334,1.50,2.07
2012.11.08 14:05:51.345,1.59302,1.59331,1.73,1.73
2012.11.08 14:05:52.016,1.59305,1.59334,1.50,2.07
2012.11.08 14:05:52.944,1.59302,1.59331,1.73,1.73
2012.11.08 14:05:54.704,1.59302,1.59331,1.73,1.73
2012.11.08 14:05:55.253,1.59304,1.59333,1.73,1.73
2012.11.08 14:05:55.553,1.59304,1.59337,1.73,2.10
2012.11.08 14:05:56.073,1.59311,1.59336,1.73,1.35
2012.11.08 14:05:57.107,1.59311,1.59339,1.73,1.73
2012.11.08 14:05:57.643,1.59312,1.59343,1.73,1.59
2012.11.08 14:05:57.704,1.5932,1.59346,1.73,1.73
2012.11.08 14:06:03.244,1.59316,1.59346,1.73,1.35
2012.11.08 14:06:03.304,1.5932,1.59348,1.73,1.73
2012.11.08 14:06:05.163,1.59317,1.59347,1.73,1.73
2012.11.08 14:06:05.894,1.5932,1.59348,1.73,1.73
2012.11.08 14:06:06.564,1.59316,1.59347,1.73,1.73
2012.11.08 14:06:07.140,1.5932,1.59349,1.73,2.07
2012.11.08 14:06:08.767,1.59316,1.59348,1.73,1.73
2012.11.08 14:06:08.824,1.59316,1.59348,1.73,2.34
2012.11.08 14:06:08.884,1.59316,1.59344,1.73,1.73
2012.11.08 14:06:09.363,1.59311,1.59342,1.73,1.73
2012.11.08 14:06:09.686,1.59311,1.59339,1.50,1.35
2012.11.08 14:06:10.084,1.5931,1.59339,1.73,1.35
2012.11.08 14:06:11.434,1.5931,1.5934,1.73,1.73
2012.11.08 14:06:11.553,1.5931,1.59343,2.13,2.48
2012.11.08 14:06:11.613,1.5931,1.59343,2.13,1.73
2012.11.08 14:06:11.673,1.59316,1.59343,1.73,2.48
2012.11.08 14:06:11.794,1.59316,1.59343,1.50,1.73
2012.11.08 14:06:13.224,1.59321,1.59347,1.50,1.23
2012.11.08 14:06:13.415,1.59321,1.59349,1.73,1.73
2012.11.08 14:06:14.271,1.59321,1.59349,1.73,1.73
2012.11.08 14:06:14.335,1.59315,1.59344,1.73,1.73
2012.11.08 14:06:14.854,1.59311,1.59344,1.73,1.73
2012.11.08 14:06:15.214,1.59315,1.59347,1.73,1.34
2012.11.08 14:06:15.484,1.59315,1.59348,1.73,1.73
2012.11.08 14:06:15.683,1.59322,1.59348,1.73,1.73
2012.11.08 14:06:16.433,1.59316,1.59343,1.73,1.50
2012.11.08 14:06:16.793,1.59315,1.59343,1.50,1.73
2012.11.08 14:06:19.343,1.59312,1.59343,1.73,1.73
2012.11.08 14:06:19.584,1.59312,1.59343,1.73,1.73
2012.11.08 14:06:20.120,1.59315,1.59344,1.73,1.73
2012.11.08 14:06:21.943,1.59315,1.59344,1.73,1.32
2012.11.08 14:06:22.123,1.5932,1.59347,1.59,1.50
2012.11.08 14:06:22.505,1.59331,1.59354,1.50,2.48
2012.11.08 14:06:23.674,1.59331,1.59356,1.50,2.07
2012.11.08 14:06:24.093,1.59331,1.59356,1.50,1.32
2012.11.08 14:06:24.674,1.59327,1.59354,1.73,1.73
2012.11.08 14:06:24.853,1.59326,1.59353,1.50,1.73
2012.11.08 14:06:25.035,1.59321,1.59349,1.73,1.73
2012.11.08 14:06:25.093,1.59321,1.59349,1.50,1.73
2012.11.08 14:06:25.654,1.59327,1.59351,1.50,1.27
2012.11.08 14:06:25.844,1.59327,1.59353,1.50,1.73
2012.11.08 14:06:26.544,1.59327,1.59353,1.50,1.98
2012.11.08 14:06:27.014,1.59327,1.59353,1.50,1.73
2012.11.08 14:06:28.829,1.59327,1.59353,1.50,1.73
2012.11.08 14:06:31.315,1.59327,1.59357,1.50,1.36
2012.11.08 14:06:31.554,1.59341,1.59361,1.50,1.50
2012.11.08 14:06:31.674,1.59341,1.59367,1.50,1.73
2012.11.08 14:06:31.733,1.59333,1.5936,2.78,1.50
2012.11.08 14:06:31.913,1.59326,1.59356,1.50,2.20
2012.11.08 14:06:32.155,1.59327,1.5936,1.50,1.45
2012.11.08 14:06:32.283,1.59327,1.59361,1.73,2.10
2012.11.08 14:06:32.705,1.59322,1.59363,1.23,1.73
2012.11.08 14:06:32.765,1.59326,1.59363,1.59,1.73
2012.11.08 14:06:33.369,1.59326,1.59364,1.59,2.10
2012.11.08 14:06:33.434,1.59319,1.59364,1.52,2.10
2012.11.08 14:06:35.373,1.59319,1.59361,1.52,2.10
2012.11.08 14:06:35.437,1.59318,1.59361,2.16,2.37
2012.11.08 14:06:38.223,1.59342,1.59361,1.50,1.25
2012.11.08 14:06:38.285,1.59342,1.59366,1.50,1.73
2012.11.08 14:06:38.465,1.59326,1.59366,2.11,2.48
2012.11.08 14:06:38.524,1.59326,1.59354,1.50,1.61
2012.11.08 14:06:39.090,1.59326,1.59352,1.50,1.61
2012.11.08 14:06:48.883,1.59321,1.59349,1.73,1.73
2012.11.08 14:06:49.183,1.59321,1.59348,1.50,1.29
2012.11.08 14:06:50.934,1.59321,1.59348,1.50,1.29
2012.11.08 14:06:52.224,1.59321,1.59348,1.50,1.29
2012.11.08 14:06:53.953,1.59321,1.59348,1.50,1.29
2012.11.08 14:06:54.614,1.59321,1.59349,1.50,2.79
2012.11.08 14:06:55.823,1.59316,1.59343,1.73,1.73
2012.11.08 14:06:55.883,1.59316,1.59343,1.50,1.73
2012.11.08 14:07:03.023,1.59312,1.59339,1.50,1.63
2012.11.08 14:07:04.324,1.59316,1.59343,1.50,2.38
2012.11.08 14:07:04.655,1.59322,1.59342,1.50,1.73
2012.11.08 14:07:04.715,1.59321,1.59343,1.50,1.73
2012.11.08 14:07:05.075,1.59321,1.59346,1.50,1.73
2012.11.08 14:07:05.193,1.59321,1.59344,1.50,3.15
2012.11.08 14:07:05.376,1.59312,1.59338,2.10,1.50
2012.11.08 14:07:05.977,1.59317,1.59343,1.50,2.16
2012.11.08 14:07:06.317,1.59318,1.59343,2.03,1.73
2012.11.08 14:07:06.374,1.59313,1.59337,1.73,1.73
2012.11.08 14:07:07.975,1.59306,1.59336,1.73,1.73
2012.11.08 14:07:08.034,1.59301,1.59329,1.50,1.73
2012.11.08 14:07:08.215,1.59302,1.5933,1.50,1.56
2012.11.08 14:07:08.394,1.59305,1.59334,1.73,1.73
2012.11.08 14:07:08.910,1.59305,1.59333,1.50,1.73
2012.11.08 14:07:09.532,1.59305,1.59328,1.50,1.73
2012.11.08 14:07:09.926,1.59296,1.59329,1.50,2.93
2012.11.08 14:07:14.684,1.59296,1.59324,1.50,1.43
2012.11.08 14:07:14.824,1.59296,1.59328,1.50,1.43
2012.11.08 14:07:15.413,1.59296,1.59324,1.50,1.43
2012.11.08 14:07:16.673,1.59296,1.59328,1.50,1.43
2012.11.08 14:07:16.801,1.59296,1.59324,1.50,1.43
2012.11.08 14:07:16.866,1.59296,1.59329,1.50,2.93
2012.11.08 14:07:17.323,1.59296,1.59324,1.50,1.43
2012.11.08 14:07:18.094,1.59296,1.59329,1.50,2.18
2012.11.08 14:07:20.434,1.59297,1.59324,1.50,1.43
2012.11.08 14:07:22.605,1.59292,1.59321,1.73,1.73
2012.11.08 14:07:22.664,1.59286,1.59321,1.73,1.73
2012.11.08 14:07:22.783,1.59286,1.5932,1.73,1.56
2012.11.08 14:07:23.144,1.59286,1.59321,1.50,1.16
2012.11.08 14:07:23.264,1.59291,1.59321,1.13,1.16
2012.11.08 14:07:23.444,1.59294,1.59323,1.88,1.16
2012.11.08 14:07:23.564,1.5931,1.59331,1.50,1.09
2012.11.08 14:07:23.623,1.5931,1.59331,1.50,1.09
2012.11.08 14:07:23.743,1.5931,1.59331,1.50,1.09
2012.11.08 14:07:24.054,1.5931,1.5934,1.50,1.35
2012.11.08 14:07:25.233,1.59307,1.59333,1.73,2.48
2012.11.08 14:07:25.293,1.59302,1.59333,1.50,2.48
2012.11.08 14:07:25.474,1.59302,1.59331,1.50,2.48
2012.11.08 14:07:25.942,1.59302,1.59328,1.50,1.27
2012.11.08 14:07:26.009,1.59301,1.59323,1.50,1.32
2012.11.08 14:07:26.194,1.59296,1.59323,1.50,1.68
2012.11.08 14:07:26.373,1.59292,1.59323,1.73,1.68
2012.11.08 14:07:26.494,1.59291,1.59323,1.73,2.43
2012.11.08 14:07:26.685,1.59292,1.59323,1.73,2.43
2012.11.08 14:07:30.734,1.59285,1.59321,1.73,1.73
2012.11.08 14:07:30.864,1.59285,1.59314,2.25,1.23
2012.11.08 14:07:31.224,1.59284,1.59313,1.73,1.73
2012.11.08 14:07:31.924,1.59282,1.59315,1.73,1.29
2012.11.08 14:07:31.986,1.59282,1.59316,1.73,1.29
2012.11.08 14:07:32.774,1.59286,1.59319,1.50,1.29
2012.11.08 14:07:33.133,1.59291,1.59323,1.50,1.29
2012.11.08 14:07:33.193,1.59291,1.59323,1.50,1.29
2012.11.08 14:07:33.314,1.59291,1.59323,1.50,1.61
2012.11.08 14:07:33.494,1.59291,1.59328,1.73,2.48
2012.11.08 14:07:33.554,1.59291,1.59328,1.73,1.73
2012.11.08 14:07:37.964,1.59293,1.59324,1.13,1.32
2012.11.08 14:07:38.325,1.59288,1.5933,1.56,1.73
2012.11.08 14:07:42.004,1.59291,1.59329,1.35,1.73
2012.11.08 14:07:42.776,1.59291,1.59332,1.73,1.63
2012.11.08 14:07:44.827,1.59288,1.59332,1.56,1.63
2012.11.08 14:07:46.403,1.59293,1.59332,2.10,1.63
2012.11.08 14:07:46.524,1.59308,1.59337,1.50,1.73
2012.11.08 14:07:47.474,1.59296,1.59333,2.25,1.73
2012.11.08 14:07:47.534,1.59296,1.59333,1.73,2.34
2012.11.08 14:07:49.377,1.59291,1.59332,1.73,1.73
2012.11.08 14:07:51.873,1.59287,1.59333,1.52,1.59
2012.11.08 14:07:53.394,1.5929,1.59333,1.73,2.34
2012.11.08 14:07:53.704,1.59288,1.5933,2.10,1.73
2012.11.08 14:07:54.275,1.5929,1.59329,1.73,1.20
2012.11.08 14:07:55.603,1.59295,1.59325,1.50,2.04
2012.11.08 14:07:55.787,1.5928,1.59321,1.43,2.10
2012.11.08 14:07:56.504,1.5928,1.59321,1.43,2.10
2012.11.08 14:07:56.684,1.59284,1.59323,1.73,2.22
2012.11.08 14:07:57.205,1.59284,1.59322,2.10,1.63
2012.11.08 14:07:57.383,1.59292,1.59323,1.09,2.38
2012.11.08 14:07:57.693,1.59301,1.59327,1.61,1.13
2012.11.08 14:07:57.933,1.59301,1.59329,1.61,1.50
2012.11.08 14:07:58.054,1.59297,1.59329,1.50,1.73
2012.11.08 14:07:58.233,1.59297,1.5933,1.50,1.52
2012.11.08 14:07:58.353,1.59286,1.59331,1.73,1.73
2012.11.08 14:07:58.474,1.5929,1.59331,1.73,2.10
2012.11.08 14:07:58.654,1.59291,1.59329,1.73,1.73
2012.11.08 14:07:58.714,1.59298,1.59329,1.73,1.73
2012.11.08 14:07:58.833,1.59298,1.59329,1.50,1.73
2012.11.08 14:07:59.164,1.59303,1.59327,2.16,1.23
2012.11.08 14:07:59.224,1.59313,1.59336,1.50,1.35
2012.11.08 14:07:59.763,1.5929,1.59331,1.73,1.20
2012.11.08 14:07:59.893,1.5929,1.59334,2.07,1.73
2012.11.08 14:08:00.374,1.5929,1.59334,2.82,1.73
2012.11.08 14:08:00.556,1.59313,1.59343,1.50,3.13
2012.11.08 14:08:00.674,1.59299,1.59331,1.73,1.50
2012.11.08 14:08:00.795,1.59299,1.59328,1.50,1.41
2012.11.08 14:08:01.154,1.59291,1.59332,1.73,1.41
2012.11.08 14:08:01.614,1.59291,1.59335,1.73,1.43
2012.11.08 14:08:02.694,1.59291,1.59335,1.73,1.43
2012.11.08 14:08:02.815,1.59297,1.59336,1.47,2.10
2012.11.08 14:08:03.154,1.59308,1.59338,1.09,1.63
2012.11.08 14:08:03.273,1.59318,1.59342,1.50,1.73
2012.11.08 14:08:03.514,1.59317,1.59341,1.50,1.56
2012.11.08 14:08:04.053,1.5931,1.59338,1.50,1.56
2012.11.08 14:08:05.825,1.59309,1.59338,1.50,2.31
2012.11.08 14:08:05.926,1.59309,1.59338,1.50,1.56
2012.11.08 14:08:11.823,1.59309,1.59338,1.50,2.31
2012.11.08 14:08:12.123,1.59309,1.59338,1.50,1.56
2012.11.08 14:08:12.446,1.59309,1.59342,1.73,1.29
2012.11.08 14:08:12.564,1.59314,1.59343,1.50,1.73
2012.11.08 14:08:15.934,1.59314,1.59346,1.50,2.37
2012.11.08 14:08:16.053,1.59321,1.59347,1.50,1.73
2012.11.08 14:08:16.114,1.59316,1.59347,1.73,1.73
2012.11.08 14:08:16.293,1.59314,1.59344,1.50,1.23
2012.11.08 14:08:18.195,1.59313,1.59344,1.50,1.23
2012.11.08 14:08:18.253,1.59314,1.5935,1.73,1.73
2012.11.08 14:08:18.434,1.59313,1.59346,1.35,1.73
2012.11.08 14:08:18.954,1.59305,1.59338,1.50,1.77
2012.11.08 14:08:19.263,1.59305,1.59341,1.50,1.43
2012.11.08 14:08:19.323,1.59312,1.59343,1.73,2.22
2012.11.08 14:08:21.158,1.59311,1.59341,1.73,1.73
2012.11.08 14:08:21.273,1.59304,1.59336,1.50,1.20
2012.11.08 14:08:21.634,1.59296,1.59335,3.23,1.73
2012.11.08 14:08:21.754,1.59297,1.59328,1.50,1.43
2012.11.08 14:08:22.056,1.59305,1.59336,1.50,1.54
2012.11.08 14:08:24.664,1.59299,1.59333,1.73,1.73
2012.11.08 14:08:25.611,1.59299,1.59333,2.07,1.45
2012.11.08 14:08:26.434,1.59299,1.59338,2.07,1.45
2012.11.08 14:08:26.504,1.59308,1.59338,1.50,1.27
2012.11.08 14:08:29.586,1.59308,1.59338,1.50,1.27
2012.11.08 14:08:29.898,1.59307,1.59338,1.73,2.02
2012.11.08 14:08:30.398,1.59302,1.59333,1.50,1.23
2012.11.08 14:08:30.465,1.59302,1.59339,1.73,1.32
2012.11.08 14:08:30.585,1.59302,1.59328,1.50,1.54
2012.11.08 14:08:31.004,1.59302,1.59328,1.50,1.54
2012.11.08 14:08:31.123,1.59298,1.59328,1.50,1.54
2012.11.08 14:08:31.484,1.59294,1.59329,1.13,2.07
2012.11.08 14:08:31.604,1.59291,1.59329,1.35,1.32
2012.11.08 14:08:31.783,1.59291,1.59333,1.35,1.27
2012.11.08 14:08:32.508,1.59301,1.59333,1.50,2.02
2012.11.08 14:08:32.633,1.59294,1.59333,2.10,2.02
2012.11.08 14:08:32.773,1.59294,1.5933,1.35,1.73
2012.11.08 14:08:32.980,1.59291,1.59328,1.73,1.23
2012.11.08 14:08:35.495,1.59294,1.59328,1.88,1.23
2012.11.08 14:08:35.814,1.59306,1.59335,1.50,1.56
2012.11.08 14:08:35.874,1.59302,1.59328,1.50,1.23
2012.11.08 14:08:35.934,1.593,1.59328,1.50,1.23
2012.11.08 14:08:36.175,1.59299,1.59328,1.88,1.45
2012.11.08 14:08:36.363,1.59299,1.59328,1.88,1.23
2012.11.08 14:08:37.805,1.59297,1.59331,3.98,1.23
2012.11.08 14:08:37.916,1.59297,1.59329,3.98,1.23
2012.11.08 14:08:41.110,1.59297,1.59331,3.98,1.23
2012.11.08 14:08:41.237,1.59297,1.59328,3.98,1.23
2012.11.08 14:08:41.296,1.59297,1.59331,3.23,2.20
2012.11.08 14:08:41.414,1.59297,1.59333,1.73,1.45
2012.11.08 14:08:41.946,1.5929,1.59327,1.98,1.73
2012.11.08 14:08:42.004,1.59289,1.59326,1.35,1.52
2012.11.08 14:08:44.185,1.59291,1.59326,1.73,1.52
2012.11.08 14:08:44.306,1.5929,1.59315,1.50,1.29
2012.11.08 14:08:44.425,1.59283,1.59315,1.50,1.29
2012.11.08 14:08:44.631,1.59283,1.59317,1.50,1.29
2012.11.08 14:08:44.756,1.59288,1.59319,1.50,1.73
2012.11.08 14:08:44.994,1.59284,1.59316,1.50,1.61
2012.11.08 14:08:46.843,1.59284,1.59317,1.73,1.56
2012.11.08 14:08:47.273,1.59284,1.59318,1.73,1.73
2012.11.08 14:08:48.375,1.59284,1.5932,1.73,1.29
2012.11.08 14:08:48.494,1.59289,1.59323,1.73,1.73
2012.11.08 14:08:49.254,1.59293,1.59326,1.88,1.63
2012.11.08 14:08:49.373,1.59294,1.59331,1.73,1.56
2012.11.08 14:08:50.024,1.59294,1.59331,1.73,1.43
2012.11.08 14:08:50.134,1.59294,1.59331,1.73,1.43
2012.11.08 14:08:50.253,1.59293,1.59333,2.10,2.09
2012.11.08 14:08:50.805,1.59294,1.59332,2.10,1.52
2012.11.08 14:08:51.643,1.59289,1.59326,1.41,1.73
2012.11.08 14:08:51.823,1.59288,1.59323,1.73,1.73
2012.11.08 14:08:52.634,1.59288,1.59324,1.73,1.45
2012.11.08 14:08:52.694,1.59289,1.59331,1.50,2.48
2012.11.08 14:08:53.460,1.59294,1.59328,1.35,1.73
2012.11.08 14:08:53.656,1.59294,1.59328,1.73,1.54
2012.11.08 14:08:54.444,1.59294,1.59329,1.73,1.38
2012.11.08 14:08:55.984,1.59294,1.59328,2.10,1.73
2012.11.08 14:08:56.104,1.59289,1.59325,1.41,1.73
2012.11.08 14:08:56.224,1.59284,1.59323,2.85,2.22
2012.11.08 14:08:57.274,1.59297,1.59323,1.50,1.47
2012.11.08 14:08:57.334,1.59297,1.59327,1.50,1.47
2012.11.08 14:08:57.394,1.59302,1.59328,1.50,1.47
2012.11.08 14:08:57.455,1.59302,1.59333,1.73,1.73
2012.11.08 14:08:57.515,1.59293,1.59329,2.31,1.73
2012.11.08 14:08:57.575,1.59293,1.59327,1.73,1.50
2012.11.08 14:08:58.254,1.59293,1.59334,1.73,1.35
2012.11.08 14:08:58.433,1.59293,1.59329,1.73,1.73
2012.11.08 14:08:58.554,1.59293,1.59325,1.73,1.23
2012.11.08 14:09:00.135,1.59294,1.59324,1.50,1.98
2012.11.08 14:09:02.114,1.59294,1.59324,1.50,1.23
2012.11.08 14:09:02.813,1.59294,1.59324,1.50,1.23
2012.11.08 14:09:02.891,1.59294,1.59329,1.73,1.73
2012.11.08 14:09:03.505,1.59294,1.59327,1.73,1.52
2012.11.08 14:09:03.624,1.59294,1.59329,1.73,1.73
2012.11.08 14:09:03.744,1.59294,1.5933,1.73,1.47
2012.11.08 14:09:04.044,1.59294,1.59329,1.73,1.73
2012.11.08 14:09:04.954,1.59294,1.5933,1.73,1.47
2012.11.08 14:09:05.154,1.59294,1.59329,1.73,1.73
2012.11.08 14:09:06.784,1.59294,1.59326,1.73,1.50
2012.11.08 14:09:08.236,1.59294,1.59329,1.73,2.31
2012.11.08 14:09:10.290,1.59294,1.59329,1.35,1.56
2012.11.08 14:09:10.596,1.59294,1.59331,3.23,1.32
2012.11.08 14:09:10.714,1.59298,1.59333,1.35,3.68
2012.11.08 14:09:10.774,1.59298,1.59333,1.35,1.73
2012.11.08 14:09:11.134,1.59304,1.59339,1.50,2.07
2012.11.08 14:09:11.254,1.59309,1.59339,1.50,2.38
2012.11.08 14:09:11.374,1.59309,1.59339,1.50,1.59
2012.11.08 14:09:12.003,1.59309,1.5934,1.50,1.59
2012.11.08 14:09:12.064,1.59309,1.59338,1.50,1.59
2012.11.08 14:09:19.314,1.59309,1.59343,1.50,1.36
2012.11.08 14:09:19.535,1.59309,1.59343,1.73,1.52
2012.11.08 14:09:21.176,1.59309,1.59342,1.73,1.52
2012.11.08 14:09:22.133,1.59309,1.59339,1.50,1.73
2012.11.08 14:09:24.793,1.59308,1.59342,1.73,1.47
2012.11.08 14:09:26.613,1.59308,1.59338,1.73,1.73
2012.11.08 14:09:27.038,1.59308,1.59342,1.73,1.47
2012.11.08 14:09:27.155,1.59308,1.59344,1.73,2.48
2012.11.08 14:09:27.335,1.59308,1.59345,1.73,1.29
2012.11.08 14:09:27.674,1.59308,1.59345,2.48,1.29
2012.11.08 14:09:27.798,1.59309,1.59348,1.35,1.73
2012.11.08 14:09:27.924,1.59311,1.59348,1.32,1.73
2012.11.08 14:09:27.984,1.59319,1.5935,1.73,1.73
2012.11.08 14:09:28.897,1.59312,1.59353,1.73,1.73
2012.11.08 14:09:29.196,1.59317,1.59347,1.45,1.50
2012.11.08 14:09:29.254,1.59314,1.59345,1.50,1.41
2012.11.08 14:09:29.374,1.59314,1.59347,1.73,1.73
2012.11.08 14:09:29.733,1.59309,1.59348,1.73,2.25
2012.11.08 14:09:29.974,1.59321,1.59352,1.13,1.47
2012.11.08 14:09:31.178,1.59319,1.59343,1.50,1.73
2012.11.08 14:09:31.304,1.59319,1.59342,1.50,1.29
2012.11.08 14:09:31.825,1.59319,1.59345,1.50,1.29
2012.11.08 14:09:32.125,1.59312,1.59342,1.50,1.29
2012.11.08 14:09:32.563,1.59308,1.59343,2.48,2.29
2012.11.08 14:09:32.625,1.59308,1.59343,2.48,1.54
2012.11.08 14:09:32.684,1.59313,1.59348,1.73,1.73
2012.11.08 14:09:33.165,1.59316,1.5935,1.73,1.63
2012.11.08 14:09:33.385,1.59312,1.5935,1.73,2.38
2012.11.08 14:09:33.446,1.59312,1.59343,1.50,1.61
2012.11.08 14:09:33.507,1.5931,1.59343,1.50,1.61
2012.11.08 14:09:34.264,1.59315,1.59348,1.50,1.63
2012.11.08 14:09:34.633,1.59315,1.59351,2.25,1.63
2012.11.08 14:09:34.755,1.59315,1.59351,2.25,1.63
2012.11.08 14:09:34.814,1.59315,1.59351,2.25,1.63
2012.11.08 14:09:35.234,1.59318,1.59353,1.73,1.52
2012.11.08 14:09:35.801,1.59318,1.59353,1.73,1.52
2012.11.08 14:09:35.925,1.59318,1.59353,1.73,1.52
2012.11.08 14:09:36.424,1.59317,1.59357,2.48,1.52
2012.11.08 14:09:36.664,1.59318,1.59356,3.23,1.73
2012.11.08 14:09:36.784,1.59318,1.59353,3.23,1.43
2012.11.08 14:09:37.144,1.5932,1.59353,1.50,1.50
2012.11.08 14:09:37.503,1.59324,1.59357,1.50,1.11
2012.11.08 14:09:37.815,1.59324,1.59359,1.50,2.22
2012.11.08 14:09:38.981,1.59324,1.59359,1.13,2.07
2012.11.08 14:09:40.349,1.59324,1.59357,2.25,1.32
2012.11.08 14:09:40.536,1.59326,1.59358,1.50,1.29
2012.11.08 14:09:41.744,1.59326,1.59356,1.50,1.59
2012.11.08 14:09:41.864,1.59326,1.59358,1.50,1.59
2012.11.08 14:09:42.224,1.59335,1.59363,1.73,1.32
2012.11.08 14:09:42.285,1.59335,1.59366,1.73,1.35
2012.11.08 14:09:42.344,1.59342,1.59371,1.73,1.35
2012.11.08 14:09:43.098,1.59347,1.59377,1.50,1.63
2012.11.08 14:09:43.159,1.59347,1.59381,1.73,1.34
2012.11.08 14:09:43.415,1.59347,1.59379,1.73,1.73
2012.11.08 14:09:43.864,1.59347,1.59381,1.73,1.34
2012.11.08 14:09:45.943,1.59347,1.59377,1.73,1.73
2012.11.08 14:09:46.491,1.59339,1.59373,1.73,1.32
2012.11.08 14:09:46.845,1.59336,1.59368,2.25,1.32
2012.11.08 14:09:47.492,1.59336,1.59369,2.48,1.34
2012.11.08 14:09:47.673,1.59336,1.59377,1.73,1.50
2012.11.08 14:09:47.739,1.59359,1.59381,1.73,1.13
2012.11.08 14:09:47.804,1.59359,1.59385,1.73,1.35
2012.11.08 14:09:47.863,1.59359,1.59385,1.73,1.73
2012.11.08 14:09:47.924,1.59359,1.59385,1.73,1.73
2012.11.08 14:09:47.984,1.59359,1.59385,1.50,1.73
2012.11.08 14:09:48.224,1.59351,1.59378,1.73,1.32
2012.11.08 14:09:48.347,1.59343,1.59377,1.73,1.17
2012.11.08 14:09:50.464,1.59343,1.59377,1.73,1.17
2012.11.08 14:09:50.524,1.5935,1.59382,1.73,1.35
2012.11.08 14:09:51.137,1.5935,1.59379,1.73,1.73
2012.11.08 14:09:51.257,1.59351,1.59383,1.73,1.73
2012.11.08 14:09:51.695,1.59348,1.59379,1.73,1.73
2012.11.08 14:09:51.816,1.59348,1.59379,1.50,2.02
2012.11.08 14:09:52.174,1.59342,1.59378,1.35,1.73
2012.11.08 14:09:52.294,1.59342,1.59379,1.35,2.77
2012.11.08 14:09:52.715,1.59342,1.59379,1.73,2.77
2012.11.08 14:09:52.848,1.59342,1.59377,1.73,1.38
2012.11.08 14:09:53.665,1.59341,1.59377,1.73,1.38
2012.11.08 14:09:53.724,1.59342,1.59379,1.73,2.48
2012.11.08 14:09:54.035,1.59342,1.59379,1.73,1.73
2012.11.08 14:09:54.154,1.59342,1.59379,1.73,2.48
2012.11.08 14:09:54.732,1.59341,1.59379,1.73,2.77
2012.11.08 14:09:55.365,1.59341,1.59376,1.73,1.73
2012.11.08 14:09:55.543,1.59341,1.59372,1.50,1.98
2012.11.08 14:09:57.186,1.59333,1.59373,1.73,1.75
2012.11.08 14:09:57.485,1.59348,1.59376,1.50,1.27
2012.11.08 14:09:57.544,1.59345,1.59376,1.13,1.27
2012.11.08 14:09:57.604,1.59345,1.59377,1.35,1.32
2012.11.08 14:09:57.724,1.59339,1.59374,2.48,1.73
2012.11.08 14:09:57.917,1.59339,1.59376,1.73,1.73
2012.11.08 14:09:58.154,1.59343,1.59376,1.73,1.73
2012.11.08 14:09:58.394,1.59344,1.59378,1.73,1.73
2012.11.08 14:09:58.634,1.59344,1.59375,1.73,1.73
2012.11.08 14:09:58.695,1.59344,1.59374,1.73,1.73
2012.11.08 14:09:58.875,1.59344,1.59374,1.50,2.36
2012.11.08 14:09:59.507,1.59344,1.59372,1.50,1.38
2012.11.08 14:09:59.824,1.59339,1.59375,1.73,1.38
2012.11.08 14:10:00.314,1.59343,1.59378,1.73,1.20
2012.11.08 14:10:01.279,1.59343,1.59379,1.73,1.32
2012.11.08 14:10:02.041,1.59343,1.59379,1.73,1.32
2012.11.08 14:10:02.107,1.59343,1.59383,1.73,2.34
2012.11.08 14:10:02.370,1.59343,1.59379,1.73,1.32
2012.11.08 14:10:02.674,1.59344,1.59383,2.48,1.25
2012.11.08 14:10:02.938,1.59344,1.59383,1.73,2.00
2012.11.08 14:10:03.295,1.59348,1.59383,1.13,1.29
2012.11.08 14:10:03.354,1.59348,1.59383,1.35,1.27
2012.11.08 14:10:03.653,1.5935,1.59388,2.48,1.36
2012.11.08 14:10:03.714,1.59356,1.59388,1.50,1.25
2012.11.08 14:10:03.836,1.59356,1.59386,1.50,1.25
2012.11.08 14:10:04.014,1.59351,1.59383,1.73,1.56
2012.11.08 14:10:04.454,1.59351,1.59384,1.50,1.45
2012.11.08 14:10:04.825,1.5935,1.59387,1.50,1.83
2012.11.08 14:10:05.005,1.5935,1.59386,1.73,1.35
2012.11.08 14:10:05.504,1.59344,1.59388,2.16,3.54
2012.11.08 14:10:05.624,1.59344,1.5938,2.16,1.73
2012.11.08 14:10:05.805,1.59344,1.59379,1.73,1.63
2012.11.08 14:10:06.164,1.59347,1.59383,1.73,1.63
2012.11.08 14:10:06.284,1.59347,1.59379,1.73,1.63
2012.11.08 14:10:06.903,1.59348,1.59384,1.88,1.63
2012.11.08 14:10:07.150,1.59347,1.59379,3.98,1.63
2012.11.08 14:10:07.403,1.59351,1.59379,1.50,1.63
2012.11.08 14:10:07.464,1.59354,1.59389,1.73,1.95
2012.11.08 14:10:08.404,1.59358,1.5939,1.73,1.32
2012.11.08 14:10:08.464,1.59358,1.59392,1.73,1.02
2012.11.08 14:10:09.624,1.59356,1.59392,1.73,1.43
2012.11.08 14:10:10.033,1.5935,1.59389,1.73,1.98
2012.11.08 14:10:10.887,1.59355,1.59389,1.73,1.59
2012.11.08 14:10:11.243,1.59354,1.59394,1.50,1.20
2012.11.08 14:10:11.304,1.59358,1.59395,1.45,1.73
2012.11.08 14:10:11.425,1.5936,1.59389,1.35,1.50
2012.11.08 14:10:11.545,1.59359,1.59388,1.13,1.34
2012.11.08 14:10:12.204,1.59356,1.59387,1.73,1.73
2012.11.08 14:10:12.394,1.59354,1.59388,1.73,1.68
2012.11.08 14:10:12.714,1.5936,1.59393,1.73,1.73
2012.11.08 14:10:12.834,1.59357,1.59388,1.50,2.09
2012.11.08 14:10:13.174,1.59357,1.5939,1.73,1.36
2012.11.08 14:10:13.234,1.59357,1.59388,1.73,1.73
2012.11.08 14:10:13.584,1.59356,1.59389,1.50,1.56
2012.11.08 14:10:13.944,1.59356,1.59388,1.50,1.73
2012.11.08 14:10:14.004,1.59356,1.59389,1.50,1.56
2012.11.08 14:10:14.814,1.59353,1.59388,1.73,1.73
2012.11.08 14:10:15.163,1.59353,1.59389,1.73,1.56
2012.11.08 14:10:15.285,1.59353,1.59389,1.73,2.31
2012.11.08 14:10:15.596,1.59354,1.59389,1.73,1.73
2012.11.08 14:10:15.773,1.59354,1.59391,2.10,1.52
2012.11.08 14:10:16.085,1.59349,1.59389,1.73,1.43
2012.11.08 14:10:16.425,1.59349,1.59389,1.73,2.18
2012.11.08 14:10:17.103,1.59357,1.59389,1.73,1.43
2012.11.08 14:10:17.285,1.59357,1.59388,1.73,1.73
2012.11.08 14:10:17.586,1.59356,1.59389,1.73,1.43
2012.11.08 14:10:17.901,1.59356,1.59388,1.73,1.73
2012.11.08 14:10:18.314,1.59356,1.5939,1.73,1.61
2012.11.08 14:10:18.376,1.59354,1.59389,1.73,1.73
2012.11.08 14:10:19.454,1.59354,1.5939,2.10,1.61
2012.11.08 14:10:19.774,1.59357,1.59389,1.50,1.73
2012.11.08 14:10:20.623,1.59357,1.5939,1.50,1.61
2012.11.08 14:10:20.874,1.59354,1.59389,1.35,1.73
2012.11.08 14:10:25.884,1.59354,1.59385,1.35,1.73
2012.11.08 14:10:26.064,1.59354,1.59383,1.50,1.73
2012.11.08 14:10:26.124,1.59353,1.59379,1.13,1.73
2012.11.08 14:10:26.286,1.59353,1.59378,1.13,1.61
2012.11.08 14:10:26.584,1.59351,1.59378,1.50,1.61
2012.11.08 14:10:30.188,1.59345,1.59379,1.73,1.73
2012.11.08 14:10:31.604,1.59345,1.5938,1.73,1.59
2012.11.08 14:10:33.995,1.59345,1.59378,2.48,1.73
2012.11.08 14:10:34.354,1.59345,1.59378,2.48,1.73
2012.11.08 14:10:34.414,1.59345,1.59378,2.48,1.73
2012.11.08 14:10:34.534,1.59345,1.59382,2.48,1.73
2012.11.08 14:10:34.836,1.59342,1.59384,1.35,2.10
2012.11.08 14:10:34.894,1.59342,1.59384,2.10,2.10
2012.11.08 14:10:34.955,1.59342,1.59383,2.10,1.73
2012.11.08 14:10:35.075,1.59338,1.59376,1.73,1.73
2012.11.08 14:10:35.855,1.59336,1.59373,2.48,1.73
2012.11.08 14:10:35.915,1.59336,1.59374,1.73,1.52
2012.11.08 14:10:36.174,1.59339,1.59375,1.43,1.73
2012.11.08 14:10:36.234,1.59335,1.59373,2.07,1.38
2012.11.08 14:10:36.473,1.59336,1.59378,1.73,2.48
2012.11.08 14:10:36.654,1.59336,1.59379,1.73,2.25
2012.11.08 14:10:36.714,1.59336,1.59379,1.73,1.50
2012.11.08 14:10:36.833,1.59336,1.59378,1.73,1.73
2012.11.08 14:10:37.858,1.59336,1.59377,1.63,1.73
2012.11.08 14:10:37.985,1.59336,1.59373,2.48,1.73
2012.11.08 14:10:38.953,1.59335,1.59374,3.98,1.45
2012.11.08 14:10:39.194,1.59336,1.59379,3.23,1.27
2012.11.08 14:10:41.897,1.59336,1.59379,3.23,1.27
2012.11.08 14:10:42.015,1.59345,1.59379,3.23,2.48
2012.11.08 14:10:42.074,1.59345,1.59379,3.98,1.73
2012.11.08 14:10:42.194,1.59345,1.59378,3.98,1.73
2012.11.08 14:10:42.256,1.59345,1.59378,3.98,1.73
2012.11.08 14:10:43.763,1.59345,1.59378,3.98,1.73
2012.11.08 14:10:44.065,1.59345,1.59378,1.73,1.27
2012.11.08 14:10:44.755,1.59345,1.59379,1.73,1.27
2012.11.08 14:10:45.024,1.59344,1.59379,1.73,2.02
2012.11.08 14:10:45.560,1.59345,1.59378,1.73,1.27
2012.11.08 14:10:46.327,1.59345,1.59379,1.73,2.22
2012.11.08 14:10:46.787,1.59345,1.59379,1.73,1.47
2012.11.08 14:10:47.156,1.59345,1.59379,1.73,1.73
2012.11.08 14:10:47.277,1.59345,1.59377,1.73,1.56
2012.11.08 14:10:47.515,1.59335,1.59368,2.48,1.41
2012.11.08 14:10:47.883,1.59335,1.59369,1.73,1.41
2012.11.08 14:10:47.955,1.59335,1.59369,1.73,1.41
2012.11.08 14:10:48.539,1.59345,1.59373,3.75,1.09
2012.11.08 14:10:48.725,1.59345,1.59383,4.54,2.85
2012.11.08 14:10:49.023,1.59345,1.59387,2.97,2.00
2012.11.08 14:10:49.404,1.59346,1.59382,1.32,1.73
2012.11.08 14:10:49.465,1.59345,1.59379,3.23,2.84
2012.11.08 14:10:50.444,1.59345,1.59373,1.50,1.32
2012.11.08 14:10:51.213,1.59345,1.59371,2.25,1.32
2012.11.08 14:10:51.334,1.59345,1.59373,3.00,1.73
2012.11.08 14:10:52.194,1.59345,1.59373,1.50,2.48
2012.11.08 14:10:52.314,1.59345,1.59372,1.50,1.27
2012.11.08 14:10:52.555,1.59344,1.59379,2.85,2.82
2012.11.08 14:10:52.676,1.59345,1.59377,1.50,1.52
2012.11.08 14:10:52.734,1.59345,1.59374,1.50,1.52
2012.11.08 14:10:52.794,1.59345,1.59373,1.50,1.36
2012.11.08 14:10:53.335,1.59336,1.5937,3.23,1.36
2012.11.08 14:10:53.454,1.59336,1.59375,3.98,1.73
2012.11.08 14:10:53.914,1.59337,1.59374,1.73,1.73
2012.11.08 14:10:54.417,1.59337,1.5937,1.73,1.73
2012.11.08 14:10:54.534,1.59336,1.59368,1.73,2.29
2012.11.08 14:10:54.955,1.59336,1.5937,1.73,1.54
2012.11.08 14:10:55.014,1.59336,1.59374,1.73,1.29
2012.11.08 14:10:56.656,1.59332,1.5937,1.73,1.73
2012.11.08 14:10:56.835,1.59335,1.59369,1.73,3.02
2012.11.08 14:10:57.829,1.5933,1.59368,1.73,1.73
2012.11.08 14:10:57.973,1.59327,1.59366,2.48,1.73
2012.11.08 14:10:58.034,1.59327,1.59359,2.25,1.41
2012.11.08 14:10:58.246,1.5933,1.59366,1.73,1.32
2012.11.08 14:10:59.194,1.59327,1.59366,2.48,1.32
2012.11.08 14:10:59.254,1.59327,1.59358,2.48,1.32
2012.11.08 14:10:59.944,1.59324,1.59358,1.73,1.32
2012.11.08 14:11:00.123,1.59333,1.59358,1.50,1.32
2012.11.08 14:11:00.424,1.59339,1.59364,1.09,1.80
2012.11.08 14:11:00.784,1.59343,1.59373,1.50,1.02
2012.11.08 14:11:00.905,1.59343,1.59381,1.73,1.35
2012.11.08 14:11:01.144,1.59343,1.59381,1.73,1.73
2012.11.08 14:11:01.265,1.59339,1.59378,2.07,1.61
2012.11.08 14:11:01.506,1.59345,1.59382,2.00,1.35
2012.11.08 14:11:01.628,1.59345,1.59377,1.73,1.73
2012.11.08 14:11:01.985,1.59342,1.5937,2.11,1.50
2012.11.08 14:11:02.545,1.59344,1.59372,1.36,1.50
2012.11.08 14:11:02.933,1.59334,1.59365,1.74,1.50
2012.11.08 14:11:03.184,1.59336,1.59369,1.36,1.50
2012.11.08 14:11:03.244,1.59336,1.59369,1.20,1.73
2012.11.08 14:11:03.375,1.59334,1.59365,1.50,1.38
2012.11.08 14:11:03.963,1.59324,1.59365,3.60,1.38
2012.11.08 14:11:04.030,1.59333,1.59369,1.73,2.02
2012.11.08 14:11:04.699,1.59335,1.59369,3.98,1.27
2012.11.08 14:11:04.934,1.59336,1.59375,2.48,1.29
2012.11.08 14:11:05.594,1.59335,1.59376,1.73,1.59
2012.11.08 14:11:05.655,1.59336,1.59378,1.45,1.50
2012.11.08 14:11:05.834,1.59336,1.59372,1.29,1.73
2012.11.08 14:11:06.428,1.5933,1.59364,1.35,1.52
2012.11.08 14:11:06.614,1.59326,1.59364,2.10,1.52
2012.11.08 14:11:07.194,1.59324,1.59354,1.35,1.73
2012.11.08 14:11:07.675,1.59318,1.59352,1.73,1.54
2012.11.08 14:11:08.085,1.59318,1.59351,1.73,1.54
2012.11.08 14:11:08.146,1.59318,1.59348,1.50,1.45
2012.11.08 14:11:08.494,1.59318,1.59357,2.48,1.20
2012.11.08 14:11:08.805,1.59322,1.59361,2.07,1.34
2012.11.08 14:11:09.335,1.59322,1.59358,2.07,1.73
2012.11.08 14:11:09.575,1.59319,1.59353,1.35,1.59
2012.11.08 14:11:09.754,1.59319,1.59358,1.73,1.43
2012.11.08 14:11:10.416,1.59319,1.5936,1.73,1.43
2012.11.08 14:11:10.654,1.59328,1.59366,1.73,2.13
2012.11.08 14:11:10.897,1.59328,1.59364,1.73,2.36
2012.11.08 14:11:11.015,1.59322,1.5936,2.07,1.54
2012.11.08 14:11:11.317,1.59335,1.59362,1.13,1.54
2012.11.08 14:11:12.175,1.59335,1.59368,2.48,1.32
2012.11.08 14:11:12.234,1.59335,1.59367,1.73,1.73
2012.11.08 14:11:12.354,1.59333,1.59368,1.73,1.32
2012.11.08 14:11:13.064,1.59326,1.59365,3.23,1.32
2012.11.08 14:11:13.124,1.59326,1.59365,3.23,1.32
2012.11.08 14:11:13.305,1.59336,1.59369,1.73,1.73
2012.11.08 14:11:13.366,1.59336,1.59372,1.73,1.73
2012.11.08 14:11:13.485,1.59335,1.59372,1.73,1.73
2012.11.08 14:11:13.604,1.59335,1.59372,1.73,2.48
2012.11.08 14:11:13.965,1.59336,1.59372,2.48,1.73
2012.11.08 14:11:14.364,1.59336,1.59373,1.35,1.73
2012.11.08 14:11:14.971,1.5934,1.59375,1.73,1.54
2012.11.08 14:11:15.043,1.5934,1.59377,1.73,1.56
2012.11.08 14:11:15.545,1.59345,1.59378,1.35,1.29
2012.11.08 14:11:16.365,1.59344,1.59373,2.10,1.73
2012.11.08 14:11:16.548,1.59339,1.59372,1.73,1.73
2012.11.08 14:11:16.904,1.59342,1.59376,1.50,1.25
2012.11.08 14:11:17.265,1.59338,1.59376,2.48,1.43
2012.11.08 14:11:17.694,1.59335,1.59372,1.78,1.73
2012.11.08 14:11:17.754,1.59335,1.59369,1.35,1.54
2012.11.08 14:11:21.598,1.59335,1.5937,1.73,1.54
2012.11.08 14:11:21.774,1.5933,1.59368,1.73,1.73
2012.11.08 14:11:24.284,1.59333,1.5937,1.35,1.45
2012.11.08 14:11:24.405,1.59333,1.59368,1.35,1.32
2012.11.08 14:11:24.464,1.59333,1.59368,1.35,1.32
2012.11.08 14:11:24.644,1.59331,1.59367,1.63,1.73
2012.11.08 14:11:24.764,1.5933,1.59366,1.73,1.45
2012.11.08 14:11:25.998,1.59323,1.59358,1.35,1.43
2012.11.08 14:11:26.614,1.59324,1.59358,2.48,1.38
2012.11.08 14:11:29.304,1.59321,1.59357,2.48,2.22
2012.11.08 14:11:30.066,1.59318,1.59356,1.73,1.45
2012.11.08 14:11:30.425,1.59319,1.59359,1.56,2.48
2012.11.08 14:11:30.485,1.59318,1.59356,1.73,1.34
2012.11.08 14:11:31.195,1.59324,1.59359,1.13,1.34
2012.11.08 14:11:31.254,1.59324,1.59364,1.35,1.54
2012.11.08 14:11:36.604,1.59326,1.59364,3.23,1.54
2012.11.08 14:11:36.785,1.59324,1.59364,1.73,1.34
2012.11.08 14:11:37.345,1.59326,1.59364,2.10,1.29
2012.11.08 14:11:40.339,1.59329,1.59368,2.10,1.29
2012.11.08 14:11:40.536,1.59329,1.59369,2.10,1.27
2012.11.08 14:11:42.539,1.5933,1.59369,1.73,2.02
2012.11.08 14:11:42.650,1.5933,1.59366,1.73,1.50
2012.11.08 14:11:45.434,1.59323,1.59368,1.63,1.54
2012.11.08 14:11:45.975,1.59333,1.59369,1.73,1.73
2012.11.08 14:11:46.094,1.59333,1.59368,1.73,1.34
2012.11.08 14:11:46.634,1.59333,1.59367,1.73,1.35
2012.11.08 14:11:55.164,1.59326,1.59363,1.73,1.73
2012.11.08 14:11:55.474,1.59324,1.5936,1.35,1.73
2012.11.08 14:11:56.195,1.59321,1.59359,1.35,1.73
2012.11.08 14:11:56.314,1.59321,1.59359,1.35,2.13
2012.11.08 14:12:00.025,1.59316,1.59358,1.73,1.73
2012.11.08 14:12:00.084,1.59316,1.59355,1.73,1.20
2012.11.08 14:12:00.453,1.59321,1.59349,1.73,1.73
2012.11.08 14:12:00.794,1.59327,1.59358,1.50,2.48
2012.11.08 14:12:01.099,1.59322,1.59349,1.50,1.73
2012.11.08 14:12:01.425,1.59322,1.59349,1.50,1.73
2012.11.08 14:12:01.544,1.59316,1.59349,1.73,1.73
2012.11.08 14:12:02.105,1.59316,1.5935,1.73,1.59
2012.11.08 14:12:02.284,1.5932,1.59358,1.73,1.38
2012.11.08 14:12:02.934,1.5932,1.59349,1.73,1.73
2012.11.08 14:12:03.115,1.59318,1.59349,1.50,1.73
2012.11.08 14:12:03.403,1.59316,1.59349,1.73,1.73
2012.11.08 14:12:03.526,1.59316,1.59347,1.50,1.50
2012.11.08 14:12:04.108,1.59316,1.59344,1.50,1.73
2012.11.08 14:12:04.424,1.59328,1.59353,1.50,1.26
2012.11.08 14:12:04.864,1.59322,1.59348,1.50,1.47
2012.11.08 14:12:04.924,1.59321,1.59348,1.50,1.47
2012.11.08 14:12:05.225,1.59321,1.5935,1.73,1.73
2012.11.08 14:12:05.385,1.59321,1.59349,1.50,1.61
2012.11.08 14:12:06.445,1.59317,1.59348,1.50,1.47
2012.11.08 14:12:06.506,1.59317,1.59346,1.50,1.47
2012.11.08 14:12:08.384,1.59317,1.59346,1.50,1.47
2012.11.08 14:12:08.566,1.59317,1.59346,1.73,1.73
2012.11.08 14:12:08.764,1.59321,1.59349,1.50,2.18
2012.11.08 14:12:10.196,1.59322,1.5935,1.50,1.43
2012.11.08 14:12:10.262,1.59316,1.59349,1.73,1.43
2012.11.08 14:12:10.386,1.59315,1.59348,1.73,1.73
2012.11.08 14:12:10.743,1.59308,1.59339,1.25,1.73
2012.11.08 14:12:11.044,1.59302,1.59332,1.35,1.32
2012.11.08 14:12:11.404,1.59301,1.59332,1.35,1.32
2012.11.08 14:12:11.525,1.59302,1.59332,1.13,1.54
2012.11.08 14:12:12.444,1.59292,1.59325,1.73,1.41
2012.11.08 14:12:13.424,1.59294,1.59326,1.50,1.41
2012.11.08 14:12:13.544,1.59294,1.59331,2.10,1.73
2012.11.08 14:12:14.083,1.59297,1.59334,1.73,2.38
2012.11.08 14:12:14.203,1.59297,1.59334,1.73,2.38
2012.11.08 14:12:14.864,1.59297,1.59333,1.73,1.73
2012.11.08 14:12:16.144,1.59296,1.59333,1.73,1.73
2012.11.08 14:12:16.264,1.59293,1.59325,1.88,1.73
2012.11.08 14:12:16.895,1.5929,1.59326,2.48,1.32
2012.11.08 14:12:17.014,1.59291,1.59334,1.73,2.82
2012.11.08 14:12:19.784,1.59294,1.59333,1.73,1.61
2012.11.08 14:12:20.315,1.59294,1.59333,1.73,1.61
2012.11.08 14:12:20.514,1.59294,1.59326,1.50,1.47
2012.11.08 14:12:21.144,1.59291,1.59326,1.73,1.47
2012.11.08 14:12:21.264,1.59298,1.59336,1.20,2.78
2012.11.08 14:12:21.684,1.59303,1.59341,1.73,1.92
2012.11.08 14:12:22.684,1.59303,1.59337,1.73,1.73
2012.11.08 14:12:22.744,1.59303,1.59337,1.50,2.27
2012.11.08 14:12:23.402,1.59302,1.59337,1.73,1.73
2012.11.08 14:12:23.525,1.59302,1.59338,1.73,1.73
2012.11.08 14:12:24.173,1.59302,1.59338,1.73,2.82
2012.11.08 14:12:24.474,1.59303,1.59335,1.73,1.32
2012.11.08 14:12:24.764,1.59303,1.59338,1.73,2.82
2012.11.08 14:12:25.598,1.59303,1.59335,1.73,1.32
2012.11.08 14:12:25.914,1.59303,1.59338,1.73,2.82
2012.11.08 14:12:28.165,1.593,1.59335,1.73,1.32
2012.11.08 14:12:28.344,1.593,1.59333,1.73,1.95
2012.11.08 14:12:37.034,1.59297,1.59333,1.73,1.20
2012.11.08 14:12:37.305,1.59296,1.59333,1.73,1.20
2012.11.08 14:12:37.864,1.59296,1.59332,1.73,1.73
2012.11.08 14:12:38.050,1.59291,1.5933,1.73,1.47
2012.11.08 14:12:40.184,1.59295,1.59334,1.50,1.47
2012.11.08 14:12:40.244,1.59295,1.59336,1.73,1.73
2012.11.08 14:12:40.724,1.59292,1.59332,1.59,1.73
2012.11.08 14:12:40.784,1.59291,1.5933,1.73,1.50
2012.11.08 14:12:41.293,1.59291,1.5933,1.73,2.25
2012.11.08 14:12:41.514,1.59291,1.5933,1.73,2.25
2012.11.08 14:12:44.046,1.59289,1.5933,1.73,2.25
2012.11.08 14:12:45.604,1.59289,1.5933,1.73,1.50
2012.11.08 14:12:45.905,1.59284,1.59326,1.35,1.73
2012.11.08 14:12:46.265,1.5929,1.59322,1.50,1.38
2012.11.08 14:12:46.625,1.593,1.59323,1.50,1.15
2012.11.08 14:12:47.393,1.59301,1.59333,1.73,1.73
2012.11.08 14:12:47.524,1.59301,1.59333,1.73,1.73
2012.11.08 14:12:47.696,1.59301,1.59333,1.73,1.73
2012.11.08 14:12:47.754,1.59301,1.59334,1.73,1.73
2012.11.08 14:12:47.874,1.59301,1.59332,1.73,1.32
2012.11.08 14:12:47.939,1.59301,1.59332,1.50,1.32
2012.11.08 14:12:51.414,1.59296,1.59332,1.73,1.32
2012.11.08 14:12:52.578,1.59296,1.59333,1.73,1.98
2012.11.08 14:12:53.904,1.59296,1.59333,1.73,1.73
2012.11.08 14:12:54.568,1.59296,1.59333,1.73,1.73
2012.11.08 14:12:55.145,1.59296,1.59333,1.73,1.73
2012.11.08 14:12:55.504,1.59291,1.59329,1.73,1.98
2012.11.08 14:12:57.144,1.59295,1.59329,1.73,1.98
2012.11.08 14:12:57.334,1.59295,1.59334,1.73,2.02
2012.11.08 14:12:59.064,1.59295,1.59334,1.73,2.07
2012.11.08 14:13:12.444,1.59292,1.5933,1.47,1.32
2012.11.08 14:13:12.565,1.59286,1.59318,1.73,1.38
2012.11.08 14:13:12.624,1.59284,1.59318,1.73,2.13
2012.11.08 14:13:12.684,1.59292,1.59324,1.50,1.38
2012.11.08 14:13:12.744,1.59292,1.59329,2.20,1.73
2012.11.08 14:13:13.694,1.59291,1.59326,1.73,1.23
2012.11.08 14:13:14.534,1.59291,1.59328,1.73,1.23
2012.11.08 14:13:14.644,1.59291,1.59326,1.73,1.23
2012.11.08 14:13:15.864,1.59291,1.59326,1.73,1.36
2012.11.08 14:13:16.035,1.59291,1.59331,1.73,1.41
2012.11.08 14:13:16.415,1.59291,1.59327,1.73,1.59
2012.11.08 14:13:20.374,1.59291,1.59329,1.73,1.59
2012.11.08 14:13:20.554,1.59296,1.59334,1.73,2.02
2012.11.08 14:13:20.744,1.59291,1.59327,1.73,1.27
2012.11.08 14:13:20.868,1.5929,1.59329,1.73,1.43
2012.11.08 14:13:21.396,1.5929,1.59326,1.73,1.20
2012.11.08 14:13:28.164,1.59295,1.59329,1.50,1.20
2012.11.08 14:13:28.343,1.59297,1.5933,1.73,1.73
2012.11.08 14:13:30.914,1.59302,1.5933,1.50,1.73
2012.11.08 14:13:31.156,1.59303,1.59341,1.35,2.04
2012.11.08 14:13:31.807,1.59303,1.5934,1.73,1.73
2012.11.08 14:13:35.813,1.59302,1.59341,1.73,2.04
2012.11.08 14:13:36.114,1.59302,1.59341,1.73,2.04
2012.11.08 14:13:36.801,1.59302,1.59341,1.73,2.04
2012.11.08 14:13:37.214,1.59304,1.59343,2.77,1.73
2012.11.08 14:13:37.458,1.59305,1.59341,1.73,1.20
2012.11.08 14:13:37.694,1.59302,1.59341,1.73,1.95
2012.11.08 14:13:37.874,1.59302,1.59341,1.73,1.95
2012.11.08 14:13:37.934,1.59302,1.59341,1.73,1.95
2012.11.08 14:13:38.055,1.59302,1.59341,1.73,1.95
2012.11.08 14:13:38.115,1.59302,1.59338,1.73,1.54
2012.11.08 14:13:38.474,1.59304,1.59343,1.73,1.73
2012.11.08 14:13:38.594,1.59304,1.59342,1.73,1.73
2012.11.08 14:13:38.954,1.59308,1.59343,1.73,1.73
2012.11.08 14:13:39.014,1.59308,1.59347,1.73,1.73
2012.11.08 14:13:39.944,1.5931,1.59348,1.32,1.32
2012.11.08 14:13:40.064,1.59319,1.59352,1.73,1.35
2012.11.08 14:13:40.184,1.59316,1.59352,1.36,2.10
2012.11.08 14:13:40.304,1.5931,1.59344,1.32,1.61
2012.11.08 14:13:40.364,1.59312,1.59346,1.50,1.61
2012.11.08 14:13:40.544,1.59315,1.59352,1.73,1.73
2012.11.08 14:13:41.426,1.59315,1.5935,1.73,1.25
2012.11.08 14:13:42.876,1.59315,1.59353,1.73,1.25
2012.11.08 14:13:43.054,1.59319,1.59358,1.73,1.73
2012.11.08 14:13:46.452,1.59322,1.59358,1.73,1.73
2012.11.08 14:13:50.105,1.59322,1.59356,1.73,1.35
2012.11.08 14:13:50.225,1.59322,1.59355,1.73,1.73
2012.11.08 14:13:50.810,1.59318,1.59352,1.73,1.35
2012.11.08 14:13:54.057,1.59317,1.59351,1.73,2.10
2012.11.08 14:13:54.636,1.59317,1.59351,1.73,2.10
2012.11.08 14:14:00.521,1.59317,1.59351,1.73,1.35
2012.11.08 14:14:03.050,1.59317,1.59351,1.73,1.73
2012.11.08 14:14:04.735,1.59317,1.59352,1.73,1.35
2012.11.08 14:14:05.830,1.59317,1.59351,1.73,1.35
2012.11.08 14:14:05.954,1.59313,1.59343,2.34,1.09
2012.11.08 14:14:06.015,1.59313,1.59343,1.73,1.32
2012.11.08 14:14:07.205,1.59313,1.59348,1.73,1.73
2012.11.08 14:14:07.644,1.59313,1.5935,1.73,1.88
2012.11.08 14:14:07.704,1.59313,1.5935,1.73,1.32
2012.11.08 14:14:08.263,1.59323,1.59352,1.73,1.35
2012.11.08 14:14:09.486,1.59322,1.59355,2.27,2.48
2012.11.08 14:14:10.094,1.59322,1.59357,1.73,1.73
2012.11.08 14:14:11.984,1.59322,1.59355,1.73,1.73
2012.11.08 14:14:18.158,1.59322,1.59358,1.73,1.73
2012.11.08 14:14:18.277,1.59331,1.59361,1.38,1.50
2012.11.08 14:14:18.337,1.59338,1.59369,1.73,1.73
2012.11.08 14:14:18.397,1.59331,1.59369,1.38,2.48
2012.11.08 14:14:18.577,1.59323,1.59361,1.73,1.41
2012.11.08 14:14:18.637,1.59327,1.59364,1.50,2.16
2012.11.08 14:14:18.696,1.59331,1.59364,1.27,1.50
2012.11.08 14:14:18.877,1.59338,1.5937,1.73,1.73
2012.11.08 14:14:18.937,1.59331,1.59369,1.27,1.73
2012.11.08 14:14:19.056,1.59327,1.59369,2.10,2.18
2012.11.08 14:14:19.416,1.59326,1.59362,1.35,1.73
2012.11.08 14:14:19.717,1.59324,1.59361,1.35,1.47
2012.11.08 14:14:20.197,1.59326,1.59365,1.50,1.47
2012.11.08 14:14:20.476,1.59327,1.59368,1.73,1.95
2012.11.08 14:14:22.786,1.59327,1.59365,1.73,1.29
2012.11.08 14:14:23.150,1.59332,1.59365,1.73,1.29
2012.11.08 14:14:23.327,1.59338,1.59369,1.73,1.73
2012.11.08 14:14:23.626,1.5933,1.59364,1.73,1.56
2012.11.08 14:14:23.779,1.5933,1.59366,1.73,1.56
2012.11.08 14:14:23.898,1.59329,1.59369,1.73,1.73
2012.11.08 14:14:24.417,1.59328,1.59368,1.35,1.29
2012.11.08 14:14:24.725,1.59329,1.59369,1.63,1.73
2012.11.08 14:14:29.597,1.59329,1.59366,1.63,1.73
2012.11.08 14:14:29.718,1.59326,1.59361,1.73,1.73
2012.11.08 14:14:29.967,1.59324,1.59359,1.59,1.73
2012.11.08 14:14:30.326,1.59321,1.59354,1.73,1.73
2012.11.08 14:14:30.506,1.59323,1.59358,1.56,1.73
2012.11.08 14:14:30.626,1.59323,1.59358,1.56,1.73
2012.11.08 14:14:31.057,1.59316,1.59354,1.41,1.73
2012.11.08 14:14:33.207,1.59324,1.59358,1.29,1.73
2012.11.08 14:14:33.268,1.59324,1.59359,1.29,1.73
2012.11.08 14:14:35.918,1.59324,1.59364,1.29,1.73
2012.11.08 14:14:36.276,1.59331,1.59369,1.38,3.30
2012.11.08 14:14:36.396,1.59331,1.59369,1.38,1.73
2012.11.08 14:14:36.906,1.59331,1.59361,1.38,1.50
2012.11.08 14:14:37.027,1.59327,1.59359,1.73,1.73
2012.11.08 14:14:37.147,1.59323,1.59359,2.46,1.73
2012.11.08 14:14:37.267,1.59323,1.59353,2.10,1.73
2012.11.08 14:14:39.978,1.59323,1.59354,1.73,1.73
2012.11.08 14:14:40.818,1.59326,1.59361,1.35,1.73
2012.11.08 14:14:40.998,1.59327,1.59364,1.45,1.73
2012.11.08 14:14:41.383,1.59326,1.59363,1.35,1.73
2012.11.08 14:14:41.788,1.59326,1.59359,1.73,1.73
2012.11.08 14:14:42.978,1.59326,1.59363,1.73,1.73
2012.11.08 14:14:43.536,1.59324,1.59359,1.35,1.73
2012.11.08 14:14:44.377,1.59324,1.59365,1.73,1.63
2012.11.08 14:14:44.618,1.59323,1.59361,2.48,1.73
2012.11.08 14:14:45.038,1.59327,1.59355,1.23,1.50
2012.11.08 14:14:45.158,1.59323,1.59355,1.73,1.73
2012.11.08 14:14:45.697,1.5932,1.59355,2.10,1.73
2012.11.08 14:14:46.982,1.59321,1.59355,1.73,1.73
2012.11.08 14:14:47.116,1.59321,1.59354,1.73,1.47
2012.11.08 14:14:47.467,1.5932,1.59355,1.73,1.73
2012.11.08 14:14:48.668,1.5932,1.59355,1.73,1.73
2012.11.08 14:14:49.373,1.59321,1.59356,1.73,1.73
2012.11.08 14:14:50.115,1.5932,1.59356,2.48,1.73
2012.11.08 14:14:54.699,1.59327,1.59356,1.73,1.73
2012.11.08 14:14:55.146,1.59326,1.59359,1.73,1.73
2012.11.08 14:14:55.540,1.59326,1.59356,1.73,1.73
2012.11.08 14:14:56.230,1.59321,1.59356,1.73,1.73
2012.11.08 14:14:56.766,1.59321,1.59356,2.48,1.73
2012.11.08 14:15:01.469,1.5932,1.59359,1.73,2.22
2012.11.08 14:15:01.647,1.59321,1.59355,1.73,1.73
2012.11.08 14:15:07.117,1.59321,1.59359,1.73,2.22
2012.11.08 14:15:07.237,1.59324,1.59359,1.73,1.73
2012.11.08 14:15:07.477,1.59329,1.59363,2.48,1.73
2012.11.08 14:15:07.597,1.5933,1.59363,1.73,1.73
2012.11.08 14:15:11.867,1.5933,1.59363,1.73,1.73
2012.11.08 14:15:11.987,1.59327,1.59355,2.16,1.50
2012.11.08 14:15:12.109,1.59327,1.59357,1.73,1.73
2012.11.08 14:15:12.227,1.59327,1.59359,1.73,1.73
2012.11.08 14:15:12.406,1.59327,1.59355,1.73,1.73
2012.11.08 14:15:12.646,1.59322,1.59355,1.73,1.73
2012.11.08 14:15:16.500,1.59322,1.59355,1.73,1.73
2012.11.08 14:15:16.617,1.59322,1.59354,1.73,1.32
2012.11.08 14:15:16.677,1.59322,1.59354,1.73,1.32
2012.11.08 14:15:16.877,1.59322,1.59355,1.73,1.73
2012.11.08 14:15:17.997,1.59322,1.59359,1.73,1.73
2012.11.08 14:15:19.047,1.59322,1.59355,1.73,1.73
2012.11.08 14:15:22.347,1.59322,1.59358,1.73,1.73
2012.11.08 14:15:22.537,1.59326,1.59358,1.73,1.73
2012.11.08 14:15:22.597,1.59326,1.59364,2.48,1.73
2012.11.08 14:15:22.777,1.59331,1.59364,1.73,1.73
2012.11.08 14:15:24.168,1.59332,1.59364,1.73,1.73
2012.11.08 14:15:24.286,1.59332,1.59364,1.73,1.73
2012.11.08 14:15:24.648,1.59328,1.59364,1.35,1.73
2012.11.08 14:15:24.767,1.59332,1.59364,2.02,1.73
2012.11.08 14:15:24.888,1.59333,1.59363,1.73,1.73
2012.11.08 14:15:25.447,1.5933,1.59358,1.73,1.50
2012.11.08 14:15:25.519,1.59326,1.59363,1.35,1.73
2012.11.08 14:15:47.997,1.59327,1.59363,2.48,1.73
2012.11.08 14:15:48.300,1.59343,1.5937,1.50,1.47
2012.11.08 14:15:48.360,1.59343,1.59371,1.73,1.35
2012.11.08 14:15:48.417,1.59343,1.5937,1.73,1.09
2012.11.08 14:15:48.748,1.59335,1.59367,1.73,1.32
2012.11.08 14:15:48.808,1.59335,1.59364,1.50,1.43
2012.11.08 14:15:48.988,1.59328,1.59361,1.73,1.73
2012.11.08 14:15:50.207,1.59331,1.59364,1.73,1.43
2012.11.08 14:15:50.327,1.59331,1.59365,1.73,1.73
2012.11.08 14:15:51.428,1.59331,1.59361,1.73,1.73
2012.11.08 14:15:51.547,1.59326,1.59361,1.73,1.73
2012.11.08 14:15:53.919,1.59326,1.59361,1.73,1.73
2012.11.08 14:15:54.099,1.59323,1.59363,2.48,1.73
2012.11.08 14:15:54.457,1.59327,1.59359,1.73,1.73
2012.11.08 14:15:54.577,1.59327,1.59359,1.73,1.73
2012.11.08 14:15:55.258,1.59319,1.59357,1.73,1.34
2012.11.08 14:15:58.627,1.59321,1.59357,1.73,1.34
2012.11.08 14:15:58.927,1.59326,1.59359,1.73,1.73
2012.11.08 14:15:59.047,1.59326,1.59359,1.73,1.73
2012.11.08 14:15:59.618,1.59327,1.59359,1.73,1.73
2012.11.08 14:16:01.978,1.59329,1.59363,1.73,1.73
2012.11.08 14:16:02.097,1.59332,1.59363,1.73,1.73
2012.11.08 14:16:03.327,1.59331,1.59366,1.73,1.73
2012.11.08 14:16:03.618,1.59331,1.59366,1.73,1.73
2012.11.08 14:16:03.958,1.59331,1.59366,1.73,1.73
2012.11.08 14:16:07.938,1.59327,1.59363,1.25,1.73
2012.11.08 14:16:08.058,1.59323,1.59358,1.73,1.45
2012.11.08 14:16:09.398,1.59323,1.59356,1.73,1.52
2012.11.08 14:16:09.759,1.59323,1.59359,1.73,1.45
2012.11.08 14:16:09.821,1.59323,1.59359,1.73,1.45
2012.11.08 14:16:09.947,1.59327,1.5936,1.73,1.73
2012.11.08 14:16:10.006,1.59328,1.59362,1.73,1.35
2012.11.08 14:16:10.187,1.59333,1.59363,1.73,1.35
2012.11.08 14:16:10.807,1.59332,1.59363,1.73,1.73
2012.11.08 14:16:11.429,1.5933,1.59366,2.48,2.25
2012.11.08 14:16:19.467,1.5933,1.59366,2.48,1.50
2012.11.08 14:16:19.587,1.5933,1.59366,2.48,1.50
2012.11.08 14:16:21.359,1.5933,1.59366,1.73,1.50
2012.11.08 14:16:21.538,1.59326,1.59358,1.73,1.50
2012.11.08 14:16:23.631,1.59327,1.59358,1.73,1.50
2012.11.08 14:16:23.687,1.59328,1.59359,1.50,1.50
2012.11.08 14:16:24.240,1.59328,1.59363,1.73,1.32
2012.11.08 14:16:27.488,1.59326,1.59357,1.73,1.32
2012.11.08 14:16:28.027,1.59325,1.59363,1.73,1.32
2012.11.08 14:16:28.429,1.59325,1.59358,1.73,1.41
2012.11.08 14:16:29.999,1.59326,1.59359,1.73,1.41
2012.11.08 14:16:30.057,1.59326,1.59361,1.73,2.10
2012.11.08 14:16:30.178,1.59324,1.59359,1.73,1.73
2012.11.08 14:16:30.957,1.59325,1.59364,1.73,3.54
2012.11.08 14:16:31.077,1.59329,1.59366,1.73,3.23
2012.11.08 14:16:31.198,1.59321,1.59351,1.63,1.50
2012.11.08 14:16:31.257,1.5932,1.5935,1.73,1.73
2012.11.08 14:16:31.437,1.59321,1.59355,1.32,1.50
2012.11.08 14:16:31.737,1.59326,1.59367,1.32,3.60
2012.11.08 14:16:31.917,1.59329,1.59367,1.73,2.48
2012.11.08 14:16:33.168,1.59329,1.59366,1.73,1.73
2012.11.08 14:16:34.219,1.59329,1.59367,1.73,2.48
2012.11.08 14:16:38.097,1.59337,1.59368,1.73,1.73
2012.11.08 14:16:39.047,1.59337,1.5937,1.73,1.73
2012.11.08 14:16:39.428,1.59335,1.59368,1.73,1.73
2012.11.08 14:16:40.477,1.59334,1.59368,1.73,1.73
2012.11.08 14:16:40.757,1.59334,1.59366,1.73,1.73
2012.11.08 14:16:41.528,1.59331,1.59364,1.73,1.73
2012.11.08 14:16:44.762,1.59331,1.59362,1.73,1.73
2012.11.08 14:16:45.407,1.59331,1.59363,1.73,1.73
2012.11.08 14:16:49.157,1.59332,1.59365,1.73,1.38
2012.11.08 14:16:49.277,1.59332,1.59367,1.73,1.73
2012.11.08 14:16:51.357,1.59332,1.5937,1.73,2.48
2012.11.08 14:16:51.657,1.59333,1.59362,1.73,1.73
2012.11.08 14:16:51.858,1.59333,1.59363,1.73,1.73
2012.11.08 14:16:59.028,1.5933,1.59361,2.48,1.73
2012.11.08 14:16:59.207,1.59333,1.59364,1.73,2.38
2012.11.08 14:16:59.747,1.59332,1.59367,1.73,1.73
2012.11.08 14:17:03.907,1.59336,1.59369,1.73,1.63
2012.11.08 14:17:04.028,1.59338,1.59375,1.38,1.73
2012.11.08 14:17:04.147,1.59338,1.59368,1.38,1.50
2012.11.08 14:17:04.870,1.59335,1.59368,1.73,1.73
2012.11.08 14:17:04.944,1.59336,1.59371,1.73,1.73
2012.11.08 14:17:05.161,1.59336,1.59372,1.73,1.73
2012.11.08 14:17:06.327,1.59335,1.59371,2.48,1.73
2012.11.08 14:17:13.897,1.59335,1.59372,1.73,1.73
2012.11.08 14:17:18.808,1.59335,1.59372,1.73,2.48
2012.11.08 14:17:26.728,1.59332,1.59371,2.16,2.48
2012.11.08 14:17:27.067,1.5933,1.59366,1.73,1.73
2012.11.08 14:17:30.306,1.5933,1.59366,1.73,1.73
2012.11.08 14:17:43.942,1.59326,1.59364,1.61,1.73
2012.11.08 14:17:44.498,1.59329,1.59364,1.56,1.73
2012.11.08 14:17:44.708,1.59326,1.59364,1.52,1.73
2012.11.08 14:17:46.387,1.59326,1.59363,1.52,1.73
2012.11.08 14:17:46.637,1.59325,1.59363,2.48,2.34
2012.11.08 14:17:47.217,1.59324,1.5936,1.73,1.73
2012.11.08 14:17:47.899,1.59319,1.59356,1.73,2.48
2012.11.08 14:17:53.473,1.59324,1.59357,2.10,1.73
2012.11.08 14:17:54.018,1.59324,1.59359,2.10,1.73
2012.11.08 14:17:58.290,1.59324,1.59361,2.10,1.73
2012.11.08 14:17:58.506,1.59324,1.59358,2.10,1.73
2012.11.08 14:17:58.619,1.59324,1.59361,2.10,1.73
2012.11.08 14:17:58.881,1.59324,1.59359,2.10,1.73
2012.11.08 14:18:03.780,1.59324,1.59359,2.10,1.73
2012.11.08 14:18:06.343,1.59324,1.59359,1.35,1.73
2012.11.08 14:18:10.327,1.59324,1.59355,1.35,1.73
2012.11.08 14:18:10.689,1.59321,1.59345,1.29,1.50
2012.11.08 14:18:10.749,1.59315,1.59345,1.73,1.73
2012.11.08 14:18:14.187,1.59306,1.59341,1.73,1.73
2012.11.08 14:18:14.247,1.59306,1.5934,1.73,1.73
2012.11.08 14:18:14.427,1.59306,1.59343,2.07,1.95
2012.11.08 14:18:14.487,1.59307,1.59344,1.20,1.73
2012.11.08 14:18:16.647,1.59309,1.59345,2.10,1.73
2012.11.08 14:18:16.708,1.5931,1.59349,1.61,1.73
2012.11.08 14:18:17.947,1.5931,1.59351,1.61,1.73
2012.11.08 14:18:18.007,1.59318,1.59353,1.29,1.73
2012.11.08 14:18:18.128,1.59317,1.59343,1.29,1.50
2012.11.08 14:18:19.053,1.5931,1.59344,1.45,1.50
2012.11.08 14:18:19.174,1.59309,1.59344,1.35,1.73
2012.11.08 14:18:19.845,1.59309,1.59344,1.35,1.73
2012.11.08 14:18:20.807,1.59309,1.59345,2.10,1.73
2012.11.08 14:18:21.110,1.59309,1.59344,2.10,1.73
2012.11.08 14:18:22.067,1.59309,1.59344,2.10,1.73
2012.11.08 14:18:25.697,1.59315,1.59344,1.73,1.73
2012.11.08 14:18:25.759,1.59316,1.59344,1.73,1.73
2012.11.08 14:18:25.817,1.59313,1.59344,1.35,1.73
2012.11.08 14:18:25.877,1.59312,1.59345,1.73,1.73
2012.11.08 14:18:25.997,1.59311,1.59345,1.45,1.50
2012.11.08 14:18:26.117,1.59311,1.59345,1.45,1.50
2012.11.08 14:18:26.417,1.5932,1.59354,1.20,1.73
2012.11.08 14:18:26.477,1.59315,1.59354,1.73,1.73
2012.11.08 14:18:26.897,1.59315,1.59352,1.73,1.73
2012.11.08 14:18:27.017,1.59313,1.59349,1.35,1.73
2012.11.08 14:18:27.417,1.59314,1.59353,1.73,1.32
2012.11.08 14:18:27.478,1.59312,1.59348,1.34,1.73
2012.11.08 14:18:27.797,1.59314,1.59349,1.54,1.73
2012.11.08 14:18:27.917,1.59314,1.59353,1.54,1.32
2012.11.08 14:18:28.237,1.59315,1.59353,1.20,1.32
2012.11.08 14:18:28.557,1.59312,1.59348,1.27,1.73
2012.11.08 14:18:28.617,1.59313,1.5935,1.73,1.73
2012.11.08 14:18:28.927,1.59312,1.59348,1.27,1.73
2012.11.08 14:18:29.170,1.59314,1.59349,1.59,1.73
2012.11.08 14:18:29.227,1.59314,1.59353,2.34,1.32
2012.11.08 14:18:29.527,1.59311,1.59348,2.07,1.73
2012.11.08 14:18:29.707,1.59314,1.59353,1.73,1.32
2012.11.08 14:18:29.767,1.59314,1.59353,2.22,1.32
2012.11.08 14:18:29.827,1.59314,1.59353,2.22,1.32
2012.11.08 14:18:29.887,1.59314,1.59349,2.22,1.73
2012.11.08 14:18:29.947,1.59311,1.59349,2.02,1.73
2012.11.08 14:18:32.398,1.59313,1.5935,1.73,1.73
2012.11.08 14:18:32.577,1.59314,1.59353,2.97,1.32
2012.11.08 14:18:32.997,1.59324,1.59358,1.73,1.73
2012.11.08 14:18:33.057,1.59324,1.59358,1.73,1.73
2012.11.08 14:18:34.928,1.59327,1.59362,2.48,1.73
2012.11.08 14:18:35.369,1.59327,1.59358,2.48,1.73
2012.11.08 14:18:36.627,1.59325,1.59362,1.23,1.73
2012.11.08 14:18:37.348,1.59325,1.59359,1.23,1.73
2012.11.08 14:18:37.788,1.59325,1.59362,1.23,1.73
2012.11.08 14:18:39.049,1.59325,1.59358,1.23,1.73
2012.11.08 14:18:39.308,1.59323,1.59358,1.43,1.73
2012.11.08 14:18:39.382,1.59323,1.59362,1.43,1.73
2012.11.08 14:18:39.938,1.59324,1.59363,3.09,1.73
2012.11.08 14:18:39.998,1.59324,1.59363,3.09,1.73
2012.11.08 14:18:40.120,1.5933,1.59364,1.27,1.73
2012.11.08 14:18:40.559,1.59333,1.59368,1.35,1.73
2012.11.08 14:18:40.797,1.59332,1.59368,1.35,1.73
2012.11.08 14:18:40.977,1.59335,1.59373,1.73,1.73
2012.11.08 14:18:41.300,1.59335,1.59374,1.73,1.73
2012.11.08 14:18:44.717,1.5934,1.59375,1.73,1.73
2012.11.08 14:18:44.837,1.5934,1.59375,1.73,1.73
2012.11.08 14:18:49.086,1.59339,1.59379,3.02,1.73
2012.11.08 14:18:51.198,1.59339,1.59379,2.27,2.48
2012.11.08 14:18:52.824,1.59339,1.59379,2.27,3.23
2012.11.08 14:18:52.887,1.59339,1.59373,2.27,1.50
2012.11.08 14:18:52.950,1.59335,1.59373,1.73,1.73
2012.11.08 14:18:58.158,1.59335,1.59376,1.73,1.73
2012.11.08 14:18:58.338,1.59339,1.59378,2.02,1.73
2012.11.08 14:18:58.557,1.59339,1.59374,2.02,1.73
2012.11.08 14:18:58.749,1.59339,1.59378,2.02,1.73
2012.11.08 14:18:59.090,1.59339,1.59378,2.02,1.73
2012.11.08 14:18:59.147,1.59339,1.59374,2.02,1.73
2012.11.08 14:18:59.637,1.59335,1.59374,1.56,1.73
2012.11.08 14:19:10.528,1.59346,1.59377,1.50,1.73
2012.11.08 14:19:11.322,1.59343,1.59376,1.73,1.73
2012.11.08 14:19:13.389,1.59343,1.59378,1.73,2.22
2012.11.08 14:19:13.449,1.59347,1.59378,1.73,1.73
2012.11.08 14:19:14.084,1.5934,1.59373,1.63,1.73
2012.11.08 14:19:14.208,1.5934,1.59376,1.63,2.10
2012.11.08 14:19:14.458,1.5934,1.59373,1.63,1.73
2012.11.08 14:19:14.518,1.59337,1.59373,1.73,1.73
2012.11.08 14:19:15.657,1.59339,1.59376,1.73,2.48
2012.11.08 14:19:15.837,1.5934,1.59376,1.25,1.73
2012.11.08 14:19:17.179,1.59337,1.59373,1.73,1.73
2012.11.08 14:19:17.927,1.5934,1.59376,1.73,2.85
2012.11.08 14:19:17.998,1.5934,1.59376,1.73,2.85
2012.11.08 14:19:20.330,1.59339,1.59376,2.02,2.48
2012.11.08 14:19:20.467,1.59337,1.59374,1.73,1.73
2012.11.08 14:19:21.220,1.59334,1.59369,1.73,1.73
2012.11.08 14:19:22.207,1.59337,1.59369,1.50,2.07
2012.11.08 14:19:22.327,1.59337,1.59371,1.73,1.73
2012.11.08 14:19:25.378,1.59337,1.59369,1.73,1.73
2012.11.08 14:19:25.739,1.59327,1.59363,1.73,2.48
2012.11.08 14:19:26.698,1.59324,1.59359,2.48,1.73
2012.11.08 14:19:26.758,1.59324,1.59357,1.73,1.73
2012.11.08 14:19:28.727,1.59316,1.59353,1.73,2.48
2012.11.08 14:19:29.117,1.59316,1.59353,1.73,2.48
2012.11.08 14:19:29.237,1.59316,1.59353,1.73,2.48
2012.11.08 14:19:29.297,1.59316,1.59353,1.73,2.48
2012.11.08 14:19:29.418,1.59319,1.59353,1.73,1.73
2012.11.08 14:19:29.727,1.59319,1.59356,1.73,1.73
2012.11.08 14:19:31.706,1.59319,1.59358,1.73,3.23
2012.11.08 14:19:31.828,1.59319,1.59354,1.73,1.73
2012.11.08 14:19:32.443,1.59326,1.59358,1.56,1.50
2012.11.08 14:19:32.688,1.59328,1.59365,1.73,1.73
2012.11.08 14:19:33.317,1.59329,1.59364,1.73,1.73
2012.11.08 14:19:33.928,1.59328,1.59365,1.73,1.73
2012.11.08 14:19:34.487,1.59327,1.59362,1.73,1.73
2012.11.08 14:19:35.349,1.59325,1.59362,1.73,1.73
2012.11.08 14:19:35.408,1.59325,1.59362,2.27,1.73
2012.11.08 14:19:35.547,1.59325,1.59362,1.73,1.73
2012.11.08 14:19:36.140,1.59325,1.59362,1.73,1.73
2012.11.08 14:19:37.528,1.59325,1.59364,1.73,2.11
2012.11.08 14:19:37.590,1.59325,1.59362,1.73,1.73
2012.11.08 14:19:37.708,1.5933,1.59364,1.32,2.11
2012.11.08 14:19:38.579,1.5933,1.59365,1.73,1.73
2012.11.08 14:19:44.519,1.5933,1.59367,1.32,1.73
2012.11.08 14:19:44.639,1.5933,1.59366,1.65,1.50
2012.11.08 14:19:44.759,1.59336,1.59363,1.32,1.13
2012.11.08 14:19:45.274,1.59336,1.59361,1.32,2.85
2012.11.08 14:19:45.340,1.59331,1.59359,1.47,1.50
2012.11.08 14:19:45.647,1.59327,1.59359,1.47,1.50
2012.11.08 14:19:46.069,1.59322,1.59359,1.32,1.73
2012.11.08 14:19:49.599,1.59322,1.59358,2.31,1.73
2012.11.08 14:19:49.719,1.59322,1.59358,2.07,1.73
2012.11.08 14:19:54.184,1.59324,1.59358,1.36,1.50
2012.11.08 14:19:54.248,1.59326,1.59364,1.73,2.48
2012.11.08 14:19:54.549,1.59335,1.59371,1.73,1.35
2012.11.08 14:19:54.668,1.59334,1.59369,1.59,1.73
2012.11.08 14:19:54.788,1.59331,1.59369,2.07,1.73
2012.11.08 14:19:55.467,1.59331,1.59367,2.07,1.73
2012.11.08 14:19:55.527,1.59331,1.59367,2.07,1.73
2012.11.08 14:19:56.248,1.59327,1.59364,1.73,1.73
2012.11.08 14:19:56.487,1.59327,1.59362,1.73,1.35
2012.11.08 14:19:56.999,1.59325,1.59361,2.48,1.73
2012.11.08 14:19:57.197,1.59325,1.5936,1.73,1.35
2012.11.08 14:19:57.640,1.59325,1.59356,1.73,1.35
2012.11.08 14:19:58.000,1.59327,1.59354,1.73,1.13
2012.11.08 14:19:58.119,1.59325,1.59361,1.73,1.35
2012.11.08 14:19:58.660,1.59329,1.59357,1.73,1.35
2012.11.08 14:19:58.996,1.5933,1.59357,1.50,1.23
2012.11.08 14:20:00.078,1.5932,1.59354,3.15,1.61
2012.11.08 14:20:00.379,1.5933,1.59356,1.50,1.45
2012.11.08 14:20:00.560,1.59329,1.5936,1.73,1.73
2012.11.08 14:20:01.588,1.59327,1.59363,1.32,2.10
2012.11.08 14:20:01.895,1.59339,1.59365,1.50,1.52
2012.11.08 14:20:02.018,1.59336,1.59364,1.50,1.73
2012.11.08 14:20:02.638,1.59336,1.59371,1.73,1.73
2012.11.08 14:20:02.758,1.59338,1.59371,1.73,1.73
2012.11.08 14:20:03.598,1.59331,1.59369,1.73,2.48
2012.11.08 14:20:03.898,1.5933,1.5936,1.73,1.73
2012.11.08 14:20:03.958,1.59326,1.5936,1.73,1.73
2012.11.08 14:20:04.549,1.59326,1.5936,1.73,1.73
2012.11.08 14:20:04.609,1.59326,1.5936,1.73,1.73
2012.11.08 14:20:04.667,1.59331,1.59364,1.73,2.10
2012.11.08 14:20:05.421,1.59331,1.59364,1.73,1.73
2012.11.08 14:20:05.560,1.59331,1.59364,1.73,1.73
2012.11.08 14:20:06.068,1.59333,1.59364,1.73,1.73
2012.11.08 14:20:06.429,1.59333,1.59367,1.73,1.35
2012.11.08 14:20:06.490,1.59333,1.59367,1.73,1.35
2012.11.08 14:20:06.748,1.59333,1.59366,1.73,1.73
2012.11.08 14:20:09.620,1.59332,1.59364,1.73,1.73
2012.11.08 14:20:11.558,1.59332,1.59366,1.73,1.35
2012.11.08 14:20:11.860,1.59328,1.59361,1.73,1.13
2012.11.08 14:20:12.098,1.59328,1.59361,1.73,1.35
2012.11.08 14:20:12.287,1.59328,1.59362,1.73,1.35
2012.11.08 14:20:12.347,1.59328,1.59362,1.73,1.35
2012.11.08 14:20:15.938,1.59327,1.59358,1.73,1.50
2012.11.08 14:20:15.997,1.59325,1.59358,1.73,1.73
2012.11.08 14:20:17.175,1.59327,1.59358,1.50,2.48
2012.11.08 14:20:17.238,1.59328,1.59358,1.73,1.50
2012.11.08 14:20:18.217,1.59324,1.59357,1.73,1.73
2012.11.08 14:20:21.727,1.59328,1.59361,1.50,1.59
2012.11.08 14:20:21.787,1.59328,1.59366,1.73,1.73
2012.11.08 14:20:22.728,1.59324,1.59361,1.73,1.20
2012.11.08 14:20:23.688,1.59324,1.59361,1.73,1.20
2012.11.08 14:20:23.748,1.59324,1.59364,2.02,1.73
2012.11.08 14:20:24.717,1.59326,1.59365,1.73,1.73
2012.11.08 14:20:24.841,1.59325,1.59358,1.73,1.73
2012.11.08 14:20:25.668,1.59325,1.59361,1.73,1.73
2012.11.08 14:20:25.910,1.59328,1.59366,1.73,1.73
2012.11.08 14:20:27.388,1.59327,1.59366,1.73,1.73
2012.11.08 14:20:27.687,1.59325,1.59357,1.73,1.73
2012.11.08 14:20:28.507,1.5933,1.59364,1.50,1.50
2012.11.08 14:20:28.687,1.5933,1.59366,1.73,1.73
2012.11.08 14:20:29.358,1.59326,1.59366,1.73,1.73
2012.11.08 14:20:29.539,1.59326,1.59357,1.73,1.73
2012.11.08 14:20:30.358,1.59327,1.59361,1.50,1.41
2012.11.08 14:20:30.832,1.5933,1.59366,1.73,1.73
2012.11.08 14:20:31.472,1.59326,1.59358,1.73,1.50
2012.11.08 14:20:31.627,1.59326,1.59358,1.50,1.73
2012.11.08 14:20:32.449,1.59327,1.59362,1.50,2.22
2012.11.08 14:20:32.628,1.5933,1.59366,1.73,1.73
2012.11.08 14:20:33.382,1.59326,1.59366,1.73,1.73
2012.11.08 14:20:33.639,1.59326,1.59358,1.50,1.73
2012.11.08 14:20:41.266,1.59323,1.59358,1.73,1.73
2012.11.08 14:20:46.108,1.59324,1.59358,1.73,1.73
2012.11.08 14:20:46.227,1.59324,1.59361,1.73,1.73
2012.11.08 14:20:46.697,1.59329,1.59363,1.73,1.73
2012.11.08 14:20:46.878,1.59329,1.59364,1.73,1.73
2012.11.08 14:20:48.439,1.59332,1.59369,1.73,1.73
2012.11.08 14:20:48.619,1.59332,1.59369,1.73,1.73
2012.11.08 14:20:48.677,1.59335,1.59372,1.73,2.11
2012.11.08 14:20:49.038,1.59336,1.59373,2.02,1.73
2012.11.08 14:20:49.943,1.59336,1.59373,2.02,1.73
2012.11.08 14:20:50.008,1.59335,1.59369,1.73,1.73
2012.11.08 14:20:55.108,1.59329,1.59369,1.73,1.73
2012.11.08 14:20:56.929,1.59333,1.59369,1.73,1.73
2012.11.08 14:20:57.428,1.59333,1.59369,1.73,1.73
2012.11.08 14:20:57.848,1.59332,1.59369,1.32,1.73
2012.11.08 14:20:58.095,1.59329,1.59364,1.73,2.38
2012.11.08 14:20:58.164,1.59325,1.59362,1.73,1.73
2012.11.08 14:20:58.587,1.59327,1.59362,1.73,1.73
2012.11.08 14:20:58.648,1.59325,1.59361,1.32,1.73
2012.11.08 14:20:58.768,1.59328,1.59362,1.73,1.73
2012.11.08 14:20:59.393,1.59328,1.59358,1.50,1.56
2012.11.08 14:20:59.457,1.59325,1.59356,1.09,1.56
2012.11.08 14:20:59.523,1.59322,1.59355,1.73,1.73
2012.11.08 14:21:01.429,1.59322,1.59356,1.73,1.56
2012.11.08 14:21:01.489,1.59327,1.59362,1.73,1.73
2012.11.08 14:21:02.399,1.59324,1.59362,1.32,1.73
2012.11.08 14:21:02.937,1.59321,1.59354,1.73,1.73
2012.11.08 14:21:09.488,1.59321,1.59354,2.48,1.73
2012.11.08 14:21:10.028,1.59321,1.59354,1.73,1.73
2012.11.08 14:21:12.918,1.59322,1.59356,1.73,1.25
2012.11.08 14:21:13.037,1.59328,1.59359,1.73,1.73
2012.11.08 14:21:15.598,1.59323,1.59362,1.32,1.73
2012.11.08 14:21:15.777,1.59321,1.59355,1.73,2.00
2012.11.08 14:21:22.438,1.59323,1.59355,1.73,1.25
2012.11.08 14:21:22.617,1.59327,1.5936,1.73,1.73
2012.11.08 14:21:22.857,1.59329,1.59364,1.73,3.09
2012.11.08 14:21:23.478,1.59326,1.59361,1.73,2.20
2012.11.08 14:21:24.032,1.59326,1.59361,1.73,1.45
2012.11.08 14:21:24.104,1.5933,1.59366,1.73,1.73
2012.11.08 14:21:24.658,1.5933,1.59366,1.73,1.73
2012.11.08 14:21:24.720,1.5933,1.59363,1.73,1.35
2012.11.08 14:21:25.079,1.5933,1.5936,1.50,1.41
2012.11.08 14:21:25.398,1.5933,1.59366,1.73,2.48
2012.11.08 14:21:25.458,1.5933,1.59368,2.07,1.73
2012.11.08 14:21:33.438,1.59336,1.59373,1.73,2.48
2012.11.08 14:21:33.739,1.59337,1.59368,1.50,1.27
2012.11.08 14:21:33.987,1.59337,1.59374,1.73,2.25
2012.11.08 14:21:34.540,1.59342,1.59375,1.73,1.59
2012.11.08 14:21:34.738,1.59343,1.59377,1.36,1.73
2012.11.08 14:21:35.098,1.59342,1.59377,1.73,1.73
2012.11.08 14:21:35.880,1.59338,1.59373,1.73,1.73
2012.11.08 14:21:36.119,1.59336,1.59373,2.25,1.73
2012.11.08 14:21:36.240,1.59336,1.59373,2.25,2.48
2012.11.08 14:21:36.358,1.59342,1.59375,2.10,1.32
2012.11.08 14:21:36.478,1.59339,1.59376,1.73,1.73
2012.11.08 14:21:37.117,1.59338,1.59373,1.35,1.73
2012.11.08 14:21:37.193,1.59333,1.59369,2.48,1.73
2012.11.08 14:21:38.068,1.59329,1.59363,1.73,1.73
2012.11.08 14:21:38.379,1.59329,1.59363,1.73,1.73
2012.11.08 14:21:41.859,1.59334,1.59367,1.32,1.43
2012.11.08 14:21:42.038,1.59336,1.59368,1.27,1.73
2012.11.08 14:21:42.248,1.59336,1.59372,2.02,2.93
2012.11.08 14:21:43.648,1.59336,1.59363,1.27,1.50
2012.11.08 14:21:43.770,1.59335,1.59368,1.73,1.73
2012.11.08 14:21:44.489,1.59329,1.59367,2.10,1.73
2012.11.08 14:21:44.607,1.59329,1.59367,2.10,2.48
2012.11.08 14:21:44.728,1.59329,1.59367,1.73,1.73
2012.11.08 14:21:44.908,1.59334,1.59368,1.73,1.73
2012.11.08 14:21:45.744,1.59331,1.59368,1.36,1.73
2012.11.08 14:21:46.688,1.59332,1.5937,1.73,1.73
2012.11.08 14:21:46.747,1.5933,1.59362,1.73,1.73
2012.11.08 14:21:47.767,1.59326,1.59363,1.73,1.73
2012.11.08 14:21:48.078,1.59327,1.59362,1.73,1.73
2012.11.08 14:21:49.838,1.59327,1.59361,1.32,1.73
2012.11.08 14:21:50.641,1.5933,1.59365,1.32,1.73
2012.11.08 14:21:50.879,1.5933,1.59364,1.32,1.73
2012.11.08 14:21:50.997,1.59326,1.59362,3.23,1.73
2012.11.08 14:21:51.298,1.59325,1.59363,1.73,2.48
2012.11.08 14:21:51.840,1.59326,1.59362,1.73,1.73
2012.11.08 14:21:53.518,1.59326,1.59364,1.73,1.73
2012.11.08 14:21:53.601,1.59326,1.59362,1.73,1.73
2012.11.08 14:21:54.338,1.59333,1.59365,1.73,1.61
2012.11.08 14:21:54.937,1.59332,1.59365,1.73,1.61
2012.11.08 14:21:55.487,1.5933,1.59363,1.73,1.73
2012.11.08 14:21:56.988,1.59328,1.59363,1.73,1.73
2012.11.08 14:21:57.258,1.59332,1.5937,1.73,1.73
2012.11.08 14:21:58.149,1.59331,1.5937,2.18,1.73
2012.11.08 14:21:58.435,1.59331,1.59363,1.73,1.73
2012.11.08 14:21:59.417,1.59333,1.59368,1.73,1.73
2012.11.08 14:21:59.968,1.59331,1.59369,1.38,1.73
2012.11.08 14:22:00.429,1.59331,1.59369,1.38,1.73
2012.11.08 14:22:00.548,1.5933,1.59362,1.73,1.73
2012.11.08 14:22:01.917,1.5933,1.59365,1.73,1.73
2012.11.08 14:22:02.159,1.59331,1.59368,1.59,1.73
2012.11.08 14:22:03.358,1.59333,1.59368,1.73,1.73
2012.11.08 14:22:03.598,1.59329,1.59363,2.10,1.73
2012.11.08 14:22:03.658,1.59329,1.59362,1.35,1.73
2012.11.08 14:22:03.837,1.59324,1.59358,1.73,1.73
2012.11.08 14:22:04.078,1.59326,1.59358,1.73,1.73
2012.11.08 14:22:07.677,1.59327,1.59358,1.73,1.73
2012.11.08 14:22:07.798,1.59329,1.59359,1.73,1.73
2012.11.08 14:22:09.158,1.59329,1.59362,1.73,1.73
2012.11.08 14:22:09.398,1.59335,1.59365,1.73,1.73
2012.11.08 14:22:09.458,1.59336,1.59367,1.73,1.73
2012.11.08 14:22:10.037,1.59339,1.59368,1.73,1.73
2012.11.08 14:22:10.903,1.59339,1.59373,1.35,1.73
2012.11.08 14:22:11.077,1.59338,1.59365,1.35,1.73
2012.11.08 14:22:11.453,1.59341,1.59368,1.73,1.73
2012.11.08 14:22:13.308,1.59336,1.59368,1.73,1.73
2012.11.08 14:22:16.158,1.59331,1.59363,2.36,1.50
2012.11.08 14:22:16.689,1.59331,1.59359,1.61,1.50
2012.11.08 14:22:17.000,1.59321,1.5935,2.48,1.73
2012.11.08 14:22:17.178,1.59323,1.59352,2.10,1.73
2012.11.08 14:22:17.507,1.59326,1.59364,2.16,1.73
2012.11.08 14:22:18.187,1.59327,1.59364,1.63,1.73
2012.11.08 14:22:18.529,1.59325,1.59354,1.45,1.50
2012.11.08 14:22:18.651,1.59327,1.59354,1.73,1.50
2012.11.08 14:22:19.018,1.59326,1.59354,1.73,1.73
2012.11.08 14:22:19.523,1.59325,1.59357,1.61,1.50
2012.11.08 14:22:22.618,1.59332,1.59364,1.73,1.73
2012.11.08 14:22:22.983,1.59333,1.59369,1.41,1.73
2012.11.08 14:22:23.230,1.59332,1.59363,1.73,1.73
2012.11.08 14:22:23.411,1.59327,1.59364,1.69,1.73
2012.11.08 14:22:24.207,1.59334,1.59368,1.45,1.73
2012.11.08 14:22:25.700,1.59332,1.59361,1.45,1.50
2012.11.08 14:22:25.878,1.59325,1.59363,1.20,1.73
2012.11.08 14:22:25.938,1.59325,1.59354,1.20,1.50
2012.11.08 14:22:26.058,1.59323,1.59354,1.32,1.73
2012.11.08 14:22:26.119,1.5932,1.59356,1.73,1.73
2012.11.08 14:22:26.238,1.59319,1.59356,1.34,1.73
2012.11.08 14:22:26.358,1.59323,1.59359,1.54,1.73
2012.11.08 14:22:26.659,1.59323,1.59359,1.54,3.15
2012.11.08 14:22:27.638,1.59323,1.59358,1.54,1.95
2012.11.08 14:22:29.768,1.59318,1.59354,1.45,1.73
2012.11.08 14:22:30.098,1.59318,1.59356,1.45,2.93
2012.11.08 14:22:30.177,1.59318,1.59353,1.45,1.73
2012.11.08 14:22:31.317,1.59318,1.59353,2.20,1.73
2012.11.08 14:22:31.508,1.59323,1.59356,1.32,1.73
2012.11.08 14:22:31.569,1.59325,1.59356,1.34,1.50
2012.11.08 14:22:31.688,1.59325,1.59356,1.34,1.50
2012.11.08 14:22:32.527,1.59323,1.59353,1.32,1.73
2012.11.08 14:22:33.609,1.59323,1.59356,1.32,1.73
2012.11.08 14:22:33.847,1.59326,1.59358,1.47,1.73
2012.11.08 14:22:34.728,1.59326,1.59354,1.47,1.50
2012.11.08 14:22:34.847,1.59323,1.59354,1.32,1.73
2012.11.08 14:22:36.198,1.59323,1.59356,1.32,1.73
2012.11.08 14:22:36.669,1.59325,1.59358,1.52,1.73
2012.11.08 14:22:37.098,1.59322,1.59351,1.47,1.50
2012.11.08 14:22:37.278,1.59317,1.59348,1.25,1.50
2012.11.08 14:22:37.578,1.59312,1.59354,2.07,1.73
2012.11.08 14:22:37.697,1.59315,1.59354,1.54,1.73
2012.11.08 14:22:38.629,1.59311,1.59349,1.73,1.73
2012.11.08 14:22:38.727,1.59311,1.59353,1.73,1.73
2012.11.08 14:22:39.812,1.59315,1.59353,1.23,1.73
2012.11.08 14:22:40.140,1.59311,1.59353,2.09,1.73
2012.11.08 14:22:40.959,1.59311,1.59348,2.09,1.73
2012.11.08 14:22:41.691,1.59321,1.59353,1.73,1.73
2012.11.08 14:22:41.811,1.59321,1.59354,1.73,1.73
2012.11.08 14:22:42.452,1.59318,1.59354,2.04,1.73
2012.11.08 14:22:45.840,1.5932,1.59354,1.73,2.63
2012.11.08 14:22:46.370,1.59311,1.59348,1.35,1.73
2012.11.08 14:22:49.189,1.5931,1.59354,1.63,2.63
2012.11.08 14:22:49.799,1.5931,1.59349,1.56,1.73
2012.11.08 14:22:49.917,1.59312,1.59353,1.35,1.73
2012.11.08 14:22:50.191,1.59312,1.59349,1.35,1.73
2012.11.08 14:22:51.507,1.59316,1.59349,1.73,1.73
2012.11.08 14:22:51.568,1.59319,1.59354,1.41,1.73
2012.11.08 14:22:51.629,1.59319,1.59354,1.41,1.73
2012.11.08 14:22:51.688,1.59319,1.59362,1.41,2.03
2012.11.08 14:22:52.048,1.59326,1.59354,1.25,1.50
2012.11.08 14:22:52.107,1.59318,1.59354,2.29,1.73
2012.11.08 14:22:53.098,1.59318,1.59359,2.29,3.38
2012.11.08 14:22:53.297,1.59326,1.59359,1.56,1.50
2012.11.08 14:22:54.998,1.59326,1.59362,1.56,3.08
2012.11.08 14:22:55.549,1.59326,1.59353,1.56,1.50
2012.11.08 14:22:55.967,1.59319,1.59354,1.47,1.73
2012.11.08 14:22:59.101,1.59319,1.59359,1.47,1.73
2012.11.08 14:22:59.292,1.59319,1.59354,1.27,1.73
2012.11.08 14:23:01.713,1.59321,1.59354,1.32,1.73
2012.11.08 14:23:04.488,1.59318,1.59354,1.59,1.73
2012.11.08 14:23:05.700,1.59318,1.59358,1.59,1.73
2012.11.08 14:23:06.127,1.59323,1.59354,2.10,1.73
2012.11.08 14:23:06.189,1.59324,1.59354,1.32,1.73
2012.11.08 14:23:06.249,1.59325,1.59358,1.54,1.73
2012.11.08 14:23:06.777,1.59325,1.59358,1.54,1.73
2012.11.08 14:23:10.758,1.59325,1.59364,1.54,2.48
2012.11.08 14:23:11.275,1.59325,1.59358,1.54,1.73
2012.11.08 14:23:11.680,1.59331,1.59365,1.73,2.63
2012.11.08 14:23:11.800,1.59333,1.59368,1.45,1.73
2012.11.08 14:23:12.370,1.59333,1.59367,1.45,2.48
2012.11.08 14:23:14.447,1.59333,1.59374,1.45,2.70
2012.11.08 14:23:14.534,1.59333,1.5937,1.45,2.63
2012.11.08 14:23:14.599,1.59326,1.59364,2.16,1.73
2012.11.08 14:23:19.395,1.59326,1.59369,2.16,1.73
2012.11.08 14:23:19.749,1.59327,1.59369,1.41,1.73
2012.11.08 14:23:20.199,1.59335,1.5937,1.38,2.63
2012.11.08 14:23:20.258,1.59335,1.59374,1.38,2.70
2012.11.08 14:23:20.975,1.59343,1.59374,1.43,2.55
2012.11.08 14:23:21.038,1.59334,1.59374,2.02,2.55
2012.11.08 14:23:21.298,1.59334,1.59369,2.02,1.50
2012.11.08 14:23:21.358,1.59334,1.59369,2.02,1.50
2012.11.08 14:23:21.598,1.59327,1.59369,3.66,1.73
2012.11.08 14:23:29.797,1.59326,1.59368,2.70,1.73
2012.11.08 14:23:30.038,1.59334,1.59368,1.50,1.73
2012.11.08 14:23:30.158,1.59334,1.59368,1.50,1.73
2012.11.08 14:23:30.278,1.59328,1.59364,1.63,1.73
2012.11.08 14:23:30.901,1.59336,1.59364,1.29,1.50
2012.11.08 14:23:31.078,1.59336,1.59374,1.29,2.89
2012.11.08 14:23:31.718,1.59336,1.59373,1.29,1.73
2012.11.08 14:23:31.912,1.59333,1.59369,1.73,1.73
2012.11.08 14:23:31.968,1.5933,1.59363,1.73,1.73
2012.11.08 14:23:33.460,1.59329,1.59363,1.32,1.73
2012.11.08 14:23:36.458,1.59329,1.59363,1.32,1.73
2012.11.08 14:23:37.000,1.59329,1.59363,1.32,1.73
2012.11.08 14:23:37.501,1.59327,1.59355,1.32,1.50
2012.11.08 14:23:37.739,1.5932,1.59355,1.56,1.73
2012.11.08 14:23:37.981,1.59321,1.59348,1.73,1.50
2012.11.08 14:23:38.158,1.59321,1.59355,1.73,1.73
2012.11.08 14:23:38.409,1.59324,1.59354,1.35,1.73
2012.11.08 14:23:38.468,1.59322,1.59354,1.27,1.50
2012.11.08 14:23:38.588,1.5932,1.59354,3.23,1.73
2012.11.08 14:23:38.888,1.59318,1.59356,1.73,1.73
2012.11.08 14:23:39.248,1.59326,1.59359,1.47,1.73
2012.11.08 14:23:39.968,1.59326,1.59353,2.22,1.50
2012.11.08 14:23:40.088,1.59326,1.59353,1.73,1.73
2012.11.08 14:23:42.167,1.59326,1.59353,1.59,1.50
2012.11.08 14:23:42.698,1.59327,1.59362,1.73,1.73
2012.11.08 14:23:43.218,1.59326,1.59354,2.34,1.50
2012.11.08 14:23:43.277,1.59326,1.59354,1.73,1.73
2012.11.08 14:23:46.188,1.5932,1.59359,1.73,2.25
2012.11.08 14:23:46.248,1.59323,1.59359,1.29,1.73
2012.11.08 14:23:48.831,1.59323,1.59359,1.29,1.73
2012.11.08 14:23:49.008,1.5932,1.59353,3.23,1.73
2012.11.08 14:23:51.178,1.59318,1.59353,2.48,1.73
2012.11.08 14:23:55.000,1.5932,1.59353,1.45,1.73
2012.11.08 14:24:01.931,1.59326,1.59357,1.73,1.73
2012.11.08 14:24:02.167,1.59329,1.59359,1.25,1.50
2012.11.08 14:24:03.598,1.59326,1.59353,1.73,1.73
2012.11.08 14:24:04.100,1.59324,1.59353,1.35,1.73
2012.11.08 14:24:06.398,1.59318,1.59351,2.46,1.50
2012.11.08 14:24:06.459,1.59316,1.59344,1.73,1.73
2012.11.08 14:24:06.638,1.59313,1.59348,2.34,1.73
2012.11.08 14:24:06.998,1.59314,1.59344,1.73,1.50
2012.11.08 14:24:11.648,1.59312,1.59341,1.79,1.50
2012.11.08 14:24:11.767,1.59312,1.59348,1.79,1.73
2012.11.08 14:24:16.320,1.59314,1.59344,1.50,1.50
2012.11.08 14:24:16.438,1.59312,1.59344,1.79,1.50
2012.11.08 14:24:21.321,1.59312,1.59346,1.79,1.73
2012.11.08 14:24:21.499,1.59312,1.59349,1.79,1.73
2012.11.08 14:24:21.620,1.59316,1.59349,1.29,1.73
2012.11.08 14:24:21.978,1.59311,1.59348,1.73,1.73
2012.11.08 14:24:22.218,1.59307,1.59341,1.59,1.73
2012.11.08 14:24:22.748,1.59308,1.59339,1.63,1.73
2012.11.08 14:24:23.427,1.59308,1.59339,1.63,1.73
2012.11.08 14:24:26.308,1.59312,1.59343,1.38,1.50
2012.11.08 14:24:26.429,1.59308,1.5934,1.54,1.73
2012.11.08 14:24:39.448,1.59307,1.59338,1.54,1.50
2012.11.08 14:24:40.008,1.59308,1.59336,1.54,1.13
2012.11.08 14:24:40.068,1.59305,1.59336,1.32,1.35
2012.11.08 14:24:40.431,1.59301,1.59331,1.52,1.50
2012.11.08 14:24:40.741,1.59297,1.59327,2.60,1.50
2012.11.08 14:24:40.799,1.59297,1.59327,2.10,1.73
2012.11.08 14:24:40.978,1.59295,1.59323,1.35,1.50
2012.11.08 14:24:41.038,1.59295,1.59323,1.35,1.73
2012.11.08 14:24:41.539,1.59289,1.59324,1.73,1.73
2012.11.08 14:24:42.360,1.59291,1.59326,1.73,1.73
2012.11.08 14:24:42.478,1.59291,1.59327,3.23,1.73
2012.11.08 14:24:42.838,1.59301,1.59331,1.50,1.45
2012.11.08 14:24:43.138,1.59301,1.59338,1.73,1.25
2012.11.08 14:24:43.260,1.59303,1.59339,1.73,1.73
2012.11.08 14:24:44.200,1.59306,1.5934,1.73,1.73
2012.11.08 14:24:44.892,1.59302,1.59337,1.63,1.73
2012.11.08 14:24:45.561,1.59301,1.59337,1.73,1.73
2012.11.08 14:24:45.888,1.59297,1.59329,1.52,1.50
2012.11.08 14:24:46.008,1.59296,1.59329,1.73,1.73
2012.11.08 14:24:46.128,1.59294,1.59329,2.10,1.73
2012.11.08 14:24:46.697,1.59296,1.59329,1.73,1.73
2012.11.08 14:24:49.869,1.59296,1.59329,1.73,1.73
2012.11.08 14:24:50.241,1.59294,1.59329,1.35,1.73
2012.11.08 14:24:50.841,1.59296,1.59329,1.73,1.73
2012.11.08 14:24:53.378,1.59302,1.59336,1.73,1.73
2012.11.08 14:24:54.118,1.59299,1.59336,1.47,1.73
2012.11.08 14:24:54.448,1.59297,1.59329,2.22,1.50
2012.11.08 14:24:54.569,1.59297,1.59329,2.22,1.50
2012.11.08 14:24:54.760,1.59297,1.59329,1.73,1.73
2012.11.08 14:24:57.640,1.59297,1.59329,1.73,1.73
2012.11.08 14:24:57.997,1.59299,1.59336,2.11,1.73
2012.11.08 14:24:58.298,1.59299,1.59336,2.11,1.73
2012.11.08 14:24:58.799,1.59299,1.59336,1.73,1.73
2012.11.08 14:24:58.869,1.59299,1.59336,1.73,1.73
2012.11.08 14:24:59.388,1.593,1.59336,1.38,1.73
2012.11.08 14:25:02.095,1.59301,1.59336,1.73,1.73
2012.11.08 14:25:02.240,1.59302,1.59336,1.73,1.73
2012.11.08 14:25:02.371,1.59302,1.59336,1.73,1.73
2012.11.08 14:25:02.488,1.59302,1.59336,1.73,1.73
2012.11.08 14:25:02.829,1.59301,1.59336,1.73,1.73
2012.11.08 14:25:04.378,1.59306,1.59338,1.73,1.73
2012.11.08 14:25:04.498,1.59306,1.59343,2.48,2.07
2012.11.08 14:25:04.678,1.59311,1.59342,1.73,1.73
2012.11.08 14:25:04.738,1.59311,1.59343,1.73,2.07
2012.11.08 14:25:06.378,1.59315,1.59345,1.73,1.73
2012.11.08 14:25:06.498,1.59315,1.59346,1.73,1.35
2012.11.08 14:25:06.808,1.59311,1.59345,1.73,1.73
2012.11.08 14:25:08.898,1.59312,1.59346,1.73,1.73
2012.11.08 14:25:09.019,1.59314,1.59348,1.73,1.73
2012.11.08 14:25:09.833,1.59314,1.59348,1.73,1.73
2012.11.08 14:25:10.599,1.59314,1.59348,2.62,1.73
2012.11.08 14:25:10.901,1.59314,1.59338,1.13,1.73
2012.11.08 14:25:11.160,1.59314,1.59346,1.35,2.85
2012.11.08 14:25:11.338,1.59315,1.59348,1.73,2.34
2012.11.08 14:25:11.700,1.59317,1.59349,1.73,1.59
2012.11.08 14:25:11.760,1.59317,1.59349,1.73,2.34
2012.11.08 14:25:11.938,1.59316,1.59348,1.73,1.59
2012.11.08 14:25:12.078,1.59317,1.59348,1.73,1.59
2012.11.08 14:25:12.480,1.59319,1.59349,1.45,1.50
2012.11.08 14:25:13.050,1.59319,1.59353,1.45,1.73
2012.11.08 14:25:17.768,1.59319,1.59356,1.45,1.73
2012.11.08 14:25:18.028,1.5932,1.59359,1.73,1.73
2012.11.08 14:25:18.170,1.59325,1.59359,1.61,1.73
2012.11.08 14:25:20.189,1.59325,1.59355,1.61,1.50
2012.11.08 14:25:20.488,1.59325,1.59359,1.61,1.73
2012.11.08 14:25:20.608,1.59329,1.59359,1.43,1.50
2012.11.08 14:25:21.728,1.59329,1.59364,1.43,2.07
2012.11.08 14:25:23.084,1.59329,1.59359,1.63,1.09
2012.11.08 14:25:23.268,1.59319,1.59354,1.20,1.73
2012.11.08 14:25:23.388,1.59319,1.59358,1.20,1.32
2012.11.08 14:25:23.809,1.59325,1.59358,1.27,1.32
2012.11.08 14:25:23.938,1.59326,1.59359,1.43,2.07
2012.11.08 14:25:24.569,1.59326,1.59359,1.43,1.73
2012.11.08 14:25:25.958,1.59324,1.59359,1.73,1.73
2012.11.08 14:25:26.518,1.59326,1.59362,2.34,1.73
2012.11.08 14:25:26.639,1.59326,1.59362,1.73,2.25
2012.11.08 14:25:26.758,1.59329,1.59362,1.32,1.73
2012.11.08 14:25:27.519,1.59329,1.59361,1.32,2.25
2012.11.08 14:25:27.578,1.59325,1.59361,2.07,2.48
2012.11.08 14:25:28.139,1.59325,1.59358,1.32,1.73
2012.11.08 14:25:28.198,1.59325,1.59355,1.32,1.50
2012.11.08 14:25:28.778,1.59321,1.59355,1.73,2.48
2012.11.08 14:25:31.088,1.59321,1.59355,1.73,2.48
2012.11.08 14:25:31.761,1.59318,1.59349,1.29,1.50
2012.11.08 14:25:31.879,1.59316,1.59349,1.54,1.73
2012.11.08 14:25:32.178,1.59316,1.59349,1.54,1.73
2012.11.08 14:25:32.497,1.59318,1.59354,1.63,1.73
2012.11.08 14:25:33.259,1.59318,1.59349,1.63,1.50
2012.11.08 14:25:33.649,1.59316,1.59354,1.52,1.73
2012.11.08 14:25:33.851,1.59321,1.59354,1.54,1.73
2012.11.08 14:25:37.849,1.5932,1.59353,1.73,1.73
2012.11.08 14:25:45.088,1.59318,1.59354,1.52,1.73
2012.11.08 14:25:46.568,1.5932,1.59354,1.29,1.73
2012.11.08 14:25:49.498,1.5932,1.59349,1.29,1.50
2012.11.08 14:25:49.558,1.59318,1.59349,1.41,1.50
2012.11.08 14:25:50.119,1.59321,1.59353,1.32,1.73
2012.11.08 14:25:51.679,1.59318,1.59354,1.61,1.73
2012.11.08 14:25:55.719,1.59318,1.59349,1.61,1.50
2012.11.08 14:25:56.278,1.59318,1.59353,1.61,1.73
2012.11.08 14:25:57.046,1.59318,1.59348,1.61,1.50
2012.11.08 14:25:57.111,1.59315,1.59348,1.32,1.73
2012.11.08 14:25:58.148,1.59315,1.59345,1.32,1.50
2012.11.08 14:26:00.188,1.59315,1.59348,1.32,1.73
2012.11.08 14:26:00.718,1.59319,1.5935,1.59,1.50
2012.11.08 14:26:01.137,1.59319,1.59348,1.59,1.50
2012.11.08 14:26:01.258,1.59315,1.59348,1.29,1.73
2012.11.08 14:26:04.148,1.59315,1.59345,1.29,1.50
2012.11.08 14:26:04.780,1.59315,1.59348,1.29,1.73
2012.11.08 14:26:06.179,1.59312,1.59343,2.04,1.50
2012.11.08 14:26:06.539,1.59311,1.59343,1.29,1.50
2012.11.08 14:26:06.659,1.59315,1.59351,1.29,2.07
2012.11.08 14:26:06.719,1.59315,1.59343,1.29,1.50
2012.11.08 14:26:06.778,1.59315,1.59343,1.29,1.50
2012.11.08 14:26:06.838,1.59315,1.59351,2.04,1.32
2012.11.08 14:26:07.721,1.59321,1.5935,1.50,1.73
2012.11.08 14:26:07.849,1.59321,1.59352,1.50,1.61
2012.11.08 14:26:07.910,1.59321,1.59354,2.27,1.73
2012.11.08 14:26:09.558,1.59317,1.5935,1.52,1.50
2012.11.08 14:26:09.921,1.59317,1.59343,1.52,1.50
2012.11.08 14:26:10.099,1.59311,1.59343,1.41,1.73
2012.11.08 14:26:11.752,1.59311,1.59343,1.41,1.73
2012.11.08 14:26:13.351,1.59316,1.59346,1.73,1.73
2012.11.08 14:26:14.678,1.59311,1.59342,1.41,1.73
2012.11.08 14:26:14.800,1.59307,1.59342,1.73,1.73
2012.11.08 14:26:15.189,1.59305,1.59338,2.02,1.73
2012.11.08 14:26:15.248,1.59305,1.59336,1.73,1.73
2012.11.08 14:26:17.302,1.59301,1.59337,1.73,1.73
2012.11.08 14:26:17.998,1.59299,1.59331,1.73,1.73
2012.11.08 14:26:18.158,1.59301,1.59333,1.73,1.73
2012.11.08 14:26:18.461,1.59306,1.59336,1.73,1.73
2012.11.08 14:26:18.818,1.59317,1.59346,1.54,2.63
2012.11.08 14:26:18.939,1.59316,1.59349,1.54,1.73
2012.11.08 14:26:19.000,1.59317,1.59349,1.54,1.73
2012.11.08 14:26:21.288,1.59317,1.59352,1.54,2.48
2012.11.08 14:26:21.471,1.59313,1.59349,2.04,1.73
2012.11.08 14:26:21.979,1.59313,1.59344,1.73,1.73
2012.11.08 14:26:22.158,1.59309,1.59343,2.07,1.73
2012.11.08 14:26:23.918,1.59309,1.59343,2.56,1.73
2012.11.08 14:26:24.218,1.59313,1.59344,1.73,1.73
2012.11.08 14:26:24.279,1.59313,1.59348,1.73,1.73
2012.11.08 14:26:24.638,1.59317,1.59351,1.23,1.73
2012.11.08 14:26:27.049,1.59321,1.59357,1.27,2.48
2012.11.08 14:26:28.039,1.59321,1.59353,1.27,1.50
2012.11.08 14:26:28.393,1.59327,1.59353,1.52,1.50
2012.11.08 14:26:30.018,1.59325,1.59353,1.54,1.50
2012.11.08 14:26:30.259,1.59325,1.59357,1.54,1.73
2012.11.08 14:26:31.520,1.59325,1.59358,1.54,1.73
2012.11.08 14:26:31.819,1.59327,1.59362,1.34,1.73
2012.11.08 14:26:32.488,1.59325,1.59362,1.43,1.73
2012.11.08 14:26:33.074,1.59325,1.59358,1.43,1.73
2012.11.08 14:26:34.368,1.59325,1.59362,1.43,1.73
2012.11.08 14:26:34.706,1.59327,1.59362,1.25,1.73
2012.11.08 14:26:35.938,1.59327,1.59358,1.25,1.50
2012.11.08 14:26:36.058,1.59323,1.59354,1.73,1.73
2012.11.08 14:26:37.708,1.5932,1.59354,1.73,1.73
2012.11.08 14:26:37.955,1.59321,1.59354,1.73,1.73
2012.11.08 14:26:39.048,1.59321,1.59354,1.73,1.73
2012.11.08 14:26:40.219,1.59322,1.59354,1.73,1.73
2012.11.08 14:26:40.848,1.59319,1.59354,1.73,1.73
2012.11.08 14:26:41.638,1.59317,1.59354,1.73,1.73
2012.11.08 14:26:41.759,1.59319,1.59354,1.73,1.73
2012.11.08 14:26:41.940,1.59315,1.59353,2.36,1.73
2012.11.08 14:26:41.999,1.59315,1.5935,1.61,1.73
2012.11.08 14:26:42.419,1.59312,1.59349,1.35,1.73
2012.11.08 14:26:42.479,1.5931,1.59349,1.73,1.73
2012.11.08 14:26:42.659,1.5931,1.59345,1.73,1.73
2012.11.08 14:26:42.719,1.5931,1.59345,1.73,1.73
2012.11.08 14:26:42.899,1.59311,1.59348,1.73,1.43
2012.11.08 14:26:43.039,1.59311,1.59349,1.73,1.73
2012.11.08 14:26:44.419,1.59309,1.59345,1.73,1.20
2012.11.08 14:26:44.998,1.59308,1.59347,1.73,1.73
2012.11.08 14:26:46.569,1.59312,1.59348,2.48,1.73
2012.11.08 14:26:47.049,1.59307,1.59344,1.73,1.73
2012.11.08 14:26:47.380,1.59307,1.59348,1.73,2.61
2012.11.08 14:26:47.560,1.59309,1.59348,2.62,1.32
2012.11.08 14:26:47.799,1.59311,1.59347,1.35,1.73
2012.11.08 14:26:48.512,1.59309,1.59344,1.73,1.73
2012.11.08 14:26:49.009,1.59308,1.59342,1.73,1.73
2012.11.08 14:26:49.129,1.59302,1.59339,1.73,1.73
2012.11.08 14:26:49.929,1.59307,1.59338,1.73,1.73
2012.11.08 14:26:50.468,1.59309,1.59339,1.35,1.73
2012.11.08 14:26:52.668,1.59301,1.59343,1.73,2.48
2012.11.08 14:26:52.849,1.59306,1.59344,1.73,1.73
2012.11.08 14:26:56.908,1.59305,1.59344,1.95,1.73
2012.11.08 14:26:57.028,1.59305,1.59337,1.73,1.73
2012.11.08 14:26:57.728,1.59302,1.59342,1.73,1.98
2012.11.08 14:26:57.789,1.59306,1.59343,1.27,1.73
2012.11.08 14:26:58.095,1.59306,1.59342,1.27,1.73
2012.11.08 14:26:58.220,1.59303,1.59335,1.47,1.84
2012.11.08 14:26:58.458,1.59301,1.59333,1.47,1.50
2012.11.08 14:26:58.578,1.59303,1.59333,1.47,1.50
2012.11.08 14:26:59.000,1.59297,1.59333,1.73,1.73
2012.11.08 14:27:00.353,1.593,1.59335,1.73,1.73
2012.11.08 14:27:00.912,1.593,1.59335,1.73,1.73
2012.11.08 14:27:01.418,1.593,1.59336,1.73,1.73
2012.11.08 14:27:01.602,1.593,1.59335,1.73,1.73
2012.11.08 14:27:08.149,1.59297,1.59335,1.73,1.73
2012.11.08 14:27:08.208,1.59297,1.59335,1.73,1.73
2012.11.08 14:27:08.340,1.59297,1.59335,1.73,1.73
2012.11.08 14:27:08.458,1.59297,1.59335,1.73,1.73
2012.11.08 14:27:11.909,1.59296,1.59334,3.29,1.73
2012.11.08 14:27:12.089,1.59293,1.59329,2.85,1.73
2012.11.08 14:27:12.439,1.59294,1.59329,1.73,1.73
2012.11.08 14:27:12.889,1.59294,1.59329,1.35,1.73
2012.11.08 14:27:13.129,1.59292,1.59327,1.73,1.73
2012.11.08 14:27:13.498,1.59292,1.59329,2.02,1.73
2012.11.08 14:27:15.749,1.59295,1.59333,1.73,1.73
2012.11.08 14:27:15.809,1.59295,1.59333,1.73,1.73
2012.11.08 14:27:18.908,1.59295,1.59333,1.73,1.73
2012.11.08 14:27:21.929,1.59295,1.59333,1.73,1.73
2012.11.08 14:27:22.656,1.59295,1.59333,1.73,1.73
2012.11.08 14:27:24.330,1.59295,1.59333,1.73,1.73
2012.11.08 14:27:24.949,1.59295,1.59334,1.73,1.73
2012.11.08 14:27:25.009,1.59294,1.59328,1.58,1.73
2012.11.08 14:27:25.129,1.59294,1.59323,1.20,1.50
2012.11.08 14:27:25.193,1.59292,1.59323,1.73,1.50
2012.11.08 14:27:25.259,1.59292,1.59323,1.73,1.73
2012.11.08 14:27:25.618,1.5929,1.59323,1.35,2.48
2012.11.08 14:27:26.729,1.5929,1.59323,1.73,2.48
2012.11.08 14:27:27.128,1.5929,1.59325,1.73,1.50
2012.11.08 14:27:27.249,1.59294,1.59326,1.35,1.73
2012.11.08 14:27:27.999,1.59294,1.59328,2.10,1.73
2012.11.08 14:27:28.084,1.5929,1.59328,1.73,1.73
2012.11.08 14:27:28.398,1.59293,1.5932,1.35,1.50
2012.11.08 14:27:28.459,1.59293,1.5932,1.13,1.73
2012.11.08 14:27:28.708,1.5929,1.5932,1.73,1.73
2012.11.08 14:27:29.711,1.5929,1.59322,1.73,1.73
2012.11.08 14:27:30.519,1.59294,1.59322,1.13,1.73
2012.11.08 14:27:30.579,1.59294,1.59328,1.13,2.04
2012.11.08 14:27:30.768,1.59294,1.59328,1.35,1.73
2012.11.08 14:27:30.888,1.59293,1.59326,2.10,2.10
2012.11.08 14:27:31.380,1.59293,1.59318,1.35,1.50
2012.11.08 14:27:31.438,1.59293,1.59318,1.35,1.50
2012.11.08 14:27:31.621,1.59291,1.59318,1.73,1.73
2012.11.08 14:27:33.468,1.5929,1.59325,1.73,1.27
2012.11.08 14:27:33.589,1.5929,1.59327,2.27,2.33
2012.11.08 14:27:36.188,1.59294,1.59324,1.73,3.00
2012.11.08 14:27:36.248,1.59291,1.59319,2.10,1.50
2012.11.08 14:27:36.308,1.59291,1.59319,1.73,1.73
2012.11.08 14:27:37.149,1.59291,1.59319,1.73,1.73
2012.11.08 14:27:37.209,1.59291,1.59326,1.73,1.45
2012.11.08 14:27:37.679,1.59294,1.59329,2.10,1.73
2012.11.08 14:27:40.668,1.59294,1.59326,2.10,2.10
2012.11.08 14:27:40.790,1.59294,1.59318,1.13,1.73
2012.11.08 14:27:41.587,1.59292,1.59318,1.50,1.73
2012.11.08 14:27:41.769,1.59294,1.59329,1.35,3.68
2012.11.08 14:27:42.073,1.59294,1.59329,2.10,3.68
2012.11.08 14:27:42.579,1.59294,1.59329,2.10,2.93
2012.11.08 14:27:42.649,1.59294,1.59329,2.10,3.68
2012.11.08 14:27:46.219,1.59292,1.59329,1.61,3.68
2012.11.08 14:27:47.008,1.5929,1.59329,1.25,3.68
2012.11.08 14:27:47.540,1.5929,1.59324,1.25,1.73
2012.11.08 14:27:47.671,1.5929,1.59328,1.25,1.73
2012.11.08 14:27:51.209,1.59288,1.59328,2.20,1.73
2012.11.08 14:27:54.678,1.59288,1.59321,1.45,1.73
2012.11.08 14:27:54.777,1.59285,1.59321,3.23,1.73
2012.11.08 14:27:55.688,1.59289,1.59324,1.73,1.45
2012.11.08 14:27:55.808,1.59289,1.59329,1.73,1.73
2012.11.08 14:27:56.629,1.59289,1.5932,1.73,1.50
2012.11.08 14:27:56.809,1.59285,1.59318,2.48,1.73
2012.11.08 14:28:00.369,1.59288,1.59322,1.73,1.73
2012.11.08 14:28:00.548,1.59289,1.59329,1.73,1.73
2012.11.08 14:28:00.869,1.59289,1.5933,1.73,1.73
2012.11.08 14:28:01.109,1.59292,1.5933,1.52,1.73
2012.11.08 14:28:01.169,1.59292,1.59328,1.52,1.73
2012.11.08 14:28:01.233,1.5929,1.59328,1.32,1.73
2012.11.08 14:28:01.788,1.5929,1.59328,1.32,1.73
2012.11.08 14:28:01.969,1.59287,1.59323,3.00,1.73
2012.11.08 14:28:02.178,1.59287,1.5932,1.73,1.73
2012.11.08 14:28:04.109,1.59287,1.59323,1.73,2.34
2012.11.08 14:28:04.288,1.59288,1.59328,2.48,1.73
2012.11.08 14:28:05.069,1.59288,1.59329,2.48,1.73
2012.11.08 14:28:05.190,1.59288,1.59323,1.73,1.73
2012.11.08 14:28:05.309,1.59288,1.59328,1.73,1.73
2012.11.08 14:28:05.899,1.59289,1.59328,1.45,1.73
2012.11.08 14:28:06.154,1.59289,1.59323,1.45,1.50
2012.11.08 14:28:06.279,1.59287,1.59323,1.32,1.73
2012.11.08 14:28:06.400,1.59287,1.59322,1.32,1.35
2012.11.08 14:28:06.698,1.59281,1.59319,1.32,1.73
2012.11.08 14:28:08.118,1.59281,1.59321,1.97,2.10
2012.11.08 14:28:08.179,1.59282,1.59321,1.73,2.10
2012.11.08 14:28:08.418,1.59284,1.59323,1.73,3.00
2012.11.08 14:28:08.478,1.59281,1.59318,1.97,1.73
2012.11.08 14:28:08.617,1.59281,1.59321,1.97,1.73
2012.11.08 14:28:08.739,1.59283,1.59324,1.73,1.73
2012.11.08 14:28:09.204,1.59275,1.59322,3.23,2.46
2012.11.08 14:28:09.290,1.59276,1.59318,3.23,1.73
2012.11.08 14:28:10.199,1.59278,1.59318,1.73,1.73
2012.11.08 14:28:10.319,1.59284,1.59318,1.47,1.50
2012.11.08 14:28:11.188,1.59284,1.59319,1.47,1.73
2012.11.08 14:28:11.249,1.59284,1.59319,1.47,1.73
2012.11.08 14:28:11.308,1.59276,1.59319,3.23,1.73
2012.11.08 14:28:13.087,1.59284,1.59322,1.73,1.59
2012.11.08 14:28:13.152,1.59284,1.59319,1.73,1.73
2012.11.08 14:28:13.709,1.59284,1.59323,1.73,1.73
2012.11.08 14:28:13.770,1.5929,1.59327,1.23,1.35
2012.11.08 14:28:14.395,1.5929,1.59327,1.23,2.33
2012.11.08 14:28:14.518,1.59288,1.59318,1.73,1.73
2012.11.08 14:28:16.659,1.59284,1.59323,2.10,1.73
2012.11.08 14:28:16.719,1.59289,1.59323,1.59,1.50
2012.11.08 14:28:18.419,1.59289,1.59321,1.59,1.50
2012.11.08 14:28:18.749,1.59289,1.59319,1.59,1.50
2012.11.08 14:28:18.992,1.59284,1.59319,1.73,1.73
2012.11.08 14:28:19.629,1.59284,1.59322,1.73,1.73
2012.11.08 14:28:19.688,1.59289,1.59322,1.43,1.50
2012.11.08 14:28:21.808,1.59289,1.59327,1.43,1.73
2012.11.08 14:28:22.049,1.59289,1.59328,1.43,1.73
2012.11.08 14:28:22.229,1.59289,1.59324,1.43,1.73
2012.11.08 14:28:22.291,1.59285,1.59319,1.32,1.73
2012.11.08 14:28:22.828,1.59279,1.59318,3.61,1.73
2012.11.08 14:28:31.265,1.59279,1.59318,3.24,1.73
2012.11.08 14:28:40.449,1.59284,1.59319,1.73,1.32
2012.11.08 14:28:40.629,1.59284,1.59318,1.73,1.73
2012.11.08 14:28:41.268,1.59287,1.59318,1.73,1.50
2012.11.08 14:28:41.432,1.59287,1.59318,1.73,1.73
2012.11.08 14:28:42.125,1.59291,1.59321,1.50,1.73
2012.11.08 14:28:42.250,1.59284,1.59318,1.73,1.73
2012.11.08 14:28:42.368,1.59287,1.59321,1.73,1.73
2012.11.08 14:28:42.474,1.59287,1.59321,1.73,1.73
2012.11.08 14:28:42.839,1.59281,1.5932,1.32,1.73
2012.11.08 14:28:42.900,1.59281,1.59313,1.32,1.50
2012.11.08 14:28:42.959,1.59281,1.59313,1.32,1.73
2012.11.08 14:28:43.198,1.59279,1.59313,1.32,1.73
2012.11.08 14:28:43.258,1.59279,1.59313,1.92,1.50
2012.11.08 14:28:43.768,1.59279,1.59319,1.92,1.73
2012.11.08 14:28:44.188,1.59279,1.59313,2.71,1.50
2012.11.08 14:28:44.829,1.59279,1.59309,1.35,1.73
2012.11.08 14:28:45.248,1.59276,1.59312,1.73,1.73
2012.11.08 14:28:45.488,1.5928,1.59312,1.32,1.50
2012.11.08 14:28:46.168,1.59279,1.59312,1.32,1.50
2012.11.08 14:28:46.289,1.59274,1.59304,1.13,1.73
2012.11.08 14:28:46.408,1.59274,1.59304,1.13,1.73
2012.11.08 14:28:47.012,1.59273,1.59308,1.73,1.73
2012.11.08 14:28:47.129,1.59273,1.59313,1.73,2.07
2012.11.08 14:28:47.249,1.59279,1.59319,1.43,2.07
2012.11.08 14:28:47.312,1.59279,1.59319,1.43,1.32
2012.11.08 14:28:47.429,1.59279,1.59319,2.55,1.73
2012.11.08 14:28:47.679,1.59279,1.59318,2.55,2.70
2012.11.08 14:28:47.860,1.59279,1.59309,2.18,1.50
2012.11.08 14:28:49.018,1.59279,1.59309,2.10,1.73
2012.11.08 14:28:49.450,1.59279,1.59313,1.35,1.73
2012.11.08 14:28:49.808,1.5928,1.59318,1.20,1.73
2012.11.08 14:28:49.871,1.5928,1.59319,1.20,2.33
2012.11.08 14:28:49.990,1.5928,1.59319,1.20,3.08
2012.11.08 14:28:50.049,1.59283,1.59319,1.56,3.08
2012.11.08 14:28:50.369,1.5928,1.59319,1.43,3.08
2012.11.08 14:28:51.349,1.5928,1.59319,1.43,1.73
2012.11.08 14:28:56.498,1.5928,1.59315,1.43,1.73
2012.11.08 14:28:56.919,1.5928,1.59309,1.43,1.50
2012.11.08 14:28:57.099,1.59273,1.59309,1.73,1.73
2012.11.08 14:28:57.391,1.59273,1.59309,1.73,1.73
2012.11.08 14:28:57.508,1.59273,1.59309,1.73,1.73
2012.11.08 14:29:01.226,1.59273,1.59313,1.73,1.73
2012.11.08 14:29:01.521,1.59275,1.59313,1.29,1.73
2012.11.08 14:29:03.870,1.59274,1.59309,1.56,1.73
2012.11.08 14:29:03.988,1.59274,1.59309,1.56,1.73
2012.11.08 14:29:04.048,1.59267,1.59309,1.73,1.73
2012.11.08 14:29:04.418,1.59267,1.59302,3.23,1.73
2012.11.08 14:29:04.749,1.59267,1.59302,3.23,1.73
2012.11.08 14:29:07.660,1.59266,1.59305,3.23,1.63
2012.11.08 14:29:07.782,1.59273,1.59309,1.73,1.73
2012.11.08 14:29:07.898,1.59274,1.59309,1.63,1.73
2012.11.08 14:29:08.139,1.59273,1.59309,1.73,1.73
2012.11.08 14:29:08.880,1.59273,1.59308,1.73,1.73
2012.11.08 14:29:14.218,1.59273,1.59308,1.73,1.73
2012.11.08 14:29:16.758,1.59271,1.59306,2.16,1.73
2012.11.08 14:29:17.260,1.59266,1.59301,2.48,1.73
2012.11.08 14:29:19.891,1.59271,1.59301,1.73,1.73
2012.11.08 14:29:19.948,1.59274,1.59306,1.50,1.23
2012.11.08 14:29:20.079,1.59274,1.59309,1.73,1.73
2012.11.08 14:29:20.909,1.59272,1.59306,1.43,1.73
2012.11.08 14:29:21.028,1.59267,1.59303,2.48,1.73
2012.11.08 14:29:22.238,1.59272,1.59308,1.23,1.73
2012.11.08 14:29:22.549,1.59274,1.59304,1.73,1.73
2012.11.08 14:29:22.931,1.59272,1.59309,1.54,1.73
2012.11.08 14:29:24.301,1.59272,1.59309,1.54,1.73
2012.11.08 14:29:24.438,1.59269,1.59303,1.73,1.73
2012.11.08 14:29:24.678,1.59272,1.59306,1.38,2.10
2012.11.08 14:29:29.209,1.59272,1.59298,1.38,1.50
2012.11.08 14:29:31.268,1.59272,1.59308,1.38,1.73
2012.11.08 14:29:33.819,1.59274,1.59309,1.47,1.73
2012.11.08 14:29:40.439,1.59274,1.59313,1.81,1.73
2012.11.08 14:29:40.499,1.59283,1.59313,1.50,1.50
2012.11.08 14:29:40.618,1.59282,1.59311,1.50,1.50
2012.11.08 14:29:40.979,1.59289,1.5932,1.50,1.29
2012.11.08 14:29:41.099,1.59292,1.59323,1.45,1.73
2012.11.08 14:29:42.111,1.59282,1.59318,1.34,1.73
2012.11.08 14:29:42.168,1.59283,1.59322,1.73,1.32
2012.11.08 14:29:42.228,1.59286,1.59322,1.34,1.32
2012.11.08 14:29:42.408,1.59286,1.59324,1.34,1.73
2012.11.08 14:29:43.355,1.59291,1.59324,1.25,1.73
2012.11.08 14:29:43.538,1.59288,1.59323,1.73,1.73
2012.11.08 14:29:44.190,1.59286,1.59318,1.59,1.50
2012.11.08 14:29:44.898,1.59286,1.59322,1.59,2.10
2012.11.08 14:29:45.432,1.59292,1.59322,1.41,1.88
2012.11.08 14:29:45.939,1.59292,1.59322,1.41,1.88
2012.11.08 14:29:46.119,1.59286,1.59318,1.50,1.50
2012.11.08 14:29:46.359,1.59286,1.59318,1.50,1.50
2012.11.08 14:29:46.540,1.59282,1.59318,1.36,2.48
2012.11.08 14:29:46.988,1.59283,1.59321,1.73,1.35
2012.11.08 14:29:47.289,1.59294,1.59324,1.47,1.73
2012.11.08 14:29:47.558,1.59294,1.59326,1.47,2.70
2012.11.08 14:29:47.618,1.59294,1.5933,2.22,1.73
2012.11.08 14:29:47.858,1.59301,1.59335,1.63,1.50
2012.11.08 14:29:48.428,1.59301,1.59337,1.63,2.10
2012.11.08 14:29:50.900,1.59301,1.59341,1.63,1.73
2012.11.08 14:29:51.079,1.5931,1.59346,1.36,1.73
2012.11.08 14:29:51.319,1.5931,1.59348,1.36,1.73
2012.11.08 14:29:52.900,1.59316,1.59351,1.73,3.08
2012.11.08 14:29:53.214,1.59318,1.59353,1.34,2.25
2012.11.08 14:29:53.688,1.59318,1.59354,1.34,1.73
2012.11.08 14:29:54.899,1.59318,1.59354,1.34,1.73
2012.11.08 14:29:55.370,1.59318,1.59355,1.34,2.93
2012.11.08 14:29:55.585,1.59318,1.59354,1.34,3.38
2012.11.08 14:29:55.664,1.59316,1.59354,2.31,3.38
2012.11.08 14:29:55.797,1.59318,1.59354,1.38,3.38
2012.11.08 14:29:56.102,1.59316,1.59344,1.73,1.50
2012.11.08 14:29:56.658,1.59314,1.59349,1.47,1.73
2012.11.08 14:29:58.958,1.59314,1.59344,1.47,1.50
2012.11.08 14:29:59.639,1.59311,1.59339,1.47,1.50
2012.11.08 14:29:59.701,1.59303,1.59339,1.50,1.73
2012.11.08 14:29:59.979,1.5931,1.59346,1.73,1.43
2012.11.08 14:30:00.038,1.59312,1.59348,1.63,1.73
2012.11.08 14:30:00.179,1.59312,1.59348,1.63,1.73
2012.11.08 14:30:00.905,1.59312,1.59348,1.63,1.73
2012.11.08 14:30:01.029,1.59304,1.59339,1.63,1.73
2012.11.08 14:30:01.095,1.59304,1.59343,1.63,2.48
2012.11.08 14:30:01.219,1.59309,1.59343,1.20,1.73
2012.11.08 14:30:01.400,1.59309,1.59338,1.20,1.50
2012.11.08 14:30:01.463,1.59306,1.59338,1.32,1.73
2012.11.08 14:30:01.649,1.59307,1.59343,1.73,2.48
2012.11.08 14:30:01.828,1.59309,1.59343,1.63,1.73
2012.11.08 14:30:01.889,1.59309,1.59347,1.63,1.73
2012.11.08 14:30:02.009,1.59314,1.59349,1.23,1.73
2012.11.08 14:30:02.909,1.59314,1.59345,1.23,1.73
2012.11.08 14:30:03.029,1.59309,1.59343,1.29,1.73
2012.11.08 14:30:04.070,1.59309,1.59348,1.29,2.48
2012.11.08 14:30:04.449,1.59309,1.59341,1.29,1.73
2012.11.08 14:30:04.510,1.5931,1.59341,1.73,1.73
2012.11.08 14:30:04.689,1.5931,1.59338,1.50,1.95
2012.11.08 14:30:04.809,1.59306,1.59334,1.73,1.73
2012.11.08 14:30:04.929,1.59306,1.59334,1.73,1.73
2012.11.08 14:30:05.242,1.59305,1.59334,1.50,1.73
2012.11.08 14:30:05.549,1.59301,1.59337,2.48,2.10
2012.11.08 14:30:05.912,1.59298,1.59331,1.56,1.73
2012.11.08 14:30:05.972,1.59301,1.59331,1.45,1.50
2012.11.08 14:30:06.329,1.59296,1.59334,1.52,1.73
2012.11.08 14:30:06.509,1.59296,1.59331,1.52,2.48
2012.11.08 14:30:06.569,1.59291,1.59326,1.35,1.73
2012.11.08 14:30:07.251,1.5929,1.59329,2.48,1.73
2012.11.08 14:30:07.371,1.5929,1.59326,2.48,1.73
2012.11.08 14:30:07.496,1.59293,1.59326,1.41,1.73
2012.11.08 14:30:07.739,1.59293,1.59328,1.63,1.73
2012.11.08 14:30:07.870,1.59296,1.59328,1.43,1.50
2012.11.08 14:30:07.928,1.59293,1.59328,1.23,1.73
2012.11.08 14:30:09.258,1.59297,1.5933,1.73,1.73
2012.11.08 14:30:09.379,1.59297,1.59333,1.73,1.73
2012.11.08 14:30:09.645,1.59299,1.59333,1.73,1.73
2012.11.08 14:30:09.768,1.59299,1.59333,1.73,1.73
2012.11.08 14:30:10.199,1.593,1.59337,1.73,1.29
2012.11.08 14:30:10.438,1.59303,1.59339,1.73,1.73
2012.11.08 14:30:10.978,1.59303,1.59338,1.54,1.73
2012.11.08 14:30:11.100,1.59303,1.59344,3.04,2.48
2012.11.08 14:30:11.279,1.59305,1.59342,1.43,1.73
2012.11.08 14:30:11.832,1.59305,1.59338,1.43,1.73
2012.11.08 14:30:12.128,1.59303,1.59338,1.73,1.73
2012.11.08 14:30:13.251,1.59306,1.59341,1.41,1.73
2012.11.08 14:30:13.489,1.59303,1.59339,1.73,1.73
2012.11.08 14:30:14.028,1.59299,1.59339,2.00,2.48
2012.11.08 14:30:14.345,1.59301,1.59339,1.23,2.48
2012.11.08 14:30:15.069,1.593,1.59339,2.38,2.48
2012.11.08 14:30:15.370,1.59301,1.59338,1.73,1.73
2012.11.08 14:30:16.058,1.59299,1.59336,1.73,1.73
2012.11.08 14:30:16.400,1.59299,1.59339,2.38,2.48
2012.11.08 14:30:17.128,1.59299,1.59336,2.38,1.73
2012.11.08 14:30:17.274,1.59299,1.59336,1.73,1.73
2012.11.08 14:30:19.638,1.59299,1.59336,1.73,1.73
2012.11.08 14:30:19.849,1.59299,1.59336,1.73,1.73
2012.11.08 14:30:20.601,1.59296,1.59332,1.73,1.73
2012.11.08 14:30:21.139,1.59295,1.59328,1.32,1.73
2012.11.08 14:30:21.199,1.5929,1.59328,1.73,1.73
2012.11.08 14:30:21.499,1.59291,1.59329,1.73,1.73
2012.11.08 14:30:21.820,1.59295,1.59329,1.52,1.73
2012.11.08 14:30:23.109,1.59295,1.59329,1.52,1.73
2012.11.08 14:30:23.468,1.59295,1.59334,1.63,1.73
2012.11.08 14:30:24.034,1.59295,1.5933,1.63,1.73
2012.11.08 14:30:24.159,1.59295,1.59333,1.63,1.73
2012.11.08 14:30:24.278,1.59295,1.5933,1.63,1.73
2012.11.08 14:30:25.959,1.59299,1.59334,1.73,1.73
2012.11.08 14:30:26.021,1.59301,1.59334,1.47,1.73
2012.11.08 14:30:26.349,1.59293,1.59329,1.73,1.73
2012.11.08 14:30:26.740,1.59292,1.59329,1.54,1.73
2012.11.08 14:30:26.800,1.59291,1.59323,1.73,1.73
2012.11.08 14:30:27.515,1.59285,1.59319,1.20,1.73
2012.11.08 14:30:27.579,1.59285,1.59318,1.20,1.73
2012.11.08 14:30:27.670,1.59284,1.59318,1.73,1.73
2012.11.08 14:30:28.200,1.59285,1.5932,1.59,1.73
2012.11.08 14:30:29.959,1.59285,1.59318,1.59,1.73
2012.11.08 14:30:30.119,1.59285,1.59318,1.59,1.73
2012.11.08 14:30:30.638,1.59291,1.59323,1.73,1.73
2012.11.08 14:30:31.131,1.59291,1.59327,1.73,1.98
2012.11.08 14:30:31.204,1.59293,1.59329,2.04,1.73
2012.11.08 14:30:36.679,1.59298,1.59334,2.07,2.84
2012.11.08 14:30:36.799,1.593,1.59334,2.48,1.71
2012.11.08 14:30:37.160,1.593,1.59332,1.73,1.32
2012.11.08 14:30:37.280,1.59303,1.59332,1.25,1.09
2012.11.08 14:30:37.339,1.593,1.59329,1.25,1.50
2012.11.08 14:30:37.580,1.59294,1.59327,1.73,1.23
2012.11.08 14:30:37.761,1.593,1.59328,1.73,1.73
2012.11.08 14:30:38.708,1.59295,1.59329,1.73,1.73
2012.11.08 14:30:39.011,1.5929,1.59328,1.35,1.73
2012.11.08 14:30:39.129,1.59293,1.59328,1.32,1.73
2012.11.08 14:30:39.190,1.59296,1.59333,1.38,1.73
2012.11.08 14:30:39.492,1.593,1.59334,1.43,1.73
2012.11.08 14:30:39.670,1.593,1.59334,1.43,1.73
2012.11.08 14:30:39.866,1.593,1.59338,1.43,3.23
2012.11.08 14:30:40.268,1.593,1.59333,1.29,1.73
2012.11.08 14:30:40.549,1.59305,1.59333,1.23,1.50
2012.11.08 14:30:40.669,1.59305,1.59339,1.23,2.48
2012.11.08 14:30:40.909,1.59305,1.59339,1.23,2.48
2012.11.08 14:30:41.090,1.59305,1.59343,1.23,3.30
2012.11.08 14:30:41.216,1.59309,1.59346,1.73,4.08
2012.11.08 14:30:41.340,1.59314,1.59345,1.27,2.25
2012.11.08 14:30:41.519,1.59309,1.59343,1.63,1.73
2012.11.08 14:30:42.628,1.59309,1.59342,1.63,1.73
2012.11.08 14:30:42.749,1.59308,1.59341,1.73,1.35
2012.11.08 14:30:43.069,1.59307,1.5934,2.27,1.73
2012.11.08 14:30:43.130,1.59307,1.5934,1.73,2.07
2012.11.08 14:30:43.309,1.59299,1.59334,2.48,1.73
2012.11.08 14:30:43.961,1.59299,1.59334,1.73,1.73
2012.11.08 14:30:44.319,1.59299,1.59334,1.73,1.73
2012.11.08 14:30:46.095,1.59299,1.59338,1.73,2.02
2012.11.08 14:30:46.581,1.59301,1.59341,1.61,1.73
2012.11.08 14:30:47.300,1.59301,1.59343,1.61,2.48
2012.11.08 14:30:47.487,1.59299,1.59339,1.73,1.73
2012.11.08 14:30:47.898,1.59302,1.59339,1.52,1.73
2012.11.08 14:30:48.361,1.59302,1.59334,1.52,2.85
2012.11.08 14:30:48.720,1.59294,1.59321,1.50,1.43
2012.11.08 14:30:48.778,1.59294,1.59324,1.73,1.73
2012.11.08 14:30:49.019,1.59294,1.59324,1.50,2.16
2012.11.08 14:30:49.140,1.5929,1.59324,2.48,1.41
2012.11.08 14:30:49.201,1.5929,1.59325,1.73,1.73
2012.11.08 14:30:49.380,1.5929,1.59324,1.73,1.45
2012.11.08 14:30:49.496,1.5929,1.5932,1.50,1.25
2012.11.08 14:30:49.679,1.59286,1.5932,1.35,1.25
2012.11.08 14:30:49.739,1.59286,1.59312,1.13,1.63
2012.11.08 14:30:50.299,1.59286,1.59312,1.50,1.63
2012.11.08 14:30:50.989,1.59286,1.59315,1.50,1.25
2012.11.08 14:30:51.240,1.59283,1.59315,1.73,1.25
2012.11.08 14:30:52.111,1.59283,1.59315,1.73,1.25
2012.11.08 14:30:52.229,1.59279,1.59314,1.73,1.73
2012.11.08 14:30:52.289,1.59279,1.59309,1.50,1.27
2012.11.08 14:30:52.411,1.59282,1.59313,1.50,1.54
2012.11.08 14:30:52.487,1.59283,1.59314,1.50,1.54
2012.11.08 14:30:52.841,1.59282,1.59309,1.50,1.34
2012.11.08 14:30:53.201,1.59282,1.5931,1.50,1.34
2012.11.08 14:30:53.319,1.59278,1.59313,1.73,1.73
2012.11.08 14:30:53.379,1.59278,1.59309,1.73,1.73
2012.11.08 14:30:53.499,1.59278,1.59312,1.73,1.20
2012.11.08 14:30:53.738,1.59278,1.59314,1.73,1.73
2012.11.08 14:30:54.279,1.59281,1.59313,1.73,1.43
2012.11.08 14:30:54.640,1.59283,1.59313,1.50,1.43
2012.11.08 14:30:54.701,1.59283,1.59319,1.73,1.73
2012.11.08 14:30:55.074,1.59283,1.59319,1.73,2.16
2012.11.08 14:30:55.669,1.59283,1.59319,1.73,1.47
2012.11.08 14:30:55.791,1.59283,1.5932,1.73,1.73
2012.11.08 14:30:55.910,1.59286,1.59321,1.73,2.09
2012.11.08 14:30:56.030,1.59286,1.59321,2.02,1.73
2012.11.08 14:30:56.088,1.59286,1.59319,2.02,1.73
2012.11.08 14:30:56.270,1.59284,1.59319,1.73,1.73
2012.11.08 14:30:57.889,1.59284,1.59319,1.73,1.73
2012.11.08 14:30:58.009,1.59288,1.59322,1.73,1.73
2012.11.08 14:30:58.129,1.59285,1.5932,1.23,1.73
2012.11.08 14:30:58.189,1.59285,1.59319,1.23,1.50
2012.11.08 14:30:58.249,1.59285,1.59319,1.73,1.73
2012.11.08 14:30:59.819,1.59283,1.59319,1.73,1.73
2012.11.08 14:31:00.070,1.59287,1.59323,1.73,1.73
2012.11.08 14:31:00.729,1.59292,1.59324,1.35,1.73
2012.11.08 14:31:00.909,1.59293,1.59327,1.35,1.73
2012.11.08 14:31:01.029,1.59293,1.59325,1.88,1.23
2012.11.08 14:31:01.629,1.59291,1.59325,1.73,1.23
2012.11.08 14:31:01.689,1.59291,1.59326,1.29,1.73
2012.11.08 14:31:02.049,1.59294,1.59324,1.50,1.73
2012.11.08 14:31:03.839,1.59288,1.59323,2.48,1.73
2012.11.08 14:31:04.562,1.59285,1.59323,2.48,1.73
2012.11.08 14:31:05.800,1.59285,1.59323,2.48,1.73
2012.11.08 14:31:06.099,1.59285,1.59323,2.48,1.73
2012.11.08 14:31:06.850,1.59285,1.59324,2.48,1.73
2012.11.08 14:31:06.968,1.59292,1.59327,1.25,1.32
2012.11.08 14:31:07.180,1.59292,1.59323,1.25,1.50
2012.11.08 14:31:07.299,1.59291,1.59322,1.73,1.73
2012.11.08 14:31:08.109,1.59288,1.59324,1.73,1.73
2012.11.08 14:31:08.288,1.59296,1.59329,1.73,1.73
2012.11.08 14:31:08.409,1.59293,1.59322,1.35,1.50
2012.11.08 14:31:08.649,1.59291,1.59325,1.73,1.73
2012.11.08 14:31:08.888,1.59288,1.59326,2.48,1.73
2012.11.08 14:31:09.068,1.59293,1.59331,1.73,1.73
2012.11.08 14:31:09.128,1.59291,1.59328,3.66,1.73
2012.11.08 14:31:09.308,1.59288,1.59324,2.48,1.73
2012.11.08 14:31:09.919,1.59285,1.59323,2.48,1.73
2012.11.08 14:31:10.118,1.5929,1.59325,1.73,2.48
2012.11.08 14:31:17.679,1.59293,1.59329,2.10,1.73
2012.11.08 14:31:17.859,1.59294,1.59329,1.35,1.73
2012.11.08 14:31:20.250,1.59293,1.59328,1.43,1.73
2012.11.08 14:31:21.130,1.59294,1.59328,1.59,1.50
2012.11.08 14:31:21.432,1.59289,1.59327,1.73,1.73
2012.11.08 14:31:21.552,1.59294,1.59329,1.52,1.73
2012.11.08 14:31:21.735,1.59294,1.59329,1.52,1.73
2012.11.08 14:31:22.034,1.59292,1.59323,1.73,1.73
2012.11.08 14:31:22.474,1.59286,1.59319,1.32,1.50
2012.11.08 14:31:22.594,1.59279,1.59314,2.85,1.73
2012.11.08 14:31:23.639,1.59279,1.59314,1.73,1.73
2012.11.08 14:31:24.137,1.59279,1.59318,1.73,1.73
2012.11.08 14:31:24.497,1.59287,1.59323,1.73,1.73
2012.11.08 14:31:24.854,1.59296,1.59328,1.50,1.63
2012.11.08 14:31:25.265,1.593,1.59331,1.54,1.73
2012.11.08 14:31:25.384,1.593,1.5933,1.54,1.50
2012.11.08 14:31:25.565,1.59293,1.59328,1.47,2.10
2012.11.08 14:31:26.005,1.59293,1.59327,1.47,1.73
2012.11.08 14:31:26.066,1.59293,1.59328,1.47,1.35
2012.11.08 14:31:26.437,1.59293,1.59329,1.47,1.73
2012.11.08 14:31:26.944,1.59292,1.59329,1.34,1.73
2012.11.08 14:31:27.645,1.59295,1.59328,1.47,1.73
2012.11.08 14:31:27.889,1.59292,1.59324,1.45,1.50
2012.11.08 14:31:27.958,1.59295,1.59324,1.23,1.50
2012.11.08 14:31:28.086,1.59292,1.59324,1.38,1.73
2012.11.08 14:31:28.344,1.59292,1.59331,1.38,1.73
2012.11.08 14:31:28.585,1.59294,1.59328,1.25,1.73
2012.11.08 14:31:28.706,1.59296,1.59328,1.50,1.50
2012.11.08 14:31:29.064,1.59296,1.59333,1.50,2.48
2012.11.08 14:31:29.367,1.59302,1.59339,1.47,3.60
2012.11.08 14:31:29.545,1.59303,1.59342,1.63,1.73
2012.11.08 14:31:31.387,1.59301,1.59338,1.61,1.73
2012.11.08 14:31:31.506,1.59301,1.59339,1.38,1.73
2012.11.08 14:31:31.865,1.59301,1.59337,1.25,1.73
2012.11.08 14:31:32.946,1.59299,1.59334,1.73,3.23
2012.11.08 14:31:33.471,1.59297,1.59329,1.32,1.50
2012.11.08 14:31:33.594,1.59291,1.59329,1.41,1.73
2012.11.08 14:31:34.075,1.59289,1.59325,1.95,2.48
2012.11.08 14:31:34.435,1.59284,1.59322,2.11,1.73
2012.11.08 14:31:36.075,1.59285,1.59321,1.59,1.35
2012.11.08 14:31:36.315,1.59287,1.59322,1.73,1.73
2012.11.08 14:31:36.439,1.5929,1.59324,1.56,1.73
2012.11.08 14:31:36.505,1.5929,1.59324,1.56,2.48
2012.11.08 14:31:36.625,1.5929,1.59322,1.56,1.73
2012.11.08 14:31:36.747,1.59287,1.59321,1.73,1.35
2012.11.08 14:31:36.876,1.59287,1.59321,1.73,1.35
2012.11.08 14:31:37.296,1.59283,1.59321,1.73,1.25
2012.11.08 14:31:37.356,1.59283,1.59321,1.73,1.25
2012.11.08 14:31:37.415,1.59288,1.59322,1.73,1.73
2012.11.08 14:31:37.616,1.59288,1.59321,1.73,2.13
2012.11.08 14:31:37.734,1.59288,1.59321,1.73,1.73
2012.11.08 14:31:38.396,1.59288,1.59322,1.73,1.35
2012.11.08 14:31:38.575,1.59291,1.59322,1.73,1.73
2012.11.08 14:31:39.043,1.59291,1.59328,1.73,3.23
2012.11.08 14:31:39.164,1.59289,1.59326,1.38,1.73
2012.11.08 14:31:39.226,1.59289,1.59327,1.38,1.35
2012.11.08 14:31:39.776,1.59289,1.59326,1.38,1.73
2012.11.08 14:31:39.962,1.59289,1.59327,1.38,1.35
2012.11.08 14:31:40.029,1.59294,1.59328,1.25,1.32
2012.11.08 14:31:40.154,1.59294,1.59327,1.25,1.73
2012.11.08 14:31:40.317,1.59291,1.59325,1.73,1.73
2012.11.08 14:31:41.385,1.59289,1.59328,1.73,2.85
2012.11.08 14:31:41.935,1.59288,1.59321,1.73,1.73
2012.11.08 14:31:42.695,1.59289,1.59322,1.73,1.35
2012.11.08 14:31:43.458,1.59286,1.59324,2.36,2.48
2012.11.08 14:31:43.815,1.59285,1.5932,1.73,1.32
2012.11.08 14:31:46.374,1.59292,1.59323,1.32,2.20
2012.11.08 14:31:46.615,1.59298,1.59331,1.73,1.73
2012.11.08 14:31:46.674,1.59298,1.59333,1.73,1.73
2012.11.08 14:31:46.976,1.59301,1.59333,1.73,1.73
2012.11.08 14:31:47.165,1.59301,1.59335,1.25,1.73
2012.11.08 14:31:47.285,1.59301,1.59335,1.73,1.73
2012.11.08 14:31:47.468,1.59301,1.59335,1.73,1.73
2012.11.08 14:31:47.541,1.59301,1.59334,1.73,1.35
2012.11.08 14:31:47.844,1.59294,1.59329,1.73,1.35
2012.11.08 14:31:48.650,1.59291,1.59329,1.73,1.73
2012.11.08 14:31:49.144,1.59294,1.59333,1.73,1.54
2012.11.08 14:31:49.205,1.59297,1.59335,1.47,2.10
2012.11.08 14:31:49.695,1.59302,1.59337,1.73,1.35
2012.11.08 14:31:49.754,1.59307,1.59337,1.29,1.13
2012.11.08 14:31:49.935,1.59306,1.59337,1.73,1.35
2012.11.08 14:31:50.355,1.59306,1.59341,1.73,1.35
2012.11.08 14:31:50.414,1.59304,1.59336,1.25,1.73
2012.11.08 14:31:50.656,1.59306,1.59333,1.50,1.50
2012.11.08 14:31:50.775,1.59306,1.59333,1.50,1.35
2012.11.08 14:31:51.137,1.59296,1.59331,1.73,1.73
2012.11.08 14:31:51.255,1.59291,1.59329,1.73,2.13
2012.11.08 14:31:52.053,1.59291,1.59329,1.73,1.38
2012.11.08 14:31:52.235,1.59292,1.59332,1.38,1.73
2012.11.08 14:31:52.654,1.59295,1.59334,2.48,1.73
2012.11.08 14:31:52.775,1.593,1.59336,1.73,2.10
2012.11.08 14:31:53.445,1.593,1.59338,2.20,1.32
2012.11.08 14:31:53.564,1.593,1.59339,1.73,2.02
2012.11.08 14:31:54.075,1.593,1.59339,1.73,2.02
2012.11.08 14:31:54.215,1.593,1.59333,1.73,1.36
2012.11.08 14:31:54.574,1.593,1.59336,1.73,1.73
2012.11.08 14:31:54.695,1.593,1.59334,1.73,1.73
2012.11.08 14:31:54.834,1.593,1.59333,1.73,1.73
2012.11.08 14:31:55.036,1.593,1.5933,1.50,1.95
2012.11.08 14:31:55.285,1.593,1.59333,1.73,1.73
2012.11.08 14:31:56.485,1.59286,1.59324,1.73,1.59
2012.11.08 14:31:56.848,1.59301,1.59332,1.73,1.73
2012.11.08 14:31:56.974,1.59295,1.59333,2.36,1.73
2012.11.08 14:31:57.034,1.59295,1.59333,1.73,1.73
2012.11.08 14:31:57.154,1.59295,1.59334,1.73,2.27
2012.11.08 14:31:57.274,1.59292,1.59334,1.73,2.38
2012.11.08 14:31:57.596,1.59293,1.59334,1.73,1.63
2012.11.08 14:31:59.245,1.59293,1.59333,1.73,1.73
2012.11.08 14:32:05.314,1.59291,1.59334,2.82,1.63
2012.11.08 14:32:06.147,1.59291,1.59333,1.32,1.73
2012.11.08 14:32:06.397,1.59292,1.59333,1.47,1.73
2012.11.08 14:32:06.735,1.59301,1.59336,1.73,1.32
2012.11.08 14:32:07.274,1.59297,1.59339,2.10,1.32
2012.11.08 14:32:07.716,1.59297,1.5934,2.46,1.41
2012.11.08 14:32:07.874,1.59302,1.59343,1.52,1.73
2012.11.08 14:32:10.855,1.59302,1.59346,1.52,4.52
2012.11.08 14:32:11.754,1.59302,1.59343,1.52,1.73
2012.11.08 14:32:12.125,1.59302,1.59343,1.52,1.73
2012.11.08 14:32:12.309,1.59307,1.59343,1.29,1.73
2012.11.08 14:32:12.544,1.59308,1.59346,1.73,1.73
2012.11.08 14:32:13.016,1.59308,1.59343,1.73,1.73
2012.11.08 14:32:13.226,1.59308,1.59348,1.73,1.73
2012.11.08 14:32:17.039,1.59308,1.59344,1.73,1.73
2012.11.08 14:32:17.454,1.59308,1.59349,1.73,2.48
2012.11.08 14:32:21.915,1.59308,1.59344,1.73,1.73
2012.11.08 14:32:22.035,1.59307,1.59343,1.29,1.73
2012.11.08 14:32:22.095,1.59307,1.59339,1.29,1.50
2012.11.08 14:32:22.155,1.59303,1.59339,1.38,1.73
2012.11.08 14:32:22.215,1.59303,1.59339,1.38,1.73
2012.11.08 14:32:22.334,1.59303,1.59338,1.38,1.73
2012.11.08 14:32:22.645,1.59303,1.59338,1.41,1.73
2012.11.08 14:32:23.004,1.59299,1.59338,1.73,1.73
2012.11.08 14:32:27.047,1.59301,1.59334,1.35,1.73
2012.11.08 14:32:27.167,1.59298,1.59339,2.00,2.00
2012.11.08 14:32:27.408,1.59301,1.59343,1.29,1.73
2012.11.08 14:32:27.645,1.59301,1.59338,1.29,1.73
2012.11.08 14:32:27.858,1.59301,1.59338,1.29,2.48
2012.11.08 14:32:27.926,1.593,1.59338,1.73,1.73
2012.11.08 14:32:27.985,1.593,1.59338,2.13,1.73
2012.11.08 14:32:28.187,1.593,1.59335,1.38,1.32
2012.11.08 14:32:28.424,1.593,1.59333,2.13,1.73
2012.11.08 14:32:28.548,1.593,1.59327,1.38,1.50
2012.11.08 14:32:28.609,1.59297,1.59324,1.50,1.73
2012.11.08 14:32:28.767,1.5929,1.59324,1.73,1.73
2012.11.08 14:32:32.149,1.59288,1.59326,1.73,2.34
2012.11.08 14:32:32.265,1.59292,1.59333,2.31,3.00
2012.11.08 14:32:32.324,1.59292,1.59333,2.31,2.25
2012.11.08 14:32:32.569,1.59292,1.59333,2.31,2.25
2012.11.08 14:32:36.587,1.59294,1.59333,1.73,2.25
2012.11.08 14:32:36.704,1.59294,1.59333,1.73,2.25
2012.11.08 14:32:38.444,1.59292,1.59329,1.56,1.73
2012.11.08 14:32:38.564,1.59291,1.59328,1.50,1.34
2012.11.08 14:32:39.334,1.59287,1.59328,1.73,1.34
2012.11.08 14:32:45.720,1.59289,1.5933,1.73,1.73
2012.11.08 14:32:47.929,1.59289,1.59332,1.73,1.73
2012.11.08 14:32:48.446,1.59292,1.59333,1.73,1.73
2012.11.08 14:32:52.784,1.59293,1.5933,1.73,2.25
2012.11.08 14:32:52.910,1.59296,1.59334,1.50,2.46
2012.11.08 14:32:53.155,1.59294,1.59331,2.10,2.31
2012.11.08 14:32:53.275,1.59296,1.59329,1.35,1.34
2012.11.08 14:32:54.025,1.59296,1.59334,2.85,2.09
2012.11.08 14:32:54.144,1.59302,1.59337,1.73,2.35
2012.11.08 14:32:54.264,1.59307,1.59337,1.35,2.10
2012.11.08 14:32:54.324,1.59307,1.59336,1.35,2.10
2012.11.08 14:32:54.454,1.59307,1.59336,1.13,3.30
2012.11.08 14:32:57.794,1.59307,1.59335,1.13,1.50
2012.11.08 14:32:59.164,1.59294,1.59327,2.07,1.73
2012.11.08 14:32:59.225,1.59295,1.59327,1.52,2.48
2012.11.08 14:32:59.704,1.59292,1.59325,1.73,1.38
2012.11.08 14:33:01.005,1.59289,1.59322,1.73,1.73
2012.11.08 14:33:01.124,1.59289,1.59321,1.50,1.52
2012.11.08 14:33:04.476,1.59281,1.59312,1.35,1.73
2012.11.08 14:33:04.534,1.59281,1.59312,1.35,2.04
2012.11.08 14:33:04.910,1.59278,1.59315,1.73,2.10
2012.11.08 14:33:07.234,1.59276,1.59314,1.41,2.48
2012.11.08 14:33:07.294,1.59275,1.59313,1.35,1.52
2012.11.08 14:33:07.534,1.59281,1.59319,1.73,3.23
2012.11.08 14:33:07.715,1.59277,1.59317,2.48,1.47
2012.11.08 14:33:09.377,1.59278,1.59317,1.35,2.22
2012.11.08 14:33:09.614,1.59279,1.59314,2.34,1.35
2012.11.08 14:33:09.915,1.59279,1.59316,1.73,1.34
2012.11.08 14:33:10.609,1.59276,1.59316,1.35,2.09
2012.11.08 14:33:10.735,1.59278,1.59314,1.34,1.73
2012.11.08 14:33:10.897,1.59278,1.59316,1.34,1.73
2012.11.08 14:33:11.204,1.5928,1.59318,1.73,2.10
2012.11.08 14:33:11.324,1.59283,1.59319,1.45,3.23
2012.11.08 14:33:11.854,1.59284,1.59323,1.73,2.07
2012.11.08 14:33:12.654,1.59287,1.59323,1.59,1.73
2012.11.08 14:33:13.195,1.59284,1.59323,1.73,1.73
2012.11.08 14:33:13.724,1.59284,1.59323,1.73,1.73
2012.11.08 14:33:13.788,1.59284,1.59323,1.73,1.95
2012.11.08 14:33:14.125,1.59285,1.59318,1.32,1.47
2012.11.08 14:33:17.616,1.59284,1.59321,1.73,1.47
2012.11.08 14:33:17.795,1.59284,1.59324,1.73,2.29
2012.11.08 14:33:18.654,1.5928,1.59318,1.73,1.73
2012.11.08 14:33:24.925,1.59284,1.59321,1.73,2.01
2012.11.08 14:33:25.104,1.59286,1.59322,1.32,2.10
2012.11.08 14:33:26.054,1.59286,1.59324,1.32,1.38
2012.11.08 14:33:26.295,1.59289,1.59316,1.73,1.13
2012.11.08 14:33:26.414,1.59289,1.59316,1.73,1.13
2012.11.08 14:33:26.535,1.59288,1.59319,1.47,2.48
2012.11.08 14:33:26.595,1.59288,1.59318,1.47,1.50
2012.11.08 14:33:26.894,1.59281,1.59314,1.73,1.73
2012.11.08 14:33:26.996,1.59281,1.59318,1.73,1.73
2012.11.08 14:33:27.329,1.59281,1.59318,1.73,1.73
2012.11.08 14:33:27.432,1.59281,1.59318,1.73,1.73
2012.11.08 14:33:27.985,1.59285,1.59318,1.36,2.48
2012.11.08 14:33:28.044,1.59283,1.59318,1.73,1.73
2012.11.08 14:33:29.646,1.59283,1.59321,1.73,3.60
2012.11.08 14:33:29.765,1.59286,1.59321,1.73,1.73
2012.11.08 14:33:29.945,1.5929,1.59328,1.73,4.27
2012.11.08 14:33:30.004,1.5929,1.59328,2.07,3.98
2012.11.08 14:33:30.185,1.59291,1.59325,1.73,1.73
2012.11.08 14:33:30.245,1.59291,1.59325,1.73,1.73
2012.11.08 14:33:30.605,1.59282,1.59319,2.48,1.23
2012.11.08 14:33:30.936,1.59282,1.59319,1.50,1.32
2012.11.08 14:33:30.995,1.59282,1.5932,1.73,1.73
2012.11.08 14:33:31.235,1.59281,1.59317,1.73,1.41
2012.11.08 14:33:31.595,1.59276,1.59316,1.73,1.41
2012.11.08 14:33:31.776,1.59276,1.59314,1.73,1.61
2012.11.08 14:33:32.107,1.59277,1.59317,1.73,1.29
2012.11.08 14:33:33.394,1.59277,1.59317,1.73,2.04
2012.11.08 14:33:33.755,1.59279,1.59313,1.73,1.38
2012.11.08 14:33:33.874,1.59279,1.59318,1.73,2.48
2012.11.08 14:33:34.174,1.59277,1.59315,1.45,1.73
2012.11.08 14:33:34.294,1.59276,1.59315,2.48,1.73
2012.11.08 14:33:34.414,1.59275,1.59311,1.73,1.73
2012.11.08 14:33:34.535,1.59274,1.59308,2.85,1.54
2012.11.08 14:33:37.895,1.59272,1.59306,1.73,1.35
2012.11.08 14:33:38.134,1.59274,1.5931,1.73,1.73
2012.11.08 14:33:38.384,1.59272,1.59308,1.73,1.23
2012.11.08 14:33:39.094,1.59271,1.59309,1.73,1.98
2012.11.08 14:33:39.776,1.59274,1.59312,1.73,1.47
2012.11.08 14:33:39.839,1.59278,1.59313,1.73,1.36
2012.11.08 14:33:42.805,1.59275,1.59317,1.73,1.71
2012.11.08 14:33:43.896,1.59276,1.59317,2.48,1.34
2012.11.08 14:33:44.015,1.59281,1.5932,1.23,1.73
2012.11.08 14:33:44.135,1.5928,1.59319,1.73,1.73
2012.11.08 14:33:44.255,1.59285,1.59318,1.50,1.50
2012.11.08 14:33:44.771,1.59282,1.59313,1.50,1.50
2012.11.08 14:33:44.836,1.59274,1.59313,1.73,1.50
2012.11.08 14:33:44.958,1.59278,1.59314,1.73,1.50
2012.11.08 14:33:45.018,1.59285,1.59317,1.73,1.35
2012.11.08 14:33:45.255,1.59279,1.59311,1.59,2.10
2012.11.08 14:33:45.375,1.59272,1.59309,1.73,2.00
2012.11.08 14:33:45.496,1.59271,1.59309,2.48,1.73
2012.11.08 14:33:48.414,1.59272,1.59308,1.73,1.73
2012.11.08 14:33:48.594,1.59268,1.59307,1.73,1.35
2012.11.08 14:33:49.195,1.59267,1.59307,1.73,2.85
2012.11.08 14:33:49.315,1.59264,1.59304,2.38,1.73
2012.11.08 14:33:49.675,1.59268,1.59307,1.73,1.35
2012.11.08 14:33:49.734,1.5927,1.59307,1.73,1.73
2012.11.08 14:33:49.915,1.5927,1.59308,1.73,1.73
2012.11.08 14:33:51.568,1.59271,1.59309,1.73,1.32
2012.11.08 14:33:52.055,1.59271,1.59308,1.73,1.59
2012.11.08 14:33:52.825,1.59271,1.59309,1.73,1.95
2012.11.08 14:33:53.194,1.59271,1.59309,1.73,1.50
2012.11.08 14:33:53.337,1.59271,1.5931,1.73,1.73
2012.11.08 14:33:53.774,1.59271,1.5931,1.73,1.73
2012.11.08 14:33:54.095,1.59271,1.59308,1.73,1.47
2012.11.08 14:33:54.945,1.59271,1.5931,1.73,1.73
2012.11.08 14:33:55.229,1.59274,1.5931,1.45,1.73
2012.11.08 14:33:55.296,1.59274,1.59311,1.45,1.73
2012.11.08 14:33:55.415,1.59274,1.5931,1.45,1.73
2012.11.08 14:33:55.616,1.59271,1.5931,1.73,1.73
2012.11.08 14:33:59.445,1.59273,1.59311,1.73,2.11
2012.11.08 14:33:59.685,1.59276,1.59308,1.34,1.35
2012.11.08 14:33:59.806,1.59273,1.59308,2.62,1.35
2012.11.08 14:34:00.165,1.59267,1.59298,1.50,1.73
2012.11.08 14:34:00.524,1.59264,1.59304,1.43,2.85
2012.11.08 14:34:00.815,1.59262,1.59299,1.73,1.73
2012.11.08 14:34:00.937,1.59262,1.59294,1.73,1.73
2012.11.08 14:34:01.245,1.59262,1.59296,1.73,1.63
2012.11.08 14:34:01.920,1.59262,1.59299,1.73,1.34
2012.11.08 14:34:01.984,1.59262,1.59303,1.73,1.73
2012.11.08 14:34:02.044,1.59262,1.59298,1.73,1.73
2012.11.08 14:34:02.751,1.59262,1.59303,1.73,1.73
2012.11.08 14:34:03.045,1.59262,1.59299,1.73,1.73
2012.11.08 14:34:04.705,1.59268,1.59302,1.73,1.34
2012.11.08 14:34:04.835,1.59268,1.59303,1.73,1.73
2012.11.08 14:34:05.015,1.59273,1.59305,1.73,1.52
2012.11.08 14:34:05.075,1.59273,1.59308,1.73,1.73
2012.11.08 14:34:05.315,1.59268,1.59306,1.73,1.50
2012.11.08 14:34:05.374,1.59268,1.59303,1.73,1.73
2012.11.08 14:34:05.434,1.59268,1.59306,1.73,1.50
2012.11.08 14:34:06.163,1.59269,1.59307,1.32,1.38
2012.11.08 14:34:11.996,1.59269,1.59305,1.32,1.73
2012.11.08 14:34:12.056,1.59269,1.59305,1.32,1.27
2012.11.08 14:34:12.248,1.59268,1.59307,2.34,1.73
2012.11.08 14:34:12.365,1.5927,1.59309,1.73,1.59
2012.11.08 14:34:12.547,1.59277,1.59314,1.73,3.11
2012.11.08 14:34:12.665,1.59279,1.59314,1.73,1.61
2012.11.08 14:34:12.847,1.59279,1.59312,1.50,1.43
2012.11.08 14:34:12.965,1.59279,1.59315,1.73,1.73
2012.11.08 14:34:13.085,1.5928,1.59315,1.73,1.73
2012.11.08 14:34:13.445,1.5928,1.5931,1.50,1.20
2012.11.08 14:34:15.050,1.59273,1.59312,3.98,1.61
2012.11.08 14:34:16.397,1.59273,1.5931,2.48,1.20
2012.11.08 14:34:20.668,1.59271,1.59306,1.73,1.73
2012.11.08 14:34:20.785,1.59264,1.593,1.73,2.11
2012.11.08 14:34:20.964,1.59261,1.59293,2.48,1.73
2012.11.08 14:34:21.024,1.5926,1.5929,1.13,1.43
2012.11.08 14:34:21.325,1.59259,1.59288,1.13,2.18
2012.11.08 14:34:21.444,1.59259,1.59292,1.35,1.61
2012.11.08 14:34:21.687,1.59254,1.59295,1.73,1.41
2012.11.08 14:34:21.808,1.59256,1.59297,1.73,1.36
2012.11.08 14:34:21.925,1.59254,1.59294,1.29,1.73
2012.11.08 14:34:22.045,1.59252,1.59289,1.73,1.45
2012.11.08 14:34:22.464,1.5926,1.59293,1.35,1.63
2012.11.08 14:34:22.774,1.5926,1.59294,1.35,2.01
2012.11.08 14:34:22.955,1.5926,1.59297,1.35,1.73
2012.11.08 14:34:23.075,1.59262,1.59301,1.73,2.13
2012.11.08 14:34:23.135,1.59265,1.59298,1.35,1.73
2012.11.08 14:34:23.316,1.59265,1.59298,1.35,1.61
2012.11.08 14:34:23.515,1.59265,1.59302,1.35,1.45
2012.11.08 14:34:23.704,1.59265,1.59294,1.35,1.35
2012.11.08 14:34:23.764,1.59265,1.59294,1.13,1.92
2012.11.08 14:34:26.961,1.59246,1.59284,1.50,1.73
2012.11.08 14:34:27.024,1.59244,1.59284,2.85,1.54
2012.11.08 14:34:27.085,1.59244,1.59283,2.85,1.73
2012.11.08 14:34:27.406,1.59244,1.59279,2.85,1.73
2012.11.08 14:34:27.466,1.59244,1.59275,2.48,1.27
2012.11.08 14:34:29.435,1.5924,1.59279,1.73,2.48
2012.11.08 14:34:30.226,1.5925,1.59281,1.50,1.36
2012.11.08 14:34:30.344,1.5925,1.59288,1.73,3.11
2012.11.08 14:34:31.345,1.59249,1.59279,1.73,2.48
2012.11.08 14:34:31.405,1.59249,1.59279,1.73,2.48
2012.11.08 14:34:31.646,1.59249,1.59279,1.50,1.73
2012.11.08 14:34:31.944,1.59242,1.59281,1.73,1.34
2012.11.08 14:34:32.125,1.59244,1.59283,1.47,2.85
2012.11.08 14:34:34.593,1.59246,1.59283,1.73,1.73
2012.11.08 14:34:34.737,1.59246,1.59278,1.73,1.73
2012.11.08 14:34:34.855,1.59239,1.59277,1.73,1.29
2012.11.08 14:34:35.715,1.59239,1.59278,2.48,1.29
2012.11.08 14:34:35.835,1.59246,1.59284,1.73,1.73
2012.11.08 14:34:43.105,1.59246,1.59282,1.73,1.36
2012.11.08 14:34:43.315,1.59246,1.59284,1.73,1.73
2012.11.08 14:34:45.406,1.59246,1.59279,1.73,1.73
2012.11.08 14:34:45.585,1.59243,1.5928,2.48,2.38
2012.11.08 14:34:46.875,1.59243,1.5928,2.48,2.38
2012.11.08 14:34:47.115,1.59243,1.59279,2.48,1.73
2012.11.08 14:34:47.425,1.59244,1.59284,1.50,1.73
2012.11.08 14:34:47.726,1.59246,1.59284,1.73,1.73
2012.11.08 14:34:48.084,1.59246,1.59283,1.73,1.73
2012.11.08 14:34:48.265,1.59246,1.59279,1.73,1.41
2012.11.08 14:34:48.676,1.59246,1.59278,1.73,1.41
2012.11.08 14:34:48.735,1.59246,1.59275,1.50,1.63
2012.11.08 14:34:50.467,1.59237,1.59273,2.48,1.73
2012.11.08 14:34:50.645,1.59237,1.5927,1.73,1.73
2012.11.08 14:34:50.764,1.59229,1.59266,1.35,1.27
2012.11.08 14:34:51.124,1.59231,1.5927,1.73,1.63
2012.11.08 14:34:52.514,1.59233,1.59266,1.35,1.52
2012.11.08 14:34:52.815,1.59234,1.59273,1.73,1.59
2012.11.08 14:34:52.934,1.59234,1.59266,1.50,1.29
2012.11.08 14:34:53.175,1.59233,1.59269,1.73,1.73
2012.11.08 14:34:54.310,1.59234,1.5927,3.23,1.61
2012.11.08 14:34:54.615,1.59231,1.59266,1.73,1.32
2012.11.08 14:34:54.758,1.5923,1.59266,1.73,1.32
2012.11.08 14:34:54.978,1.59234,1.59266,1.88,1.32
2012.11.08 14:34:55.305,1.59234,1.59273,2.10,1.36
2012.11.08 14:34:56.086,1.59228,1.59273,1.35,2.49
2012.11.08 14:34:56.205,1.59234,1.59273,1.41,1.73
2012.11.08 14:34:56.265,1.59234,1.59266,1.41,1.50
2012.11.08 14:34:56.684,1.59231,1.59265,1.35,2.09
2012.11.08 14:34:56.807,1.59233,1.59269,1.73,1.73
2012.11.08 14:34:57.465,1.59235,1.59273,1.73,1.73
2012.11.08 14:34:59.055,1.59235,1.59269,1.73,1.73
2012.11.08 14:34:59.174,1.59235,1.59274,1.73,2.18
2012.11.08 14:34:59.724,1.59233,1.59274,1.73,1.73
2012.11.08 14:35:00.265,1.59237,1.59273,1.73,1.73
2012.11.08 14:35:00.445,1.5924,1.59279,2.48,1.38
2012.11.08 14:35:00.566,1.5924,1.5928,3.23,1.47
2012.11.08 14:35:00.685,1.59243,1.59282,1.73,2.04
2012.11.08 14:35:00.744,1.59243,1.59278,1.73,1.29
2012.11.08 14:35:00.807,1.59243,1.59282,1.73,2.48
2012.11.08 14:35:00.866,1.59243,1.59282,1.73,1.73
2012.11.08 14:35:01.105,1.59243,1.59282,1.73,1.73
2012.11.08 14:35:01.165,1.59243,1.59283,1.73,2.25
2012.11.08 14:35:01.317,1.59243,1.59282,1.73,1.73
2012.11.08 14:35:01.436,1.59242,1.59282,1.73,1.73
2012.11.08 14:35:01.795,1.59243,1.59282,1.95,1.73
2012.11.08 14:35:02.305,1.59246,1.59284,1.73,1.73
2012.11.08 14:35:03.066,1.59248,1.59282,1.73,1.73
2012.11.08 14:35:03.505,1.5924,1.59283,2.10,2.31
2012.11.08 14:35:04.025,1.5924,1.59282,1.89,1.25
2012.11.08 14:35:04.566,1.5924,1.5928,1.35,1.29
2012.11.08 14:35:05.194,1.59242,1.59276,1.73,1.63
2012.11.08 14:35:05.424,1.59242,1.59278,1.73,1.63
2012.11.08 14:35:05.544,1.59242,1.5928,1.73,1.43
2012.11.08 14:35:06.124,1.59249,1.59278,1.35,1.73
2012.11.08 14:35:06.306,1.59247,1.59276,1.50,1.47
2012.11.08 14:35:06.846,1.59245,1.59276,2.25,1.47
2012.11.08 14:35:06.905,1.59245,1.59276,1.50,1.47
2012.11.08 14:35:06.965,1.59245,1.59273,1.50,1.59
2012.11.08 14:35:07.306,1.59243,1.59273,1.50,1.61
2012.11.08 14:35:07.368,1.59242,1.59272,3.75,1.61
2012.11.08 14:35:07.894,1.5924,1.59272,3.75,1.61
2012.11.08 14:35:08.294,1.59243,1.59274,1.50,1.61
2012.11.08 14:35:08.489,1.59243,1.59275,2.25,1.61
2012.11.08 14:35:09.356,1.59246,1.59275,1.50,1.61
2012.11.08 14:35:09.714,1.59249,1.59279,1.50,1.61
2012.11.08 14:35:09.834,1.59248,1.59279,1.73,1.29
2012.11.08 14:35:09.894,1.59248,1.59283,1.73,1.29
2012.11.08 14:35:10.136,1.59249,1.59284,1.73,1.73
2012.11.08 14:35:10.674,1.59252,1.59284,1.73,1.73
2012.11.08 14:35:10.915,1.59252,1.59286,2.48,1.27
2012.11.08 14:35:11.094,1.59253,1.5929,1.35,1.73
2012.11.08 14:35:11.896,1.59255,1.5929,2.07,1.73
2012.11.08 14:35:12.074,1.59255,1.59285,1.50,1.38
2012.11.08 14:35:12.668,1.59251,1.59285,1.73,1.38
2012.11.08 14:35:12.738,1.59251,1.59285,1.73,1.38
2012.11.08 14:35:13.094,1.59256,1.59289,1.50,1.38
2012.11.08 14:35:13.475,1.59256,1.59288,1.50,1.38
2012.11.08 14:35:13.534,1.59256,1.5929,1.73,1.73
2012.11.08 14:35:13.655,1.59258,1.5929,1.73,1.73
2012.11.08 14:35:14.177,1.59261,1.59298,1.73,2.38
2012.11.08 14:35:14.465,1.59265,1.59293,1.09,1.73
2012.11.08 14:35:17.944,1.59261,1.59294,1.73,1.73
2012.11.08 14:35:18.005,1.59261,1.59298,2.48,2.11
2012.11.08 14:35:19.928,1.59261,1.59294,2.48,1.73
2012.11.08 14:35:20.045,1.59261,1.59298,1.73,2.11
2012.11.08 14:35:20.437,1.59261,1.59294,1.73,1.73
2012.11.08 14:35:20.556,1.59261,1.59297,1.73,1.32
2012.11.08 14:35:23.935,1.59261,1.59292,1.73,1.32
2012.11.08 14:35:23.995,1.59261,1.59292,1.73,1.32
2012.11.08 14:35:24.525,1.59261,1.5929,1.73,1.73
2012.11.08 14:35:24.776,1.59255,1.59294,1.73,2.13
2012.11.08 14:35:29.088,1.59256,1.59289,1.73,1.73
2012.11.08 14:35:29.456,1.59254,1.59281,1.13,1.23
2012.11.08 14:35:29.994,1.59249,1.59283,1.50,1.98
2012.11.08 14:35:30.114,1.59249,1.59278,1.50,1.23
2012.11.08 14:35:30.234,1.59249,1.5928,1.73,1.73
2012.11.08 14:35:30.354,1.59249,1.59283,1.73,2.13
2012.11.08 14:35:30.675,1.59254,1.59287,1.73,1.32
2012.11.08 14:35:31.030,1.59251,1.59287,2.48,1.32
2012.11.08 14:35:31.470,1.59251,1.59289,2.48,1.32
2012.11.08 14:35:31.836,1.59251,1.59286,2.48,1.32
2012.11.08 14:35:31.897,1.59252,1.59286,1.73,1.32
2012.11.08 14:35:31.957,1.59252,1.59286,1.73,1.32
2012.11.08 14:35:32.278,1.59252,1.59287,1.73,1.20
2012.11.08 14:35:33.404,1.59252,1.59286,1.73,1.32
2012.11.08 14:35:33.865,1.59251,1.59287,2.48,1.20
2012.11.08 14:35:33.925,1.59251,1.59287,2.48,1.61
2012.11.08 14:35:34.328,1.59252,1.59288,1.73,1.61
2012.11.08 14:35:39.224,1.59251,1.59287,1.73,1.61
2012.11.08 14:35:39.285,1.5925,1.59279,1.50,1.43
2012.11.08 14:35:40.629,1.59246,1.59282,1.73,1.43
2012.11.08 14:35:41.252,1.59257,1.59288,1.73,1.73
2012.11.08 14:35:41.316,1.59257,1.59293,1.73,1.73
2012.11.08 14:35:42.970,1.59253,1.59288,1.61,1.32
2012.11.08 14:35:43.035,1.59251,1.59288,2.48,1.70
2012.11.08 14:35:44.225,1.59249,1.59279,1.50,1.52
2012.11.08 14:35:45.426,1.59246,1.59283,1.73,1.52
2012.11.08 14:35:45.664,1.5925,1.59287,1.73,1.23
2012.11.08 14:35:45.725,1.5925,1.59287,1.73,1.23
2012.11.08 14:35:45.785,1.59255,1.59292,1.73,1.32
2012.11.08 14:35:46.174,1.59255,1.59288,1.73,1.73
2012.11.08 14:35:46.754,1.5925,1.59287,1.25,1.73
2012.11.08 14:35:46.874,1.59246,1.59284,3.23,1.56
2012.11.08 14:35:46.995,1.59251,1.59289,2.22,1.73
2012.11.08 14:35:47.175,1.59254,1.59285,1.50,1.59
2012.11.08 14:35:52.655,1.59249,1.59287,1.35,1.59
2012.11.08 14:35:52.775,1.59254,1.59291,1.73,1.32
2012.11.08 14:35:53.225,1.59249,1.59283,2.48,1.43
2012.11.08 14:35:53.954,1.59245,1.59283,1.73,2.18
2012.11.08 14:35:54.016,1.59246,1.59279,1.73,1.32
2012.11.08 14:35:55.215,1.59246,1.59279,1.73,1.32
2012.11.08 14:35:55.337,1.59246,1.59279,2.48,1.32
2012.11.08 14:35:55.577,1.59249,1.59284,2.85,1.73
2012.11.08 14:35:55.636,1.59249,1.59288,3.60,2.25
2012.11.08 14:35:55.736,1.59249,1.59288,3.60,2.25
2012.11.08 14:35:55.936,1.59251,1.59289,1.73,1.50
2012.11.08 14:35:56.477,1.59249,1.59279,2.25,1.38
2012.11.08 14:35:57.666,1.59249,1.59284,1.50,1.38
2012.11.08 14:35:57.784,1.5925,1.59288,1.73,2.34
2012.11.08 14:35:58.695,1.5925,1.59288,2.48,2.34
2012.11.08 14:35:58.755,1.59248,1.5928,1.50,1.20
2012.11.08 14:36:00.225,1.59249,1.59287,1.50,1.20
2012.11.08 14:36:00.413,1.5925,1.59288,1.73,2.07
2012.11.08 14:36:00.477,1.5925,1.59288,1.73,2.07
2012.11.08 14:36:00.535,1.59249,1.59284,1.73,1.47
2012.11.08 14:36:00.958,1.5925,1.59283,1.73,1.47
2012.11.08 14:36:01.135,1.59246,1.59278,1.50,1.45
2012.11.08 14:36:02.235,1.59244,1.59278,1.73,1.45
2012.11.08 14:36:02.356,1.59249,1.59282,1.50,1.45
2012.11.08 14:36:02.535,1.59256,1.59292,1.73,1.73
2012.11.08 14:36:02.775,1.59256,1.59285,1.50,1.61
2012.11.08 14:36:02.955,1.59249,1.59285,2.10,1.61
2012.11.08 14:36:03.015,1.59247,1.59279,1.50,1.61
2012.11.08 14:36:04.577,1.59255,1.59281,1.50,1.38
2012.11.08 14:36:04.648,1.59255,1.59285,1.50,1.29
2012.11.08 14:36:05.725,1.59251,1.59289,1.73,2.04
2012.11.08 14:36:05.786,1.59253,1.59289,1.35,1.73
2012.11.08 14:36:05.906,1.59255,1.5929,2.48,1.32
2012.11.08 14:36:06.214,1.59251,1.5928,1.50,1.73
2012.11.08 14:36:06.335,1.5925,1.5928,1.50,1.73
2012.11.08 14:36:14.156,1.59241,1.59279,1.73,3.30
2012.11.08 14:36:14.458,1.59237,1.59267,1.50,1.59
2012.11.08 14:36:14.694,1.59236,1.59266,3.00,1.23
2012.11.08 14:36:16.580,1.59236,1.59266,1.50,1.23
2012.11.08 14:36:16.765,1.5924,1.59274,1.73,1.73
2012.11.08 14:36:17.005,1.59239,1.59274,2.10,2.48
2012.11.08 14:36:17.124,1.59239,1.59271,2.10,1.50
2012.11.08 14:36:20.334,1.59239,1.59273,1.73,1.50
2012.11.08 14:36:21.198,1.59239,1.59271,1.73,1.50
2012.11.08 14:36:21.916,1.59236,1.5927,3.98,1.23
2012.11.08 14:36:25.688,1.5924,1.59273,1.73,1.73
2012.11.08 14:36:25.748,1.59235,1.59269,1.73,1.27
2012.11.08 14:36:27.195,1.59233,1.59266,4.35,1.32
2012.11.08 14:36:27.257,1.59234,1.59261,1.88,1.56
2012.11.08 14:36:27.614,1.59235,1.5927,1.73,1.45
2012.11.08 14:36:28.216,1.59234,1.59261,2.48,1.73
2012.11.08 14:36:28.535,1.59234,1.59266,2.63,1.04
2012.11.08 14:36:28.595,1.59233,1.59269,4.35,2.04
2012.11.08 14:36:32.319,1.59234,1.59268,2.85,1.73
2012.11.08 14:36:32.571,1.59234,1.59265,3.38,1.45
2012.11.08 14:36:36.714,1.59228,1.59265,1.73,1.45
2012.11.08 14:36:36.895,1.59226,1.5926,1.73,1.54
2012.11.08 14:36:38.965,1.59234,1.59264,1.13,1.54
2012.11.08 14:36:39.085,1.59234,1.59267,1.35,1.73
2012.11.08 14:36:39.325,1.59233,1.59265,1.73,1.27
2012.11.08 14:36:39.627,1.59238,1.59272,1.73,1.35
2012.11.08 14:36:39.929,1.59233,1.59271,1.73,1.63
2012.11.08 14:36:40.880,1.59233,1.59269,1.73,1.63
2012.11.08 14:36:41.526,1.59231,1.5927,2.48,2.11
2012.11.08 14:36:41.705,1.59231,1.59272,2.97,1.32
2012.11.08 14:36:43.541,1.59235,1.59272,1.73,1.32
2012.11.08 14:36:43.609,1.59235,1.59273,1.73,1.32
2012.11.08 14:36:44.354,1.59235,1.59272,1.73,1.32
2012.11.08 14:36:45.347,1.59235,1.59273,1.73,1.32
2012.11.08 14:36:50.875,1.59234,1.5927,1.73,1.32
2012.11.08 14:36:51.118,1.59229,1.59268,1.73,1.63
2012.11.08 14:36:52.236,1.59237,1.59271,1.73,1.35
2012.11.08 14:36:52.907,1.59239,1.59271,2.10,1.73
2012.11.08 14:36:53.025,1.59239,1.59269,1.50,1.43
2012.11.08 14:36:56.154,1.5923,1.59267,1.73,2.18
2012.11.08 14:36:56.275,1.5923,1.59267,1.73,1.43
2012.11.08 14:36:56.514,1.59232,1.59271,1.63,1.73
2012.11.08 14:36:57.586,1.59239,1.59274,2.10,1.25
2012.11.08 14:36:57.705,1.59239,1.59273,2.10,1.25
2012.11.08 14:36:59.436,1.59239,1.59273,2.10,2.00
2012.11.08 14:36:59.615,1.59231,1.59266,1.73,1.29
2012.11.08 14:37:03.491,1.5923,1.59267,1.73,1.73
2012.11.08 14:37:03.555,1.5923,1.59268,1.73,2.27
2012.11.08 14:37:03.855,1.59235,1.59269,1.73,1.73
2012.11.08 14:37:04.036,1.59235,1.59272,1.73,1.29
2012.11.08 14:37:04.098,1.59235,1.59269,1.73,1.73
2012.11.08 14:37:04.455,1.59234,1.59264,1.13,2.27
2012.11.08 14:37:08.495,1.59226,1.59264,1.73,1.52
2012.11.08 14:37:08.652,1.59229,1.59263,1.35,1.73
2012.11.08 14:37:09.165,1.59226,1.59264,1.73,1.52
2012.11.08 14:37:09.355,1.59226,1.59264,1.73,2.27
2012.11.08 14:37:09.674,1.59226,1.59264,1.73,1.52
2012.11.08 14:37:09.865,1.59226,1.59264,1.73,2.27
2012.11.08 14:37:10.445,1.59234,1.59263,1.35,1.73
2012.11.08 14:37:10.575,1.59234,1.59263,1.13,1.73
2012.11.08 14:37:12.776,1.59231,1.59263,1.13,1.52
2012.11.08 14:37:13.256,1.59229,1.59266,1.73,1.23
2012.11.08 14:37:13.775,1.59234,1.59268,1.13,1.23
2012.11.08 14:37:13.895,1.59234,1.59269,2.10,1.73
2012.11.08 14:37:14.905,1.59232,1.5927,1.73,1.20
2012.11.08 14:37:16.686,1.59234,1.59268,1.35,1.73
2012.11.08 14:37:16.746,1.59233,1.59268,2.48,1.73
2012.11.08 14:37:16.805,1.59233,1.59268,2.48,1.73
2012.11.08 14:37:16.985,1.59234,1.59269,1.35,2.38
2012.11.08 14:37:17.305,1.59234,1.59269,2.48,1.63
2012.11.08 14:37:17.733,1.59233,1.59269,4.35,2.38
2012.11.08 14:37:20.817,1.59231,1.59269,2.48,1.63
2012.11.08 14:37:20.936,1.59231,1.59268,2.48,1.73
2012.11.08 14:37:21.398,1.59231,1.59269,2.48,1.63
2012.11.08 14:37:21.477,1.59236,1.59274,1.73,2.38
2012.11.08 14:37:21.537,1.59236,1.59274,1.73,1.63
2012.11.08 14:37:21.808,1.59236,1.59273,1.73,1.35
2012.11.08 14:37:22.385,1.59235,1.59271,1.73,1.73
2012.11.08 14:37:22.565,1.59235,1.5927,1.73,1.20
2012.11.08 14:37:22.886,1.59234,1.59271,2.48,1.20
2012.11.08 14:37:23.006,1.59234,1.5927,2.48,1.20
2012.11.08 14:37:26.475,1.59237,1.5927,1.73,1.20
2012.11.08 14:37:26.536,1.59237,1.59273,1.73,1.73
2012.11.08 14:37:26.658,1.59236,1.59272,1.20,1.73
2012.11.08 14:37:26.776,1.59231,1.59269,1.35,2.11
2012.11.08 14:37:27.705,1.59235,1.59269,1.73,1.36
2012.11.08 14:37:27.765,1.59235,1.59274,1.73,2.27
2012.11.08 14:37:27.825,1.59235,1.59274,1.73,1.52
2012.11.08 14:37:28.070,1.59235,1.5927,1.73,1.73
2012.11.08 14:37:28.195,1.59235,1.59274,1.73,1.52
2012.11.08 14:37:28.259,1.59235,1.59274,1.73,2.27
2012.11.08 14:37:28.404,1.59235,1.59274,1.73,1.52
2012.11.08 14:37:28.600,1.59235,1.59274,1.73,2.27
2012.11.08 14:37:28.749,1.59235,1.59274,1.73,1.52
2012.11.08 14:37:29.265,1.59235,1.59273,1.73,1.73
2012.11.08 14:37:29.946,1.59235,1.59274,1.73,1.52
2012.11.08 14:37:30.066,1.5924,1.59276,1.27,1.73
2012.11.08 14:37:30.133,1.5924,1.59273,1.27,1.73
2012.11.08 14:37:30.256,1.59246,1.59273,1.73,1.73
2012.11.08 14:37:30.615,1.59236,1.59275,1.73,1.47
2012.11.08 14:37:30.675,1.59236,1.59273,1.73,1.73
2012.11.08 14:37:30.865,1.59236,1.59275,1.73,1.47
2012.11.08 14:37:31.225,1.59236,1.59274,1.73,1.73
2012.11.08 14:37:32.176,1.59244,1.59275,1.13,1.47
2012.11.08 14:37:32.356,1.59243,1.59275,1.73,1.73
2012.11.08 14:37:32.476,1.59237,1.59274,1.73,2.02
2012.11.08 14:37:37.165,1.59236,1.59269,1.73,1.73
2012.11.08 14:37:37.226,1.59233,1.59268,1.35,1.52
2012.11.08 14:37:42.395,1.59228,1.59262,2.48,1.32
2012.11.08 14:37:42.635,1.59221,1.5925,1.50,1.34
2012.11.08 14:37:42.755,1.59221,1.59251,1.50,1.34
2012.11.08 14:37:42.939,1.59217,1.5925,1.32,1.34
2012.11.08 14:37:42.995,1.59217,1.59251,1.32,1.34
2012.11.08 14:37:43.336,1.59217,1.5925,1.32,1.34
2012.11.08 14:37:45.308,1.59217,1.59251,1.32,1.34
2012.11.08 14:37:45.425,1.59215,1.5925,1.73,1.34
2012.11.08 14:37:46.148,1.59215,1.59251,1.73,1.34
2012.11.08 14:37:46.266,1.59215,1.5925,1.73,1.34
2012.11.08 14:37:46.725,1.59218,1.59251,1.35,1.34
2012.11.08 14:37:47.200,1.59219,1.5925,1.73,1.34
2012.11.08 14:37:48.734,1.59219,1.59254,1.73,1.34
2012.11.08 14:37:48.797,1.59219,1.59256,1.73,1.73
2012.11.08 14:37:49.665,1.59219,1.59256,3.23,1.73
2012.11.08 14:37:49.845,1.59219,1.59251,1.50,1.27
2012.11.08 14:37:50.465,1.59219,1.59256,1.73,1.73
2012.11.08 14:37:50.768,1.59227,1.59264,1.73,1.35
2012.11.08 14:37:50.885,1.59228,1.5926,1.73,1.73
2012.11.08 14:37:51.005,1.59224,1.59259,1.59,1.73
2012.11.08 14:37:51.315,1.5922,1.59258,1.35,1.63
2012.11.08 14:37:51.976,1.59221,1.59259,1.73,2.27
2012.11.08 14:37:55.345,1.59231,1.59261,3.00,1.59
2012.11.08 14:37:55.525,1.59231,1.59268,1.73,2.77
2012.11.08 14:37:55.706,1.59231,1.59266,1.73,1.27
2012.11.08 14:37:55.766,1.59231,1.59265,1.73,1.73
2012.11.08 14:37:56.214,1.59231,1.59266,3.23,1.27
2012.11.08 14:37:58.145,1.59234,1.59269,1.32,1.27
2012.11.08 14:37:58.265,1.59235,1.59273,1.73,1.73
2012.11.08 14:37:58.505,1.59235,1.5927,1.73,1.73
2012.11.08 14:37:59.038,1.59231,1.59269,2.48,2.27
2012.11.08 14:37:59.475,1.59235,1.59266,1.73,1.52
2012.11.08 14:37:59.594,1.59235,1.59274,1.73,3.09
2012.11.08 14:38:00.437,1.59235,1.5927,1.73,1.73
2012.11.08 14:38:00.657,1.59229,1.59267,1.32,1.43
2012.11.08 14:38:06.625,1.59231,1.59267,1.73,1.43
2012.11.08 14:38:06.865,1.59236,1.59273,1.73,1.73
2012.11.08 14:38:07.925,1.59236,1.59273,1.73,1.73
2012.11.08 14:38:08.055,1.59236,1.59273,1.73,2.48
2012.11.08 14:38:08.445,1.59241,1.59274,1.73,1.43
2012.11.08 14:38:08.505,1.59251,1.59279,1.50,1.73
2012.11.08 14:38:09.052,1.59246,1.5928,1.73,1.73
2012.11.08 14:38:09.115,1.59246,1.59278,1.73,1.32
2012.11.08 14:38:09.176,1.59239,1.59275,1.73,1.73
2012.11.08 14:38:09.485,1.59239,1.59276,1.73,1.20
2012.11.08 14:38:09.949,1.59245,1.59278,1.73,1.54
2012.11.08 14:38:10.075,1.59245,1.5928,1.73,1.73
2012.11.08 14:38:10.195,1.59245,1.59278,1.73,1.73
2012.11.08 14:38:10.255,1.59242,1.59273,1.63,1.50
2012.11.08 14:38:10.561,1.59239,1.59271,1.73,1.43
2012.11.08 14:38:11.186,1.59238,1.5927,1.35,1.35
2012.11.08 14:38:11.246,1.59238,1.5927,1.35,1.35
2012.11.08 14:38:11.438,1.59239,1.59272,1.35,1.96
2012.11.08 14:38:11.735,1.59233,1.59274,2.71,1.32
2012.11.08 14:38:11.795,1.59233,1.59274,2.71,1.32
2012.11.08 14:38:11.915,1.59236,1.59274,1.34,1.73
2012.11.08 14:38:11.976,1.59232,1.59274,1.73,2.04
2012.11.08 14:38:13.100,1.59229,1.59263,1.35,1.29
2012.11.08 14:38:17.426,1.5923,1.59266,1.73,1.29
2012.11.08 14:38:17.486,1.59227,1.59264,1.73,2.04
2012.11.08 14:38:17.617,1.59227,1.59264,1.73,1.73
2012.11.08 14:38:18.095,1.59227,1.59266,1.73,1.25
2012.11.08 14:38:18.155,1.59227,1.59264,1.73,1.73
2012.11.08 14:38:18.326,1.59227,1.59266,1.73,1.25
2012.11.08 14:38:18.626,1.59231,1.59268,1.73,1.73
2012.11.08 14:38:18.697,1.59231,1.59268,1.73,2.48
2012.11.08 14:38:19.255,1.59232,1.59268,1.73,1.73
2012.11.08 14:38:21.567,1.59232,1.59273,1.73,2.75
2012.11.08 14:38:21.866,1.59237,1.59273,1.73,1.73
2012.11.08 14:38:22.046,1.59237,1.59273,1.73,1.73
2012.11.08 14:38:22.595,1.59236,1.59268,1.73,2.85
2012.11.08 14:38:23.395,1.59237,1.59267,1.73,1.73
2012.11.08 14:38:24.005,1.59237,1.59267,2.13,2.93
2012.11.08 14:38:26.885,1.59238,1.59267,1.32,2.18
2012.11.08 14:38:27.125,1.59241,1.59266,1.23,1.95
2012.11.08 14:38:27.246,1.59234,1.59263,1.45,2.25
2012.11.08 14:38:27.365,1.59229,1.59263,1.73,2.48
2012.11.08 14:38:27.486,1.59229,1.59262,1.73,1.59
2012.11.08 14:38:27.547,1.59229,1.59254,1.73,2.55
2012.11.08 14:38:27.855,1.59229,1.59251,1.73,2.78
2012.11.08 14:38:28.335,1.5922,1.59254,1.73,1.95
2012.11.08 14:38:28.695,1.5922,1.59254,1.73,1.95
2012.11.08 14:38:28.886,1.5922,1.59254,1.73,1.95
2012.11.08 14:38:28.948,1.5922,1.59259,1.73,1.73
2012.11.08 14:38:29.526,1.5922,1.59262,1.73,3.76
2012.11.08 14:38:29.945,1.59223,1.59256,1.29,1.35
2012.11.08 14:38:30.395,1.59222,1.59259,1.73,1.73
2012.11.08 14:38:31.128,1.59222,1.59253,1.73,1.73
2012.11.08 14:38:31.436,1.59222,1.5925,1.73,2.07
2012.11.08 14:38:31.796,1.59212,1.59234,2.40,1.73
2012.11.08 14:38:32.156,1.59216,1.59238,1.50,2.25
2012.11.08 14:38:32.215,1.59214,1.59238,1.50,1.50
2012.11.08 14:38:32.276,1.59214,1.5924,1.73,1.32
2012.11.08 14:38:32.826,1.59206,1.59241,1.73,1.73
2012.11.08 14:38:32.946,1.59206,1.59244,1.35,1.73
2012.11.08 14:38:33.469,1.59206,1.5924,2.10,1.73
2012.11.08 14:38:33.549,1.59209,1.59244,1.35,1.73
2012.11.08 14:38:33.735,1.59206,1.5924,1.73,1.73
2012.11.08 14:38:34.046,1.59205,1.59239,1.50,1.56
2012.11.08 14:38:34.105,1.59205,1.5924,1.73,1.73
2012.11.08 14:38:34.165,1.59203,1.5924,1.61,1.73
2012.11.08 14:38:35.006,1.59203,1.5924,2.36,1.73
2012.11.08 14:38:35.065,1.59203,1.59236,1.73,1.25
2012.11.08 14:38:35.366,1.59203,1.59244,2.00,2.25
2012.11.08 14:38:36.685,1.59207,1.59243,1.73,1.73
2012.11.08 14:38:36.986,1.59208,1.59245,1.35,2.09
2012.11.08 14:38:37.047,1.59212,1.59245,1.35,1.73
2012.11.08 14:38:37.255,1.59212,1.59248,1.35,1.73
2012.11.08 14:38:37.676,1.5922,1.59252,1.73,1.61
2012.11.08 14:38:37.797,1.5922,1.59258,1.73,3.90
2012.11.08 14:38:38.231,1.59219,1.59258,2.07,1.73
2012.11.08 14:38:40.115,1.59219,1.59258,2.82,2.48
2012.11.08 14:38:40.175,1.59219,1.59254,1.73,1.73
2012.11.08 14:38:40.655,1.59216,1.59254,1.54,1.73
2012.11.08 14:38:40.896,1.59206,1.59238,1.73,1.73
2012.11.08 14:38:41.255,1.59201,1.59238,2.48,1.73
2012.11.08 14:38:41.587,1.59201,1.59238,2.48,1.73
2012.11.08 14:38:42.481,1.59197,1.59228,1.47,1.50
2012.11.08 14:38:42.550,1.59193,1.59227,1.73,1.34
2012.11.08 14:38:43.289,1.59192,1.59228,1.73,2.48
2012.11.08 14:38:43.415,1.59193,1.59226,1.50,1.73
2012.11.08 14:38:43.925,1.59194,1.59229,2.10,1.73
2012.11.08 14:38:44.247,1.59197,1.59231,1.35,1.73
2012.11.08 14:38:44.548,1.59198,1.59235,1.32,1.73
2012.11.08 14:38:44.798,1.59203,1.59234,1.35,1.73
2012.11.08 14:38:44.919,1.59204,1.59241,1.35,2.31
2012.11.08 14:38:44.975,1.59204,1.59241,1.35,1.73
2012.11.08 14:38:45.035,1.59203,1.59238,1.35,1.73
2012.11.08 14:38:45.459,1.59203,1.59241,2.10,1.73
2012.11.08 14:38:45.576,1.59204,1.59241,1.74,1.73
2012.11.08 14:38:47.275,1.59209,1.59243,1.38,1.73
2012.11.08 14:38:47.812,1.5921,1.59247,1.73,1.32
2012.11.08 14:38:48.366,1.59209,1.59244,2.13,2.10
2012.11.08 14:38:48.497,1.59204,1.59243,1.41,1.73
2012.11.08 14:38:48.736,1.59201,1.59238,1.73,2.55
2012.11.08 14:38:48.865,1.59201,1.59234,1.73,1.73
2012.11.08 14:38:49.285,1.59192,1.59228,1.73,1.73
2012.11.08 14:38:49.686,1.5919,1.59224,1.27,1.73
2012.11.08 14:38:49.925,1.5919,1.59224,1.27,1.73
2012.11.08 14:38:49.986,1.59186,1.59224,2.48,1.73
2012.11.08 14:38:50.045,1.59186,1.59219,2.48,1.73
2012.11.08 14:38:50.106,1.59186,1.59219,2.48,1.73
2012.11.08 14:38:50.368,1.59186,1.59219,1.73,3.30
2012.11.08 14:38:50.546,1.59182,1.59209,1.32,1.73
2012.11.08 14:38:51.145,1.59178,1.59217,1.73,1.73
2012.11.08 14:38:51.387,1.59182,1.59219,1.73,2.34
2012.11.08 14:38:51.505,1.59182,1.59222,1.73,1.73
2012.11.08 14:38:51.745,1.59178,1.59218,1.73,2.48
2012.11.08 14:38:52.156,1.59178,1.59218,1.73,2.48
2012.11.08 14:38:52.336,1.59179,1.59218,1.50,2.48
2012.11.08 14:38:52.832,1.59178,1.59218,1.73,2.48
2012.11.08 14:38:52.901,1.59178,1.59218,1.73,2.48
2012.11.08 14:38:54.217,1.59178,1.59218,1.73,2.48
2012.11.08 14:38:54.830,1.59177,1.59217,1.73,1.73
2012.11.08 14:38:57.857,1.59186,1.59218,1.50,2.22
2012.11.08 14:38:58.096,1.59182,1.59222,1.73,1.73
2012.11.08 14:38:58.714,1.59183,1.59223,1.73,2.70
2012.11.08 14:38:58.775,1.5918,1.59214,3.23,1.73
2012.11.08 14:38:59.115,1.59186,1.59219,1.73,1.73
2012.11.08 14:39:00.695,1.5918,1.59214,2.97,1.73
2012.11.08 14:39:00.755,1.5918,1.59206,2.25,1.34
2012.11.08 14:39:00.875,1.59179,1.59207,1.50,1.34
2012.11.08 14:39:01.056,1.59179,1.59214,1.73,2.84
2012.11.08 14:39:02.092,1.59177,1.59214,1.73,2.48
2012.11.08 14:39:03.225,1.59174,1.59206,1.52,1.50
2012.11.08 14:39:03.286,1.59171,1.59206,2.48,1.73
2012.11.08 14:39:03.466,1.59177,1.59209,1.50,1.50
2012.11.08 14:39:03.526,1.59183,1.59214,1.61,1.73
2012.11.08 14:39:03.706,1.59184,1.5922,1.35,1.73
2012.11.08 14:39:03.768,1.59182,1.5922,1.73,2.11
2012.11.08 14:39:04.070,1.59183,1.59223,2.34,1.73
2012.11.08 14:39:04.137,1.59183,1.59224,2.34,2.00
2012.11.08 14:39:04.915,1.59186,1.59227,1.73,1.73
2012.11.08 14:39:04.975,1.59186,1.59228,1.73,2.38
2012.11.08 14:39:05.036,1.59186,1.59227,1.73,1.73
2012.11.08 14:39:05.866,1.59185,1.59228,1.54,2.38
2012.11.08 14:39:06.216,1.5919,1.59228,1.47,1.73
2012.11.08 14:39:06.515,1.59188,1.59225,1.73,1.73
2012.11.08 14:39:07.736,1.59196,1.59231,1.73,2.20
2012.11.08 14:39:07.796,1.59196,1.59231,2.31,1.73
2012.11.08 14:39:08.351,1.59199,1.59233,1.32,1.73
2012.11.08 14:39:09.226,1.59199,1.59233,1.32,1.73
2012.11.08 14:39:10.209,1.59196,1.59232,1.73,1.73
2012.11.08 14:39:10.276,1.59196,1.59232,1.73,1.73
2012.11.08 14:39:14.674,1.592,1.59232,1.73,1.32
2012.11.08 14:39:14.795,1.59207,1.5924,1.73,1.73
2012.11.08 14:39:14.855,1.59207,1.59243,1.73,2.48
2012.11.08 14:39:14.915,1.59207,1.59243,1.73,1.73
2012.11.08 14:39:15.216,1.59214,1.59253,2.11,3.23
2012.11.08 14:39:15.695,1.59215,1.5925,1.73,1.73
2012.11.08 14:39:15.956,1.59215,1.59249,1.73,1.59
2012.11.08 14:39:16.435,1.59207,1.59248,1.73,2.48
2012.11.08 14:39:16.735,1.59207,1.59246,2.95,1.73
2012.11.08 14:39:17.105,1.5921,1.59246,1.25,1.73
2012.11.08 14:39:17.668,1.5921,1.59248,1.25,1.73
2012.11.08 14:39:18.223,1.59207,1.59246,2.02,1.73
2012.11.08 14:39:18.841,1.59207,1.59247,1.73,1.73
2012.11.08 14:39:20.208,1.59211,1.59246,1.32,1.73
2012.11.08 14:39:23.425,1.59211,1.59248,1.32,1.73
2012.11.08 14:39:23.486,1.59212,1.59252,1.29,2.48
2012.11.08 14:39:24.405,1.59218,1.59253,1.32,1.73
2012.11.08 14:39:24.464,1.59218,1.59253,1.32,1.73
2012.11.08 14:39:25.205,1.59218,1.59258,1.32,1.73
2012.11.08 14:39:25.325,1.59222,1.59259,1.73,1.73
2012.11.08 14:39:25.444,1.59222,1.59257,1.73,1.73
2012.11.08 14:39:25.746,1.59222,1.59259,1.73,1.73
2012.11.08 14:39:25.805,1.59222,1.59259,2.31,1.73
2012.11.08 14:39:26.046,1.59219,1.59256,2.48,1.73
2012.11.08 14:39:26.360,1.59219,1.59256,2.48,1.95
2012.11.08 14:39:26.425,1.59219,1.59256,2.48,1.73
2012.11.08 14:39:26.551,1.59219,1.59256,2.48,2.36
2012.11.08 14:39:26.785,1.59219,1.59256,2.48,1.73
2012.11.08 14:39:26.911,1.59219,1.59258,2.48,1.73
2012.11.08 14:39:26.981,1.59222,1.59259,1.47,2.07
2012.11.08 14:39:27.195,1.59222,1.59259,1.85,2.07
2012.11.08 14:39:27.259,1.59222,1.59258,1.35,1.73
2012.11.08 14:39:28.829,1.59219,1.59258,1.35,2.38
2012.11.08 14:39:29.417,1.59218,1.59256,1.73,1.47
2012.11.08 14:39:29.488,1.59216,1.59251,1.73,1.32
2012.11.08 14:39:29.726,1.59213,1.59251,1.63,1.32
2012.11.08 14:39:33.165,1.59214,1.59253,1.73,1.73
2012.11.08 14:39:33.225,1.59218,1.59256,1.50,1.73
2012.11.08 14:39:33.937,1.59218,1.59253,1.50,1.73
2012.11.08 14:39:34.005,1.59213,1.59253,1.32,1.73
2012.11.08 14:39:34.985,1.59216,1.59257,1.73,2.95
2012.11.08 14:39:35.045,1.59217,1.59257,1.59,2.48
2012.11.08 14:39:38.126,1.59217,1.59255,1.59,1.73
2012.11.08 14:39:38.305,1.59213,1.59252,1.79,1.73
2012.11.08 14:39:40.167,1.59214,1.59252,1.32,1.73
2012.11.08 14:39:40.288,1.59214,1.59252,1.32,1.73
2012.11.08 14:39:40.888,1.59214,1.59252,1.32,1.73
2012.11.08 14:39:44.516,1.59214,1.59252,1.32,1.73
2012.11.08 14:39:44.575,1.59214,1.59252,1.32,1.73
2012.11.08 14:39:45.776,1.59211,1.59244,1.50,1.50
2012.11.08 14:39:46.152,1.59205,1.59244,1.73,1.73
2012.11.08 14:39:46.483,1.59205,1.59244,1.73,1.73
2012.11.08 14:39:46.767,1.59205,1.59244,1.73,1.73
2012.11.08 14:39:47.305,1.59205,1.59244,1.73,1.73
2012.11.08 14:39:47.785,1.59205,1.59244,1.73,1.73
2012.11.08 14:39:47.905,1.59205,1.59247,1.73,2.31
2012.11.08 14:39:48.775,1.59215,1.59255,2.48,2.70
2012.11.08 14:39:48.898,1.59217,1.59255,1.56,2.48
2012.11.08 14:39:49.935,1.59217,1.59255,1.56,1.73
2012.11.08 14:39:50.207,1.59208,1.59247,2.27,1.73
2012.11.08 14:39:50.455,1.59208,1.59248,2.27,1.73
2012.11.08 14:39:50.785,1.59208,1.59247,2.27,1.73
2012.11.08 14:39:53.026,1.59208,1.59249,2.27,3.23
2012.11.08 14:39:53.306,1.59208,1.59244,2.27,1.73
2012.11.08 14:39:53.685,1.59208,1.59243,2.27,1.73
2012.11.08 14:39:53.986,1.59206,1.59243,1.73,1.73
2012.11.08 14:39:54.108,1.59208,1.59248,1.52,1.73
2012.11.08 14:39:56.674,1.59208,1.59243,1.52,1.73
2012.11.08 14:39:59.625,1.59208,1.59248,1.52,1.73
2012.11.08 14:39:59.967,1.59206,1.59241,1.73,1.73
2012.11.08 14:40:00.925,1.59201,1.59234,2.16,1.32
2012.11.08 14:40:01.476,1.5919,1.59225,1.73,1.73
2012.11.08 14:40:03.695,1.59194,1.59225,1.35,1.73
2012.11.08 14:40:04.224,1.59191,1.59225,1.73,1.73
2012.11.08 14:40:04.757,1.59191,1.59225,1.73,1.73
2012.11.08 14:40:05.257,1.59191,1.59225,1.73,1.73
2012.11.08 14:40:05.972,1.59191,1.59225,1.73,1.73
2012.11.08 14:40:09.258,1.59191,1.59225,1.73,1.73
2012.11.08 14:40:09.376,1.59191,1.59228,1.73,1.45
2012.11.08 14:40:09.436,1.59194,1.59229,1.73,1.73
2012.11.08 14:40:09.616,1.59194,1.59229,1.73,1.73
2012.11.08 14:40:09.676,1.59194,1.59229,1.73,1.73
2012.11.08 14:40:09.965,1.59193,1.59229,1.73,2.38
2012.11.08 14:40:12.786,1.59191,1.59225,1.73,1.73
2012.11.08 14:40:13.016,1.59192,1.59225,1.73,1.73
2012.11.08 14:40:21.616,1.59189,1.59227,2.07,1.73
2012.11.08 14:40:21.806,1.59201,1.59238,1.32,1.73
2012.11.08 14:40:21.867,1.59201,1.5924,2.07,1.73
2012.11.08 14:40:25.797,1.59201,1.59241,4.32,1.73
2012.11.08 14:40:25.855,1.59201,1.5924,4.32,1.73
2012.11.08 14:40:26.157,1.59202,1.59234,1.38,1.50
2012.11.08 14:40:26.277,1.59201,1.59232,2.48,1.73
2012.11.08 14:40:26.396,1.59193,1.59231,2.04,1.73
2012.11.08 14:40:26.576,1.59193,1.59231,2.04,1.35
2012.11.08 14:40:26.646,1.59193,1.59231,2.04,2.10
2012.11.08 14:40:28.146,1.59194,1.59231,1.73,1.73
2012.11.08 14:40:28.207,1.59193,1.59231,1.29,1.73
2012.11.08 14:40:28.586,1.5919,1.59228,1.73,1.73
2012.11.08 14:40:29.305,1.59193,1.59228,2.02,1.73
2012.11.08 14:40:37.205,1.59196,1.59229,1.73,1.73
2012.11.08 14:40:37.530,1.59201,1.59229,1.73,2.10
2012.11.08 14:40:37.596,1.59201,1.59227,1.73,1.35
2012.11.08 14:40:37.881,1.59201,1.59229,1.73,2.10
2012.11.08 14:40:39.626,1.59197,1.59229,1.73,1.73
2012.11.08 14:40:39.866,1.59186,1.59223,1.32,1.73
2012.11.08 14:40:40.405,1.59187,1.59223,1.27,1.73
2012.11.08 14:40:42.697,1.59187,1.5922,1.27,1.73
2012.11.08 14:40:43.137,1.59187,1.59223,1.27,2.48
2012.11.08 14:40:43.920,1.59187,1.59223,1.27,2.48
2012.11.08 14:40:44.045,1.59183,1.59214,1.73,1.73
2012.11.08 14:40:44.166,1.59176,1.59214,1.56,1.73
2012.11.08 14:40:44.285,1.59173,1.59208,2.48,1.73
2012.11.08 14:40:46.622,1.59171,1.59204,1.36,2.48
2012.11.08 14:40:46.927,1.59167,1.59199,1.73,1.73
2012.11.08 14:40:47.165,1.59167,1.59199,1.73,1.73
2012.11.08 14:40:48.267,1.59163,1.59194,1.52,1.50
2012.11.08 14:40:48.571,1.59155,1.59193,1.43,2.48
2012.11.08 14:40:48.875,1.59164,1.59199,1.43,2.40
2012.11.08 14:40:49.296,1.59171,1.59203,1.38,1.50
2012.11.08 14:40:49.836,1.59171,1.59203,1.38,1.50
2012.11.08 14:40:50.015,1.59166,1.59199,1.73,1.73
2012.11.08 14:40:51.035,1.59165,1.59199,1.73,1.73
2012.11.08 14:40:51.542,1.59165,1.59199,1.73,1.73
2012.11.08 14:40:51.666,1.59165,1.59202,1.73,1.73
2012.11.08 14:40:52.025,1.59172,1.59208,1.32,2.48
2012.11.08 14:40:52.357,1.5917,1.59204,1.32,1.73
2012.11.08 14:40:52.452,1.59166,1.59204,2.11,1.73
2012.11.08 14:40:52.695,1.59171,1.59204,1.56,2.48
2012.11.08 14:40:53.365,1.59171,1.59204,1.56,1.73
2012.11.08 14:40:53.485,1.59167,1.59204,1.23,2.48
2012.11.08 14:40:53.796,1.59165,1.59198,1.08,1.73
2012.11.08 14:40:54.486,1.5917,1.59204,1.16,2.48
2012.11.08 14:40:54.857,1.59169,1.59204,1.11,2.48
2012.11.08 14:40:55.036,1.59174,1.59205,1.28,2.48
2012.11.08 14:40:55.156,1.59177,1.59208,1.65,1.73
2012.11.08 14:40:55.276,1.59177,1.59213,1.09,1.73
2012.11.08 14:40:55.395,1.59177,1.59214,1.09,2.48
2012.11.08 14:40:55.906,1.59178,1.59214,1.21,1.73
2012.11.08 14:40:59.755,1.5918,1.59213,1.73,1.73
2012.11.08 14:41:00.026,1.5918,1.59212,1.73,1.73
2012.11.08 14:41:00.685,1.5918,1.59213,1.73,1.73
2012.11.08 14:41:00.866,1.59179,1.59214,2.10,1.73
2012.11.08 14:41:08.387,1.59179,1.59213,2.10,1.73
2012.11.08 14:41:08.446,1.59179,1.59212,2.10,1.73
2012.11.08 14:41:09.516,1.5918,1.5921,1.73,1.50
2012.11.08 14:41:09.848,1.5918,1.59214,1.73,1.73
2012.11.08 14:41:12.395,1.5918,1.59214,1.73,1.73
2012.11.08 14:41:12.635,1.59177,1.59209,1.73,1.73
2012.11.08 14:41:16.437,1.59174,1.59211,4.35,1.73
2012.11.08 14:41:16.626,1.59177,1.59214,1.97,1.73
2012.11.08 14:41:17.075,1.59177,1.59214,1.97,1.73
2012.11.08 14:41:17.857,1.59177,1.59213,1.97,1.73
2012.11.08 14:41:18.045,1.59177,1.59209,1.73,1.73
2012.11.08 14:41:18.836,1.59178,1.59212,1.35,1.73
2012.11.08 14:41:19.156,1.59179,1.59214,2.53,1.73
2012.11.08 14:41:19.278,1.5918,1.59214,1.35,1.73
2012.11.08 14:41:19.697,1.59178,1.59208,1.43,1.50
2012.11.08 14:41:19.877,1.59171,1.59203,1.35,1.73
2012.11.08 14:41:20.236,1.59171,1.59201,1.73,1.50
2012.11.08 14:41:20.355,1.59164,1.59192,1.13,1.73
2012.11.08 14:41:20.476,1.59164,1.59197,1.50,1.73
2012.11.08 14:41:20.536,1.59162,1.59194,1.73,1.73
2012.11.08 14:41:21.417,1.59161,1.59193,1.73,1.73
2012.11.08 14:41:21.598,1.59157,1.59191,1.86,1.50
2012.11.08 14:41:21.717,1.59152,1.59186,1.73,1.50
2012.11.08 14:41:21.778,1.59152,1.59184,1.73,1.73
2012.11.08 14:41:25.686,1.59148,1.59184,2.44,1.73
2012.11.08 14:41:25.745,1.59148,1.59184,1.84,1.73
2012.11.08 14:41:25.985,1.59148,1.59182,2.07,2.73
2012.11.08 14:41:26.111,1.59148,1.59182,1.32,2.48
2012.11.08 14:41:26.176,1.59145,1.59182,1.45,2.48
2012.11.08 14:41:26.235,1.59145,1.59181,1.45,1.35
2012.11.08 14:41:26.476,1.59142,1.59178,1.73,2.09
2012.11.08 14:41:26.608,1.59142,1.59176,1.73,1.73
2012.11.08 14:41:27.057,1.59139,1.59175,1.73,1.45
2012.11.08 14:41:27.365,1.59139,1.59175,1.73,2.20
2012.11.08 14:41:28.696,1.59134,1.59173,2.18,1.73
2012.11.08 14:41:28.816,1.59134,1.59173,2.18,2.48
2012.11.08 14:41:29.116,1.59139,1.59174,1.52,1.73
2012.11.08 14:41:29.787,1.59139,1.59176,1.52,1.73
2012.11.08 14:41:29.906,1.59141,1.59177,1.73,1.35
2012.11.08 14:41:30.026,1.59141,1.59178,2.48,2.48
2012.11.08 14:41:30.086,1.59141,1.59178,2.48,2.48
2012.11.08 14:41:30.355,1.59141,1.59177,2.48,1.73
2012.11.08 14:41:30.676,1.59135,1.59171,1.73,1.73
2012.11.08 14:41:31.506,1.59131,1.5917,2.29,1.73
2012.11.08 14:41:32.147,1.59133,1.59169,1.45,1.35
2012.11.08 14:41:35.015,1.59133,1.59169,1.45,1.73
2012.11.08 14:41:35.076,1.59131,1.59168,1.36,1.73
2012.11.08 14:41:35.597,1.59128,1.59165,1.59,1.73
2012.11.08 14:41:35.932,1.59126,1.59158,1.73,1.73
2012.11.08 14:41:36.295,1.59119,1.59155,1.73,1.73
2012.11.08 14:41:38.437,1.5912,1.59157,1.73,3.60
2012.11.08 14:41:38.557,1.5912,1.59157,2.31,3.60
2012.11.08 14:41:38.736,1.59122,1.59161,1.50,1.73
2012.11.08 14:41:39.112,1.59122,1.59162,1.34,1.73
2012.11.08 14:41:39.276,1.59126,1.59161,1.32,1.73
2012.11.08 14:41:40.146,1.59122,1.59157,1.34,1.73
2012.11.08 14:41:40.326,1.59119,1.59155,1.73,1.73
2012.11.08 14:41:43.647,1.59116,1.59155,1.73,1.73
2012.11.08 14:41:43.826,1.59118,1.59155,1.61,1.73
2012.11.08 14:41:43.946,1.59123,1.59156,1.32,1.13
2012.11.08 14:41:44.127,1.59131,1.59163,1.50,2.07
2012.11.08 14:41:44.194,1.59132,1.59163,1.47,1.88
2012.11.08 14:41:44.259,1.59126,1.59163,1.32,2.10
2012.11.08 14:41:44.976,1.59125,1.59159,1.61,1.35
2012.11.08 14:41:45.565,1.59126,1.59159,1.47,1.65
2012.11.08 14:41:45.808,1.59123,1.59158,1.29,1.65
2012.11.08 14:41:46.425,1.59125,1.59159,1.52,1.73
2012.11.08 14:41:49.992,1.59123,1.59159,1.45,2.48
2012.11.08 14:41:51.176,1.59131,1.59161,1.73,1.35
2012.11.08 14:41:51.236,1.59131,1.59166,1.73,1.35
2012.11.08 14:41:51.821,1.59131,1.59168,1.73,1.73
2012.11.08 14:41:52.386,1.59131,1.5917,1.73,1.73
2012.11.08 14:41:52.445,1.59136,1.5917,1.77,1.73
2012.11.08 14:41:52.806,1.59131,1.59169,1.73,1.73
2012.11.08 14:41:55.456,1.59141,1.59172,1.09,2.10
2012.11.08 14:41:55.516,1.59141,1.59172,1.32,1.35
2012.11.08 14:41:55.695,1.59135,1.59172,4.43,1.35
2012.11.08 14:41:55.995,1.59137,1.59174,1.73,1.73
2012.11.08 14:41:56.295,1.59131,1.59168,2.29,1.73
2012.11.08 14:41:57.086,1.59128,1.59164,1.73,1.48
2012.11.08 14:42:00.205,1.59128,1.59164,1.73,1.48
2012.11.08 14:42:00.266,1.59128,1.59166,2.48,1.35
2012.11.08 14:42:00.386,1.59135,1.59168,1.32,1.73
2012.11.08 14:42:00.461,1.59135,1.59168,1.81,1.73
2012.11.08 14:42:00.917,1.59137,1.59172,1.73,2.10
2012.11.08 14:42:01.220,1.59132,1.59172,1.73,2.10
2012.11.08 14:42:01.277,1.59132,1.59171,1.73,1.73
2012.11.08 14:42:01.766,1.59137,1.59171,1.23,1.73
2012.11.08 14:42:02.290,1.59136,1.59169,1.52,1.73
2012.11.08 14:42:03.015,1.59136,1.59172,1.54,2.10
2012.11.08 14:42:03.265,1.59139,1.59172,1.54,1.35
2012.11.08 14:42:06.312,1.59142,1.59178,1.98,1.73
2012.11.08 14:42:07.186,1.59142,1.59178,1.23,1.73
2012.11.08 14:42:07.485,1.59141,1.5917,2.10,1.73
2012.11.08 14:42:07.607,1.59141,1.5917,1.73,1.73
2012.11.08 14:42:08.059,1.59141,1.59174,1.47,1.73
2012.11.08 14:42:08.586,1.5914,1.59174,1.61,1.73
2012.11.08 14:42:08.946,1.5914,1.59168,1.90,1.50
2012.11.08 14:42:09.066,1.5914,1.59168,1.32,1.73
2012.11.08 14:42:10.026,1.59136,1.59168,3.31,1.73
2012.11.08 14:42:10.086,1.59137,1.59168,1.32,1.73
2012.11.08 14:42:10.205,1.59144,1.59174,1.73,1.73
2012.11.08 14:42:10.506,1.59146,1.59174,1.73,1.73
2012.11.08 14:42:10.626,1.59147,1.5918,1.35,1.73
2012.11.08 14:42:10.686,1.59148,1.59186,1.73,1.59
2012.11.08 14:42:10.805,1.59151,1.59188,1.34,2.48
2012.11.08 14:42:11.705,1.59151,1.59181,1.34,1.50
2012.11.08 14:42:11.767,1.59149,1.59181,2.10,1.73
2012.11.08 14:42:12.765,1.59147,1.59178,2.48,1.73
2012.11.08 14:42:12.886,1.59147,1.59178,2.48,1.73
2012.11.08 14:42:13.225,1.59143,1.59178,1.59,1.73
2012.11.08 14:42:13.946,1.59143,1.59179,1.59,1.73
2012.11.08 14:42:15.255,1.59143,1.59178,1.59,1.73
2012.11.08 14:42:15.495,1.59143,1.59178,1.59,1.73
2012.11.08 14:42:15.716,1.59143,1.59178,1.59,1.73
2012.11.08 14:42:17.368,1.59144,1.59178,1.73,1.73
2012.11.08 14:42:17.916,1.59147,1.59179,1.73,1.73
2012.11.08 14:42:18.036,1.59147,1.59179,1.73,1.73
2012.11.08 14:42:18.396,1.59147,1.59183,3.98,1.73
2012.11.08 14:42:18.515,1.59151,1.59185,1.50,1.73
2012.11.08 14:42:19.356,1.5915,1.59187,3.00,1.73
2012.11.08 14:42:19.546,1.5915,1.5918,2.48,1.73
2012.11.08 14:42:19.786,1.5915,1.59185,1.73,1.73
2012.11.08 14:42:20.756,1.59157,1.59189,1.54,1.73
2012.11.08 14:42:21.427,1.59153,1.59188,1.54,1.73
2012.11.08 14:42:21.545,1.59152,1.59186,1.32,2.25
2012.11.08 14:42:22.417,1.59152,1.59186,1.32,2.25
2012.11.08 14:42:22.475,1.59153,1.59186,1.34,1.73
2012.11.08 14:42:24.675,1.59152,1.59186,1.34,2.48
2012.11.08 14:42:24.795,1.5915,1.59186,2.48,3.04
2012.11.08 14:42:25.595,1.59148,1.59183,1.20,1.73
2012.11.08 14:42:28.987,1.59148,1.59184,1.50,2.48
2012.11.08 14:42:29.610,1.59148,1.5918,1.50,1.50
2012.11.08 14:42:30.036,1.59146,1.5918,1.56,1.73
2012.11.08 14:42:30.096,1.59146,1.5918,1.56,1.73
2012.11.08 14:42:30.216,1.59146,1.5918,1.56,1.73
2012.11.08 14:42:30.396,1.59149,1.5918,1.29,1.73
2012.11.08 14:42:31.146,1.59149,1.59179,1.29,1.50
2012.11.08 14:42:32.285,1.59149,1.59179,1.29,1.50
2012.11.08 14:42:34.095,1.59149,1.59184,1.29,1.73
2012.11.08 14:42:34.336,1.59157,1.59189,1.41,1.50
2012.11.08 14:42:34.456,1.59156,1.59189,1.73,2.48
2012.11.08 14:42:34.755,1.59155,1.59193,1.73,1.73
2012.11.08 14:42:34.816,1.59157,1.59193,1.59,1.73
2012.11.08 14:42:34.995,1.59159,1.59193,1.38,1.73
2012.11.08 14:42:35.355,1.59154,1.59188,1.32,1.73
2012.11.08 14:42:36.437,1.59155,1.59192,2.29,2.10
2012.11.08 14:42:37.096,1.59155,1.59192,2.29,1.73
2012.11.08 14:42:37.156,1.59155,1.59192,1.73,1.73
2012.11.08 14:42:40.537,1.59155,1.59192,1.73,2.48
2012.11.08 14:42:40.796,1.59156,1.59192,1.27,2.48
2012.11.08 14:42:41.714,1.59156,1.59188,1.27,1.73
2012.11.08 14:42:42.035,1.59154,1.59186,1.50,2.48
2012.11.08 14:42:42.586,1.59153,1.59186,1.52,2.48
2012.11.08 14:42:42.998,1.59157,1.59187,1.73,2.10
2012.11.08 14:42:43.056,1.59157,1.59187,1.73,1.73
2012.11.08 14:42:43.175,1.59161,1.59188,1.52,1.50
2012.11.08 14:42:43.296,1.59147,1.59183,3.57,1.73
2012.11.08 14:42:43.596,1.59147,1.59183,2.07,1.73
2012.11.08 14:42:44.174,1.59145,1.59181,2.20,1.73
2012.11.08 14:42:44.244,1.59149,1.59186,2.22,2.48
2012.11.08 14:42:44.367,1.59149,1.59186,2.22,2.48
2012.11.08 14:42:44.555,1.59153,1.59186,1.29,1.73
2012.11.08 14:42:45.128,1.59152,1.59186,1.29,1.35
2012.11.08 14:42:45.307,1.59151,1.59187,1.73,1.73
2012.11.08 14:42:45.486,1.59152,1.59187,1.43,1.73
2012.11.08 14:42:45.605,1.59153,1.59188,1.73,1.73
2012.11.08 14:42:46.766,1.59152,1.59185,1.43,1.73
2012.11.08 14:42:46.827,1.59151,1.59185,1.73,1.73
2012.11.08 14:42:47.755,1.59154,1.5919,1.73,2.25
2012.11.08 14:42:47.815,1.59154,1.5919,1.73,1.73
2012.11.08 14:42:49.735,1.5915,1.59188,3.98,1.73
2012.11.08 14:42:49.798,1.59159,1.5919,1.73,1.52
2012.11.08 14:42:50.166,1.59162,1.59198,1.41,1.73
2012.11.08 14:42:50.468,1.59162,1.59198,1.41,1.73
2012.11.08 14:42:50.527,1.59165,1.59199,1.41,2.48
2012.11.08 14:42:50.652,1.59165,1.59198,1.41,1.73
2012.11.08 14:42:50.957,1.59165,1.59198,1.41,1.73
2012.11.08 14:42:51.016,1.5916,1.59195,1.73,1.73
2012.11.08 14:42:53.338,1.5916,1.59194,1.32,1.73
2012.11.08 14:42:53.706,1.59157,1.59194,1.73,1.73
2012.11.08 14:42:54.936,1.59162,1.59193,1.32,1.73
2012.11.08 14:42:55.115,1.59162,1.59195,1.32,1.50
2012.11.08 14:42:55.619,1.59161,1.59195,1.32,1.73
2012.11.08 14:42:56.948,1.59158,1.59195,2.07,1.73
2012.11.08 14:42:57.006,1.59158,1.59193,2.07,1.36
2012.11.08 14:42:57.546,1.59158,1.5919,1.84,1.73
2012.11.08 14:42:58.526,1.59158,1.59191,2.07,1.73
2012.11.08 14:42:59.067,1.59162,1.59192,1.32,1.73
2012.11.08 14:42:59.688,1.59154,1.59187,1.52,1.73
2012.11.08 14:42:59.808,1.59152,1.59182,1.73,1.73
2012.11.08 14:43:00.465,1.59146,1.59177,1.29,1.73
2012.11.08 14:43:00.588,1.5914,1.59177,3.19,1.73
2012.11.08 14:43:01.461,1.59141,1.5918,1.73,4.61
2012.11.08 14:43:01.959,1.59143,1.5918,1.73,3.98
2012.11.08 14:43:02.818,1.59143,1.5918,1.73,3.98
2012.11.08 14:43:02.977,1.59144,1.5918,1.29,3.98
2012.11.08 14:43:03.236,1.59144,1.59178,1.29,2.48
2012.11.08 14:43:03.296,1.59141,1.59178,1.59,2.48
2012.11.08 14:43:07.198,1.59141,1.59178,1.59,2.48
2012.11.08 14:43:07.416,1.59144,1.59177,1.73,1.73
2012.11.08 14:43:07.837,1.59151,1.59183,1.32,1.73
2012.11.08 14:43:07.955,1.5915,1.59184,1.63,2.48
2012.11.08 14:43:08.196,1.59149,1.59177,1.26,1.50
2012.11.08 14:43:08.637,1.59145,1.59178,1.34,1.50
2012.11.08 14:43:08.773,1.59138,1.5917,1.73,1.73
2012.11.08 14:43:08.895,1.59136,1.5917,1.73,1.73
2012.11.08 14:43:09.436,1.59135,1.59171,2.48,1.73
2012.11.08 14:43:09.657,1.59139,1.59175,1.73,1.73
2012.11.08 14:43:09.836,1.59143,1.59177,2.10,1.73
2012.11.08 14:43:09.895,1.59143,1.59177,1.35,1.73
2012.11.08 14:43:10.139,1.59143,1.59181,1.73,1.29
2012.11.08 14:43:10.197,1.59143,1.59181,1.73,1.29
2012.11.08 14:43:10.436,1.59143,1.59181,1.35,1.29
2012.11.08 14:43:10.857,1.5914,1.59178,1.38,2.48
2012.11.08 14:43:11.421,1.59138,1.59176,2.25,1.73
2012.11.08 14:43:11.758,1.59137,1.59176,1.73,1.73
2012.11.08 14:43:11.876,1.5914,1.59178,1.45,1.73
2012.11.08 14:43:11.996,1.5914,1.59179,1.73,2.48
2012.11.08 14:43:12.117,1.5914,1.59177,1.73,1.73
2012.11.08 14:43:12.236,1.59142,1.59178,1.73,1.73
2012.11.08 14:43:12.303,1.59148,1.59178,1.41,1.50
2012.11.08 14:43:12.427,1.59145,1.59178,1.29,1.73
2012.11.08 14:43:12.486,1.59145,1.59178,1.29,1.73
2012.11.08 14:43:12.837,1.59142,1.59177,2.48,2.00
2012.11.08 14:43:12.956,1.59137,1.59171,1.73,1.73
2012.11.08 14:43:14.197,1.59139,1.59171,1.32,2.48
2012.11.08 14:43:14.256,1.5914,1.59171,1.43,1.73
2012.11.08 14:43:15.248,1.59141,1.59171,1.79,1.50
2012.11.08 14:43:16.586,1.59136,1.59171,1.43,1.73
2012.11.08 14:43:16.771,1.5914,1.59171,1.29,1.50
2012.11.08 14:43:19.246,1.5914,1.59175,1.29,1.73
2012.11.08 14:43:19.508,1.5914,1.59175,1.29,1.73
2012.11.08 14:43:20.298,1.59139,1.59175,1.50,1.73
2012.11.08 14:43:20.622,1.59139,1.59175,1.50,1.73
2012.11.08 14:43:20.843,1.59139,1.59175,1.50,1.73
2012.11.08 14:43:21.606,1.59138,1.59173,1.73,1.63
2012.11.08 14:43:23.376,1.59136,1.59169,1.73,1.73
2012.11.08 14:43:23.818,1.59136,1.59169,1.20,1.73
2012.11.08 14:43:23.876,1.59137,1.59172,1.20,1.73
2012.11.08 14:43:24.415,1.59132,1.59169,2.33,1.73
2012.11.08 14:43:24.476,1.59132,1.59169,2.10,1.73
2012.11.08 14:43:24.597,1.59132,1.59169,2.10,1.73
2012.11.08 14:43:24.716,1.59131,1.59166,2.48,1.73
2012.11.08 14:43:25.316,1.59132,1.59165,3.23,1.73
2012.11.08 14:43:25.375,1.59134,1.59168,1.73,1.73
2012.11.08 14:43:26.312,1.59135,1.59169,2.07,1.73
2012.11.08 14:43:26.566,1.5914,1.5917,1.35,1.73
2012.11.08 14:43:27.205,1.5914,1.59179,1.73,2.00
2012.11.08 14:43:27.266,1.59143,1.59179,1.29,1.73
2012.11.08 14:43:27.325,1.59143,1.59175,1.29,1.50
2012.11.08 14:43:27.506,1.59141,1.5918,2.07,1.73
2012.11.08 14:43:28.115,1.59147,1.5918,1.32,1.73
2012.11.08 14:43:28.296,1.59147,1.59183,1.61,1.73
2012.11.08 14:43:28.655,1.59147,1.59183,1.27,1.73
2012.11.08 14:43:28.876,1.59147,1.59183,1.27,1.73
2012.11.08 14:43:28.936,1.59146,1.59182,2.07,1.41
2012.11.08 14:43:30.258,1.59143,1.59178,1.32,1.73
2012.11.08 14:43:30.496,1.59144,1.59178,1.73,1.73
2012.11.08 14:43:30.618,1.59146,1.59178,1.73,1.73
2012.11.08 14:43:30.676,1.59146,1.59179,1.73,1.73
2012.11.08 14:43:30.916,1.59147,1.59178,1.73,1.73
2012.11.08 14:43:31.277,1.59147,1.5918,1.73,2.10
2012.11.08 14:43:31.829,1.59143,1.5918,1.50,1.73
2012.11.08 14:43:32.547,1.59143,1.5918,2.25,1.73
2012.11.08 14:43:33.065,1.59143,1.5918,1.50,1.73
2012.11.08 14:43:33.576,1.59143,1.5918,1.50,1.73
2012.11.08 14:43:37.415,1.59143,1.59179,1.50,1.73
2012.11.08 14:43:37.981,1.59143,1.59177,1.50,1.73
2012.11.08 14:43:38.835,1.59143,1.59179,1.50,1.73
2012.11.08 14:43:39.928,1.59142,1.5918,2.25,1.73
2012.11.08 14:43:40.046,1.59143,1.5918,1.50,1.73
2012.11.08 14:43:40.636,1.59143,1.5918,1.50,1.73
2012.11.08 14:43:41.236,1.59143,1.5918,1.50,1.35
2012.11.08 14:43:41.296,1.59147,1.5918,1.45,1.35
2012.11.08 14:43:41.416,1.59142,1.5918,2.07,1.35
2012.11.08 14:43:42.476,1.59142,1.59177,2.07,1.73
2012.11.08 14:43:42.775,1.59142,1.59179,2.07,1.73
2012.11.08 14:43:42.972,1.59142,1.59178,2.07,1.73
2012.11.08 14:43:43.408,1.59142,1.59178,2.07,1.73
2012.11.08 14:43:46.035,1.59142,1.59178,1.32,1.73
2012.11.08 14:43:46.575,1.59142,1.59178,2.07,1.73
2012.11.08 14:43:46.636,1.59142,1.59179,2.07,1.73
2012.11.08 14:43:47.339,1.59147,1.59181,1.41,1.73
2012.11.08 14:43:47.770,1.59147,1.59183,1.41,1.73
2012.11.08 14:43:47.956,1.59147,1.59184,1.41,1.73
2012.11.08 14:43:48.787,1.5915,1.59186,1.29,2.85
2012.11.08 14:43:50.310,1.5915,1.59186,1.63,1.73
2012.11.08 14:43:50.615,1.5915,1.59183,1.36,2.25
2012.11.08 14:43:50.959,1.59152,1.59183,1.50,2.25
2012.11.08 14:43:51.226,1.59145,1.59181,1.29,1.73
2012.11.08 14:43:51.558,1.59143,1.59181,1.50,1.73
2012.11.08 14:43:51.616,1.59142,1.59181,2.49,1.73
2012.11.08 14:43:51.712,1.59143,1.59181,1.29,1.73
2012.11.08 14:43:52.200,1.59142,1.59181,2.58,1.73
2012.11.08 14:43:52.265,1.59142,1.59181,2.72,1.73
2012.11.08 14:43:52.479,1.59142,1.59181,2.70,1.73
2012.11.08 14:43:58.457,1.59146,1.59186,1.73,1.73
2012.11.08 14:43:58.767,1.59152,1.5919,1.73,1.35
2012.11.08 14:43:59.946,1.59157,1.59191,1.73,1.35
2012.11.08 14:44:00.006,1.59159,1.59193,1.59,1.73
2012.11.08 14:44:02.105,1.59159,1.59198,3.09,3.23
2012.11.08 14:44:02.285,1.59166,1.59198,1.32,1.73
2012.11.08 14:44:02.617,1.59166,1.59201,1.32,1.73
2012.11.08 14:44:02.798,1.59167,1.59205,2.38,1.73
2012.11.08 14:44:03.157,1.59167,1.59196,1.63,1.50
2012.11.08 14:44:03.276,1.59166,1.59196,1.73,1.73
2012.11.08 14:44:03.866,1.59155,1.59194,2.48,1.73
2012.11.08 14:44:10.439,1.59155,1.59194,2.82,1.73
2012.11.08 14:44:10.496,1.59155,1.59194,2.82,1.73
2012.11.08 14:44:10.803,1.59156,1.59194,1.73,1.73
2012.11.08 14:44:10.928,1.59156,1.59194,1.73,1.73
2012.11.08 14:44:11.016,1.59156,1.59194,1.73,1.73
2012.11.08 14:44:11.326,1.59156,1.59194,1.73,1.73
2012.11.08 14:44:18.617,1.59155,1.59192,2.07,1.73
2012.11.08 14:44:18.676,1.59155,1.59192,1.73,1.73
2012.11.08 14:44:19.307,1.59155,1.59191,1.43,1.73
2012.11.08 14:44:19.665,1.59146,1.5918,1.98,1.50
2012.11.08 14:44:19.786,1.59146,1.5918,1.35,2.48
2012.11.08 14:44:19.965,1.59147,1.59183,1.35,1.73
2012.11.08 14:44:21.165,1.59145,1.59178,1.32,1.35
2012.11.08 14:44:21.288,1.59138,1.5917,1.73,2.48
2012.11.08 14:44:22.285,1.59131,1.59169,1.73,2.10
2012.11.08 14:44:22.936,1.59135,1.59172,1.32,2.60
2012.11.08 14:44:22.996,1.59135,1.59173,1.97,1.73
2012.11.08 14:44:23.236,1.59138,1.59176,1.38,2.48
2012.11.08 14:44:23.656,1.59138,1.59178,2.13,1.73
2012.11.08 14:44:23.897,1.59144,1.59179,1.73,2.16
2012.11.08 14:44:24.075,1.59144,1.5918,1.73,1.41
2012.11.08 14:44:24.136,1.59144,1.59183,2.36,1.73
2012.11.08 14:44:24.436,1.59144,1.59184,1.61,1.73
2012.11.08 14:44:24.496,1.59147,1.59185,1.73,1.73
2012.11.08 14:44:24.875,1.59144,1.59181,1.61,1.73
2012.11.08 14:44:25.055,1.5914,1.59179,1.73,1.73
2012.11.08 14:44:25.266,1.5914,1.59178,1.73,1.50
2012.11.08 14:44:25.455,1.5914,1.59179,1.73,1.73
2012.11.08 14:44:27.756,1.59144,1.59179,1.73,1.73
2012.11.08 14:44:27.815,1.59144,1.59179,2.20,1.73
2012.11.08 14:44:28.176,1.59138,1.59171,1.45,1.50
2012.11.08 14:44:28.356,1.59131,1.59167,1.73,1.73
2012.11.08 14:44:28.415,1.59129,1.59167,2.33,1.73
2012.11.08 14:44:28.536,1.59128,1.59162,2.10,1.73
2012.11.08 14:44:29.115,1.5913,1.59163,1.32,1.73
2012.11.08 14:44:29.318,1.5913,1.59166,1.32,2.48
2012.11.08 14:44:32.295,1.5913,1.59163,1.32,2.48
2012.11.08 14:44:32.705,1.5913,1.59163,1.32,2.48
2012.11.08 14:44:32.935,1.5913,1.59163,1.32,2.48
2012.11.08 14:44:34.196,1.59125,1.59161,2.48,1.73
2012.11.08 14:44:34.255,1.59125,1.59158,1.73,2.00
2012.11.08 14:44:34.676,1.59127,1.59158,1.32,1.73
2012.11.08 14:44:36.726,1.5912,1.59157,1.32,1.73
2012.11.08 14:44:37.096,1.5912,1.59157,1.32,1.73
2012.11.08 14:44:37.637,1.5912,1.59158,1.32,1.20
2012.11.08 14:44:37.816,1.59124,1.59162,1.73,1.73
2012.11.08 14:44:38.166,1.59124,1.59162,1.73,1.73
2012.11.08 14:44:38.526,1.5912,1.59153,1.73,1.73
2012.11.08 14:44:38.766,1.59125,1.5916,1.63,1.73
2012.11.08 14:44:38.825,1.59125,1.59163,1.63,2.48
2012.11.08 14:44:39.431,1.59125,1.59161,1.63,1.73
2012.11.08 14:44:41.286,1.59123,1.59158,1.32,1.73
2012.11.08 14:44:42.857,1.5912,1.59157,1.45,1.73
2012.11.08 14:44:43.176,1.59119,1.59158,1.32,1.73
2012.11.08 14:44:43.406,1.59119,1.59157,1.32,1.73
2012.11.08 14:44:43.466,1.5912,1.59157,1.54,1.73
2012.11.08 14:44:44.436,1.5912,1.59154,1.54,1.73
2012.11.08 14:44:44.497,1.5912,1.59153,1.54,1.73
2012.11.08 14:44:44.617,1.5912,1.59156,1.52,2.10
2012.11.08 14:44:44.979,1.59122,1.59149,1.61,1.50
2012.11.08 14:44:45.040,1.59119,1.59149,1.32,1.50
2012.11.08 14:44:45.156,1.59119,1.59149,1.32,1.73
2012.11.08 14:44:46.896,1.59115,1.5915,1.68,1.73
2012.11.08 14:44:47.016,1.59115,1.59148,1.32,2.48
2012.11.08 14:44:47.257,1.59115,1.59148,1.32,2.48
2012.11.08 14:44:47.570,1.59116,1.59148,1.41,2.48
2012.11.08 14:44:47.996,1.59115,1.59143,1.32,1.73
2012.11.08 14:44:49.126,1.59115,1.59148,1.32,2.48
2012.11.08 14:44:49.247,1.59115,1.59148,1.65,1.73
2012.11.08 14:44:49.427,1.59115,1.59148,1.32,1.73
2012.11.08 14:44:49.981,1.59115,1.59148,1.32,1.73
2012.11.08 14:44:50.316,1.59116,1.59148,1.61,1.73
2012.11.08 14:44:51.886,1.59116,1.59148,1.61,1.73
2012.11.08 14:44:52.076,1.59129,1.5916,1.45,1.35
2012.11.08 14:44:52.255,1.59122,1.59151,2.54,1.13
2012.11.08 14:44:52.718,1.59127,1.59155,1.45,1.50
2012.11.08 14:44:52.778,1.59118,1.59151,1.73,1.73
2012.11.08 14:44:52.896,1.59123,1.59154,1.32,1.52
2012.11.08 14:44:52.955,1.59123,1.59156,1.32,1.73
2012.11.08 14:44:53.196,1.59121,1.59156,1.73,1.35
2012.11.08 14:44:54.296,1.59123,1.59161,1.32,1.73
2012.11.08 14:44:55.376,1.59121,1.5916,1.63,1.73
2012.11.08 14:44:55.496,1.59121,1.59153,2.04,1.73
2012.11.08 14:44:55.556,1.59121,1.59153,1.73,1.73
2012.11.08 14:44:55.616,1.59121,1.59154,1.73,1.73
2012.11.08 14:44:55.738,1.59123,1.59154,1.73,1.73
2012.11.08 14:44:55.979,1.59123,1.59157,1.73,1.73
2012.11.08 14:44:56.486,1.59125,1.59161,1.73,1.73
2012.11.08 14:44:56.995,1.59125,1.59162,1.73,1.73
2012.11.08 14:44:57.555,1.59125,1.59161,1.73,1.73
2012.11.08 14:44:58.206,1.59125,1.59161,1.73,1.73
2012.11.08 14:44:58.726,1.59125,1.59161,1.73,1.73
2012.11.08 14:44:59.287,1.59125,1.59161,1.73,1.73
2012.11.08 14:44:59.592,1.59116,1.59147,1.09,1.73
2012.11.08 14:45:00.145,1.59112,1.59147,1.32,1.73
2012.11.08 14:45:03.405,1.59111,1.59146,1.32,1.73
2012.11.08 14:45:04.046,1.59111,1.59145,2.36,1.73
2012.11.08 14:45:04.286,1.59119,1.59153,1.32,1.73
2012.11.08 14:45:04.525,1.5912,1.59158,1.41,2.48
2012.11.08 14:45:05.250,1.59125,1.59158,1.32,1.73
2012.11.08 14:45:05.896,1.59125,1.59157,1.32,1.73
2012.11.08 14:45:06.229,1.59121,1.59154,1.56,1.73
2012.11.08 14:45:06.585,1.59114,1.59148,1.73,1.50
2012.11.08 14:45:06.705,1.59112,1.59147,1.73,1.50
2012.11.08 14:45:07.625,1.59111,1.59147,1.32,1.50
2012.11.08 14:45:07.745,1.59111,1.59148,1.32,1.73
2012.11.08 14:45:07.925,1.59111,1.59148,1.32,1.73
2012.11.08 14:45:07.987,1.59111,1.59147,1.32,1.43
2012.11.08 14:45:08.616,1.59114,1.59147,1.73,1.63
2012.11.08 14:45:08.796,1.59115,1.59154,1.73,1.35
2012.11.08 14:45:14.457,1.59119,1.59156,1.73,3.10
2012.11.08 14:45:14.517,1.59119,1.59156,1.73,1.73
2012.11.08 14:45:14.696,1.59119,1.59153,1.73,1.73
2012.11.08 14:45:14.936,1.59116,1.59154,1.32,1.73
2012.11.08 14:45:16.437,1.59124,1.59157,1.09,2.10
2012.11.08 14:45:16.791,1.59124,1.59157,1.09,1.73
2012.11.08 14:45:17.492,1.59125,1.59157,1.29,1.50
2012.11.08 14:45:17.589,1.59122,1.59158,1.29,2.22
2012.11.08 14:45:17.657,1.59127,1.59158,1.45,2.22
2012.11.08 14:45:17.721,1.59121,1.59153,2.48,1.35
2012.11.08 14:45:17.846,1.59121,1.59153,1.50,1.65
2012.11.08 14:45:18.000,1.59121,1.59153,1.73,1.35
2012.11.08 14:45:18.317,1.59118,1.59153,1.43,1.73
2012.11.08 14:45:18.377,1.59118,1.59157,1.43,1.35
2012.11.08 14:45:18.439,1.59118,1.59157,1.47,1.35
2012.11.08 14:45:18.787,1.59129,1.59157,1.32,1.13
2012.11.08 14:45:18.966,1.59129,1.59157,1.32,1.13
2012.11.08 14:45:19.038,1.5913,1.59157,1.59,1.13
2012.11.08 14:45:19.395,1.5913,1.59158,1.59,1.50
2012.11.08 14:45:19.700,1.5913,1.5916,1.59,1.50
2012.11.08 14:45:20.007,1.59117,1.59154,3.51,1.09
2012.11.08 14:45:20.129,1.59117,1.59143,2.25,1.73
2012.11.08 14:45:20.286,1.59117,1.59143,2.25,2.07
2012.11.08 14:45:20.466,1.59117,1.59143,2.25,2.07
2012.11.08 14:45:20.705,1.59111,1.59139,2.25,1.45
2012.11.08 14:45:20.766,1.59111,1.59139,1.50,1.45
2012.11.08 14:45:20.887,1.59109,1.59142,1.73,1.73
2012.11.08 14:45:20.946,1.59104,1.59128,1.38,1.09
2012.11.08 14:45:21.006,1.59099,1.59128,3.05,1.32
2012.11.08 14:45:21.367,1.59095,1.59125,2.48,1.73
2012.11.08 14:45:21.486,1.59089,1.59124,1.73,1.73
2012.11.08 14:45:22.477,1.59087,1.59125,1.35,2.07
2012.11.08 14:45:22.836,1.59082,1.59119,2.20,1.32
2012.11.08 14:45:23.377,1.59081,1.59119,1.32,2.07
2012.11.08 14:45:23.592,1.59081,1.59119,1.32,2.07
2012.11.08 14:45:23.836,1.59081,1.59119,1.32,2.07
2012.11.08 14:45:23.956,1.59081,1.59119,1.65,1.73
2012.11.08 14:45:24.285,1.59081,1.59119,1.65,1.73
2012.11.08 14:45:25.918,1.59081,1.59119,1.65,1.73
2012.11.08 14:45:25.981,1.59081,1.59119,1.32,1.73
2012.11.08 14:45:26.051,1.59081,1.59119,1.32,1.73
2012.11.08 14:45:26.176,1.59082,1.5912,1.59,2.48
2012.11.08 14:45:26.630,1.59088,1.59121,1.36,1.35
2012.11.08 14:45:27.367,1.59088,1.59126,1.47,2.10
2012.11.08 14:45:27.546,1.5908,1.59108,1.50,1.73
2012.11.08 14:45:27.606,1.59077,1.59109,3.34,2.07
2012.11.08 14:45:27.725,1.59078,1.59109,1.09,1.32
2012.11.08 14:45:27.786,1.59083,1.59118,1.36,1.73
2012.11.08 14:45:27.846,1.59083,1.59119,1.36,1.73
2012.11.08 14:45:28.807,1.59078,1.59119,4.70,2.34
2012.11.08 14:45:29.318,1.59078,1.59119,4.70,2.34
2012.11.08 14:45:29.909,1.59079,1.59119,1.32,2.34
2012.11.08 14:45:30.265,1.59084,1.59119,1.32,1.73
2012.11.08 14:45:33.256,1.59093,1.59123,1.73,1.73
2012.11.08 14:45:33.556,1.59092,1.59124,1.73,1.73
2012.11.08 14:45:33.616,1.59092,1.59125,1.73,1.20
2012.11.08 14:45:33.736,1.59098,1.59132,1.27,1.35
2012.11.08 14:45:33.976,1.59099,1.5914,1.73,1.73
2012.11.08 14:45:34.096,1.59099,1.5914,1.73,1.73
2012.11.08 14:45:35.236,1.59102,1.5914,1.32,1.73
2012.11.08 14:45:35.456,1.59101,1.5914,1.32,1.73
2012.11.08 14:45:36.123,1.59099,1.59134,1.32,1.35
2012.11.08 14:45:36.188,1.59091,1.59125,1.27,1.50
2012.11.08 14:45:36.376,1.59089,1.59124,1.73,1.34
2012.11.08 14:45:36.695,1.59099,1.59129,1.50,1.34
2012.11.08 14:45:36.756,1.59099,1.59132,2.20,1.35
2012.11.08 14:45:39.006,1.59095,1.59124,2.20,1.50
2012.11.08 14:45:39.066,1.59093,1.59124,1.50,1.73
2012.11.08 14:45:39.186,1.59093,1.59125,1.50,1.63
2012.11.08 14:45:39.246,1.59099,1.59133,1.73,1.73
2012.11.08 14:45:39.306,1.59099,1.59133,1.73,1.73
2012.11.08 14:45:39.688,1.59096,1.59132,1.43,1.73
2012.11.08 14:45:39.926,1.59099,1.59138,1.43,2.10
2012.11.08 14:45:40.166,1.59099,1.59138,1.43,1.35
2012.11.08 14:45:40.408,1.59108,1.59141,1.32,1.73
2012.11.08 14:45:40.467,1.59108,1.59141,1.32,1.35
2012.11.08 14:45:40.527,1.5911,1.59141,1.23,1.13
2012.11.08 14:45:40.706,1.59113,1.59148,1.73,1.73
2012.11.08 14:45:40.766,1.59108,1.59145,1.32,2.34
2012.11.08 14:45:41.005,1.59108,1.59147,2.07,1.73
2012.11.08 14:45:41.426,1.59109,1.59144,1.34,1.73
2012.11.08 14:45:43.006,1.59109,1.59145,1.34,2.44
2012.11.08 14:45:43.458,1.59103,1.59138,1.54,1.32
2012.11.08 14:45:43.577,1.59096,1.59129,1.73,1.29
2012.11.08 14:45:43.637,1.59095,1.59129,1.69,2.04
2012.11.08 14:45:43.696,1.59103,1.59135,1.50,1.67
2012.11.08 14:45:43.817,1.59103,1.59136,1.95,1.35
2012.11.08 14:45:43.935,1.59103,1.59135,1.20,1.73
2012.11.08 14:45:43.996,1.59101,1.59135,1.73,1.73
2012.11.08 14:45:44.175,1.59096,1.59137,1.73,1.23
2012.11.08 14:45:44.697,1.59096,1.59137,1.27,1.47
2012.11.08 14:45:45.026,1.59096,1.59138,3.52,1.47
2012.11.08 14:45:45.086,1.59104,1.59143,2.13,1.73
2012.11.08 14:45:45.226,1.59098,1.59141,2.36,2.13
2012.11.08 14:45:49.547,1.591,1.59141,1.32,2.88
2012.11.08 14:45:49.609,1.591,1.59141,1.32,2.88
2012.11.08 14:45:49.786,1.591,1.59141,1.32,2.88
2012.11.08 14:45:50.305,1.59098,1.59141,2.36,2.88
2012.11.08 14:45:50.664,1.59098,1.59141,2.36,2.88
2012.11.08 14:45:50.777,1.59098,1.59141,2.36,2.88
2012.11.08 14:45:50.896,1.59098,1.59138,1.73,1.29
2012.11.08 14:45:51.306,1.59099,1.59138,1.59,1.73
2012.11.08 14:45:51.666,1.59096,1.59132,1.73,2.31
2012.11.08 14:45:52.006,1.59093,1.59125,3.23,1.34
2012.11.08 14:45:52.212,1.59093,1.59124,2.48,1.34
2012.11.08 14:45:52.279,1.59093,1.59122,2.25,1.36
2012.11.08 14:45:52.516,1.59093,1.5913,3.98,1.36
2012.11.08 14:45:52.766,1.59093,1.59122,2.25,1.29
2012.11.08 14:45:53.066,1.59093,1.59128,3.23,1.73
2012.11.08 14:45:54.407,1.59093,1.59132,2.48,1.73
2012.11.08 14:45:54.786,1.59093,1.59132,2.48,1.73
2012.11.08 14:45:56.287,1.59093,1.59132,3.98,1.73
2012.11.08 14:45:56.915,1.59093,1.59132,3.98,2.31
2012.11.08 14:45:56.981,1.59099,1.59137,1.88,1.73
2012.11.08 14:45:57.798,1.59099,1.59141,1.32,2.13
2012.11.08 14:45:58.136,1.59099,1.59141,1.32,2.13
2012.11.08 14:45:58.795,1.59099,1.59141,1.32,2.51
2012.11.08 14:45:58.856,1.59099,1.59141,1.32,2.51
2012.11.08 14:45:59.251,1.59099,1.59141,1.32,2.13
2012.11.08 14:45:59.916,1.59099,1.59141,1.32,2.13
2012.11.08 14:46:00.187,1.59099,1.59141,1.32,2.13
2012.11.08 14:46:00.779,1.591,1.59141,1.34,2.22
2012.11.08 14:46:01.126,1.59099,1.59138,1.34,1.32
2012.11.08 14:46:01.186,1.59099,1.59138,1.34,1.32
2012.11.08 14:46:01.517,1.59099,1.59139,1.34,1.32
2012.11.08 14:46:02.000,1.59098,1.59132,1.47,1.73
2012.11.08 14:46:02.067,1.59093,1.59132,3.23,1.73
2012.11.08 14:46:05.010,1.59098,1.59131,2.10,1.38
2012.11.08 14:46:05.936,1.59098,1.59132,2.10,1.38
2012.11.08 14:46:06.455,1.59099,1.5913,2.85,1.73
2012.11.08 14:46:06.522,1.59099,1.5913,2.48,2.11
2012.11.08 14:46:06.766,1.59094,1.59133,1.73,1.32
2012.11.08 14:46:06.949,1.59094,1.59133,1.73,1.32
2012.11.08 14:46:07.006,1.59094,1.59133,1.73,1.32
2012.11.08 14:46:08.086,1.59094,1.59133,1.73,1.32
2012.11.08 14:46:08.279,1.59094,1.59133,1.73,1.32
2012.11.08 14:46:08.336,1.59094,1.59133,1.73,1.32
2012.11.08 14:46:08.396,1.59094,1.59133,1.73,1.32
2012.11.08 14:46:08.696,1.59093,1.59123,1.45,1.13
2012.11.08 14:46:08.757,1.59086,1.59121,2.48,1.38
2012.11.08 14:46:08.879,1.59091,1.59123,1.50,1.35
2012.11.08 14:46:08.937,1.59085,1.59119,1.73,1.73
2012.11.08 14:46:09.118,1.59083,1.59119,1.45,1.73
2012.11.08 14:46:09.621,1.59087,1.59119,1.59,1.73
2012.11.08 14:46:10.546,1.59086,1.5912,1.34,1.73
2012.11.08 14:46:13.826,1.59089,1.59125,1.59,1.73
2012.11.08 14:46:14.547,1.59085,1.59125,1.36,1.73
2012.11.08 14:46:15.377,1.5909,1.59125,1.32,1.73
2012.11.08 14:46:15.887,1.5909,1.59125,1.32,1.73
2012.11.08 14:46:18.514,1.5909,1.59125,1.32,1.73
2012.11.08 14:46:19.027,1.5909,1.59125,1.32,1.73
2012.11.08 14:46:19.197,1.5909,1.59125,1.32,1.73
2012.11.08 14:46:20.526,1.59086,1.59125,1.56,1.73
2012.11.08 14:46:20.906,1.59086,1.59125,1.36,1.73
2012.11.08 14:46:21.149,1.59086,1.59125,1.29,1.73
2012.11.08 14:46:23.407,1.59086,1.59119,1.29,1.73
2012.11.08 14:46:23.767,1.59076,1.59107,1.23,1.50
2012.11.08 14:46:23.827,1.59074,1.59107,1.73,1.73
2012.11.08 14:46:26.216,1.59069,1.59104,1.54,1.73
2012.11.08 14:46:26.546,1.59063,1.59088,2.25,1.73
2012.11.08 14:46:26.926,1.59063,1.5909,1.50,1.63
2012.11.08 14:46:26.987,1.59064,1.59098,1.36,1.73
2012.11.08 14:46:27.046,1.59065,1.59099,1.73,1.35
2012.11.08 14:46:27.436,1.59072,1.59102,1.50,1.50
2012.11.08 14:46:27.616,1.59072,1.59105,1.50,1.73
2012.11.08 14:46:28.266,1.59072,1.59108,1.50,1.35
2012.11.08 14:46:30.308,1.59072,1.59104,1.50,1.50
2012.11.08 14:46:30.576,1.59067,1.59104,1.23,1.73
2012.11.08 14:46:30.695,1.59067,1.59106,1.23,2.10
2012.11.08 14:46:30.758,1.59073,1.59106,1.41,2.10
2012.11.08 14:46:31.285,1.59073,1.59106,1.41,2.10
2012.11.08 14:46:31.716,1.59071,1.59099,1.41,1.50
2012.11.08 14:46:31.777,1.59065,1.59099,1.52,1.73
2012.11.08 14:46:32.016,1.59063,1.59099,1.73,1.73
2012.11.08 14:46:41.676,1.59062,1.59094,1.27,1.32
2012.11.08 14:46:41.796,1.59057,1.59087,1.50,1.27
2012.11.08 14:46:41.975,1.59054,1.5909,2.10,1.27
2012.11.08 14:46:42.036,1.59064,1.59098,1.73,2.48
2012.11.08 14:46:42.216,1.59062,1.59096,1.73,1.54
2012.11.08 14:46:42.395,1.59057,1.59097,1.73,2.29
2012.11.08 14:46:42.456,1.59061,1.59097,1.52,1.73
2012.11.08 14:46:44.556,1.59058,1.59095,1.73,1.73
2012.11.08 14:46:47.617,1.59063,1.59099,1.32,1.45
2012.11.08 14:46:47.736,1.59067,1.59103,1.73,1.73
2012.11.08 14:46:48.408,1.59067,1.59103,1.73,1.73
2012.11.08 14:46:49.647,1.59066,1.59098,1.73,1.73
2012.11.08 14:46:49.826,1.59064,1.59095,1.32,1.73
2012.11.08 14:46:53.876,1.59059,1.59095,1.73,1.73
2012.11.08 14:46:54.870,1.59059,1.59095,1.73,1.73
2012.11.08 14:46:56.906,1.59063,1.59099,2.48,1.34
2012.11.08 14:46:57.030,1.59075,1.59107,1.73,1.73
2012.11.08 14:46:57.096,1.59075,1.59107,1.73,1.73
2012.11.08 14:46:57.216,1.59072,1.59105,1.56,1.73
2012.11.08 14:46:57.275,1.59071,1.59105,1.73,1.73
2012.11.08 14:46:58.136,1.59067,1.59102,1.73,1.73
2012.11.08 14:46:58.255,1.59067,1.59098,1.73,2.25
2012.11.08 14:46:58.436,1.59065,1.59102,1.36,1.73
2012.11.08 14:47:02.148,1.59066,1.59104,1.73,1.73
2012.11.08 14:47:02.457,1.59063,1.59098,1.73,1.56
2012.11.08 14:47:02.637,1.59062,1.59098,2.82,2.31
2012.11.08 14:47:03.116,1.59062,1.591,1.32,1.73
2012.11.08 14:47:03.477,1.59071,1.59104,1.73,1.73
2012.11.08 14:47:04.016,1.59072,1.59106,1.73,1.73
2012.11.08 14:47:05.926,1.59075,1.59109,1.32,2.09
2012.11.08 14:47:06.166,1.59075,1.59109,1.90,1.73
2012.11.08 14:47:06.737,1.59074,1.59108,2.48,1.73
2012.11.08 14:47:06.796,1.59078,1.59108,1.73,1.73
2012.11.08 14:47:07.137,1.59078,1.59117,1.73,1.83
2012.11.08 14:47:07.436,1.59082,1.59119,1.43,1.73
2012.11.08 14:47:07.616,1.59082,1.59118,1.43,1.73
2012.11.08 14:47:07.976,1.59078,1.59109,2.10,1.73
2012.11.08 14:47:08.097,1.59072,1.59109,1.73,1.73
2012.11.08 14:47:08.456,1.59074,1.59113,1.20,1.73
2012.11.08 14:47:08.656,1.59074,1.59108,1.20,1.73
2012.11.08 14:47:08.776,1.59072,1.59107,1.73,1.35
2012.11.08 14:47:08.899,1.5907,1.59105,1.50,1.73
2012.11.08 14:47:09.136,1.59068,1.59107,2.07,1.73
2012.11.08 14:47:09.317,1.59068,1.59107,2.29,1.50
2012.11.08 14:47:09.377,1.59068,1.59105,2.29,1.13
2012.11.08 14:47:09.557,1.59068,1.59102,1.73,1.73
2012.11.08 14:47:10.266,1.59066,1.59104,1.25,1.73
2012.11.08 14:47:11.176,1.59073,1.59109,1.73,2.07
2012.11.08 14:47:11.236,1.59076,1.59112,1.73,1.73
2012.11.08 14:47:14.206,1.5908,1.59114,1.73,2.48
2012.11.08 14:47:15.956,1.5908,1.59116,1.73,2.07
2012.11.08 14:47:16.296,1.59075,1.59111,3.23,1.73
2012.11.08 14:47:16.727,1.59075,1.59109,3.23,2.09
2012.11.08 14:47:17.086,1.59068,1.59094,3.60,1.50
2012.11.08 14:47:17.206,1.59068,1.59094,1.50,1.73
2012.11.08 14:47:17.327,1.59069,1.59094,1.50,1.73
2012.11.08 14:47:17.446,1.59068,1.59094,3.38,1.73
2012.11.08 14:47:17.946,1.59068,1.59098,3.00,1.61
2012.11.08 14:47:18.188,1.5906,1.59094,1.73,1.50
2012.11.08 14:47:18.307,1.5906,1.59094,1.73,1.73
2012.11.08 14:47:18.487,1.59057,1.59087,1.47,1.50
2012.11.08 14:47:18.546,1.59056,1.59085,1.73,1.73
2012.11.08 14:47:18.726,1.59054,1.59085,1.73,1.73
2012.11.08 14:47:19.117,1.59054,1.59089,1.73,1.73
2012.11.08 14:47:19.267,1.59054,1.59089,1.73,1.73
2012.11.08 14:47:19.386,1.59054,1.59089,1.35,1.73
2012.11.08 14:47:19.918,1.59053,1.59088,2.10,1.73
2012.11.08 14:47:21.206,1.59062,1.59088,1.73,1.73
2012.11.08 14:47:21.268,1.59069,1.59097,1.73,1.50
2012.11.08 14:47:21.386,1.59069,1.59095,1.73,2.78
2012.11.08 14:47:21.506,1.59058,1.59088,1.35,1.73
2012.11.08 14:47:22.637,1.59054,1.59092,1.35,1.73
2012.11.08 14:47:22.857,1.59054,1.59089,1.35,1.73
2012.11.08 14:47:23.236,1.59062,1.59092,1.32,1.73
2012.11.08 14:47:23.777,1.59065,1.59102,1.73,1.73
2012.11.08 14:47:23.836,1.59065,1.59102,1.73,1.73
2012.11.08 14:47:23.955,1.59065,1.59097,1.73,1.47
2012.11.08 14:47:24.015,1.59061,1.59094,1.32,1.73
2012.11.08 14:47:24.496,1.59056,1.59089,1.95,1.73
2012.11.08 14:47:24.616,1.59058,1.59093,1.73,1.73
2012.11.08 14:47:24.698,1.59058,1.59093,1.73,1.73
2012.11.08 14:47:25.057,1.59059,1.59093,1.23,1.50
2012.11.08 14:47:25.317,1.59058,1.59088,1.73,1.73
2012.11.08 14:47:26.332,1.59057,1.59096,2.00,2.85
2012.11.08 14:47:26.415,1.59066,1.59096,1.73,1.73
2012.11.08 14:47:26.479,1.59066,1.59098,1.73,1.73
2012.11.08 14:47:26.656,1.59066,1.59102,1.73,1.35
2012.11.08 14:47:26.775,1.59066,1.59098,2.48,1.73
2012.11.08 14:47:27.517,1.59069,1.59102,1.73,1.73
2012.11.08 14:47:27.576,1.59067,1.59094,1.73,1.50
2012.11.08 14:47:27.696,1.59067,1.59093,1.50,1.73
2012.11.08 14:47:27.896,1.5906,1.59093,1.73,1.73
2012.11.08 14:47:28.076,1.5906,1.59098,1.73,1.27
2012.11.08 14:47:33.605,1.59066,1.59099,1.73,1.73
2012.11.08 14:47:34.156,1.59066,1.59101,1.73,1.52
2012.11.08 14:47:34.395,1.59069,1.59103,1.73,1.73
2012.11.08 14:47:36.926,1.59067,1.59098,1.23,1.73
2012.11.08 14:47:37.045,1.59067,1.59098,1.23,1.73
2012.11.08 14:47:37.916,1.59067,1.59098,1.23,1.73
2012.11.08 14:47:38.195,1.59067,1.59098,1.23,1.73
2012.11.08 14:47:39.385,1.59082,1.59111,1.61,1.50
2012.11.08 14:47:39.463,1.59082,1.59111,1.61,1.50
2012.11.08 14:47:39.530,1.59079,1.59109,1.35,1.73
2012.11.08 14:47:39.586,1.59079,1.59106,1.35,1.50
2012.11.08 14:47:39.766,1.5908,1.59106,1.32,1.50
2012.11.08 14:47:39.889,1.59079,1.59106,1.35,1.50
2012.11.08 14:47:40.476,1.59074,1.59106,1.50,1.50
2012.11.08 14:47:40.806,1.59069,1.591,1.20,1.50
2012.11.08 14:47:40.987,1.59065,1.591,1.32,2.48
2012.11.08 14:47:41.328,1.59056,1.59093,1.73,1.35
2012.11.08 14:47:41.567,1.59062,1.59092,1.36,1.88
2012.11.08 14:47:41.806,1.59071,1.59103,1.20,1.73
2012.11.08 14:47:41.866,1.59071,1.59105,1.20,1.73
2012.11.08 14:47:42.705,1.59071,1.59104,1.20,1.73
2012.11.08 14:47:42.926,1.59071,1.59103,1.20,1.32
2012.11.08 14:47:42.986,1.59063,1.59099,3.98,1.73
2012.11.08 14:47:43.244,1.59063,1.59096,2.48,1.73
2012.11.08 14:47:44.186,1.59071,1.59094,1.50,1.50
2012.11.08 14:47:44.246,1.59071,1.59096,1.50,1.88
2012.11.08 14:47:45.095,1.59067,1.59093,1.50,1.09
2012.11.08 14:47:45.216,1.59063,1.59093,1.73,1.69
2012.11.08 14:47:45.336,1.59057,1.59089,1.73,2.48
2012.11.08 14:47:45.516,1.59054,1.59088,1.56,1.73
2012.11.08 14:47:49.260,1.59054,1.59088,1.56,1.73
2012.11.08 14:47:50.697,1.59054,1.59088,1.25,1.73
2012.11.08 14:47:51.008,1.59052,1.59088,1.25,1.73
2012.11.08 14:47:53.114,1.59052,1.59088,1.25,1.73
2012.11.08 14:47:53.357,1.59059,1.59093,1.52,1.73
2012.11.08 14:47:55.736,1.59059,1.59093,1.52,1.73
2012.11.08 14:47:55.796,1.59068,1.59093,1.52,1.50
2012.11.08 14:47:56.156,1.5906,1.59096,1.54,1.73
2012.11.08 14:48:01.727,1.59063,1.59096,1.50,1.73
2012.11.08 14:48:03.748,1.59063,1.59096,1.50,2.10
2012.11.08 14:48:03.868,1.5906,1.59096,1.23,2.10
2012.11.08 14:48:04.390,1.59062,1.59096,1.35,1.73
2012.11.08 14:48:04.577,1.59069,1.59101,1.43,1.35
2012.11.08 14:48:05.075,1.59069,1.59101,1.43,2.10
2012.11.08 14:48:05.195,1.59069,1.59101,1.43,2.10
2012.11.08 14:48:05.430,1.59063,1.59098,3.23,1.73
2012.11.08 14:48:08.646,1.59063,1.59098,2.29,2.48
2012.11.08 14:48:08.826,1.59065,1.59098,1.54,2.48
2012.11.08 14:48:09.166,1.59063,1.59098,2.34,2.48
2012.11.08 14:48:09.476,1.59063,1.59098,2.34,1.73
2012.11.08 14:48:09.926,1.59063,1.59097,1.73,1.73
2012.11.08 14:48:10.446,1.59063,1.59098,1.73,2.48
2012.11.08 14:48:10.887,1.59063,1.59098,2.34,2.48
2012.11.08 14:48:11.446,1.59063,1.59102,3.84,1.73
2012.11.08 14:48:11.507,1.59071,1.59102,1.56,1.73
2012.11.08 14:48:12.667,1.59071,1.59104,1.56,1.73
2012.11.08 14:48:12.726,1.59071,1.59104,1.56,2.48
2012.11.08 14:48:12.846,1.59069,1.59104,1.54,2.48
2012.11.08 14:48:13.986,1.59069,1.59104,1.54,1.73
2012.11.08 14:48:14.047,1.59069,1.59104,1.54,2.48
2012.11.08 14:48:14.378,1.59069,1.591,1.54,1.73
2012.11.08 14:48:14.496,1.59063,1.59099,1.73,1.73
2012.11.08 14:48:14.736,1.59063,1.59098,1.56,2.07
2012.11.08 14:48:14.915,1.59063,1.59098,1.56,2.07
2012.11.08 14:48:15.426,1.59063,1.59098,2.31,2.07
2012.11.08 14:48:15.757,1.59066,1.59102,1.45,1.73
2012.11.08 14:48:16.397,1.59066,1.59104,1.45,1.73
2012.11.08 14:48:16.776,1.5907,1.59104,1.63,1.73
2012.11.08 14:48:16.836,1.5907,1.59103,1.63,1.73
2012.11.08 14:48:17.127,1.59066,1.59103,1.27,1.73
2012.11.08 14:48:17.517,1.59066,1.59104,1.27,1.73
2012.11.08 14:48:17.837,1.59066,1.59104,1.27,2.48
2012.11.08 14:48:23.777,1.59066,1.59103,1.27,1.73
2012.11.08 14:48:23.836,1.59066,1.59104,1.25,1.73
2012.11.08 14:48:24.239,1.59066,1.59104,1.25,2.48
2012.11.08 14:48:26.406,1.59066,1.59104,1.25,1.73
2012.11.08 14:48:27.335,1.59066,1.59104,1.32,2.48
2012.11.08 14:48:34.367,1.59066,1.59104,1.32,1.73
2012.11.08 14:48:34.786,1.59065,1.59104,1.56,2.48
2012.11.08 14:48:35.318,1.59065,1.59098,1.56,1.50
2012.11.08 14:48:35.979,1.59065,1.59104,1.56,1.73
2012.11.08 14:48:37.375,1.59065,1.59099,1.56,1.73
2012.11.08 14:48:37.916,1.59063,1.59096,1.50,1.09
2012.11.08 14:48:38.335,1.59061,1.59095,1.50,1.32
2012.11.08 14:48:38.695,1.59058,1.5909,1.73,1.73
2012.11.08 14:48:39.236,1.59057,1.59094,1.56,1.73
2012.11.08 14:48:40.406,1.59058,1.59095,1.35,1.32
2012.11.08 14:48:40.526,1.59056,1.59088,1.73,1.73
2012.11.08 14:48:41.005,1.5905,1.59088,2.38,1.73
2012.11.08 14:48:41.405,1.5905,1.59084,1.63,1.73
2012.11.08 14:48:42.147,1.5905,1.59088,1.63,1.73
2012.11.08 14:48:42.326,1.5905,1.59084,1.63,1.73
2012.11.08 14:48:43.126,1.5905,1.59089,1.63,2.82
2012.11.08 14:48:43.655,1.5905,1.59084,1.63,1.73
2012.11.08 14:48:44.448,1.5905,1.59088,1.63,1.73
2012.11.08 14:48:44.613,1.5905,1.59084,1.63,1.73
2012.11.08 14:48:47.144,1.59051,1.59085,1.27,1.73
2012.11.08 14:48:47.903,1.59056,1.59087,1.59,1.50
2012.11.08 14:48:47.965,1.59056,1.59089,1.59,1.73
2012.11.08 14:48:48.613,1.59056,1.59093,1.59,2.48
2012.11.08 14:48:48.688,1.59056,1.59093,1.52,1.73
2012.11.08 14:48:50.817,1.59055,1.59093,1.73,1.73
2012.11.08 14:48:50.996,1.59055,1.59094,2.00,2.07
2012.11.08 14:48:51.816,1.59056,1.59093,1.47,1.73
2012.11.08 14:48:54.058,1.59056,1.59089,1.47,1.73
2012.11.08 14:48:54.295,1.59051,1.59083,2.48,1.73
2012.11.08 14:48:54.536,1.59048,1.59083,2.10,1.73
2012.11.08 14:48:55.076,1.59041,1.59077,2.48,1.73
2012.11.08 14:48:55.336,1.59042,1.59077,1.73,1.73
2012.11.08 14:48:55.396,1.59042,1.59074,1.73,1.32
2012.11.08 14:48:55.947,1.59042,1.59074,1.73,1.73
2012.11.08 14:48:56.575,1.59042,1.59074,2.85,1.73
2012.11.08 14:49:00.727,1.5904,1.59078,1.36,1.73
2012.11.08 14:49:01.396,1.5904,1.59074,1.36,1.73
2012.11.08 14:49:02.027,1.5904,1.59075,1.36,1.73
2012.11.08 14:49:02.305,1.5904,1.59075,1.36,1.73
2012.11.08 14:49:03.298,1.5904,1.59074,1.36,1.73
2012.11.08 14:49:04.367,1.59036,1.59074,1.29,1.73
2012.11.08 14:49:05.977,1.59037,1.59076,1.73,1.73
2012.11.08 14:49:06.215,1.59044,1.59078,1.41,1.73
2012.11.08 14:49:06.374,1.59044,1.59078,1.41,1.73
2012.11.08 14:49:06.676,1.59049,1.59082,1.59,2.85
2012.11.08 14:49:06.863,1.59049,1.59086,1.59,1.73
2012.11.08 14:49:08.507,1.59049,1.59086,1.59,1.73
2012.11.08 14:49:08.620,1.59049,1.59087,1.59,3.23
2012.11.08 14:49:12.946,1.59054,1.59087,1.34,3.23
2012.11.08 14:49:22.476,1.59056,1.59095,1.73,1.73
2012.11.08 14:49:22.605,1.59059,1.59097,1.52,2.07
2012.11.08 14:49:24.717,1.59059,1.59095,1.52,1.73
2012.11.08 14:49:24.899,1.59059,1.59093,1.52,1.73
2012.11.08 14:49:25.061,1.59056,1.59086,2.25,1.38
2012.11.08 14:49:25.186,1.59056,1.59087,2.25,1.01
2012.11.08 14:49:25.307,1.59056,1.59089,1.73,1.32
2012.11.08 14:49:25.367,1.59056,1.59088,1.73,1.73
2012.11.08 14:49:25.548,1.59055,1.59089,1.73,1.32
2012.11.08 14:49:25.906,1.59049,1.59088,1.73,2.48
2012.11.08 14:49:29.316,1.59048,1.59085,2.82,1.73
2012.11.08 14:49:29.565,1.59051,1.59087,1.73,1.73
2012.11.08 14:49:31.785,1.59051,1.59083,1.73,1.73
2012.11.08 14:49:32.625,1.59051,1.59087,1.73,1.73
2012.11.08 14:49:34.156,1.5905,1.59091,2.48,2.09
2012.11.08 14:49:34.215,1.5905,1.59088,2.48,1.73
2012.11.08 14:49:34.336,1.59053,1.59088,1.32,1.73
2012.11.08 14:49:34.456,1.59053,1.59091,1.32,1.73
2012.11.08 14:49:38.866,1.59054,1.59089,2.10,1.73
2012.11.08 14:49:39.166,1.59051,1.59091,1.41,1.73
2012.11.08 14:49:39.527,1.59054,1.59082,1.35,1.13
2012.11.08 14:49:39.770,1.59054,1.59081,1.35,1.73
2012.11.08 14:49:39.966,1.59053,1.59082,1.59,1.13
2012.11.08 14:49:40.396,1.59059,1.5909,1.73,2.10
2012.11.08 14:49:40.635,1.59059,1.59088,1.73,1.73
2012.11.08 14:49:41.906,1.5906,1.59092,1.73,1.73
2012.11.08 14:49:42.206,1.59059,1.59093,1.73,1.73
2012.11.08 14:49:45.335,1.5906,1.59094,2.48,1.73
2012.11.08 14:49:45.635,1.59059,1.59093,2.10,1.73
2012.11.08 14:49:45.695,1.59059,1.59093,2.10,1.73
2012.11.08 14:49:46.915,1.59057,1.59094,1.47,2.48
2012.11.08 14:49:46.975,1.59062,1.59099,1.59,2.48
2012.11.08 14:49:48.866,1.59062,1.59098,1.59,1.73
2012.11.08 14:49:49.178,1.59063,1.59099,1.32,1.73
2012.11.08 14:49:49.237,1.59063,1.59103,2.07,1.73
2012.11.08 14:49:49.416,1.59065,1.59103,1.35,1.73
2012.11.08 14:49:49.538,1.59066,1.59103,1.34,1.73
2012.11.08 14:49:49.618,1.59065,1.59103,1.35,1.73
2012.11.08 14:49:50.557,1.59063,1.59098,1.73,1.73
2012.11.08 14:49:51.695,1.59069,1.59105,2.85,1.59
2012.11.08 14:49:51.876,1.59071,1.59108,1.73,1.73
2012.11.08 14:49:53.926,1.59071,1.59103,1.73,1.73
2012.11.08 14:49:53.985,1.59069,1.59103,1.73,2.48
2012.11.08 14:49:55.617,1.59066,1.59099,1.29,1.73
2012.11.08 14:49:55.856,1.59058,1.59095,1.47,1.73
2012.11.08 14:49:56.396,1.59059,1.59096,1.73,1.73
2012.11.08 14:49:56.457,1.59059,1.59096,1.35,1.73
2012.11.08 14:49:56.578,1.59066,1.59096,1.47,1.50
2012.11.08 14:49:56.757,1.59066,1.59103,1.47,2.82
2012.11.08 14:49:57.409,1.59066,1.59099,1.47,1.73
2012.11.08 14:49:57.945,1.59066,1.59103,1.47,2.82
2012.11.08 14:49:58.585,1.59066,1.59103,1.47,2.82
2012.11.08 14:50:01.246,1.59066,1.59103,1.47,2.82
2012.11.08 14:50:02.256,1.59066,1.59103,1.45,2.48
2012.11.08 14:50:02.868,1.59062,1.59103,1.50,2.48
2012.11.08 14:50:02.926,1.59062,1.59098,1.50,2.48
2012.11.08 14:50:03.285,1.59072,1.59101,2.34,1.50
2012.11.08 14:50:03.346,1.59077,1.59102,1.59,1.88
2012.11.08 14:50:03.487,1.59072,1.59102,1.73,2.10
2012.11.08 14:50:04.446,1.59077,1.59105,2.00,1.84
2012.11.08 14:50:04.508,1.59081,1.59114,1.25,1.84
2012.11.08 14:50:04.571,1.59078,1.59114,1.29,2.07
2012.11.08 14:50:04.696,1.59078,1.59114,1.29,1.32
2012.11.08 14:50:04.766,1.59081,1.59114,1.59,1.09
2012.11.08 14:50:04.886,1.59081,1.59114,1.59,1.09
2012.11.08 14:50:05.005,1.59078,1.59108,1.73,2.48
2012.11.08 14:50:05.192,1.59076,1.59108,1.43,1.50
2012.11.08 14:50:05.736,1.59082,1.59114,1.63,1.32
2012.11.08 14:50:06.037,1.59082,1.59114,1.63,1.32
2012.11.08 14:50:06.396,1.59082,1.59119,1.63,1.73
2012.11.08 14:50:06.515,1.59084,1.59121,1.50,1.32
2012.11.08 14:50:06.936,1.59083,1.59112,1.50,1.50
2012.11.08 14:50:07.057,1.59083,1.5911,1.13,1.73
2012.11.08 14:50:07.511,1.5907,1.5911,1.73,1.73
2012.11.08 14:50:07.639,1.5907,1.5911,2.09,1.73
2012.11.08 14:50:08.926,1.5907,1.59111,2.09,1.73
2012.11.08 14:50:09.236,1.5907,1.59111,2.09,1.73
2012.11.08 14:50:09.416,1.5908,1.59116,1.73,1.35
2012.11.08 14:50:11.886,1.59081,1.59119,2.48,2.10
2012.11.08 14:50:11.949,1.59081,1.59114,2.48,1.73
2012.11.08 14:50:12.071,1.5908,1.59113,2.25,2.20
2012.11.08 14:50:12.317,1.59087,1.59118,1.73,1.73
2012.11.08 14:50:12.766,1.59087,1.59123,1.73,1.73
2012.11.08 14:50:15.065,1.59086,1.59121,1.73,1.32
2012.11.08 14:50:15.126,1.59086,1.5912,1.73,1.32
2012.11.08 14:50:15.606,1.59082,1.59118,1.27,2.48
2012.11.08 14:50:15.786,1.59077,1.59112,2.48,1.73
2012.11.08 14:50:16.916,1.59075,1.59112,3.98,1.73
2012.11.08 14:50:16.976,1.59075,1.5911,3.98,1.73
2012.11.08 14:50:17.475,1.59078,1.59115,1.73,1.73
2012.11.08 14:50:17.599,1.59078,1.59115,1.73,1.73
2012.11.08 14:50:19.370,1.59079,1.59115,1.23,1.73
2012.11.08 14:50:20.677,1.59079,1.59111,1.23,1.73
2012.11.08 14:50:20.736,1.59077,1.59111,1.73,2.48
2012.11.08 14:50:20.915,1.59081,1.59111,2.13,1.50
2012.11.08 14:50:20.976,1.59084,1.59118,1.38,1.73
2012.11.08 14:50:21.036,1.59084,1.59118,1.38,1.73
2012.11.08 14:50:21.216,1.59084,1.59116,1.38,2.48
2012.11.08 14:50:21.276,1.59084,1.59116,1.35,2.48
2012.11.08 14:50:22.566,1.5909,1.5912,1.50,1.73
2012.11.08 14:50:22.805,1.5909,1.59123,2.48,1.73
2012.11.08 14:50:22.926,1.5909,1.59123,2.48,2.00
2012.11.08 14:50:23.455,1.59089,1.59118,2.25,1.47
2012.11.08 14:50:23.520,1.59084,1.59118,1.73,1.47
2012.11.08 14:50:28.986,1.59083,1.59112,3.60,1.73
2012.11.08 14:50:29.166,1.59083,1.59111,2.10,1.73
2012.11.08 14:50:29.957,1.59081,1.59112,2.48,1.73
2012.11.08 14:50:30.018,1.59081,1.59112,2.48,1.73
2012.11.08 14:50:30.078,1.59081,1.5911,2.48,1.73
2012.11.08 14:50:30.196,1.59084,1.59111,1.35,1.73
2012.11.08 14:50:30.318,1.59083,1.59111,1.35,1.73
2012.11.08 14:50:30.436,1.59083,1.59112,1.35,1.13
2012.11.08 14:50:30.497,1.59083,1.59112,1.35,1.35
2012.11.08 14:50:30.867,1.59078,1.59114,1.35,2.10
2012.11.08 14:50:31.166,1.59078,1.59112,1.35,1.35
2012.11.08 14:50:31.286,1.59078,1.59112,1.35,1.35
2012.11.08 14:50:35.206,1.59083,1.59114,1.41,1.13
2012.11.08 14:50:35.327,1.59083,1.59116,1.41,1.50
2012.11.08 14:50:35.387,1.59078,1.59112,1.23,1.35
2012.11.08 14:50:35.872,1.59076,1.59107,1.13,1.23
2012.11.08 14:50:36.057,1.59074,1.5911,2.01,1.73
2012.11.08 14:50:36.181,1.59075,1.59113,1.73,1.73
2012.11.08 14:50:38.706,1.59074,1.5911,3.88,1.73
2012.11.08 14:50:38.765,1.59075,1.59106,1.73,1.73
2012.11.08 14:50:38.886,1.59075,1.59109,1.73,1.38
2012.11.08 14:50:39.006,1.59075,1.59114,1.73,1.73
2012.11.08 14:50:39.885,1.59075,1.59114,2.48,1.73
2012.11.08 14:50:40.065,1.59079,1.59114,1.52,1.73
2012.11.08 14:50:42.646,1.59084,1.59117,1.73,1.73
2012.11.08 14:50:42.835,1.59088,1.59124,1.29,1.73
2012.11.08 14:50:57.596,1.59084,1.5912,2.48,2.07
2012.11.08 14:50:58.143,1.59084,1.5912,1.35,2.07
2012.11.08 14:51:00.436,1.59086,1.5912,1.61,2.07
2012.11.08 14:51:00.916,1.59086,1.59114,1.61,1.50
2012.11.08 14:51:00.976,1.59084,1.59114,3.60,1.73
2012.11.08 14:51:01.508,1.59083,1.59112,3.23,1.73
2012.11.08 14:51:14.246,1.59079,1.59113,1.47,1.73
2012.11.08 14:51:17.625,1.59079,1.59112,1.47,1.73
2012.11.08 14:51:17.747,1.59074,1.59111,1.63,1.73
2012.11.08 14:51:21.186,1.59074,1.59099,1.41,1.13
2012.11.08 14:51:21.367,1.59069,1.59092,1.88,1.54
2012.11.08 14:51:21.431,1.59069,1.59088,1.13,1.73
2012.11.08 14:51:21.498,1.59069,1.59092,3.00,1.54
2012.11.08 14:51:21.616,1.59069,1.59101,2.85,1.35
2012.11.08 14:51:21.857,1.59069,1.59101,2.85,1.35
2012.11.08 14:51:22.056,1.59075,1.59107,1.95,1.73
2012.11.08 14:51:22.116,1.59075,1.59108,1.95,1.73
2012.11.08 14:51:22.176,1.59075,1.59107,1.95,1.73
2012.11.08 14:51:22.296,1.59072,1.59104,2.48,1.73
2012.11.08 14:51:22.666,1.59075,1.59105,1.20,1.50
2012.11.08 14:51:23.157,1.59074,1.59107,1.73,1.73
2012.11.08 14:51:26.646,1.59075,1.59109,1.73,1.73
2012.11.08 14:51:26.707,1.59075,1.59109,1.73,1.73
2012.11.08 14:51:31.326,1.59079,1.59113,1.73,1.73
2012.11.08 14:51:31.506,1.59081,1.59113,1.73,1.73
2012.11.08 14:51:32.056,1.59081,1.59113,1.73,1.73
2012.11.08 14:51:34.679,1.59089,1.59116,1.50,1.35
2012.11.08 14:51:34.796,1.59089,1.59124,1.73,1.69
2012.11.08 14:51:34.975,1.59087,1.59121,1.73,1.32
2012.11.08 14:51:35.036,1.59087,1.59121,1.73,1.85
2012.11.08 14:51:36.357,1.59086,1.59121,1.73,1.85
2012.11.08 14:51:36.556,1.59088,1.59121,2.48,1.35
2012.11.08 14:51:37.299,1.59088,1.59121,2.48,1.35
2012.11.08 14:51:37.675,1.59088,1.5912,1.73,1.73
2012.11.08 14:51:37.996,1.59087,1.59121,1.73,2.10
2012.11.08 14:51:38.536,1.59084,1.59116,1.73,1.32
2012.11.08 14:51:39.052,1.59084,1.59114,1.73,1.73
2012.11.08 14:51:39.596,1.59084,1.59117,1.73,1.35
2012.11.08 14:51:39.997,1.59083,1.59116,1.41,1.09
2012.11.08 14:51:40.356,1.59083,1.59115,1.41,1.50
2012.11.08 14:51:40.537,1.59077,1.59112,1.73,1.13
2012.11.08 14:51:40.600,1.59077,1.59112,1.73,1.53
2012.11.08 14:51:40.666,1.59076,1.59112,1.73,1.53
2012.11.08 14:51:41.377,1.59077,1.59115,1.73,1.73
2012.11.08 14:51:41.496,1.59079,1.59115,1.73,1.73
2012.11.08 14:51:41.857,1.59073,1.59112,1.73,1.09
2012.11.08 14:51:42.221,1.59069,1.59109,1.73,2.74
2012.11.08 14:51:42.526,1.59074,1.59105,1.73,1.27
2012.11.08 14:51:42.911,1.59074,1.59108,1.73,1.35
2012.11.08 14:51:43.419,1.59074,1.59108,1.73,1.35
2012.11.08 14:51:44.915,1.59078,1.59111,1.73,1.73
2012.11.08 14:51:45.196,1.59078,1.59114,1.73,1.73
2012.11.08 14:51:45.579,1.59076,1.59117,2.00,2.10
2012.11.08 14:51:45.938,1.59077,1.59108,1.73,1.13
2012.11.08 14:51:46.179,1.59077,1.59114,1.73,1.32
2012.11.08 14:51:46.236,1.59076,1.59112,1.27,1.73
2012.11.08 14:51:46.536,1.59074,1.59108,1.73,1.32
2012.11.08 14:51:47.686,1.59082,1.59113,1.73,1.43
2012.11.08 14:51:47.806,1.59082,1.59117,1.73,3.57
2012.11.08 14:51:50.756,1.59086,1.59117,1.73,2.82
2012.11.08 14:51:51.057,1.59089,1.59118,1.50,1.52
2012.11.08 14:51:51.238,1.59089,1.59122,1.73,1.73
2012.11.08 14:51:52.126,1.59086,1.59121,1.73,1.73
2012.11.08 14:51:53.176,1.59086,1.59121,1.73,1.73
2012.11.08 14:51:54.036,1.59086,1.59121,1.73,1.73
2012.11.08 14:51:54.396,1.59086,1.59121,1.73,1.35
2012.11.08 14:51:54.516,1.59091,1.59121,1.59,1.13
2012.11.08 14:51:54.816,1.59092,1.59126,1.73,1.73
2012.11.08 14:51:55.551,1.59093,1.59127,1.73,1.73
2012.11.08 14:51:57.439,1.59093,1.59128,1.73,1.73
2012.11.08 14:51:57.897,1.59093,1.5913,1.73,2.40
2012.11.08 14:51:58.256,1.59099,1.59128,1.29,1.50
2012.11.08 14:51:58.317,1.59093,1.59128,1.29,1.65
2012.11.08 14:51:58.495,1.59093,1.59127,1.29,2.25
2012.11.08 14:51:58.735,1.59092,1.59127,1.73,1.73
2012.11.08 14:52:06.152,1.59092,1.59131,1.73,1.51
2012.11.08 14:52:06.501,1.59095,1.59132,1.25,1.73
2012.11.08 14:52:10.886,1.59095,1.5913,1.25,1.73
2012.11.08 14:52:11.006,1.59091,1.5913,1.73,1.73
2012.11.08 14:52:16.317,1.5909,1.59128,1.25,1.73
2012.11.08 14:52:16.617,1.59095,1.5913,1.41,1.73
2012.11.08 14:52:20.616,1.59092,1.59129,1.41,1.73
2012.11.08 14:52:20.796,1.59087,1.59126,2.29,1.73
2012.11.08 14:52:22.646,1.59086,1.59123,2.29,1.73
2012.11.08 14:52:22.706,1.59086,1.5912,1.73,1.73
2012.11.08 14:52:25.048,1.59084,1.5912,2.10,1.73
2012.11.08 14:52:25.286,1.59087,1.5912,1.43,1.73
2012.11.08 14:52:25.606,1.59087,1.59119,1.43,1.73
2012.11.08 14:52:28.126,1.59087,1.59119,1.43,1.73
2012.11.08 14:52:29.627,1.59083,1.59116,1.43,1.50
2012.11.08 14:52:29.686,1.59082,1.5911,1.73,1.73
2012.11.08 14:52:31.187,1.59076,1.59108,1.59,1.50
2012.11.08 14:52:31.848,1.59078,1.59116,1.73,2.48
2012.11.08 14:52:41.816,1.59077,1.59116,1.73,2.48
2012.11.08 14:52:41.936,1.59079,1.59116,1.73,1.73
2012.11.08 14:52:41.996,1.5908,1.59116,1.36,1.73
2012.11.08 14:52:42.175,1.59081,1.59116,1.73,1.73
2012.11.08 14:52:43.317,1.59081,1.59116,1.73,1.73
2012.11.08 14:52:43.497,1.59084,1.59118,1.61,1.73
2012.11.08 14:52:43.676,1.59092,1.59123,1.34,1.50
2012.11.08 14:52:43.735,1.59092,1.59124,1.34,1.50
2012.11.08 14:52:46.346,1.59092,1.59124,1.34,1.50
2012.11.08 14:52:46.526,1.59084,1.59117,1.41,2.48
2012.11.08 14:52:46.705,1.59081,1.59111,2.16,1.50
2012.11.08 14:52:46.766,1.59081,1.59111,1.73,1.73
2012.11.08 14:52:47.007,1.5908,1.59111,1.73,1.73
2012.11.08 14:52:48.485,1.5908,1.59115,1.73,2.07
2012.11.08 14:52:48.796,1.5908,1.59115,2.27,2.07
2012.11.08 14:52:49.946,1.59083,1.59117,1.29,1.73
2012.11.08 14:52:50.296,1.59086,1.59119,1.73,1.73
2012.11.08 14:53:00.647,1.59087,1.59117,1.73,1.73
2012.11.08 14:53:00.754,1.59089,1.59118,1.73,1.73
2012.11.08 14:53:02.946,1.59098,1.59126,1.50,2.37
2012.11.08 14:53:03.066,1.59101,1.59132,1.43,1.35
2012.11.08 14:53:03.186,1.59103,1.59132,1.32,1.73
2012.11.08 14:53:03.442,1.59103,1.59134,1.32,1.73
2012.11.08 14:53:05.100,1.59101,1.59133,1.43,2.07
2012.11.08 14:53:05.216,1.59099,1.59123,1.43,1.50
2012.11.08 14:53:05.288,1.59092,1.59123,1.73,1.73
2012.11.08 14:53:05.467,1.59094,1.59126,1.73,1.36
2012.11.08 14:53:05.527,1.59094,1.59127,1.73,1.73
2012.11.08 14:53:09.186,1.59087,1.5912,1.25,1.50
2012.11.08 14:53:09.516,1.59087,1.5912,1.23,1.73
2012.11.08 14:53:09.576,1.59081,1.59119,1.73,1.73
2012.11.08 14:53:09.967,1.59087,1.59122,1.73,1.47
2012.11.08 14:53:10.026,1.59087,1.59124,2.04,1.73
2012.11.08 14:53:11.357,1.59088,1.59126,1.73,1.73
2012.11.08 14:53:11.719,1.59086,1.59121,1.73,1.43
2012.11.08 14:53:11.776,1.59086,1.59119,1.73,1.73
2012.11.08 14:53:14.196,1.59086,1.59119,1.73,1.73
2012.11.08 14:53:14.316,1.59088,1.59123,1.43,1.73
2012.11.08 14:53:15.098,1.59087,1.59123,1.43,1.73
2012.11.08 14:53:15.296,1.59086,1.59118,1.73,1.73
2012.11.08 14:53:16.067,1.5909,1.59118,3.13,1.50
2012.11.08 14:53:16.186,1.5909,1.59118,1.73,1.50
2012.11.08 14:53:16.616,1.59093,1.59124,1.73,1.73
2012.11.08 14:53:18.706,1.59092,1.59124,1.61,1.50
2012.11.08 14:53:19.066,1.59092,1.59122,1.61,1.13
2012.11.08 14:53:19.635,1.59092,1.5912,1.61,1.50
2012.11.08 14:53:19.765,1.59087,1.5912,2.70,1.73
2012.11.08 14:53:20.880,1.59088,1.59125,1.73,1.73
2012.11.08 14:53:21.137,1.5909,1.59126,2.18,1.35
2012.11.08 14:53:21.438,1.59092,1.59127,1.45,2.10
2012.11.08 14:53:21.807,1.59099,1.59129,1.27,1.50
2012.11.08 14:53:22.408,1.59097,1.59136,2.07,1.73
2012.11.08 14:53:22.469,1.59097,1.59129,1.73,1.73
2012.11.08 14:53:22.946,1.59097,1.59128,1.73,1.20
2012.11.08 14:53:23.476,1.59092,1.59124,1.50,1.73
2012.11.08 14:53:23.858,1.59091,1.59124,1.73,1.73
2012.11.08 14:53:24.552,1.5909,1.59124,2.48,1.73
2012.11.08 14:53:24.616,1.5909,1.59124,2.48,1.73
2012.11.08 14:53:25.436,1.59096,1.59127,2.25,1.43
2012.11.08 14:53:25.616,1.59101,1.59136,1.73,2.85
2012.11.08 14:53:26.069,1.591,1.59133,1.23,1.50
2012.11.08 14:53:26.143,1.59097,1.59133,1.73,1.73
2012.11.08 14:53:26.686,1.59098,1.59133,1.73,1.73
2012.11.08 14:53:27.048,1.59102,1.5914,1.73,1.73
2012.11.08 14:53:27.296,1.59102,1.59139,1.73,1.73
2012.11.08 14:53:27.359,1.59102,1.59139,1.73,1.73
2012.11.08 14:53:27.477,1.59106,1.59139,1.45,1.73
2012.11.08 14:53:27.536,1.59106,1.59139,1.45,1.73
2012.11.08 14:53:29.696,1.59108,1.59141,1.52,1.35
2012.11.08 14:53:29.917,1.59106,1.59141,2.25,1.35
2012.11.08 14:53:33.457,1.59106,1.59138,1.50,1.73
2012.11.08 14:53:33.516,1.59101,1.59138,2.91,1.73
2012.11.08 14:53:35.856,1.59106,1.59141,1.41,2.10
2012.11.08 14:53:37.266,1.59111,1.59142,1.32,1.35
2012.11.08 14:53:37.626,1.59102,1.5914,1.73,1.73
2012.11.08 14:53:37.805,1.59097,1.59137,1.73,2.48
2012.11.08 14:53:38.406,1.591,1.59137,1.73,1.73
2012.11.08 14:53:38.585,1.59101,1.59139,1.45,1.73
2012.11.08 14:53:39.956,1.5911,1.59142,1.73,2.10
2012.11.08 14:53:40.016,1.5911,1.59142,2.00,1.88
2012.11.08 14:53:40.195,1.59106,1.59141,1.25,1.50
2012.11.08 14:53:40.316,1.59102,1.59141,1.73,1.73
2012.11.08 14:53:41.706,1.59104,1.59142,1.73,2.64
2012.11.08 14:53:41.766,1.59106,1.59142,1.41,2.10
2012.11.08 14:53:42.523,1.59106,1.59141,1.41,2.10
2012.11.08 14:53:42.592,1.59101,1.59141,1.73,2.48
2012.11.08 14:53:43.394,1.59107,1.59141,1.59,1.88
2012.11.08 14:53:43.456,1.59111,1.59141,1.59,1.13
2012.11.08 14:53:43.696,1.59106,1.59141,1.59,1.50
2012.11.08 14:53:43.996,1.59099,1.59137,2.10,1.73
2012.11.08 14:53:44.556,1.59102,1.5914,1.73,1.73
2012.11.08 14:53:45.186,1.59105,1.59141,1.73,2.10
2012.11.08 14:53:45.305,1.59105,1.59141,3.06,2.10
2012.11.08 14:53:47.006,1.5911,1.59142,1.73,1.35
2012.11.08 14:53:47.548,1.59106,1.59141,2.56,1.73
2012.11.08 14:53:48.076,1.59106,1.59142,2.07,2.10
2012.11.08 14:53:48.966,1.59111,1.59142,1.73,1.35
2012.11.08 14:53:49.536,1.59106,1.59142,2.82,2.10
2012.11.08 14:53:53.767,1.59106,1.59136,1.73,1.13
2012.11.08 14:53:54.126,1.59104,1.59138,1.73,1.32
2012.11.08 14:53:54.576,1.59105,1.5914,2.16,1.73
2012.11.08 14:53:54.816,1.59101,1.59139,2.48,1.73
2012.11.08 14:53:54.876,1.59101,1.59139,2.48,1.73
2012.11.08 14:53:55.055,1.59101,1.59139,2.48,1.73
2012.11.08 14:53:55.445,1.59105,1.59141,2.11,1.35
2012.11.08 14:53:56.986,1.59105,1.59141,2.45,1.35
2012.11.08 14:53:57.227,1.59109,1.59144,1.73,1.35
2012.11.08 14:53:57.467,1.59109,1.59149,2.20,1.73
2012.11.08 14:53:58.666,1.59109,1.59147,2.20,1.73
2012.11.08 14:53:58.791,1.59117,1.59149,2.29,1.73
2012.11.08 14:53:59.316,1.59117,1.59152,2.29,1.73
2012.11.08 14:54:07.286,1.59121,1.59154,1.56,1.73
2012.11.08 14:54:07.631,1.59121,1.59156,2.31,2.10
2012.11.08 14:54:10.056,1.59127,1.59157,1.73,1.13
2012.11.08 14:54:10.300,1.59117,1.59154,1.73,1.09
2012.11.08 14:54:10.428,1.59116,1.59149,1.73,1.09
2012.11.08 14:54:10.726,1.59116,1.59146,1.73,1.32
2012.11.08 14:54:13.697,1.59118,1.5915,1.73,1.73
2012.11.08 14:54:13.817,1.59117,1.59153,1.73,1.32
2012.11.08 14:54:14.097,1.59116,1.59153,1.73,2.82
2012.11.08 14:54:14.366,1.59116,1.59153,1.73,2.82
2012.11.08 14:54:14.486,1.59121,1.59153,1.95,1.09
2012.11.08 14:54:14.547,1.59122,1.59154,1.73,1.32
2012.11.08 14:54:18.146,1.59122,1.59156,1.73,1.35
2012.11.08 14:54:18.926,1.59122,1.59161,1.73,1.73
2012.11.08 14:54:19.587,1.59123,1.59156,1.73,1.73
2012.11.08 14:54:19.789,1.59121,1.59157,1.95,1.73
2012.11.08 14:54:19.906,1.59121,1.59158,1.95,2.85
2012.11.08 14:54:20.286,1.59125,1.59158,1.23,2.10
2012.11.08 14:54:20.422,1.59124,1.59158,1.73,2.10
2012.11.08 14:54:21.057,1.59124,1.59157,1.73,1.73
2012.11.08 14:54:21.457,1.59124,1.59158,2.48,2.10
2012.11.08 14:54:22.119,1.59124,1.59157,1.73,1.73
2012.11.08 14:54:22.361,1.59124,1.59158,1.73,2.10
2012.11.08 14:54:22.637,1.59124,1.59157,1.73,1.73
2012.11.08 14:54:22.837,1.5912,1.59157,1.73,2.48
2012.11.08 14:54:22.897,1.5912,1.59157,1.73,1.73
2012.11.08 14:54:23.216,1.59124,1.59158,2.20,2.10
2012.11.08 14:54:24.436,1.59131,1.59158,1.73,1.35
2012.11.08 14:54:24.498,1.59131,1.59164,2.29,1.73
2012.11.08 14:54:24.617,1.59131,1.59165,2.29,1.73
2012.11.08 14:54:24.915,1.59124,1.59161,2.48,1.73
2012.11.08 14:54:25.566,1.59124,1.59161,1.73,1.73
2012.11.08 14:54:26.706,1.59124,1.59161,1.73,1.73
2012.11.08 14:54:26.956,1.59128,1.59163,2.48,1.73
2012.11.08 14:54:27.016,1.59129,1.59163,1.38,1.73
2012.11.08 14:54:27.135,1.59129,1.59164,1.38,1.73
2012.11.08 14:54:27.897,1.59129,1.59165,1.38,2.48
2012.11.08 14:54:28.136,1.59137,1.59169,2.13,1.32
2012.11.08 14:54:28.446,1.59137,1.59169,1.38,1.73
2012.11.08 14:54:30.406,1.59137,1.59162,1.38,1.09
2012.11.08 14:54:30.646,1.59126,1.5916,1.73,1.32
2012.11.08 14:54:30.712,1.59127,1.5916,1.73,1.32
2012.11.08 14:54:31.016,1.59128,1.59166,2.27,3.60
2012.11.08 14:54:31.387,1.59128,1.59163,2.27,1.73
2012.11.08 14:54:31.602,1.59128,1.59163,2.27,1.73
2012.11.08 14:54:32.086,1.59129,1.59163,1.73,2.48
2012.11.08 14:54:33.446,1.59137,1.59161,1.73,1.35
2012.11.08 14:54:33.697,1.59119,1.59152,1.73,1.73
2012.11.08 14:54:36.677,1.59112,1.59149,1.43,1.32
2012.11.08 14:54:36.956,1.59113,1.59151,1.73,2.44
2012.11.08 14:54:37.016,1.59113,1.59151,1.73,2.85
2012.11.08 14:54:37.136,1.59118,1.59151,1.59,2.10
2012.11.08 14:54:37.437,1.59122,1.59151,1.56,1.13
2012.11.08 14:54:37.739,1.59122,1.59158,1.56,2.10
2012.11.08 14:54:38.284,1.59122,1.59158,1.56,1.73
2012.11.08 14:54:43.656,1.59122,1.5916,1.56,1.73
2012.11.08 14:54:43.777,1.59116,1.59153,1.73,1.73
2012.11.08 14:54:49.487,1.59118,1.59153,1.73,2.07
2012.11.08 14:54:49.727,1.59119,1.59156,1.38,2.10
2012.11.08 14:54:51.246,1.59129,1.59159,1.73,1.73
2012.11.08 14:54:51.547,1.59129,1.59166,1.52,1.35
2012.11.08 14:54:51.797,1.59129,1.59166,1.52,1.35
2012.11.08 14:54:52.157,1.59129,1.59167,1.52,1.73
2012.11.08 14:54:52.886,1.59129,1.59166,1.52,2.10
2012.11.08 14:54:52.947,1.59129,1.59167,1.52,1.35
2012.11.08 14:54:53.067,1.59131,1.59167,1.73,1.73
2012.11.08 14:54:53.188,1.59136,1.59166,1.61,1.50
2012.11.08 14:54:53.426,1.59131,1.59163,1.73,1.73
2012.11.08 14:54:53.487,1.5913,1.59164,1.23,1.73
2012.11.08 14:54:53.578,1.5913,1.59163,1.23,1.73
2012.11.08 14:54:56.937,1.59127,1.59167,1.23,1.73
2012.11.08 14:54:57.117,1.59123,1.59154,1.73,1.73
2012.11.08 14:54:58.948,1.59122,1.59155,2.20,1.73
2012.11.08 14:54:59.007,1.59123,1.59156,1.35,1.35
2012.11.08 14:54:59.246,1.59122,1.59158,1.45,1.73
2012.11.08 14:54:59.776,1.59121,1.59158,1.45,1.73
2012.11.08 14:55:00.399,1.59122,1.5916,1.45,1.73
2012.11.08 14:55:00.516,1.59127,1.5916,1.54,1.73
2012.11.08 14:55:01.387,1.59131,1.59162,1.50,1.50
2012.11.08 14:55:01.449,1.59126,1.5916,1.73,1.73
2012.11.08 14:55:01.629,1.59123,1.59158,1.25,1.73
2012.11.08 14:55:02.057,1.59127,1.59161,1.61,1.73
2012.11.08 14:55:02.376,1.59123,1.5916,1.41,1.73
2012.11.08 14:55:03.436,1.59125,1.59161,1.73,1.73
2012.11.08 14:55:03.556,1.59128,1.59161,1.25,1.73
2012.11.08 14:55:03.866,1.59128,1.59164,1.25,1.73
2012.11.08 14:55:04.046,1.59134,1.59165,1.47,1.73
2012.11.08 14:55:08.097,1.59134,1.59168,1.47,1.73
2012.11.08 14:55:08.771,1.59134,1.59165,1.47,1.73
2012.11.08 14:55:09.188,1.59131,1.59165,1.73,1.73
2012.11.08 14:55:09.867,1.59131,1.59165,1.73,1.73
2012.11.08 14:55:10.287,1.59123,1.59163,3.13,1.73
2012.11.08 14:55:11.356,1.59126,1.59163,1.73,1.73
2012.11.08 14:55:13.177,1.59128,1.59163,1.73,1.73
2012.11.08 14:55:13.306,1.59131,1.59163,1.25,1.50
2012.11.08 14:55:20.937,1.59127,1.59162,1.25,1.50
2012.11.08 14:55:21.056,1.59126,1.59162,2.48,1.73
2012.11.08 14:55:21.296,1.59131,1.59166,1.73,1.38
2012.11.08 14:55:21.442,1.59132,1.5917,1.52,1.73
2012.11.08 14:55:24.398,1.59139,1.59177,1.36,2.07
2012.11.08 14:55:24.907,1.59138,1.59177,1.36,2.07
2012.11.08 14:55:24.966,1.59137,1.59171,2.10,1.73
2012.11.08 14:55:27.296,1.59131,1.59165,1.63,1.73
2012.11.08 14:55:32.881,1.59132,1.59166,1.63,2.10
2012.11.08 14:55:35.149,1.59132,1.59162,1.63,1.50
2012.11.08 14:55:35.209,1.59132,1.59164,1.63,1.73
2012.11.08 14:55:35.525,1.59131,1.59162,1.43,3.23
2012.11.08 14:55:38.397,1.59129,1.59162,1.20,1.50
2012.11.08 14:55:38.658,1.59127,1.59162,1.73,1.35
2012.11.08 14:55:40.556,1.59123,1.59153,1.56,1.50
2012.11.08 14:55:41.146,1.59123,1.59159,1.73,1.73
2012.11.08 14:55:41.456,1.5912,1.59158,1.73,1.73
2012.11.08 14:55:45.396,1.59119,1.59158,1.73,2.48
2012.11.08 14:55:45.757,1.59119,1.59157,1.73,1.73
2012.11.08 14:55:46.263,1.59119,1.59157,1.73,1.35
2012.11.08 14:55:47.237,1.59119,1.59158,1.73,2.48
2012.11.08 14:55:49.426,1.59116,1.59154,2.07,1.73
2012.11.08 14:55:49.487,1.59116,1.59153,1.73,1.73
2012.11.08 14:55:52.709,1.59119,1.59154,1.95,1.73
2012.11.08 14:55:53.035,1.59128,1.59161,2.00,1.73
2012.11.08 14:55:53.197,1.59128,1.59164,2.00,1.73
2012.11.08 14:55:54.097,1.59128,1.59161,1.25,1.73
2012.11.08 14:55:54.276,1.59126,1.59163,1.73,1.73
2012.11.08 14:55:54.396,1.59126,1.5916,1.73,1.73
2012.11.08 14:55:54.516,1.59126,1.5916,1.73,1.73
2012.11.08 14:55:55.048,1.5912,1.59153,1.20,1.73
2012.11.08 14:55:55.596,1.5912,1.59153,1.20,1.73
2012.11.08 14:55:56.666,1.59122,1.59159,1.73,1.73
2012.11.08 14:55:56.846,1.59123,1.59161,2.48,1.73
2012.11.08 14:55:56.968,1.59127,1.59163,2.27,1.73
2012.11.08 14:55:57.031,1.59127,1.59163,1.73,1.73
2012.11.08 14:55:57.276,1.59127,1.59162,2.31,1.73
2012.11.08 14:56:00.666,1.59129,1.59166,1.73,1.73
2012.11.08 14:56:00.786,1.59132,1.59166,1.95,1.50
2012.11.08 14:56:01.370,1.59132,1.59173,2.29,1.73
2012.11.08 14:56:01.735,1.59142,1.5917,1.27,1.50
2012.11.08 14:56:01.857,1.59137,1.59174,1.20,1.73
2012.11.08 14:56:01.976,1.59144,1.59174,1.73,1.73
2012.11.08 14:56:02.099,1.59146,1.59174,1.50,1.50
2012.11.08 14:56:05.366,1.59146,1.59177,1.50,3.00
2012.11.08 14:56:05.486,1.5915,1.59182,1.20,1.50
2012.11.08 14:56:05.736,1.5915,1.59183,1.95,1.50
2012.11.08 14:56:06.116,1.5915,1.59183,1.95,1.50
2012.11.08 14:56:06.476,1.59146,1.59178,1.41,1.50
2012.11.08 14:56:07.006,1.59146,1.59177,1.41,1.50
2012.11.08 14:56:07.306,1.59139,1.59173,1.32,1.50
2012.11.08 14:56:08.266,1.59139,1.59177,1.32,1.73
2012.11.08 14:56:08.458,1.59139,1.59173,1.32,1.50
2012.11.08 14:56:08.696,1.5914,1.59173,1.47,1.50
2012.11.08 14:56:09.187,1.5914,1.59173,1.47,1.50
2012.11.08 14:56:10.107,1.5914,1.59178,1.47,1.73
2012.11.08 14:56:10.306,1.59148,1.59177,1.38,1.50
2012.11.08 14:56:10.557,1.59144,1.59177,1.45,2.48
2012.11.08 14:56:10.749,1.59139,1.59174,1.25,1.50
2012.11.08 14:56:11.128,1.59144,1.59178,2.78,1.73
2012.11.08 14:56:11.426,1.59142,1.59179,1.73,1.35
2012.11.08 14:56:11.966,1.59142,1.59178,1.73,1.73
2012.11.08 14:56:12.197,1.59142,1.59178,1.73,1.73
2012.11.08 14:56:12.747,1.59142,1.59178,1.73,2.36
2012.11.08 14:56:19.186,1.59139,1.59178,1.73,2.36
2012.11.08 14:56:19.251,1.59137,1.5917,1.73,1.59
2012.11.08 14:56:19.317,1.59132,1.5917,1.73,2.34
2012.11.08 14:56:19.436,1.59135,1.59169,1.73,1.73
2012.11.08 14:56:19.616,1.59142,1.59174,1.73,1.32
2012.11.08 14:56:21.727,1.59138,1.5917,1.73,1.50
2012.11.08 14:56:21.847,1.59132,1.5917,1.73,1.87
2012.11.08 14:56:21.966,1.59144,1.59177,1.50,1.46
2012.11.08 14:56:22.027,1.59144,1.5918,1.73,1.65
2012.11.08 14:56:22.230,1.59143,1.59181,1.73,2.03
2012.11.08 14:56:22.297,1.59142,1.59178,1.73,1.65
2012.11.08 14:56:26.737,1.59142,1.59177,1.73,1.73
2012.11.08 14:56:31.628,1.59135,1.59171,2.70,2.10
2012.11.08 14:56:32.047,1.59135,1.59168,1.95,1.50
2012.11.08 14:56:32.240,1.59131,1.59167,1.20,1.50
2012.11.08 14:56:32.297,1.59129,1.59167,1.73,1.73
2012.11.08 14:56:33.348,1.59129,1.59165,1.73,1.73
2012.11.08 14:56:33.957,1.59127,1.59156,1.50,1.21
2012.11.08 14:56:34.016,1.59127,1.59156,1.50,1.21
2012.11.08 14:56:34.197,1.59128,1.59156,1.59,1.50
2012.11.08 14:56:34.631,1.59128,1.59162,1.59,2.48
2012.11.08 14:56:34.996,1.59136,1.59169,1.73,1.73
2012.11.08 14:56:35.056,1.59136,1.59172,1.98,3.60
2012.11.08 14:56:36.666,1.59136,1.59171,1.23,2.48
2012.11.08 14:56:36.785,1.5913,1.59168,1.73,2.48
2012.11.08 14:56:39.138,1.59128,1.59165,1.25,1.32
2012.11.08 14:56:39.319,1.59128,1.59162,1.25,1.73
2012.11.08 14:56:39.441,1.59127,1.59162,1.73,1.73
2012.11.08 14:56:40.006,1.59126,1.59166,2.48,1.73
2012.11.08 14:56:40.126,1.59128,1.59166,1.73,1.73
2012.11.08 14:56:40.186,1.59127,1.59166,1.73,1.73
2012.11.08 14:56:40.839,1.59128,1.59166,1.73,1.73
2012.11.08 14:56:42.263,1.59128,1.59159,1.73,1.73
2012.11.08 14:56:42.506,1.59119,1.59157,1.73,1.73
2012.11.08 14:56:42.826,1.59117,1.59153,1.95,1.73
2012.11.08 14:56:42.918,1.59118,1.59153,1.73,1.73
2012.11.08 14:56:43.037,1.5912,1.59156,2.88,1.32
2012.11.08 14:56:43.968,1.5912,1.59155,1.38,1.73
2012.11.08 14:56:44.028,1.59117,1.59153,2.48,1.73
2012.11.08 14:56:44.966,1.59118,1.59153,1.73,2.48
2012.11.08 14:56:45.026,1.5912,1.59153,1.59,1.73
2012.11.08 14:56:45.566,1.59117,1.59156,2.48,1.73
2012.11.08 14:56:46.466,1.59117,1.59153,2.48,1.73
2012.11.08 14:56:46.587,1.59117,1.59153,1.73,2.07
2012.11.08 14:56:47.416,1.59118,1.59154,1.73,1.73
2012.11.08 14:56:47.536,1.59118,1.59154,1.73,1.73
2012.11.08 14:56:50.487,1.59117,1.59153,1.73,2.48
2012.11.08 14:56:50.846,1.59117,1.59153,1.73,2.48
2012.11.08 14:56:51.326,1.59113,1.59147,1.20,1.84
2012.11.08 14:56:51.387,1.59109,1.59147,1.73,2.82
2012.11.08 14:56:53.317,1.59109,1.59145,1.73,1.73
2012.11.08 14:56:54.807,1.59107,1.59142,1.36,1.13
2012.11.08 14:56:54.867,1.59111,1.59147,1.73,2.10
2012.11.08 14:56:54.987,1.59126,1.59147,1.73,1.88
2012.11.08 14:56:55.250,1.59126,1.59156,1.73,1.73
2012.11.08 14:56:55.306,1.59118,1.59156,1.32,2.48
2012.11.08 14:56:55.366,1.59117,1.59156,3.04,2.48
2012.11.08 14:56:55.727,1.59114,1.59152,1.35,1.73
2012.11.08 14:56:56.988,1.59116,1.59154,1.73,1.59
2012.11.08 14:56:57.047,1.59116,1.59154,1.73,1.59
2012.11.08 14:56:57.108,1.59116,1.59156,1.73,1.73
2012.11.08 14:56:57.477,1.5912,1.59156,1.32,1.73
2012.11.08 14:56:57.997,1.59116,1.59154,1.73,1.32
2012.11.08 14:56:58.057,1.59114,1.59153,1.73,1.73
2012.11.08 14:56:58.807,1.59114,1.59153,1.73,1.73
2012.11.08 14:56:59.057,1.5912,1.59158,1.73,1.73
2012.11.08 14:56:59.297,1.5912,1.59158,1.73,1.73
2012.11.08 14:56:59.356,1.5912,1.59158,1.73,1.73
2012.11.08 14:56:59.477,1.5912,1.59158,1.73,1.73
2012.11.08 14:56:59.867,1.5912,1.59156,1.73,1.73
2012.11.08 14:57:01.868,1.59119,1.59158,1.73,1.73
2012.11.08 14:57:01.986,1.59126,1.59155,1.73,1.73
2012.11.08 14:57:02.107,1.59127,1.59164,2.02,1.73
2012.11.08 14:57:02.229,1.59127,1.59164,2.48,1.73
2012.11.08 14:57:02.357,1.59128,1.59166,1.73,2.07
2012.11.08 14:57:02.916,1.59127,1.59166,2.70,1.73
2012.11.08 14:57:02.976,1.59123,1.59163,2.48,1.34
2012.11.08 14:57:04.018,1.59123,1.59162,2.48,1.73
2012.11.08 14:57:05.618,1.59122,1.59161,1.73,1.73
2012.11.08 14:57:07.026,1.59123,1.59161,1.73,1.73
2012.11.08 14:57:07.147,1.59123,1.59161,2.48,1.73
2012.11.08 14:57:07.466,1.59128,1.59166,1.73,1.73
2012.11.08 14:57:07.966,1.59127,1.59164,2.34,1.73
2012.11.08 14:57:08.086,1.59123,1.59161,3.23,1.73
2012.11.08 14:57:09.376,1.59123,1.59161,1.73,1.73
2012.11.08 14:57:09.436,1.59127,1.59161,1.45,1.73
2012.11.08 14:57:10.466,1.59127,1.59167,2.20,1.73
2012.11.08 14:57:10.527,1.59126,1.59162,2.48,1.73
2012.11.08 14:57:12.716,1.59127,1.59162,1.73,1.73
2012.11.08 14:57:13.190,1.59127,1.59168,3.20,1.73
2012.11.08 14:57:17.736,1.59128,1.59168,2.10,2.00
2012.11.08 14:57:19.207,1.59128,1.59156,1.35,1.50
2012.11.08 14:57:19.267,1.59128,1.59155,1.13,1.29
2012.11.08 14:57:19.446,1.59122,1.59155,1.50,2.04
2012.11.08 14:57:19.507,1.59115,1.59148,1.73,1.73
2012.11.08 14:57:19.567,1.59111,1.59148,2.48,1.73
2012.11.08 14:57:19.688,1.59113,1.59146,1.32,1.27
2012.11.08 14:57:19.748,1.59127,1.59156,1.73,2.25
2012.11.08 14:57:19.806,1.59127,1.59156,1.73,1.50
2012.11.08 14:57:19.866,1.59127,1.59159,1.73,1.73
2012.11.08 14:57:19.926,1.59124,1.59159,1.73,2.48
2012.11.08 14:57:20.166,1.59122,1.5916,1.73,1.43
2012.11.08 14:57:21.575,1.59121,1.5916,1.73,1.43
2012.11.08 14:57:21.696,1.59122,1.5916,1.73,1.43
2012.11.08 14:57:22.816,1.59122,1.5916,2.48,1.43
2012.11.08 14:57:23.049,1.59123,1.5916,1.73,1.43
2012.11.08 14:57:23.168,1.59123,1.5916,1.73,1.43
2012.11.08 14:57:23.226,1.59124,1.59161,1.73,1.73
2012.11.08 14:57:46.947,1.59127,1.59164,1.73,1.73
2012.11.08 14:57:47.198,1.59127,1.59163,1.73,2.07
2012.11.08 14:57:47.318,1.59127,1.59163,1.73,1.32
2012.11.08 14:57:47.737,1.59138,1.59167,1.50,1.73
2012.11.08 14:57:47.797,1.59138,1.59168,1.73,2.48
2012.11.08 14:57:48.156,1.59139,1.59177,1.32,1.61
2012.11.08 14:57:48.276,1.59139,1.59178,1.32,1.73
2012.11.08 14:57:48.678,1.59142,1.59173,1.50,2.09
2012.11.08 14:57:49.057,1.59135,1.5917,1.73,1.73
2012.11.08 14:57:49.117,1.59135,1.5917,1.73,1.73
2012.11.08 14:57:49.276,1.59132,1.59167,1.73,1.63
2012.11.08 14:57:50.153,1.59131,1.59167,1.73,2.38
2012.11.08 14:57:50.217,1.59129,1.59167,2.48,2.38
2012.11.08 14:57:50.577,1.59134,1.59168,1.73,1.73
2012.11.08 14:57:50.887,1.59132,1.59166,1.73,1.73
2012.11.08 14:57:51.127,1.59124,1.59161,1.73,2.00
2012.11.08 14:57:54.568,1.59125,1.59163,1.73,1.25
2012.11.08 14:57:55.216,1.59132,1.59169,2.48,1.43
2012.11.08 14:57:55.288,1.59133,1.59169,1.73,1.43
2012.11.08 14:57:56.386,1.59133,1.59169,1.73,1.43
2012.11.08 14:57:56.869,1.59133,1.59169,1.73,1.43
2012.11.08 14:57:57.090,1.59133,1.59169,1.73,1.43
2012.11.08 14:57:57.655,1.59133,1.59169,1.73,1.43
2012.11.08 14:57:58.186,1.59132,1.59158,2.48,1.50
2012.11.08 14:57:58.306,1.59132,1.59158,2.48,1.50
2012.11.08 14:57:58.367,1.59132,1.59158,2.25,1.73
2012.11.08 14:57:58.426,1.59132,1.59162,2.25,1.47
2012.11.08 14:57:58.546,1.59132,1.59168,2.48,1.73
2012.11.08 14:57:58.727,1.59132,1.59158,1.50,1.73
2012.11.08 14:57:59.276,1.59125,1.59158,1.73,1.73
2012.11.08 14:58:02.987,1.59125,1.59161,2.48,1.73
2012.11.08 14:58:03.107,1.5913,1.59164,1.73,1.73
2012.11.08 14:58:03.166,1.5913,1.59159,1.73,1.73
2012.11.08 14:58:03.287,1.59124,1.59159,1.73,1.73
2012.11.08 14:58:04.417,1.59126,1.59156,1.73,1.73
2012.11.08 14:58:04.778,1.59125,1.59158,1.73,1.73
2012.11.08 14:58:05.076,1.59125,1.59157,1.73,1.73
2012.11.08 14:58:05.837,1.59125,1.59158,1.73,1.73
2012.11.08 14:58:06.920,1.59124,1.59157,1.73,1.73
2012.11.08 14:58:06.978,1.59122,1.59156,1.73,1.73
2012.11.08 14:58:08.198,1.59122,1.59159,1.73,1.20
2012.11.08 14:58:08.317,1.59124,1.5916,1.73,1.73
2012.11.08 14:58:08.936,1.59124,1.59159,1.73,1.73
2012.11.08 14:58:08.997,1.59124,1.59159,1.73,1.73
2012.11.08 14:58:09.117,1.59124,1.59159,1.73,1.73
2012.11.08 14:58:09.437,1.59123,1.59155,1.73,1.73
2012.11.08 14:58:10.166,1.5912,1.59157,1.73,1.23
2012.11.08 14:58:10.286,1.59125,1.59158,1.73,1.73
2012.11.08 14:58:11.268,1.5912,1.59156,1.73,1.41
2012.11.08 14:58:11.328,1.59119,1.59154,1.73,1.73
2012.11.08 14:58:12.067,1.59119,1.59154,1.73,1.73
2012.11.08 14:58:12.617,1.59119,1.59154,1.73,1.73
2012.11.08 14:58:12.976,1.59116,1.59148,1.73,2.36
2012.11.08 14:58:13.096,1.59118,1.59148,1.13,1.61
2012.11.08 14:58:13.458,1.59123,1.59153,1.50,1.61
2012.11.08 14:58:13.697,1.59121,1.59157,1.73,1.34
2012.11.08 14:58:14.698,1.5912,1.59157,2.48,2.09
2012.11.08 14:58:14.816,1.5912,1.59157,4.73,2.09
2012.11.08 14:58:15.767,1.59122,1.59157,1.73,2.09
2012.11.08 14:58:16.024,1.59123,1.59157,1.73,2.09
2012.11.08 14:58:18.328,1.59123,1.59157,1.73,2.09
2012.11.08 14:58:31.206,1.59122,1.59153,1.73,1.73
2012.11.08 14:58:31.266,1.59122,1.59153,1.73,2.22
2012.11.08 14:58:34.147,1.59123,1.59153,1.50,1.47
2012.11.08 14:58:34.328,1.59123,1.59159,1.73,1.73
2012.11.08 14:58:35.988,1.59122,1.59159,2.48,2.13
2012.11.08 14:58:36.106,1.59122,1.59156,2.48,1.73
2012.11.08 14:58:36.746,1.59122,1.59159,2.48,2.13
2012.11.08 14:58:37.536,1.59122,1.59159,2.48,1.73
2012.11.08 14:58:38.415,1.59122,1.59156,1.73,1.73
2012.11.08 14:58:38.537,1.59121,1.59153,1.73,1.73
2012.11.08 14:58:40.607,1.59121,1.59152,1.50,1.54
2012.11.08 14:58:40.710,1.59121,1.59153,1.73,1.73
2012.11.08 14:58:41.385,1.59121,1.59149,1.50,1.73
2012.11.08 14:58:41.698,1.59124,1.59149,1.13,1.73
2012.11.08 14:58:41.996,1.5912,1.59149,1.88,1.73
2012.11.08 14:58:42.058,1.59121,1.5915,1.35,1.73
2012.11.08 14:58:42.237,1.59123,1.59154,1.35,1.73
2012.11.08 14:58:42.938,1.59119,1.59154,1.73,1.73
2012.11.08 14:58:43.296,1.59115,1.59151,1.73,1.27
2012.11.08 14:58:43.664,1.59111,1.59148,1.73,1.98
2012.11.08 14:58:43.787,1.59111,1.59146,1.73,1.23
2012.11.08 14:58:43.960,1.59111,1.59148,1.73,1.73
2012.11.08 14:58:45.157,1.59111,1.59149,1.73,1.73
2012.11.08 14:58:45.377,1.59111,1.59148,1.73,1.73
2012.11.08 14:58:45.657,1.59111,1.59148,1.73,1.73
2012.11.08 14:58:46.010,1.59111,1.59138,1.43,1.50
2012.11.08 14:58:46.127,1.59106,1.59138,1.73,1.73
2012.11.08 14:58:46.248,1.59106,1.59135,1.50,1.20
2012.11.08 14:58:46.318,1.59105,1.59135,2.63,1.20
2012.11.08 14:58:47.467,1.59104,1.59142,4.35,1.73
2012.11.08 14:58:47.647,1.59108,1.59143,1.50,1.54
2012.11.08 14:58:47.707,1.59108,1.59144,1.73,1.73
2012.11.08 14:58:47.902,1.59108,1.5914,1.73,1.20
2012.11.08 14:58:48.548,1.59108,1.5914,1.73,1.20
2012.11.08 14:58:50.915,1.59105,1.59135,1.50,1.34
2012.11.08 14:58:51.220,1.59105,1.59138,1.73,1.73
2012.11.08 14:58:51.349,1.59105,1.59143,1.73,1.73
2012.11.08 14:58:51.706,1.59105,1.5914,3.23,1.73
2012.11.08 14:58:52.197,1.59112,1.59144,1.13,1.29
2012.11.08 14:58:52.386,1.59122,1.5915,1.73,2.10
2012.11.08 14:58:52.449,1.59117,1.5915,1.98,2.10
2012.11.08 14:58:52.507,1.59117,1.59154,1.98,2.07
2012.11.08 14:58:52.626,1.59117,1.59153,1.23,1.73
2012.11.08 14:58:52.928,1.59115,1.59142,1.23,1.50
2012.11.08 14:58:53.227,1.59116,1.59144,1.52,1.13
2012.11.08 14:58:53.289,1.59108,1.59141,1.73,1.73
2012.11.08 14:58:54.637,1.59113,1.59143,1.35,1.32
2012.11.08 14:58:54.938,1.59114,1.59142,1.13,1.54
2012.11.08 14:58:55.181,1.59112,1.59142,1.34,1.50
2012.11.08 14:58:55.487,1.59104,1.59136,1.35,1.73
2012.11.08 14:58:55.667,1.59104,1.59133,1.50,1.38
2012.11.08 14:58:55.787,1.59104,1.59134,1.73,1.73
2012.11.08 14:58:55.978,1.59105,1.59134,1.13,2.22
2012.11.08 14:58:56.278,1.59103,1.59134,1.13,2.22
2012.11.08 14:58:56.337,1.59104,1.59134,1.50,1.47
2012.11.08 14:58:56.916,1.59104,1.59134,1.73,1.73
2012.11.08 14:58:57.161,1.59103,1.5913,1.35,1.73
2012.11.08 14:58:57.288,1.59103,1.5913,1.13,1.73
2012.11.08 14:58:57.907,1.59104,1.59134,1.50,2.34
2012.11.08 14:58:58.087,1.59106,1.59142,1.73,2.70
2012.11.08 14:58:58.149,1.59109,1.59142,1.13,2.70
2012.11.08 14:58:58.207,1.59112,1.59144,1.09,1.54
2012.11.08 14:58:58.447,1.5912,1.59142,1.73,2.48
2012.11.08 14:58:58.506,1.59105,1.59132,1.50,1.73
2012.11.08 14:58:58.567,1.59104,1.59132,1.13,1.73
2012.11.08 14:58:58.706,1.59107,1.59136,1.50,1.63
2012.11.08 14:58:58.767,1.59107,1.59141,2.36,1.73
2012.11.08 14:58:59.007,1.59107,1.59138,1.73,1.73
2012.11.08 14:58:59.188,1.59104,1.5914,1.73,1.73
2012.11.08 14:59:00.053,1.59103,1.59139,2.10,1.73
2012.11.08 14:59:00.406,1.59103,1.59142,2.10,1.43
2012.11.08 14:59:00.528,1.59107,1.59143,1.34,1.73
2012.11.08 14:59:01.218,1.59103,1.59142,2.10,2.20
2012.11.08 14:59:02.687,1.59111,1.59142,1.50,1.45
2012.11.08 14:59:02.747,1.59111,1.59146,1.73,1.32
2012.11.08 14:59:03.177,1.59111,1.59149,1.73,1.73
2012.11.08 14:59:03.618,1.59111,1.59145,1.73,1.73
2012.11.08 14:59:03.797,1.59105,1.59141,1.73,1.38
2012.11.08 14:59:04.406,1.59104,1.59141,1.73,1.38
2012.11.08 14:59:04.861,1.59104,1.59142,1.73,1.73
2012.11.08 14:59:04.928,1.59104,1.59141,1.73,1.34
2012.11.08 14:59:05.109,1.59104,1.59142,1.73,1.73
2012.11.08 14:59:05.267,1.59102,1.59142,2.97,1.73
2012.11.08 14:59:05.654,1.59105,1.59141,1.73,1.63
2012.11.08 14:59:06.642,1.59105,1.59142,1.73,1.63
2012.11.08 14:59:06.770,1.59111,1.59149,2.48,1.73
2012.11.08 14:59:06.897,1.59109,1.59144,1.35,1.73
2012.11.08 14:59:07.016,1.59108,1.59142,2.10,1.50
2012.11.08 14:59:07.396,1.5911,1.59142,1.50,1.50
2012.11.08 14:59:07.576,1.59111,1.59149,1.73,1.73
2012.11.08 14:59:08.052,1.59111,1.59147,1.73,1.56
2012.11.08 14:59:08.268,1.59111,1.59149,1.73,1.73
2012.11.08 14:59:09.464,1.5911,1.59147,1.73,1.20
2012.11.08 14:59:09.586,1.59102,1.59133,2.48,1.59
2012.11.08 14:59:09.646,1.59102,1.59136,2.48,2.20
2012.11.08 14:59:09.946,1.59102,1.59134,1.50,1.47
2012.11.08 14:59:10.006,1.59102,1.59131,1.50,1.20
2012.11.08 14:59:10.185,1.59102,1.59134,1.50,1.52
2012.11.08 14:59:11.396,1.59102,1.59136,1.50,1.52
2012.11.08 14:59:11.837,1.59108,1.59141,1.73,1.34
2012.11.08 14:59:13.178,1.59102,1.59141,3.98,1.34
2012.11.08 14:59:13.357,1.59102,1.59132,1.50,1.32
2012.11.08 14:59:13.478,1.59102,1.59136,1.73,1.23
2012.11.08 14:59:14.061,1.59102,1.59135,1.73,1.36
2012.11.08 14:59:14.307,1.59099,1.59135,1.35,1.36
2012.11.08 14:59:14.368,1.59094,1.59135,1.73,1.36
2012.11.08 14:59:18.068,1.59106,1.59135,2.33,1.36
2012.11.08 14:59:18.627,1.59101,1.59135,1.73,1.36
2012.11.08 14:59:19.148,1.59111,1.59137,1.50,1.36
2012.11.08 14:59:19.328,1.59112,1.59143,1.50,1.59
2012.11.08 14:59:19.448,1.59115,1.59146,1.50,1.21
2012.11.08 14:59:19.507,1.59121,1.59149,1.73,1.35
2012.11.08 14:59:19.927,1.59117,1.59149,1.73,1.35
2012.11.08 14:59:20.118,1.59121,1.59149,1.73,1.35
2012.11.08 14:59:20.328,1.59116,1.59149,1.73,1.35
2012.11.08 14:59:20.648,1.59121,1.59152,1.73,1.69
2012.11.08 14:59:20.766,1.59126,1.59152,1.73,1.09
2012.11.08 14:59:20.886,1.59121,1.59152,1.29,1.09
2012.11.08 14:59:21.188,1.59111,1.59142,2.48,1.54
2012.11.08 14:59:21.249,1.59117,1.59145,1.73,1.73
2012.11.08 14:59:21.786,1.59117,1.59151,1.73,1.63
2012.11.08 14:59:21.869,1.59118,1.59152,1.73,1.97
2012.11.08 14:59:21.997,1.59118,1.59152,1.73,1.32
2012.11.08 14:59:22.237,1.59117,1.59152,1.36,1.32
2012.11.08 14:59:22.357,1.59111,1.59143,1.50,1.59
2012.11.08 14:59:22.537,1.59116,1.5915,1.73,1.41
2012.11.08 14:59:22.898,1.59119,1.59153,1.73,2.16
2012.11.08 14:59:23.077,1.5912,1.59157,1.73,2.48
2012.11.08 14:59:23.197,1.5912,1.59157,1.73,1.73
2012.11.08 14:59:23.506,1.59129,1.5916,1.23,1.50
2012.11.08 14:59:23.686,1.59122,1.59159,1.73,1.20
2012.11.08 14:59:24.367,1.59126,1.59155,1.50,1.29
2012.11.08 14:59:24.727,1.59127,1.59158,1.50,1.29
2012.11.08 14:59:24.906,1.59127,1.59163,1.73,1.73
2012.11.08 14:59:26.117,1.59138,1.59166,1.50,2.10
2012.11.08 14:59:26.236,1.5914,1.59167,1.73,1.35
2012.11.08 14:59:34.451,1.5914,1.59169,1.50,1.41
2012.11.08 14:59:34.958,1.5914,1.59169,1.50,1.41
2012.11.08 14:59:35.018,1.5914,1.59175,1.73,2.00
2012.11.08 14:59:36.349,1.5914,1.59175,1.73,1.73
2012.11.08 14:59:36.700,1.5914,1.59175,1.73,2.13
2012.11.08 14:59:37.727,1.5915,1.59176,1.50,1.38
2012.11.08 14:59:37.788,1.59153,1.59182,1.73,1.35
2012.11.08 14:59:38.027,1.59151,1.59184,1.73,1.95
2012.11.08 14:59:39.126,1.59153,1.59184,1.73,1.38
2012.11.08 14:59:39.367,1.59151,1.59184,1.73,1.38
2012.11.08 14:59:40.937,1.59145,1.59184,1.73,2.13
2012.11.08 14:59:41.057,1.59141,1.59174,1.73,1.23
2012.11.08 14:59:42.307,1.59141,1.59176,1.73,2.09
2012.11.08 14:59:42.487,1.59145,1.5918,1.73,1.29
2012.11.08 14:59:43.156,1.59141,1.59177,1.73,1.73
2012.11.08 14:59:43.278,1.59141,1.59174,1.73,1.34
2012.11.08 14:59:43.824,1.59141,1.59175,1.73,1.20
2012.11.08 14:59:44.776,1.59141,1.59177,1.73,1.73
2012.11.08 14:59:45.387,1.59145,1.59177,1.73,1.73
2012.11.08 14:59:45.717,1.59145,1.59175,1.73,2.10
2012.11.08 14:59:45.839,1.59144,1.59175,2.07,1.73
2012.11.08 14:59:46.196,1.59142,1.59171,1.09,1.27
2012.11.08 14:59:47.077,1.59138,1.59171,1.73,1.27
2012.11.08 14:59:47.497,1.59133,1.59166,1.35,1.73
2012.11.08 14:59:47.736,1.59138,1.59169,1.73,2.48
2012.11.08 14:59:49.191,1.59141,1.59171,1.50,1.63
2012.11.08 14:59:49.618,1.59138,1.59171,1.73,1.63
2012.11.08 14:59:50.106,1.59141,1.59171,1.50,1.63
2012.11.08 14:59:50.489,1.59141,1.59175,1.73,1.45
2012.11.08 14:59:51.922,1.59146,1.59175,1.50,1.45
2012.11.08 14:59:54.736,1.59145,1.59176,1.50,1.36
2012.11.08 14:59:57.167,1.59147,1.59178,1.50,1.36
2012.11.08 14:59:57.307,1.59147,1.5918,1.73,2.07
2012.11.08 14:59:57.427,1.5915,1.5918,1.73,2.07
2012.11.08 14:59:57.974,1.5915,1.5918,1.50,2.07
2012.11.08 14:59:58.537,1.5915,1.5918,1.73,2.07
